15.850555
23.219233
35.30004
37.80261
32.70806
23.002626
18.695396
21.546011
17.409647
27.28019
20.788145
34.973125
40.483032
20.953108
24.949135
18.838354
34.54947
33.372322
15.082683
24.979836
15.977553
33.14029
30.658348
39.36734
15.920048
24.601088
15.253178
34.551216
27.145369
39.1518
33.712376
32.25564
23.358654
27.244291
15.350871
40.87688
24.55297
38.745544
36.495083
28.727596
31.33948
22.185736
31.103804
30.010496
31.176035
29.347406
33.208908
30.70997
19.946909
16.635132
29.481167
31.857805
19.442076
28.714075
34.353344
37.959152
40.942623
15.017088
35.822224
34.757523
29.33962
27.893866
27.303146
28.972706
20.996935
24.411957
21.725126
27.162949
21.914234
26.118322
38.431557
29.443014
34.65457
28.43139
15.390919
30.4321
34.971684
19.757431
26.72394
18.51085
18.10531
25.9114
24.618065
19.234175
18.308586
31.971212
21.327024
27.576685
33.329704
29.305727
19.1428
22.58017
32.290813
16.190582
37.97918
38.927555
40.69026
28.162342
17.52061
28.985441
18.100018
19.060205
17.766947
25.937292
16.538363
33.565903
18.244183
27.77205
18.46852
32.976227
38.15321
15.0979185
36.90724
39.928936
15.293088
31.018684
18.222958
40.85165
38.72225
30.64005
32.861347
33.014626
32.810574
31.165972
36.45693
34.2422
26.587078
23.000095
21.57236
23.573942
16.102707
37.78501
16.652985
26.465454
16.904247
18.892046
37.692238
40.480003
20.65526
31.516922
29.574293
36.846104
36.441586
35.241737
36.093555
23.742397
29.363567
17.691212
36.246235
28.720078
30.64406
33.741302
17.547483
32.284363
34.67073
30.630814
24.848316
24.330446
15.143133
17.281721
37.40966
17.865572
40.809467
24.151562
15.8366375
28.247814
39.154915
38.021194
23.884367
35.033367
37.842884
32.263954
34.11729
21.448088
28.712414
23.347216
40.937214
21.485252
31.699537
28.584974
23.590956
34.6804
26.177217
34.49014
25.426727
31.725449
38.898064
37.46784
23.889036
30.258007
22.975891
19.046034
36.52512
19.398333
39.15668
16.357428
25.621635
29.904955
19.006437
23.166645
33.99853
38.181564
15.582914
23.37925
18.957672
22.791378
38.660095
15.674315
28.417114
21.62172
36.638817
20.669733
28.857483
26.390182
21.903822
16.859613
22.865227
24.79525
28.57703
22.455666
40.77818
29.287958
35.368744
35.219524
30.222042
23.177553
37.54296
29.390594
39.172127
19.58294
32.88991
23.894014
40.582943
34.603004
19.038433
29.155989
23.598793
23.002792
39.442657
23.058746
27.891935
36.698734
18.942083
37.834995
29.770332
29.375086
26.920872
37.031826
39.35547
16.674965
30.781849
33.06658
33.351196
30.583221
30.702505
33.352303
27.707922
28.854757
16.454817
26.487892
36.83208
35.64066
22.44763
15.588319
28.899078
37.82591
38.08981
35.472622
22.298532
39.01622
23.07434
24.132677
20.273941
33.597885
39.247948
32.673218
31.414507
28.843348
36.357838
29.743635
22.815132
27.646564
16.156565
36.374752
16.441227
24.146025
40.09798
29.088768
29.518261
39.229603
26.171738
17.168205
22.61161
32.7143
18.300642
34.049686
24.470514
31.855242
33.16479
30.95107
20.68062
35.76209
24.318169
17.045431
25.702824
26.287392
38.02804
32.763012
40.97181
34.000217
37.394257
37.132362
39.385887
24.969753
38.995136
28.464415
18.740421
40.25735
31.55856
24.138346
27.440397
39.25184
22.97126
31.765669
15.173297
40.281788
32.316353
30.589054
23.13174
23.299677
39.56856
28.61495
28.845966
27.8568
21.07853
25.684196
15.719531
19.07403
26.042084
27.45234
22.957191
18.862413
21.777287
28.081488
37.732254
17.258913
19.821508
20.338097
20.161285
33.416386
34.612778
28.746164
36.93734
33.523266
23.83406
24.46288
19.318531
15.727251
34.376087
19.62387
31.576996
21.998552
18.31385
16.047747
40.983994
31.792194
23.29376
34.394726
39.940086
34.355106
21.29297
17.141727
16.955057
25.57258
30.83931
36.066357
35.840405
25.360067
28.469694
30.324804
25.697987
32.779984
37.456913
38.663773
32.07159
38.299686
33.64902
16.824091
29.973827
15.905466
39.64267
24.773808
36.4091
28.148811
25.450974
16.051037
21.483955
24.624996
38.328712
33.202034
21.22943
16.870398
18.481848
17.067461
27.855616
40.21374
25.015495
17.499886
28.317003
33.727825
27.663849
30.988234
15.787702
39.102108
20.597538
18.619835
16.928974
27.992844
30.91832
39.828423
16.67716
37.206306
20.328005
31.45645
31.688274
25.931967
23.89794
23.802687
27.546278
39.166275
16.867342
17.531118
25.375227
30.454117
16.963184
15.58479
26.591192
31.123741
19.86138
28.578262
30.188042
26.30234
39.09835
32.534973
33.171932
32.173294
22.994131
22.290844
25.542469
18.172398
37.962494
30.403055
18.564293
18.119211
31.960659
23.983011
26.980976
35.641052
39.770523
28.515057
26.29387
31.670893
39.30528
20.42764
17.26172
19.286854
29.19986
16.951136
35.372562
19.709715
20.570448
18.626646
23.197649
28.886261
30.017881
16.722702
16.257833
36.760098
32.701626
32.771816
24.316029
25.067862
15.625525
20.45645
37.8551
30.297619
34.153435
29.154028
35.908722
16.307566
39.212326
15.593198
30.383472
16.026958
40.64241
21.278643
39.54354
17.647535
17.718235
38.60929
37.42528
27.762526
40.991714
19.94488
38.606937
28.021683
40.297497
33.2684
28.979555
39.044544
40.013004
17.546993
28.948416
31.570564
24.479927
20.41153
17.839891
34.123436
29.870941
36.35507
19.19692
34.82844
19.72488
27.293066
32.11697
22.445286
35.87546
17.033247
33.81954
28.165375
20.563236
36.97062
23.226011
31.271235
25.147285
32.153183
38.492813
26.367104
30.022713
16.75654
29.159552
39.563595
19.101875
15.960552
19.85703
37.73559
28.531809
39.238903
35.365765
30.771484
29.197191
28.152433
16.223696
25.592983
29.997705
21.879713
22.05272
36.648834
39.89056
21.92336
32.306614
36.571827
23.253428
21.698261
17.238848
24.737535
35.24996
17.037863
37.54683
26.574379
19.569576
26.047312
33.369923
34.648575
20.16504
25.187305
20.101736
39.78376
17.425959
32.990047
31.822897
38.77395
19.603159
17.38886
23.068716
24.609829
40.2384
25.285501
40.116894
23.562176
19.855833
21.684376
18.013552
32.95255
19.236094
20.490345
33.151646
39.990223
30.220797
29.897009
23.37398
21.665668
28.184755
22.184801
28.293736
30.364662
34.065083
22.703403
23.808685
15.603546
31.150923
15.830533
18.630907
25.084845
20.714373
38.77922
33.062027
20.133902
27.00271
29.2683
25.214792
35.500942
36.113968
38.27587
25.414835
39.499332
24.842312
24.363176
35.61236
15.49964
40.706684
19.386208
39.29156
17.910395
19.065598
16.805202
18.586359
36.95031
19.472948
21.257034
35.094154
20.753056
35.244087
21.57321
29.225157
24.644455
15.578482
17.006237
31.832876
17.793362
38.524616
26.069683
35.34218
40.861275
25.574806
19.10233
39.62448
40.76208
22.74204
17.434452
38.465347
36.192127
38.597927
23.864235
39.627983
38.20219
32.94023
19.04503
29.236782
17.75671
40.510513
26.339136
35.48836
30.961971
36.496746
19.711416
25.543098
32.443794
18.432848
31.31617
24.858538
34.21656
32.546406
23.573147
32.196606
19.309288
33.607906
18.733816
32.069878
24.40075
15.899185
39.206455
27.487732
33.764484
21.045832
36.238766
37.52159
27.935865
16.147629
40.94931
36.428955
26.687254
20.893167
26.154089
35.859306
25.133505
23.15919
19.952185
19.010592
32.089054
18.97211
40.61453
19.513144
19.158989
32.648754
40.962303
36.288746
37.470505
36.435135
23.126703
28.66559
28.437296
36.026688
19.349262
19.6257
39.49841
22.980272
31.312073
25.219513
27.384338
19.21768
31.379791
34.9031
40.13697
24.572397
40.090427
30.836596
22.846355
15.645775
27.249441
16.028236
30.866062
37.115772
31.061775
39.61652
18.130241
31.0808
32.87908
28.553713
19.119328
30.023235
40.344364
28.487215
39.00764
28.541592
34.98395
24.73084
27.574974
32.127274
25.626732
30.876474
38.57561
37.95129
24.423136
33.81706
29.431997
22.87835
17.691542
37.73526
24.356655
19.740011
29.337208
21.957703
23.304737
28.275774
40.16903
16.482998
29.52096
28.090221
28.081938
40.462402
15.868486
21.476414
15.777873
32.945183
24.61362
30.020138
28.465797
39.796482
24.889053
40.526585
39.81133
25.853626
28.669704
17.000443
34.29914
33.10761
39.769016
32.16243
30.126373
37.9796
35.09993
38.29963
16.762814
25.608047
39.24353
29.124073
31.393763
24.470255
24.229788
25.753323
40.604053
16.632803
16.358484
26.928907
39.866722
29.45861
28.874935
40.152824
25.667475
23.694004
19.363794
24.549267
15.426152
20.517378
17.835623
15.948275
34.76893
32.35179
15.6547165
23.939857
26.160128
29.02699
18.69304
37.461674
35.420082
16.22206
16.393898
23.860228
35.235516
29.028141
23.790329
28.305105
39.411545
21.941341
21.947056
23.937578
16.319506
33.629112
35.781105
30.199497
22.762268
34.40918
30.765064
35.415264
24.30891
36.538223
17.628304
17.88917
23.043148
20.128244
22.845245
23.53227
36.624973
30.791742
38.436153
23.347555
37.582558
32.962574
17.40473
24.97896
36.83158
31.247505
28.998093
22.969347
28.561653
39.1342
24.898628
40.37447
38.83464
33.914627
23.443424
35.94442
35.507267
34.778492
32.0159
36.210987
16.420422
33.68957
27.86557
30.508823
38.190193
21.878527
34.785664
33.210278
21.390741
20.568897
15.314684
21.268164
25.436682
38.89881
37.426823
30.537754
26.052732
36.90902
33.03745
19.288683
29.86096
32.938652
19.073757
15.819406
20.321053
20.803267
24.34691
23.151361
25.026575
16.725471
33.010967
31.406876
16.190325
25.14657
40.005085
37.664326
30.044384
24.268448
37.549397
39.83605
34.835636
30.458075
38.501244
35.428913
19.115017
35.492695
26.177324
39.92442
28.098902
32.032013
15.108595
16.95468
20.023588
20.674374
17.118597
33.452553
30.618896
22.487118
36.102264
19.518665
38.094513
27.997023
40.93101
20.875
39.36278
17.284937
21.021303
35.46424
20.614191
36.0494
37.277683
29.005901
33.816936
17.287298
32.3576
15.134846
31.22944
27.585184
20.50419
24.12467
36.594902
16.923298
18.554482
32.137917
30.329401
19.364798
22.15434
38.447014
16.720247
17.036089
16.697815
19.13433
15.918815
23.399746
27.05731
38.406624
16.342175
33.979786
33.78242
22.848682
37.990425
25.419683
22.119034
31.69286
30.141691
25.036812
27.936636
35.495693
21.904348
20.882605
23.450636
32.489716
31.18612
20.726
27.487793
26.31806
18.782206
25.348423
31.966682
30.861387
23.489807
33.071728
16.251478
23.431091
25.423841
34.53627
30.086124
40.729786
34.038822
17.404455
25.927341
24.669394
30.754444
19.885824
34.66869
21.389248
15.537432
15.762928
24.984291
16.630959
16.309864
25.942974
19.819582
20.003817
27.634218
18.468382
31.917881
23.613949
34.76796
26.390144
23.695265
31.03236
30.885614
22.941057
29.262707
36.641495
29.033775
34.041584
31.943157
37.026875
38.214664
21.329342
15.242611
17.269821
22.886354
30.623919
16.908062
25.74926
23.12287
19.021837
16.441519
21.375
20.695032
16.662329
24.238123
19.051888
30.41285
36.61267
21.377731
26.613663
26.212976
20.29259
23.023134
25.467283
31.67973
28.390398
35.36445
15.752979
24.955826
40.31935
22.098001
16.952217
36.328987
20.920721
21.539385
16.565203
15.173219
35.340954
25.644196
36.731544
39.378605
27.793444
19.446247
39.482105
22.921028
25.261055
31.721968
31.68706
17.803349
31.103903
37.050907
16.704609
17.242117
40.007435
23.866194
23.236744
37.678963
40.7392
20.575094
34.962948
37.963436
20.778265
16.378597
15.149646
20.8841
15.039576
31.030378
16.622635
23.117256
19.636139
38.449215
31.241776
26.61782
30.9052
34.835316
38.331566
25.494358
35.770218
26.739897
32.398262
37.490437
31.918718
22.398508
38.903595
32.337006
29.24675
18.56266
40.86715
40.445553
23.553865
31.050428
40.633858
38.67948
35.568344
30.285679
26.27008
29.271063
31.04043
19.206814
38.741154
17.344044
24.862225
26.099783
24.275236
29.956995
25.95592
39.14645
20.132765
33.100067
40.01788
24.778217
29.377802
22.657934
34.114227
18.286123
33.186913
26.994223
36.594307
34.562504
15.733305
30.517885
19.821585
25.33559
28.74828
25.35947
23.817278
32.807236
30.489109
28.115374
32.07017
32.215378
31.031822
26.510721
20.486841
31.516556
24.559395
30.7866
38.739624
35.120193
33.630245
20.63494
22.11544
16.40521
28.288937
30.58445
25.376806
26.610775
36.320404
32.883522
26.11692
21.616926
37.950985
23.131197
31.624159
19.117025
20.863997
34.17476
38.36676
36.73296
25.524559
38.122684
38.866886
40.73518
34.49779
38.7142
16.953823
21.203629
22.696484
40.741802
19.169348
30.701872
36.308792
37.740696
27.443966
21.83559
28.533466
19.739092
20.07095
36.42789
26.189558
23.506018
32.475777
31.467781
16.769524
38.438267
36.31183
28.474434
20.569069
25.995745
19.008804
39.468704
39.154083
31.424492
24.058678
34.35469
17.614395
39.39935
29.044537
29.18799
37.806076
20.173176
29.700996
24.543549
23.09851
33.837204
30.140503
21.994959
26.01929
23.377172
21.788082
30.578234
32.62957
20.352394
36.537758
40.037056
29.464378
36.23013
35.1771
19.632723
28.436918
39.675064
40.222076
22.350925
18.232738
17.423843
20.962502
18.448713
29.409216
29.76722
19.739204
21.458982
40.667664
37.11739
24.257143
24.005972
31.579906
27.655685
15.084419
26.084251
22.428007
17.635906
18.3954
24.814877
20.755428
23.561111
29.486761
36.11631
26.729721
39.156776
30.628584
21.21397
37.481403
39.830814
19.408228
34.461147
36.210552
31.141047
30.882992
17.555323
21.042171
25.683235
32.578243
26.907747
39.36324
16.767927
23.650879
17.660526
23.688961
23.271902
40.383728
15.644191
40.98248
30.13012
35.584682
35.430138
40.792
27.07661
31.435047
38.556133
38.571007
28.44785
35.864807
34.98936
35.111893
31.129734
29.628214
22.940416
39.150116
24.059368
40.911293
33.252823
37.88559
37.0854
18.523584
40.766685
15.419872
17.445778
37.509632
32.291195
33.922207
36.639378
20.361412
25.119751
18.71441
21.047945
40.921135
27.382547
20.40409
40.307507
38.534554
15.955591
22.69756
28.133362
39.048058
31.13116
37.588356
23.070429
20.838633
33.803738
40.244144
21.470737
22.223875
34.536705
28.104282
27.89249
33.32
38.548897
22.452278
19.070147
18.699
40.396507
38.041813
24.622591
35.04176
20.924593
17.231936
30.746529
36.392212
24.923792
31.52654
38.284798
28.58822
20.851694
31.415142
39.764385
25.978191
27.964647
26.976433
27.266554
15.628044
29.25455
34.83308
26.321447
38.881382
32.69659
21.735632
38.41228
25.356441
22.487652
31.305414
30.129152
32.24657
30.191486
36.28066
28.530182
22.136694
21.005539
23.987186
21.847738
27.456448
20.725672
17.694296
22.32007
25.161337
18.408833
21.018543
35.633766
35.26649
22.220081
24.60251
35.23003
25.453304
23.499165
25.922644
33.557858
25.12744
32.693195
30.269667
28.249723
20.027353
22.475834
15.6970415
19.150536
40.765755
30.109612
39.04741
38.148155
21.532082
38.907005
20.043875
39.833862
24.592274
21.507051
21.872482
35.163704
38.192844
33.608242
31.684147
36.49681
38.009457
29.78465
15.008803
28.654247
25.375889
17.061218
30.201431
24.972109
37.1875
17.035278
30.72913
37.715168
24.594017
25.50539
18.360315
34.672356
34.37962
35.804768
33.1316
18.273077
36.27409
34.335464
28.344873
16.143301
25.346859
22.16082
30.786486
26.663063
37.106686
18.937449
35.862514
39.792015
31.962673
28.954424
32.408436
22.197256
39.298225
15.596135
38.558487
22.547806
17.567657
40.156586
34.249573
17.73255
17.545862
15.606793
15.686351
19.713705
37.14471
21.653196
32.408714
19.74529
30.05549
26.223902
38.479786
19.766298
28.884937
38.38083
33.752033
37.920715
34.423122
40.579727
27.170969
32.361732
38.214603
40.186306
19.64051
34.764984
23.70002
29.205574
35.100872
18.305735
33.853485
17.292824
31.15942
30.247612
22.461815
20.288486
22.866814
22.745398
15.974877
36.755455
31.045248
36.98211
35.202
30.296265
15.95254
21.340614
31.037624
15.788864
36.005276
27.952618
19.870064
29.10356
37.78616
35.672916
26.36044
30.34999
31.6252
15.29443
17.874582
26.25188
22.671263
40.649567
30.008854
39.85859
20.560059
39.13609
32.3716
33.47634
23.536491
25.16068
30.065104
21.438364
15.203809
28.011015
33.158607
29.131914
21.948944
27.747248
25.851261
31.561584
26.53285
18.846342
30.994396
30.652071
32.336655
27.537794
28.175922
31.479914
29.318811
35.036873
40.665157
23.672548
28.865507
19.211554
26.174776
21.324339
20.405905
19.611927
18.617102
22.953108
35.915867
35.24594
22.815342
20.25696
33.24818
19.002884
23.4759
26.73008
27.604282
15.206134
39.636227
34.55748
30.401976
39.41925
22.273315
22.632498
16.295506
26.334576
23.791168
32.027203
18.168875
18.341072
19.701258
27.794655
40.550217
20.198235
38.968216
25.59334
32.08449
22.135471
24.213657
22.297873
29.453714
32.651398
36.254337
37.49645
38.448402
33.30516
21.29639
31.574312
20.77089
24.871843
15.515782
33.94383
37.59052
23.376726
26.725647
21.90564
20.872835
25.72817
16.364502
30.611637
37.06921
25.936468
39.13498
33.649338
22.880342
20.236143
34.280926
29.878616
37.496544
34.82168
29.711409
21.325506
29.96965
23.361818
15.963445
29.174171
24.185856
26.975086
35.340843
20.19694
15.285726
30.92929
16.474884
34.323643
16.317076
25.970356
38.02318
17.475304
16.408415
39.890873
35.25628
18.273592
23.815022
24.716394
21.87734
30.786228
22.816748
24.7175
16.578278
32.07991
28.636051
34.34832
33.556625
19.026121
23.296736
23.167204
38.50048
31.541533
35.65833
38.81288
26.39461
37.243515
40.737953
23.189438
18.909023
29.362625
36.871056
31.156141
29.101988
39.677765
40.264236
25.223078
15.702722
19.226002
25.057959
28.021267
16.334604
15.587914
19.143793
36.645927
20.698086
34.660625
17.670357
17.364183
34.953026
31.004519
21.424046
21.633514
25.323528
36.085976
32.085102
34.89496
28.293951
16.037271
34.736523
18.18499
24.673044
27.916126
37.94275
25.252705
29.273773
27.87122
19.217096
16.573978
22.989737
34.106304
22.761206
34.4218
21.644613
36.084393
38.986904
31.982151
32.14944
35.02479
27.520222
38.397274
23.223118
25.419651
31.13924
30.573355
35.21478
27.032928
15.412033
19.607136
15.412369
21.643581
27.677738
24.76611
23.629982
34.656094
15.453418
25.099487
25.83718
16.625235
40.351173
35.96227
15.126756
15.728402
27.154552
25.002205
27.413107
35.267517
20.83017
19.489687
17.911524
22.394007
36.939922
20.26302
25.669512
21.424063
29.171158
35.016685
17.204355
25.34775
35.51662
23.17782
36.646927
32.434402
22.012852
16.196108
40.699883
37.198017
35.885357
34.714954
28.189116
16.410204
30.450598
33.79685
28.020552
33.334606
20.18948
19.143387
33.95006
38.90546
22.033894
29.080572
15.732455
33.184402
36.0973
38.972473
31.936258
38.10336
21.832378
28.681519
37.99414
35.23769
19.91309
17.711218
17.904593
40.152725
34.01563
38.74716
33.40864
25.727896
22.111994
34.4548
34.436108
30.786797
39.892048
18.597527
29.149075
27.347593
35.494236
32.80616
27.006008
37.857155
16.852194
28.661041
21.928106
30.883587
36.653877
17.140514
28.87018
23.91564
33.161808
29.944637
21.881609
23.15385
25.957478
21.720547
39.088547
26.477045
38.049927
40.795998
29.936817
19.129189
39.727947
28.670141
30.505602
28.095417
39.03731
37.215725
37.735275
38.622368
36.828907
17.314444
37.00837
32.886765
38.95057
29.477251
15.680932
26.427595
36.3449
21.89406
15.882186
26.630972
21.567263
26.312277
17.18365
33.293118
31.552698
29.161226
19.584534
24.085796
21.337282
20.419617
39.66847
19.609756
17.87911
21.865736
21.757307
23.645653
33.125862
31.55518
17.420938
28.198196
37.0405
38.638462
22.797783
33.97811
18.423485
15.960964
15.838805
23.077858
16.059425
23.280256
26.808613
31.770832
36.968033
29.390846
27.160393
23.600136
18.353624
22.96409
34.247166
28.221817
19.224483
23.490982
22.239985
25.828827
22.592741
27.358175
19.094519
38.40573
27.66746
39.79264
35.440506
15.55058
15.518033
21.17795
21.864428
40.149155
15.311942
38.07527
40.213837
19.79814
21.420422
23.174688
28.272547
15.54756
20.437471
32.35762
29.43905
20.269243
35.47217
21.068583
37.88627
18.756796
26.951143
18.274729
19.088907
26.523945
16.607523
30.434092
31.575447
38.191967
26.334702
40.098583
38.294907
15.343195
24.147587
18.045366
21.084356
25.766436
17.621067
24.160275
19.381207
21.131498
16.86482
34.689583
32.54515
30.30381
26.345577
25.931446
27.937727
18.746443
35.682373
24.955967
38.2532
40.75573
21.917288
36.52286
31.502762
26.637918
15.703656
36.008354
39.52454
35.358223
35.355618
34.857906
23.925385
32.67985
39.76741
19.849081
15.955818
37.359516
31.837677
16.278812
28.977991
27.577238
32.223602
16.08201
34.907005
36.452015
35.001556
20.843449
33.28926
21.23134
30.125452
26.682522
15.527195
31.541368
18.450926
35.07047
35.167885
27.945784
17.532927
18.782286
26.14383
40.98536
22.406244
37.390636
38.38733
38.856438
31.12298
29.976587
24.335598
36.93545
23.94787
22.062145
34.501995
32.46786
29.80188
19.162088
35.509407
26.913822
31.796413
24.807732
23.765049
28.679106
15.514911
22.412758
30.301664
18.258684
25.075634
23.93141
27.218252
16.181747
40.94879
35.90185
15.624231
23.570683
38.0032
39.172626
23.024096
31.612894
32.322086
16.377703
28.67533
37.793232
22.954592
29.05566
32.610573
25.346018
37.958973
32.201183
15.735731
28.059566
40.845524
25.992077
16.69887
39.30242
37.841602
32.452602
26.070545
35.939304
34.27813
18.894032
27.784307
32.66615
15.836449
34.115868
39.756897
30.217407
31.396261
35.556267
32.140846
23.885141
40.789913
25.847773
28.757833
38.83825
22.895224
25.56459
16.919466
27.841469
31.188482
37.340122
25.06274
29.147703
35.13122
34.98866
16.410719
27.573442
28.5788
23.782616
28.214626
26.065983
18.775846
26.616869
36.04179
18.432404
17.442926
27.434216
33.044537
28.3241
36.960953
31.991184
15.178368
39.05705
25.724106
18.810873
22.933445
17.396727
21.359156
27.999695
28.30162
32.04803
24.698378
22.49738
40.421917
22.264277
35.145355
29.28473
20.630632
33.72574
37.387302
21.091192
37.48787
27.63704
38.284523
36.22434
18.760567
28.853966
39.207153
21.286024
20.312737
39.774143
29.09111
30.744944
21.386902
34.71238
21.049866
22.603014
21.856339
32.530193
38.505363
36.72298
29.686022
23.400532
19.491064
25.77729
40.060787
22.762367
32.0319
34.233345
33.422516
25.75626
29.320475
16.307758
34.003742
36.730824
40.785774
17.40246
35.35345
38.771275
32.09003
21.177887
24.821299
21.625181
17.59147
24.123755
20.999973
40.886753
16.87501
31.25534
16.720854
22.849928
38.579994
24.39339
21.356522
36.05176
31.943472
30.37826
31.90426
18.201542
21.229496
28.524042
32.60797
27.927282
26.52936
40.635983
39.721546
28.570156
34.294666
28.994535
31.425035
40.118713
28.404531
21.852062
34.875565
39.29857
19.570242
20.19317
18.908224
18.819595
39.445065
15.777344
31.997835
26.831415
39.93393
34.812527
32.750668
32.74943
25.887121
22.00095
36.415943
27.787313
16.614061
38.15357
21.69013
21.76836
22.467737
35.08697
31.43274
38.086796
31.127298
22.096876
28.820526
16.051554
38.145756
28.944675
28.937738
30.268835
37.831688
22.998796
18.833231
38.206078
29.598333
18.940052
28.670944
19.628798
23.54038
28.270327
16.758526
25.213116
33.188217
26.756502
23.959475
38.31059
19.141352
28.89656
36.277477
35.578285
32.597206
39.51248
16.247276
38.98588
24.668386
39.654488
36.174564
25.57292
29.821022
35.143925
33.23823
16.253132
19.7687
19.28699
20.00134
18.949095
39.72098
22.559242
21.973
16.389322
30.012459
19.390795
36.52152
19.01122
20.827711
25.574718
40.65986
24.587128
17.989538
39.276268
27.007683
32.427032
21.592262
24.13811
35.57992
37.310387
24.638826
32.556786
17.96005
34.660732
21.779938
28.848278
29.886972
35.900684
30.755379
23.725557
20.3175
25.411194
21.202112
29.27864
23.6223
26.067808
29.12075
39.47768
16.731237
16.937927
24.481388
31.112284
28.764784
28.396982
24.201797
34.035244
34.97142
38.657715
19.045385
39.596508
19.636587
15.505585
20.863293
20.233288
26.036987
39.89467
24.044487
35.32468
27.48474
31.982243
18.039616
26.624474
26.039072
21.166548
34.388844
20.853127
16.558954
37.74109
29.810898
27.360199
21.428291
28.890142
28.599945
15.16096
17.505957
35.923973
32.828876
24.106047
35.636208
18.888548
33.6721
35.46059
38.40066
38.983482
31.537794
23.749327
25.701288
16.583109
38.6391
34.366764
34.234497
31.079548
23.13566
26.156569
15.949682
20.252892
23.041382
26.931936
40.18121
39.422462
40.721184
38.738728
18.301119
36.244457
34.989067
24.55579
34.46043
17.695114
17.571678
37.081955
23.270226
17.514782
26.016073
23.276712
39.11933
31.187286
27.997272
31.401749
40.23362
29.390093
40.420727
40.453033
37.552715
17.77477
36.716713
15.078237
16.033031
36.92349
37.288113
18.34186
22.081778
17.376154
37.200096
20.0305
39.484818
40.734104
33.8895
17.583303
23.41192
27.020094
35.92384
16.187664
23.866156
20.710676
17.654175
38.097904
32.289917
23.155857
21.983166
22.814615
15.948229
37.462276
16.40894
33.405087
16.180704
23.339968
16.007486
25.950146
24.64673
15.899074
21.08067
40.870457
32.28416
39.93177
38.823917
30.715334
36.859985
15.825897
33.557144
18.889711
28.712158
18.930712
28.8143
37.74998
36.564995
32.931435
24.901564
28.517048
24.14619
19.588152
29.410994
25.53491
31.741762
18.05588
37.615982
25.54581
36.795933
38.92654
38.676804
26.857927
22.196129
29.119816
22.14901
17.549244
23.97899
35.79874
37.414303
30.181309
29.851528
20.597197
18.343113
20.889124
22.142193
39.620327
16.749899
15.168546
33.5799
29.915173
25.016773
39.2001
33.644714
27.407686
40.63793
22.128239
21.1421
18.663637
25.376856
31.357584
19.123367
39.25468
21.230156
31.632895
39.308136
36.99726
18.4565
25.436914
22.760342
20.880777
35.555847
35.07048
25.72751
34.112858
17.273825
21.67174
22.273735
32.383335
16.457933
33.386513
18.619999
22.18486
32.906773
35.919292
37.951164
38.826984
23.2304
19.774532
20.85719
33.64176
18.179413
17.640476
27.546795
38.802837
15.902296
34.57273
23.505064
20.166294
37.15499
32.902527
36.362072
19.59033
39.613674
23.12458
24.397963
30.302183
23.131075
17.412056
38.33048
40.05459
16.028751
39.861275
39.81423
21.050282
28.332064
23.086311
28.426659
20.912039
35.23162
22.363756
35.82386
17.33689
28.994417
16.170464
23.220152
24.497145
20.049807
29.662203
24.378435
39.737087
20.039898
33.40872
22.89414
18.663038
33.25101
25.53073
29.713724
33.33588
22.032118
27.277073
20.549435
23.948875
34.55832
36.03515
27.135172
37.109985
19.611738
37.785538
21.114082
15.646746
32.929214
35.091602
40.75666
33.71303
39.105633
34.85762
38.67885
24.900904
26.043684
36.293865
21.262833
18.04705
33.505272
29.794897
21.578943
31.47218
35.446766
17.767124
15.265266
23.50301
29.509739
20.83449
25.042253
27.300367
32.290806
15.306094
26.322859
33.25324
35.82858
20.307219
21.724424
38.49738
23.122772
23.555206
40.196693
22.478535
24.439888
27.404322
20.951107
29.904013
25.661915
27.48875
17.40971
19.912794
16.998886
25.060461
29.987642
38.843132
35.013107
24.948755
26.681517
31.587936
29.092344
33.960915
21.15655
33.202065
35.26116
37.498405
23.308624
40.161976
21.534122
29.180695
23.123098
35.47703
39.891438
35.34883
31.060421
39.713028
40.397175
25.463459
19.169277
20.912437
20.982054
20.617088
36.66123
20.382074
31.977306
19.647985
17.776484
40.36782
35.61304
25.673098
30.428692
31.747292
21.384022
31.250067
17.337244
37.045254
32.43769
23.833414
35.138916
18.312763
23.953735
20.707584
35.316273
28.710068
23.861471
16.159594
23.68852
36.994377
27.180708
17.296629
40.681175
33.537655
15.773803
18.618998
22.62408
16.985748
23.36098
15.226436
24.923138
34.219162
29.277988
18.365824
29.109129
22.886919
27.644634
34.920975
37.487877
21.458958
35.36463
26.400204
25.39913
38.478737
22.691704
24.994995
17.937193
34.496586
19.973846
22.36315
17.394693
37.025642
37.627014
40.932346
17.6614
18.7861
39.391586
35.725193
30.343328
18.489723
29.489298
24.974365
32.463017
29.465542
28.425364
16.126503
27.2601
38.538826
21.869892
26.226185
25.831951
15.749401
40.30474
36.1263
34.137444
26.731571
25.936308
16.488731
27.232523
39.87686
17.75182
24.119404
34.514496
29.762028
29.536005
23.82424
40.22268
22.74864
21.16713
25.677692
34.47622
40.146923
34.57569
38.36312
21.725615
38.885246
26.376156
22.0743
29.652658
33.238148
25.37143
35.359966
18.274237
31.839449
22.881863
31.24838
28.288635
35.943417
17.16489
25.006485
31.548666
37.695805
32.068504
26.968214
30.954178
31.037825
28.501059
19.00926
24.027176
34.79001
35.302044
24.45051
29.966017
27.449219
35.662697
18.440052
40.07082
26.280918
16.372501
37.19369
20.090454
35.40009
25.856886
29.8665
34.262127
32.708065
17.223515
32.28298
18.597916
29.788862
38.34895
19.27105
19.318089
16.16741
34.41445
17.92509
21.239498
17.693386
37.239094
31.765884
34.397835
24.238258
32.260395
39.47037
35.215836
20.379406
38.077038
35.6117
39.125263
16.294024
17.095268
22.680153
24.708563
20.696877
33.00998
17.548105
27.14695
37.32976
19.603458
33.497185
27.044754
37.24689
19.659208
30.943523
35.54565
32.93922
20.665241
22.076904
28.064564
25.202063
29.420654
34.772312
18.929697
35.57423
18.66129
23.337404
23.762463
38.163143
31.384703
17.927004
31.518621
28.719288
26.681625
24.78587
25.772324
25.934725
36.57059
25.873419
23.0453
24.114067
28.584286
18.879345
34.766712
27.602829
31.67069
25.156504
16.794943
35.65676
33.349033
35.677586
38.340645
17.797165
27.999973
15.764679
40.601242
30.120996
35.671444
36.045853
18.450186
22.520903
23.846024
27.860527
20.119968
19.319159
35.242634
20.165442
37.97616
35.430775
22.914843
35.885616
32.20036
22.844957
39.65999
36.60977
40.48327
25.950293
24.067804
37.547295
22.6746
27.028015
34.414173
17.743828
17.745016
25.09891
34.045074
31.695246
23.385702
20.233307
39.897774
23.704773
36.10463
21.419943
31.370758
25.595623
37.774094
35.138256
17.880812
27.721584
35.242393
29.890062
24.135164
26.610605
18.843245
31.120325
20.39854
20.031446
21.419641
27.193151
38.849422
31.791115
31.824644
28.387857
18.496754
18.15079
35.76978
25.241375
40.067825
35.390614
24.362396
27.987053
24.779959
19.758743
38.706573
15.326234
20.973158
28.807669
37.537823
38.31783
38.207718
18.95083
40.020107
15.78245
17.620386
25.965227
33.554317
15.291426
22.084482
31.120714
30.730629
20.547478
40.03395
23.634296
30.402796
23.76252
28.688196
26.227806
33.270683
16.49946
23.85403
20.709923
18.328058
24.368721
18.483034
40.70856
21.065783
35.956432
16.727055
18.947252
23.416363
22.410206
20.361536
16.789236
37.08394
35.2196
40.13581
38.165474
40.124516
21.902332
37.861485
16.457996
15.424425
20.543499
35.864418
29.427483
29.070818
40.434036
22.802832
33.85408
38.515976
17.41583
26.79351
18.203058
26.90817
30.964836
36.28996
40.33194
26.994839
31.529829
30.22094
36.023376
31.599613
31.193243
21.52464
18.95808
23.832937
26.331926
22.403292
29.634672
34.916687
35.62939
23.374943
37.698486
30.786457
26.52755
25.51354
21.158842
34.48084
28.004704
32.145477
27.054396
25.735199
21.42787
30.71017
19.268848
20.168278
20.151424
39.494205
26.404232
15.982969
24.520292
23.513035
19.886675
40.19851
27.984787
16.94118
31.809572
15.08936
28.145527
20.181307
25.4117
16.726913
25.720667
27.91454
40.542866
19.303207
40.66403
30.288816
17.987265
27.261673
29.961529
40.779015
36.09481
40.168045
35.994644
23.192085
36.81327
32.72533
29.78346
30.792316
27.919117
22.369871
15.908235
34.586372
22.012596
15.481332
31.457119
29.434664
32.67255
28.397532
27.95916
35.845043
30.059187
15.145845
24.93541
20.056835
20.207987
38.086044
40.43735
27.337587
28.275566
24.505161
23.740686
27.29197
36.07837
17.613173
24.223839
17.421576
16.40765
26.359003
24.384323
26.176506
16.809305
35.019543
25.93256
23.30388
33.784622
16.610056
23.951418
31.425528
16.698187
23.822649
23.221191
28.466476
33.071712
21.420017
32.98349
31.807837
37.39759
24.79505
35.653893
19.852133
24.123692
18.75249
27.291967
39.066082
36.0408
26.47703
34.99873
26.505285
39.946877
19.12303
22.835249
33.32723
18.167242
39.494102
37.342613
35.863453
29.27746
20.876667
22.292202
35.44872
24.205696
32.249626
37.906536
34.394444
20.784014
29.813187
30.464872
23.245588
32.773014
38.062847
27.943956
35.77473
26.401918
27.480518
30.143234
39.043896
18.546223
22.322695
27.605124
18.304262
15.807588
38.95652
24.564781
36.505753
18.96582
40.72764
23.150143
37.753025
40.54026
15.439485
25.101791
35.17127
18.528028
30.181913
15.393628
34.334717
20.77919
33.467655
25.30905
39.66273
37.92387
36.418434
28.763723
29.00275
40.28406
19.08812
34.964874
18.996332
15.782847
24.918697
40.85831
32.76403
25.50639
31.795307
20.238232
39.946747
39.279068
40.20001
32.88124
39.20567
31.379799
17.559505
18.614754
30.909878
30.357578
29.04032
29.841362
34.93009
22.7969
26.76561
27.714504
37.2091
28.838778
27.710995
31.897192
21.093725
23.280666
27.38249
27.634254
15.290265
36.15868
15.787844
30.730028
19.744677
26.858051
36.183254
34.94712
39.750847
28.002863
19.610697
25.328308
19.154654
37.643703
23.33672
40.992367
35.64849
22.591888
40.96186
36.066048
26.84047
36.14157
40.19043
31.58817
27.034288
19.876053
17.033754
18.458149
15.47043
15.772232
38.565495
31.80017
27.156101
23.397226
24.256052
26.475403
21.350924
31.633705
26.383595
21.898647
28.277254
25.07563
35.052612
19.802004
37.688522
28.003633
40.94644
19.137062
35.555878
21.67935
25.09856
15.918372
27.322914
23.590601
25.688034
28.484861
17.930233
34.23441
39.14778
20.392113
22.125956
18.042395
40.719986
39.947304
19.45536
30.13319
38.00117
33.25991
22.762207
29.719057
21.99026
22.605124
31.036287
18.199047
31.685944
19.883194
17.006187
31.238504
26.37564
28.00688
35.003193
21.464909
22.416306
27.16034
25.311749
23.802553
34.5282
28.046759
17.473791
28.923662
15.405834
34.478287
36.8288
29.81114
27.796125
28.96067
35.94825
34.00818
24.101826
19.28633
17.562756
23.77259
22.039206
21.573442
20.081982
40.05875
28.911972
21.67491
22.871994
36.017677
33.659264
36.429928
30.081593
23.535767
36.993656
24.842232
36.99863
20.22537
37.665886
32.942833
39.669315
34.23544
33.176174
20.831518
26.827925
18.268007
36.09773
34.19008
33.061245
20.266417
34.58622
39.421684
27.57167
18.383759
23.619736
15.494525
15.904655
38.045033
26.046904
28.554296
32.570805
27.184166
33.616573
23.41883
40.61977
32.06708
27.820677
27.179564
37.91262
24.504576
38.60258
20.308315
15.09124
39.713875
33.76641
37.90424
27.05786
22.605284
31.268585
22.014585
32.154667
18.850428
32.480988
27.324213
25.173
15.731199
20.985842
36.932774
39.823498
36.473545
18.495699
20.424572
21.363071
28.537838
25.087463
22.98518
18.701567
29.167679
37.09777
27.930029
31.500275
36.39147
36.74761
33.68414
19.526646
16.62632
26.84731
19.988443
34.843758
31.051222
35.77878
28.906933
18.29026
17.996756
36.360004
36.07031
18.145823
17.740932
37.16752
28.515524
20.87913
19.306005
20.425896
33.466976
29.439924
22.118624
22.668797
19.453993
23.683525
34.725746
39.0345
19.27046
20.205713
36.151344
23.279465
21.456411
15.117848
24.934034
25.376637
29.217606
15.106484
20.403227
28.911036
20.99802
27.49877
40.33166
37.39323
17.281479
36.994316
34.74456
32.0821
35.6225
21.226208
27.370903
15.941443
38.392727
27.378239
29.989712
24.950727
31.278162
39.712486
16.754538
29.148424
21.173779
35.050697
35.471672
35.507153
19.795841
40.00498
40.762905
39.022984
20.068666
16.067698
28.061075
35.247025
20.14135
32.547523
17.466824
26.895525
22.751297
24.77785
22.637486
25.14558
15.5752735
26.025976
28.084192
20.756529
33.194965
22.095716
20.520761
15.253037
19.352911
33.74316
16.238087
16.063915
39.285946
15.714717
30.870317
35.7315
30.09721
40.468548
24.374138
22.089592
26.363966
31.45492
22.560104
37.653706
28.477478
17.208004
35.095047
30.375484
22.572353
19.441048
34.53709
16.383953
17.326698
25.838865
25.67001
20.369402
38.40072
39.30597
29.171091
20.861452
35.830242
20.055698
18.476896
19.810995
29.302925
35.115055
15.603744
30.606487
32.91882
21.57204
20.634966
35.938175
16.773203
25.20662
40.604424
26.76966
37.49847
31.023434
38.58596
18.084265
15.763214
30.643877
40.94096
18.044529
29.650385
27.517054
21.88136
18.736208
20.822851
34.473595
25.772902
22.763975
15.433396
27.273283
38.933647
24.624163
23.847618
36.486874
24.075205
15.00059
34.42195
22.304483
31.98935
27.912767
16.815392
40.677288
18.600117
30.991404
17.612358
16.576344
39.081722
30.064411
17.395367
27.09172
16.385077
40.70727
17.830143
19.597061
35.220833
15.444814
31.81201
18.269247
22.314459
27.887222
15.271304
19.879696
33.5789
16.241217
31.846838
18.963305
26.742962
26.358091
15.310302
19.223026
27.928682
32.763527
29.360807
30.342514
20.68844
22.959724
18.20758
33.256165
40.092728
21.698689
26.220179
34.36546
32.60202
33.896114
18.849432
22.192312
22.6613
15.388634
40.00859
32.524723
31.223312
17.832739
19.153036
34.236904
23.736805
25.702091
22.408245
21.655497
39.528473
23.560413
16.26946
18.59552
38.96249
16.570578
39.632946
30.004072
31.27903
40.54601
40.21745
19.526793
22.593302
27.758902
24.795847
31.251547
20.17919
15.190309
35.080822
39.385727
15.866627
18.940462
30.594675
28.688042
30.14949
34.113335
34.40226
35.102634
19.430796
23.647676
19.197311
36.232723
31.72461
32.287453
21.906342
25.043093
23.089146
39.16784
26.710476
27.494991
40.08311
28.338572
19.184603
29.694174
40.617416
20.954735
38.114357
34.57209
30.716972
23.835726
38.47544
18.122288
29.912355
18.626299
33.046
38.778515
37.248703
35.88941
39.171684
38.64794
27.2293
29.118656
19.314272
30.002447
22.403845
36.878906
33.18865
16.682732
24.76655
33.066853
33.529182
19.884636
29.646683
23.628979
22.825443
35.17388
37.354374
36.982574
16.728426
34.514927
37.48698
28.856207
33.25243
21.601633
30.506432
28.299175
25.383902
40.841824
36.965553
24.205278
40.25753
33.97481
38.59143
16.854322
22.671072
27.490398
27.326473
34.695583
16.384323
30.769861
28.382858
30.880602
35.383938
25.183788
21.383741
36.898384
39.094612
18.258692
31.744534
20.074337
38.378468
40.463696
28.590237
25.66488
21.088396
19.170616
37.709892
40.81299
26.927269
38.905117
16.316727
16.72551
33.413967
15.133711
24.712711
39.09142
15.868325
16.520653
38.348797
18.980764
40.501003
21.840916
26.227169
35.24735
22.930641
22.549717
24.109474
16.803848
30.749424
20.386168
25.574997
39.04629
22.11954
29.327936
28.615381
35.175495
24.806868
20.715897
28.157574
18.196323
15.544496
19.432064
33.674206
28.971243
22.167572
19.641186
15.870751
15.862957
40.572266
16.795717
35.33134
20.221497
31.22547
38.355923
40.96023
25.254457
39.68817
28.991264
15.073461
29.66467
22.414328
40.90623
21.075317
15.847897
20.94829
30.37314
22.796875
31.413744
40.567745
35.556515
25.778818
18.326284
33.40544
18.277943
34.048473
36.056522
17.131783
17.49743
31.270971
25.79705
34.391705
24.976599
30.547058
24.009949
25.363102
15.84108
24.585155
21.362228
18.040348
26.57392
31.492878
29.44872
38.145367
20.34874
19.013205
32.61063
26.929922
34.550846
17.673203
31.628592
22.55675
37.836468
17.018167
16.102322
39.23337
38.144722
34.871704
18.924623
15.821349
40.70387
15.392298
31.41574
16.254974
18.262888
15.589515
25.404722
15.777333
18.531332
23.918098
26.827723
37.737885
26.124899
34.585705
24.258762
19.494617
38.191074
23.290224
21.196806
16.825142
40.328716
30.245073
36.90361
30.174889
16.417295
28.556076
17.120062
27.05693
24.536139
32.280983
17.08438
40.966793
33.28073
40.832863
26.933825
18.28689
16.472832
18.781115
37.792187
36.8291
19.51295
40.55898
27.628588
18.900328
33.43822
40.103928
15.318782
36.07465
23.125713
26.037506
31.248411
30.217112
28.020605
31.633633
31.268301
17.727894
31.270647
29.52961
21.84513
21.462067
30.212765
17.901493
31.84651
29.328852
19.784624
23.655712
36.557686
24.185698
20.623419
39.08129
30.247805
22.316301
25.36611
27.362186
24.886887
19.518028
21.979792
21.36674
20.460318
34.622986
15.827799
25.211437
36.735935
20.138401
18.616652
27.238653
39.30942
20.615686
16.370865
22.253147
22.28699
27.344013
22.147102
28.129732
40.059956
39.01294
20.326132
17.234509
15.284121
18.10003
36.010452
38.494713
27.397463
33.913242
25.307468
21.407269
21.79293
19.454084
16.092474
26.793736
26.108788
36.566544
22.222733
22.68938
35.007183
22.197947
35.113346
39.396744
34.28232
36.021824
31.087564
35.439087
31.172754
38.15922
32.97865
17.916708
40.348194
21.28359
24.087368
18.599234
16.199165
40.005867
23.788633
18.979479
33.778797
28.110094
24.832745
23.469646
17.0291
22.946295
24.701168
17.938133
23.769817
30.086096
29.253744
28.865362
22.336132
18.207994
18.343616
18.53956
34.72225
40.10296
24.078215
19.918547
39.62103
24.677332
32.968983
27.051144
27.845583
40.878925
21.339571
15.281889
26.276928
39.58346
15.05163
27.855341
16.702524
19.652348
33.85929
39.991314
30.693684
37.60912
33.5179
26.019966
27.01557
24.680716
27.14947
21.745785
27.97173
40.311066
35.306892
20.85199
25.555721
37.67828
19.680702
36.86207
33.31574
34.233105
16.456831
40.94268
27.433672
34.825096
15.96067
38.662205
16.678411
22.594336
23.412165
39.711887
25.61377
17.480263
35.368687
27.551537
32.72469
33.935616
29.746874
28.959284
16.971071
34.232243
38.191532
16.545128
24.686735
21.606903
25.999207
28.430372
15.711807
40.41898
24.805927
36.500324
15.179941
36.47839
16.813166
39.90508
29.477541
19.750734
18.452877
15.813331
25.55034
21.758192
16.082085
26.816755
31.953386
19.168325
38.549294
25.837563
33.823692
15.299414
33.28959
16.909363
24.300539
40.56972
21.982124
37.781647
27.826555
17.279417
24.743248
35.940693
24.23348
25.537703
20.330374
33.344814
34.549675
35.63408
23.896263
28.93943
36.06213
19.701416
19.460255
17.847557
39.324005
22.129892
21.45245
36.023834
35.519302
37.864693
34.438854
37.115326
26.879648
16.456656
30.449877
38.2899
35.693714
15.533874
21.211573
19.873085
18.858057
16.223654
24.018457
39.776794
20.888943
30.97799
36.98868
27.908571
40.84777
33.242058
38.006794
22.017347
35.72856
26.454111
21.786293
20.762007
36.51406
22.976402
35.1736
38.18146
21.327822
31.730661
36.06706
16.200132
38.892727
30.547949
18.139011
18.320232
36.852177
27.541525
27.925928
26.232368
31.418406
19.17274
26.7911
33.71857
29.28295
23.103743
29.76624
38.926865
29.757696
23.417145
26.342897
32.864174
36.710464
18.331627
26.911497
36.784332
38.017387
28.153744
36.73524
18.040638
26.974987
21.880104
21.098133
22.927393
33.398136
20.600325
28.580767
26.052515
35.9757
16.650082
38.29454
32.86331
35.86389
19.324833
27.34434
37.09017
28.468143
30.888674
18.791744
38.077908
39.897366
20.599068
15.9552555
20.242193
28.670322
37.517075
28.010958
18.218437
33.911892
16.983955
38.54652
18.663218
34.49787
34.81893
36.9734
17.123297
27.389963
15.52919
30.516506
27.90495
15.748545
18.121975
35.877636
30.456326
38.318756
15.470082
24.608322
25.41821
17.056374
26.605757
28.729797
21.203552
25.992985
15.8044
37.20218
21.73382
28.93577
39.868317
35.471928
27.790165
20.755358
25.63203
37.5161
36.330124
24.735931
25.384546
26.553871
24.075533
32.744984
30.640272
18.910257
37.69497
21.825815
28.489107
33.393898
28.98411
30.22402
31.617575
15.9902525
23.589964
31.830034
21.016684
34.67347
34.03
24.552864
17.378521
21.704681
34.02481
31.235954
37.232418
30.911413
25.493
19.384253
26.98289
25.132248
25.949541
38.19233
40.18529
24.262829
20.503986
30.14651
20.63159
33.153786
39.172455
23.819773
34.117317
16.988037
16.797367
22.386312
39.12229
23.704472
23.511578
16.853384
35.061314
18.536888
22.388493
40.041264
20.247564
18.801554
29.687464
38.937836
38.2601
31.693733
25.933784
21.212572
25.018314
30.042896
16.965124
34.395256
23.539906
20.728388
35.03145
27.508194
21.095385
25.77168
19.052927
16.78617
20.27083
26.99838
30.2205
33.5267
15.312064
23.602537
38.26627
37.083878
26.047132
31.947805
26.936035
15.552198
33.670376
28.50445
32.46383
26.782537
21.7202
31.948109
28.178411
19.030659
25.693918
37.135742
27.7642
17.759262
19.916979
15.926086
21.1543
20.897884
36.520092
23.626429
32.55076
25.210571
38.6767
37.22444
21.647318
33.32951
34.614517
36.503292
32.77253
30.483498
28.338692
31.640192
20.376083
17.983295
37.490467
22.952961
17.0489
39.12166
20.31411
28.086245
30.097527
18.304037
40.316086
17.118307
38.58597
39.94659
18.8744
26.82146
22.71325
39.961433
38.792286
35.623493
15.412369
35.494694
21.589281
22.694504
20.136734
21.991169
28.18404
18.022963
16.94232
34.630077
40.54708
33.346794
37.179253
39.709595
22.88796
26.369692
23.373827
34.653606
28.99025
24.819897
23.21224
28.972237
17.418936
40.598026
22.929722
26.728495
40.498814
23.512625
33.863995
17.846529
24.198631
18.916393
18.449436
38.942722
18.35466
33.933193
38.508472
38.26902
18.028715
40.905212
15.339291
29.828627
23.219368
38.19173
23.804016
40.757397
39.631557
19.515343
17.389112
23.65993
23.7585
21.678457
20.03982
37.747623
15.141264
34.662323
37.463013
27.346579
19.345078
27.87284
21.547964
31.626535
24.927841
33.611774
32.572094
29.24765
22.47513
17.729063
38.938778
18.030155
19.637291
15.851238
17.33697
22.722668
33.028057
17.583061
33.417416
23.478073
15.830468
32.643784
18.34782
29.741638
39.00467
32.026527
35.939404
38.914223
16.103508
39.958683
32.429886
28.374115
32.875706
36.69311
32.46299
29.224304
23.07263
39.974503
28.322134
32.47759
39.17363
34.402164
35.056103
23.300241
29.10613
16.84984
37.776974
32.40556
25.460537
34.605366
37.115765
35.721916
26.186392
36.95713
24.588778
32.055542
17.304941
30.581509
25.457697
19.626553
34.78469
32.274742
32.559086
34.077377
16.400324
29.32474
20.534029
30.836012
27.131659
40.132725
27.906216
39.562122
29.458202
39.57163
18.536827
35.812355
16.766161
15.007505
28.127205
31.031826
28.008541
33.91233
27.645334
24.511948
20.745451
24.560839
23.819773
18.050568
29.74033
37.431164
33.17467
29.708452
23.399382
36.618355
38.47223
23.276974
30.515135
33.821926
18.88386
24.854986
25.011497
18.282959
27.729063
23.278605
16.686445
36.42325
22.200953
17.055803
31.309824
34.878475
28.140062
20.92848
33.857597
28.119305
25.623085
34.21776
28.150148
16.91876
35.900764
16.704092
34.71113
26.551203
39.049282
23.951904
18.27464
39.797672
38.59204
16.70916
15.042355
17.584335
32.30379
26.295536
21.528578
17.395166
31.426668
39.738518
17.629963
26.47705
33.607803
26.824957
24.41804
31.294838
38.010643
40.206364
32.076477
30.69591
40.257347
21.229328
27.391327
27.808233
32.127083
34.258274
33.251373
22.822863
18.265156
22.915873
32.72698
39.501236
27.550537
20.887184
17.469677
18.499674
40.22435
37.716774
30.411139
40.41783
37.3995
24.373775
32.038826
18.85488
19.151737
36.268074
19.88715
32.696598
27.034933
18.871462
18.306654
21.35859
36.56853
39.130863
34.060116
32.77516
17.012632
22.456371
22.843283
23.550484
33.5763
20.225117
34.439304
21.878033
31.097237
30.462606
37.88972
22.586275
32.186005
16.646452
20.801186
35.983044
32.845703
36.423073
38.706017
20.047962
32.657845
33.436127
29.255875
30.96175
26.76803
31.436235
37.95176
21.963203
39.10983
40.374615
37.099884
23.08908
38.573093
35.279087
35.731716
30.479088
22.152819
26.369036
33.337894
23.61759
33.50736
37.086624
36.439484
30.135668
23.809858
31.504784
26.256441
20.611567
20.294294
15.91819
24.031893
30.18451
18.477652
31.331642
25.932266
33.73637
22.682331
36.030956
27.867023
22.8976
34.187927
22.454716
20.058195
40.198257
23.109135
28.180878
27.738632
36.31196
30.926584
15.000483
19.969316
18.530046
15.490031
18.77141
25.239803
24.355167
27.268347
34.028275
26.2523
25.417925
24.638382
15.170346
17.088627
19.797268
37.08482
30.457514
29.820662
19.264683
34.325745
36.01503
28.548746
19.974203
34.5837
24.581005
40.838764
34.684742
32.4896
27.826292
33.577538
17.728209
16.436974
31.734602
40.377407
18.626236
24.59649
39.75143
36.834793
24.51044
28.25595
28.19355
16.183784
23.315475
28.668356
20.756508
27.184668
17.091122
29.170856
39.865837
16.448635
27.719145
19.979885
40.088314
38.82373
31.822569
20.7729
26.852852
31.953405
17.719473
33.934723
22.326302
16.667938
38.90038
15.176552
23.44765
17.480219
25.697754
18.12829
18.84478
21.131317
15.568091
21.459894
37.641182
31.867487
18.721495
19.105095
16.005726
39.92919
19.710653
28.240816
26.706743
40.593952
25.03052
21.81829
28.90247
33.038754
19.781992
18.646896
37.932987
23.273985
37.01733
40.299324
39.97462
37.449795
23.511995
34.436783
38.075832
20.94697
15.397052
24.54549
24.314507
34.838425
40.338238
26.53085
27.599525
24.543537
39.76225
39.133167
23.985462
19.796556
17.00773
15.708994
28.277216
28.411518
33.217957
31.564606
32.172264
36.750004
22.29406
27.733349
33.22134
33.284378
29.292233
22.85603
26.48404
38.19797
27.27516
27.653728
40.914127
23.574995
31.817501
25.37488
29.229939
21.406813
38.11709
32.55364
15.308532
28.377546
32.97807
39.43404
26.98792
23.190758
18.809082
16.494646
36.569927
18.06034
33.219074
18.650806
30.28692
26.912548
35.795246
33.916916
29.528849
18.83242
17.212202
38.578445
40.72275
24.336706
22.948124
32.253754
23.415104
28.16671
28.573477
25.618166
37.328014
39.46828
27.82952
27.017939
30.943586
22.462559
24.52844
21.719278
22.516367
32.009872
38.683876
19.117674
19.322067
16.830477
30.220024
16.875381
18.42143
20.56978
32.10948
28.659966
36.2513
39.38186
26.85445
25.924387
40.950687
18.254036
29.852863
27.999231
40.487774
18.90655
28.380442
26.66018
33.374615
29.775171
37.671665
31.288984
33.039337
33.321014
27.897076
32.763744
33.771465
27.71052
31.711298
32.294346
25.56416
20.769985
21.485592
35.561558
25.147888
40.042866
34.340733
34.723274
39.043163
37.76431
37.660458
23.119072
15.555823
19.616274
15.892668
35.834244
20.29639
23.237932
29.13501
31.67708
18.025885
30.639843
15.253469
38.578266
38.413525
35.906696
36.096985
34.9388
22.637604
19.872313
20.748127
18.032984
37.66891
40.81188
22.68925
29.21548
33.546818
32.620213
17.26558
34.386726
15.991401
17.431208
16.891043
28.93832
16.290537
24.182446
40.069706
15.230285
22.559307
24.24021
20.495043
31.544565
23.18956
35.874107
30.241295
36.41424
24.590794
17.106678
20.375572
17.245535
17.16922
29.262314
21.19632
39.229675
37.900013
31.401085
22.74326
29.684439
38.81851
30.746897
22.225801
34.17003
38.289307
18.205761
38.58145
25.991762
16.007914
23.118757
37.50261
28.031961
35.34778
35.50562
32.95971
23.246056
29.886303
15.228686
15.50048
35.613037
20.726547
19.743284
39.41969
34.847923
37.577137
25.39948
24.27058
23.76398
29.460997
33.62139
23.128725
24.815052
34.394325
32.71415
18.520947
32.0534
39.41034
20.5349
18.996424
36.506042
32.898087
34.813038
26.944056
18.802704
38.384808
26.51624
37.449577
34.78092
22.611029
19.332668
34.737923
27.749142
23.030754
37.07605
17.060736
21.106071
28.714874
26.619125
38.765945
29.094622
38.04404
38.8224
31.725695
25.611479
30.54806
19.848783
31.300905
17.198275
32.781944
38.24124
30.58528
28.608019
27.224558
39.189194
38.798336
17.670462
20.84396
36.520935
33.38669
26.572662
24.194225
31.13296
36.64466
27.126122
20.691788
17.803652
20.479723
22.109394
33.065
24.637367
35.325363
19.3552
15.87881
40.746483
37.14322
35.893623
27.507236
32.20266
15.958508
28.168024
23.959373
35.775024
24.436998
37.107964
38.56053
22.521671
23.638939
37.67341
31.648201
34.91232
39.274635
33.377136
33.163292
31.833735
31.538448
15.247317
28.30025
33.565887
24.912365
21.709826
32.225433
19.615585
27.207256
38.94989
38.28128
16.155733
15.549449
28.455332
21.064457
16.742132
25.02208
35.64864
33.29953
33.966084
27.235289
30.78278
17.525236
28.749893
27.22613
30.605648
28.268726
22.103706
37.77863
26.690733
19.603863
21.335896
40.506336
21.786549
20.772795
36.94561
22.85414
33.055027
28.895803
35.724865
27.553125
28.649147
38.702564
15.958921
22.001692
31.722603
40.68872
20.03751
17.548038
39.669445
21.134792
40.275784
32.713676
20.159184
28.020264
35.29273
34.02453
31.362911
18.02378
32.906063
31.305603
17.658604
31.521135
19.176521
25.047247
30.058817
30.77597
15.970691
35.76538
40.621586
31.36374
39.210464
39.155106
38.18541
18.277748
28.838446
28.27651
40.911785
38.136753
23.452503
39.013454
17.323793
27.446825
37.548985
29.61057
15.796928
39.965885
17.362928
25.220684
22.78827
23.87749
16.404953
26.084267
36.48285
21.701197
19.968315
31.214552
18.991009
18.650036
25.115967
28.276352
26.748213
18.491236
18.956257
24.723553
29.348803
27.87471
33.377285
27.199783
39.68778
16.564337
18.833681
17.708647
32.98978
32.040436
31.265993
36.12436
19.071995
40.537384
18.7816
17.240658
15.01783
30.738688
34.33751
22.745192
40.330727
19.072355
33.339073
28.258656
37.592598
34.832787
40.805195
36.892326
30.668957
15.200953
21.549185
39.654625
23.582838
26.642946
30.68595
39.4768
28.32225
36.137638
38.69992
35.629745
17.050936
29.217375
25.294508
36.868465
19.459795
21.901388
21.292648
28.767593
27.326435
16.259752
23.969362
39.400894
35.74285
20.566467
26.371119
39.769566
25.926353
24.783398
31.413012
19.198658
32.046402
18.462559
36.843723
33.297855
22.08012
33.062416
31.529442
23.022322
32.35182
18.144533
36.93186
33.871284
19.116938
30.950186
30.141586
30.326447
24.318382
27.452187
28.377218
28.259308
24.473375
40.135426
35.47162
37.22591
25.541405
19.480263
28.54077
21.319475
32.579033
30.40623
33.766876
21.565866
23.004866
33.779057
20.026314
20.723728
36.37805
22.492353
23.954205
22.790674
39.73628
23.605942
35.961357
18.518768
25.744305
24.556019
25.70558
30.807058
17.171646
22.548075
25.568169
17.965855
15.548087
27.901636
33.797802
34.53687
40.23833
40.336678
35.157787
30.605347
22.632095
33.974686
28.14903
15.354717
34.663612
40.17311
24.17984
26.99127
21.454529
39.2201
25.415071
15.105818
22.516775
18.387144
20.460941
39.04125
18.65711
40.87047
34.528107
24.89934
26.492521
31.747667
25.264515
20.447115
29.315859
29.234346
19.060793
19.372581
19.943546
24.246176
21.304825
40.091476
30.1324
16.555004
27.79845
25.62129
40.17005
39.673367
27.34806
37.915607
23.323652
29.009932
37.402225
18.491426
16.97404
34.809128
19.533258
17.18392
39.467674
20.921394
19.545992
38.427685
18.986193
22.546234
40.04588
19.590368
18.063528
40.748363
23.40981
24.574106
40.77314
32.76809
40.27689
16.152088
31.06291
22.930122
18.912796
32.322067
20.232937
35.3008
26.10008
35.335564
21.131426
16.151896
32.568153
29.000965
28.28657
27.759893
39.40053
24.360672
26.897278
27.102755
22.34322
27.906929
33.373287
29.612022
36.486954
38.127872
27.94519
17.29617
36.407345
27.36484
27.757568
16.271933
16.520784
30.713896
30.813393
25.02348
37.15037
34.019005
35.155575
15.555018
31.594784
38.88123
35.751465
27.010626
26.354582
40.04778
19.688843
23.3058
28.594011
19.546692
24.496857
18.848433
21.902895
38.49742
34.673088
25.522596
25.471941
39.654438
37.827904
19.76676
40.906113
37.43058
20.249876
30.798737
39.074574
15.398694
28.15113
25.822855
16.632067
40.084618
17.369024
23.400614
20.14531
24.241537
36.88069
20.074179
25.119461
16.735147
38.129513
39.802887
31.643435
35.67103
30.867708
24.806059
33.85919
30.460108
34.986736
32.00115
29.009018
19.145018
38.637383
31.384462
29.426018
35.499626
27.833885
19.422379
37.507027
16.16593
37.691616
39.804195
35.44333
17.407045
38.46531
23.753473
20.283485
29.931843
38.63504
30.50286
32.76389
32.68639
34.429623
15.508201
37.26647
34.50917
38.3822
35.510853
34.24931
24.111599
38.78043
29.652845
27.54478
21.972273
15.203709
40.507767
27.031101
22.422829
22.732403
16.110907
36.357075
38.455284
40.869255
27.855446
21.636097
25.595144
36.7306
37.467117
24.324291
36.56151
19.645168
35.17805
37.85908
23.374928
27.940794
28.691124
15.058175
28.075632
26.404453
32.559437
19.765419
17.279263
20.668627
30.201143
17.778708
39.424152
38.607037
25.928154
16.706488
22.75369
16.715422
18.087873
26.073265
28.829248
21.40808
20.700365
37.73076
20.683561
19.178446
21.81902
36.430313
34.60147
31.652151
32.251038
33.27332
39.95436
17.703444
30.244709
36.680447
24.516527
39.011078
24.283676
22.50662
39.25629
39.697254
25.22412
24.977598
40.72148
27.023289
26.668924
27.23535
16.82844
40.50833
20.693657
22.453207
19.1157
33.29244
40.822372
25.71812
29.337803
36.082954
17.496946
23.176186
20.65183
28.603184
23.191847
16.298897
15.588553
30.104977
24.796991
39.55148
32.502144
35.21185
35.92449
27.2309
29.256784
22.126905
19.390802
17.790045
37.535522
33.069862
36.284027
19.575853
35.346096
25.700108
32.74679
28.58304
17.050482
15.237711
30.888365
26.561337
17.559328
32.012
16.085272
26.613058
26.20942
40.24729
27.338053
21.279087
32.281715
17.038
24.32234
39.03521
20.119524
31.670422
28.305712
25.107075
33.370823
18.716043
18.1975
37.560867
25.005577
17.651337
33.65688
39.738113
26.44857
31.15153
20.405302
29.276869
33.419987
27.661001
22.672543
16.197872
25.890617
15.36044
16.051315
23.833042
22.935387
40.23103
24.943632
28.735088
22.208462
20.558512
34.25276
35.13078
36.265053
17.925024
31.007872
21.966751
18.01955
26.50421
22.204124
22.145575
33.256535
20.305164
20.299217
40.16114
15.300716
33.903374
39.52802
18.016232
37.703728
28.151848
26.480242
34.041466
25.120249
26.3833
33.231667
27.03366
16.42277
28.694183
36.72777
36.992973
21.543917
32.044117
20.089249
29.661985
26.53702
34.109177
22.042065
27.056282
27.910257
25.09522
27.770523
26.224823
29.41648
24.047392
38.14989
19.589811
36.170433
38.58462
36.535923
30.389544
24.21692
17.442923
31.071768
31.984068
38.48798
33.728985
39.81851
34.082314
16.464083
17.365477
27.923704
36.310646
40.79377
39.852222
36.513092
23.966724
19.628206
21.172384
22.023762
22.288708
38.491444
19.440374
34.29281
32.11886
34.134243
34.718346
37.873726
39.4518
19.008726
37.320656
19.773455
28.031551
32.75305
35.880737
36.086212
15.897803
36.389835
19.472488
39.845963
37.580708
39.818882
21.158272
26.827543
15.504798
19.624365
31.47825
24.997227
23.086458
34.21846
15.600841
38.846638
15.995719
22.907913
37.12165
31.939674
27.10198
36.597008
36.82835
39.66032
38.73455
20.529799
28.141481
29.36986
23.062794
19.72648
36.396343
38.96529
37.636917
19.583166
18.648582
21.176394
40.42934
15.481357
30.26627
15.847095
27.077858
22.19278
28.213821
33.917538
20.45566
18.367277
38.63813
18.856398
25.17961
25.45584
28.13492
21.888746
35.216984
20.04786
33.90341
40.5229
19.362215
19.791119
39.889904
35.600506
27.029043
21.814985
23.97604
28.377165
37.539734
30.891737
35.28503
17.986753
25.891926
34.447895
40.75922
37.0507
24.84494
22.976894
22.304983
29.164206
15.0912695
29.40638
18.005936
38.52462
38.26523
33.537853
31.173141
17.062887
25.58962
19.803385
17.330942
32.097134
30.072613
32.273502
33.629745
25.748217
32.340767
40.102367
19.632067
36.14027
31.430614
17.41081
16.935787
23.754906
38.159866
33.984673
39.678623
18.216063
20.060812
37.10548
24.610394
23.253027
35.282146
30.332287
28.124743
34.62256
36.35192
38.118114
34.409565
23.366539
35.24305
31.771244
19.705456
24.939955
26.794186
22.461191
18.554058
19.464598
26.212582
34.72102
30.873323
39.64715
18.121891
37.212215
17.714205
40.745953
35.41669
34.395226
22.633425
21.37906
36.04683
23.188272
40.759533
28.93675
38.778522
30.698906
16.83453
34.895
20.96551
22.677387
24.780943
27.422049
38.412296
31.467741
18.674263
27.328405
25.522953
30.921932
18.393303
38.631363
37.102695
29.9945
28.676054
26.788277
23.415846
30.549425
29.82623
31.998562
35.402527
18.288029
17.895727
29.882597
17.3179
26.646046
27.810904
19.31639
27.481451
26.010098
32.61549
31.234066
22.310215
36.668133
17.77072
16.805986
30.358688
25.535414
29.283182
30.55845
27.699451
21.887054
18.323574
31.721668
31.652378
18.080116
34.954567
15.37589
20.606642
39.562653
29.60361
35.8113
33.478527
24.34407
38.996494
27.925415
31.209442
17.540697
39.41024
24.452566
38.63227
21.61226
16.30872
15.353058
36.020634
15.469574
15.692248
32.785492
39.68433
31.760605
20.822243
26.743816
30.085705
23.331543
22.374792
38.66143
26.125395
25.111506
34.53193
27.06781
39.48229
18.483898
30.037098
26.728947
31.19135
39.584442
17.821247
34.610928
34.00432
20.905329
39.4487
26.476833
38.502052
37.086906
15.336928
20.960281
18.41368
22.842773
24.471983
21.554585
17.14654
39.591038
22.171389
33.11481
15.142167
39.554127
39.33891
24.190664
22.347475
27.841206
23.61067
15.791281
21.826591
40.34206
35.809658
17.02885
19.337597
28.137901
30.20577
40.49604
33.55981
19.57431
34.221077
17.203
30.58104
39.14325
40.42514
