40.646423
22.92204
26.678484
34.761078
29.166805
39.141613
29.87838
31.379257
20.555166
22.008606
34.959248
39.317253
38.38755
17.348595
32.20151
35.01477
28.51939
25.772022
34.48518
35.17367
28.05439
22.079456
24.65008
15.194294
26.500566
31.546114
36.16298
34.383404
37.384586
23.45295
19.80887
35.661438
18.378588
26.467836
38.938305
35.014156
20.339493
23.779284
39.179432
15.513978
34.568954
20.246387
25.463032
18.378864
31.07284
17.252625
21.710659
25.241606
24.632257
31.437313
16.60051
21.57007
36.093998
35.027527
40.45258
27.008917
39.446274
26.10444
15.46416
32.305973
36.96651
30.812056
24.278584
18.441463
25.011024
22.252428
16.184706
31.595924
23.862215
18.610489
34.121464
37.672657
38.45704
33.91278
25.101349
22.233196
40.79127
22.74832
17.668575
39.90934
39.32723
29.266085
22.572206
17.622831
25.828407
30.81246
26.961386
26.273891
27.702581
31.683348
34.099346
23.9524
32.155697
16.639395
17.844784
32.18056
33.24208
31.069199
17.963661
29.213448
38.24216
28.98413
20.71141
31.003992
37.707108
29.38977
37.06501
19.081469
17.980543
36.002743
22.486364
23.297623
24.04063
30.768116
19.162806
20.162226
38.10154
28.181328
24.297565
16.31984
39.571568
27.029915
28.212473
21.612198
26.68581
30.84419
17.7771
21.12569
37.41453
36.08232
25.993029
22.640993
33.094074
21.874058
19.438868
18.98196
20.635345
23.00876
33.721104
17.903534
38.135624
16.777142
23.077822
37.363403
32.25263
34.262466
23.846752
25.289825
17.795538
17.725868
22.636147
40.288002
34.645737
23.841599
22.726301
33.12011
34.34094
23.712078
30.481644
20.248985
40.43938
26.828724
27.367622
36.253242
31.126572
19.443516
22.54369
35.501495
31.435272
16.177513
21.943079
25.116081
27.920055
23.116402
34.252018
20.961664
40.661045
33.12942
22.265503
32.161713
16.067085
19.696947
39.7237
39.475937
25.106827
18.143204
30.922483
34.764317
29.316927
28.844559
33.14359
34.718437
21.21972
23.720036
26.2643
40.058487
40.628487
17.109602
35.78356
25.474203
15.726559
15.007105
36.940807
33.73084
17.777306
20.538502
18.60587
23.5661
36.855186
30.562443
22.182585
27.271696
35.083736
18.319012
22.895916
30.18323
15.524647
26.163822
38.52164
28.694645
33.08269
40.59845
39.86974
29.868622
38.57454
31.044537
36.147034
28.231834
20.455185
38.107723
22.701569
37.924065
36.60386
30.43888
38.590683
19.01278
37.04208
35.723965
20.916723
29.48983
35.489674
34.82012
35.938683
27.23449
35.26025
32.604538
17.595179
27.05718
27.155905
22.71379
20.263447
28.830763
25.741554
28.02534
18.331123
31.671387
29.662548
22.469124
26.471992
26.14842
33.514893
38.55605
37.39379
35.583134
29.185637
32.871414
22.265684
18.638315
15.551656
30.705303
23.03493
22.606104
22.958275
34.978138
17.40672
24.068935
26.99491
37.668495
30.388153
24.938524
24.743032
16.06165
40.986706
27.270388
19.892584
33.31104
20.905561
25.706553
30.906025
37.04125
31.892616
25.916594
16.755032
27.019947
25.77687
22.987253
29.663002
17.287443
32.165455
37.353516
29.757212
17.556494
39.27642
31.568998
38.56773
35.18121
39.446926
40.9812
38.905853
22.54278
28.483353
39.207127
31.813013
25.311085
25.209427
19.197483
36.9919
16.715038
36.320248
18.632631
15.414627
21.690884
33.9647
32.411133
25.648544
34.576466
23.355589
25.071737
20.848522
22.880842
25.146389
36.132294
35.335148
23.582407
36.3153
25.534128
28.211576
17.395046
35.861923
38.647976
40.56741
28.49069
23.748722
22.627686
18.476215
38.277893
27.208908
34.290466
38.214024
20.00996
29.794329
28.157513
22.909227
18.232462
31.35146
37.80645
17.180222
39.378765
21.49045
20.267092
18.225069
29.183567
27.051704
31.834625
22.29843
37.00827
15.576397
24.379341
16.543978
40.658302
17.8518
35.999683
27.74641
37.821365
33.22922
22.695436
29.725218
27.86692
39.601803
18.630417
17.813183
24.421003
15.681475
27.50918
36.145744
18.866846
38.528633
28.60978
29.333027
27.720575
22.165258
36.09471
32.494633
40.6926
35.541515
21.364738
20.607895
37.169125
24.12787
33.425423
25.653557
34.834526
36.969204
29.503687
36.13854
25.204243
20.164389
33.48186
34.23363
26.949036
16.424215
35.10927
24.984667
23.06541
32.61247
26.406403
19.838959
36.183266
38.98953
25.1944
29.074436
35.600655
21.25469
17.262579
38.627163
21.996923
33.422928
16.329325
34.283604
31.199276
16.073772
36.656807
26.237219
16.864126
24.574387
22.947475
31.604641
15.483512
23.50594
35.980373
39.654938
27.73806
32.71176
28.338018
36.22613
21.89191
21.137775
28.529446
18.086357
23.661283
22.95013
23.832829
26.84275
40.787235
24.291883
38.26098
29.409376
21.40445
34.4801
32.19574
34.016148
19.221737
32.44663
22.442274
25.273981
27.516304
27.790321
37.721886
40.907063
17.992567
33.93532
18.952047
32.421318
17.667742
34.579655
38.05493
16.198944
21.120173
19.870127
21.490778
24.291945
36.67274
31.55416
23.230017
15.533436
17.382488
16.736002
28.458189
23.493608
15.068988
31.804316
31.950207
34.27799
18.037703
23.600014
15.755646
30.198801
22.641026
35.95775
25.604296
28.945965
19.368458
32.381317
32.271294
28.04246
21.768694
37.80279
29.033743
37.089493
29.180267
30.127092
25.30576
39.590088
35.983707
25.578156
31.556568
19.985447
22.88696
18.739826
23.69619
27.94663
17.617197
30.624092
32.25602
20.93479
39.315975
16.101143
38.8965
19.576406
30.920965
21.59028
22.04183
16.495676
34.86635
35.037594
38.77159
23.904417
21.545353
20.895813
39.491856
40.47054
31.15211
17.073666
17.363363
33.769333
35.75645
20.636559
27.98193
22.967552
31.764036
16.417322
34.38637
33.298473
17.275532
35.635227
34.111748
15.356732
22.28245
26.123428
26.710876
24.275118
32.12346
39.829456
19.934565
22.440998
36.17396
40.880314
32.591156
36.568413
36.352932
32.6932
23.998549
21.662521
15.704919
21.364832
19.89686
16.696232
24.051373
20.886786
34.707603
27.664675
35.504395
29.611227
24.10522
15.091263
21.497206
18.830898
38.009434
15.029851
32.909534
31.339079
34.311962
33.140682
23.85246
22.399836
31.918722
38.513542
15.726042
37.68568
34.018684
15.569684
29.274384
20.429337
40.883186
38.594902
34.536667
17.28816
37.954536
38.239185
19.828962
37.234306
39.500343
22.664198
19.19046
30.160622
24.690044
19.928047
31.089134
23.83172
39.5928
18.667364
27.605625
27.31166
35.300816
35.170105
16.800493
20.06407
29.149887
36.528057
31.5188
40.547546
38.839016
23.716293
27.497326
28.318602
30.143404
19.167488
34.313538
37.40637
29.870396
38.69225
32.451763
34.037724
28.725357
31.442318
22.560846
22.668509
23.834663
24.021622
20.838894
16.715847
31.81546
31.820993
39.404556
38.38869
38.487053
16.18546
36.500607
35.577984
16.586203
34.118763
24.424374
32.894962
26.17887
33.887974
15.191027
38.635433
39.85333
17.111752
33.109375
17.699905
40.234848
17.698988
27.686317
38.313854
26.879522
38.350357
25.574821
27.769394
15.185108
32.24336
30.641672
29.34903
39.599102
26.992302
32.65505
31.0942
29.10956
40.00774
27.578318
19.14565
36.77157
36.975666
32.005272
18.00978
24.852526
18.33495
40.88334
27.294418
17.071775
32.352173
17.345137
39.209534
27.365427
27.676275
30.205114
21.442799
38.624573
25.10109
22.476755
19.896862
28.935337
27.672035
29.127224
23.214706
30.991714
40.244015
24.210157
16.021324
20.557198
24.13067
24.503582
26.374472
24.118858
39.5809
18.828842
25.044218
30.207539
18.476755
19.337654
25.930367
21.250446
19.867558
27.228346
30.178907
35.277493
17.738146
24.588554
21.373028
23.320309
39.755085
24.360575
27.55116
38.922928
31.642662
17.786825
19.744078
16.825768
40.311356
29.116737
26.22487
34.589497
15.894547
16.842731
18.730257
29.693104
32.445038
25.281702
17.53844
31.47044
39.201084
33.929867
34.478386
28.142141
35.052372
40.692554
20.697142
34.15493
22.11961
18.826893
37.326454
32.057804
38.20702
16.234215
32.06677
32.22479
40.29531
37.60022
29.146177
26.876434
38.21336
38.804897
24.113913
36.057365
33.160053
29.010433
34.492294
36.494717
15.84345
36.884212
16.438139
19.592432
27.662594
21.525312
18.253963
26.208954
21.57806
19.836775
39.841393
27.320845
17.100481
36.322197
35.00352
39.1926
18.172018
24.58407
28.879978
33.25285
19.623945
26.162575
37.73797
40.519787
21.364218
31.77743
22.844347
30.123796
15.482096
24.521646
28.208443
15.242676
20.052597
16.104923
21.612103
27.595108
40.581757
35.855732
15.533044
15.530479
21.75439
15.864964
19.319454
34.708282
18.429218
36.390305
36.288265
40.377926
29.67197
35.439457
17.296478
30.349781
37.02524
19.311445
27.774397
27.890995
24.184597
16.799297
32.211487
35.98456
15.783632
24.743567
28.650194
38.657745
28.086378
18.675024
17.86981
21.416138
28.043669
23.396225
17.632107
39.212017
29.390762
20.525442
15.612305
30.830927
29.246735
23.262766
33.453403
27.097876
36.02187
22.937054
22.758926
38.884686
35.347427
21.253706
29.778492
23.542538
23.212973
30.587063
37.042637
15.088917
34.529495
26.14759
17.267761
38.245663
34.93246
30.4028
39.478992
31.254984
39.79689
21.74219
37.488247
39.292774
31.15755
32.050373
22.61671
19.253786
20.51024
31.588802
39.865414
19.700632
15.316127
36.385365
21.614527
40.848804
29.4391
37.192524
25.371431
24.602398
20.716946
37.998344
34.089664
39.860317
16.40023
28.061258
21.145155
35.58036
35.28859
18.488083
33.183224
29.418594
22.052265
26.486292
28.739244
31.154064
28.447426
23.595207
24.787794
35.563923
21.917067
40.43726
17.189613
28.931667
16.414919
33.829166
28.382612
34.95123
23.198061
34.454304
38.602623
25.432272
30.804588
20.721283
23.421589
26.9171
35.465908
40.920208
30.455261
16.08714
17.798944
15.33671
39.719494
22.667112
36.781757
20.59541
19.303654
24.427517
39.736687
22.17813
30.78161
26.841143
37.328487
23.798567
17.095224
23.966934
39.430496
34.113968
33.52222
15.214579
37.12014
40.11563
25.779787
32.78577
20.035757
20.463978
32.317154
22.79321
18.859962
23.020142
26.414915
17.32591
17.790442
26.87497
17.83578
21.059584
19.517271
36.28759
17.460876
28.403275
31.446579
38.119514
35.597733
23.62869
18.693556
33.586678
17.460466
36.946083
26.71353
15.450449
25.699675
34.07074
38.34803
37.13025
31.799025
35.466625
36.533424
32.64395
15.657398
28.158878
22.953024
31.768757
15.739985
15.774367
20.509073
25.36406
38.80864
39.299644
37.649487
15.408997
28.431238
37.9382
37.304638
26.981398
15.221824
32.40397
28.472929
29.141027
25.077625
40.005657
16.33942
28.478933
20.556152
37.956535
33.2201
22.955992
40.974903
32.48688
33.595016
36.57759
22.81825
36.54135
22.026735
17.43772
19.600452
28.1112
26.85624
26.714535
19.460773
26.581244
35.226685
40.31087
25.456068
25.864082
24.20601
40.006897
31.768213
38.549232
18.5627
25.228495
28.858143
36.812298
16.094637
29.833828
17.975277
21.409458
36.31924
22.681742
16.370537
15.725111
37.80373
32.169624
33.063095
27.545567
15.447591
39.414604
17.075481
36.999302
21.625067
18.300768
33.678616
36.934326
26.253569
25.226482
31.37778
19.895826
24.574772
17.059689
33.122482
15.822292
31.718216
38.54535
37.537678
30.595945
39.96305
34.20808
17.850687
31.663342
20.02169
30.654383
23.627655
37.084614
37.63986
31.102545
31.43535
18.574884
37.340755
20.954857
25.1085
27.368965
26.236742
23.275394
32.42991
16.070555
34.49011
38.14807
24.719944
30.039675
15.225271
28.063457
23.084036
20.32722
19.477917
40.719193
19.8812
24.683048
21.112253
38.917637
16.353617
23.744093
26.545849
36.605762
23.296692
22.15162
34.592133
28.526081
39.15105
19.051765
16.763897
30.433739
28.962284
29.201092
27.976841
15.383776
38.28127
36.729
39.750347
31.203821
34.267372
34.501396
36.723454
26.941341
30.008686
30.985054
30.587158
21.810932
33.38806
29.52976
17.37988
32.965878
34.70047
34.06538
26.501116
32.279633
33.66685
32.353493
22.769037
33.246647
20.49143
17.138494
34.381016
23.098284
23.174032
36.810387
19.731655
22.278442
34.41579
20.52185
34.70125
19.534794
32.146187
24.094498
33.248177
28.055393
29.951221
30.50449
15.922042
34.316727
21.49707
24.255146
33.25996
38.608093
24.420412
22.52433
17.936722
24.558609
40.0962
39.616932
27.010153
26.416798
30.195484
24.957865
39.636272
31.319258
33.010437
38.628574
20.22452
27.33355
16.150595
38.28011
36.16152
32.671898
15.403909
27.14842
36.952564
29.14603
32.308
40.852604
29.91324
35.669926
33.291576
28.674385
30.38922
29.415926
39.12293
33.097256
27.890553
29.091122
40.841732
19.52617
17.497463
30.724672
29.352566
26.313898
16.42781
23.343096
38.42277
27.48759
22.75214
33.95934
22.954428
18.89931
24.900425
20.412825
16.089535
36.91675
20.825306
18.771482
15.959505
35.225533
22.469831
23.243048
33.70455
25.831966
22.533422
36.841824
22.765417
22.935328
16.437973
18.418371
21.38946
24.981194
38.866703
30.083464
19.794949
34.912537
25.281593
28.543875
34.501965
17.402788
28.420923
32.416573
20.965235
36.6852
21.936642
25.199018
39.833603
23.485415
18.052004
16.247257
27.91295
38.5192
27.403116
19.84971
32.223648
21.03491
21.0737
29.283485
20.420761
35.960304
21.240664
32.601284
39.284477
32.355927
33.818676
25.82085
28.990416
29.082354
18.025225
35.17525
20.433687
40.856144
33.8833
25.13101
26.007734
33.199463
15.337059
22.992622
36.92829
30.180887
39.876495
40.085583
28.444836
26.300003
19.350458
39.746597
36.096313
29.385952
38.992874
31.648335
31.544909
18.960217
22.59544
36.34745
29.461056
28.156443
37.23058
21.368473
23.434835
22.995247
22.961779
24.62242
20.95341
22.579456
25.57407
32.507847
25.110998
39.605408
23.515629
30.653427
35.90748
16.478395
25.962181
30.934864
28.743538
38.27552
37.199104
35.135406
36.034824
17.816753
23.361786
17.417952
25.74445
34.18508
22.983091
16.6381
32.0727
24.17917
38.76735
39.45137
36.54474
40.38715
24.543634
38.154068
36.3015
23.837553
32.4467
27.246166
34.526028
15.513685
35.03218
37.815826
23.626823
19.410116
35.253353
15.019136
27.051884
38.265217
28.010014
31.164806
24.421404
35.621113
28.325628
15.212541
17.044195
36.4426
29.117195
34.855038
36.82225
27.169092
33.992966
15.777432
17.049887
16.778734
31.546291
16.174332
24.678293
25.211494
29.209682
31.153399
34.243332
32.327976
32.89125
23.265781
39.843857
35.473385
27.33652
40.077522
29.309727
40.671143
35.441692
33.43238
20.013271
39.488148
30.590263
39.855373
40.65475
20.693867
40.492958
25.407606
15.7919445
40.977943
29.9818
37.22687
21.885872
20.196112
21.742212
33.97474
21.199171
27.881773
28.062843
36.459774
39.01052
21.090704
25.340921
29.817753
18.298044
39.038902
40.30174
39.803673
24.29653
35.448647
30.674013
19.986591
21.14774
37.035522
37.40857
29.937248
32.24011
20.149061
18.436039
16.859636
40.7735
23.222431
31.429932
40.541653
25.586678
36.391537
23.074638
23.98617
29.349642
31.411516
20.933681
37.63277
19.849852
20.82874
31.171633
37.691673
24.290878
33.25892
37.103947
16.785233
17.273941
23.577068
35.832047
17.828728
17.447279
28.84264
19.066746
25.88094
25.685207
32.863163
17.651373
21.556395
17.098192
30.44242
33.26648
37.51496
22.177258
20.564106
19.331427
24.530813
22.940414
18.029694
32.213688
17.691578
40.07584
17.399096
19.515026
26.389889
30.76594
29.47546
18.424286
23.943293
18.128372
33.03044
19.909885
29.914862
34.02461
34.983833
29.87066
16.505655
19.363518
32.83165
38.272007
35.751545
21.966938
31.759138
19.764938
34.680653
29.566126
33.58047
18.318872
19.074106
32.562477
21.41432
21.994688
19.021532
33.812817
22.834637
38.142757
17.07412
38.888992
33.12852
38.031418
22.471836
36.013577
37.2482
35.194485
20.657791
26.187761
24.061594
23.632168
26.091488
30.904629
39.5862
40.40792
20.2341
25.280361
15.033393
22.154486
37.502705
22.43792
20.69553
22.53554
15.976704
30.542185
19.975655
29.805147
38.68859
33.012512
31.189781
36.265343
17.442406
23.128048
36.16427
16.64288
32.277195
28.493225
36.10589
22.189478
37.929012
40.645172
30.739754
39.655437
25.943861
28.461813
38.290394
17.194864
17.45537
32.968884
21.523762
26.731333
35.064663
27.64599
38.77314
32.34609
30.746422
30.396322
18.639404
38.846523
34.253765
36.971638
32.886204
31.830963
25.106066
38.833454
15.943239
30.286388
28.917505
39.18349
39.385853
37.039013
29.56065
19.21075
19.776697
31.223291
34.458
24.479612
36.335423
22.343172
15.155917
28.8228
31.044798
19.470041
17.259115
18.104973
22.00682
29.655102
22.790194
36.787193
33.129932
28.729576
40.087597
18.349463
35.558533
25.324322
37.466644
24.317968
18.648554
33.16118
29.042154
29.89562
30.747952
17.451565
30.34743
25.008963
16.558563
38.583515
15.683358
19.961414
22.435791
22.186605
24.492512
26.822348
35.625237
37.13485
24.47712
21.18337
22.140442
20.080921
20.666018
27.977692
28.753456
34.71071
30.184582
39.685387
39.40007
24.065447
16.092878
25.436832
15.194111
28.99933
26.33124
31.278513
16.200256
23.123789
17.54862
33.179905
36.13245
30.435205
18.3881
33.237026
36.22501
40.231174
34.665085
25.967794
15.666194
16.891012
21.797674
25.596127
39.18895
29.629463
19.834923
22.786386
21.68125
31.428286
21.477648
38.416527
19.008474
21.00853
39.597633
36.66786
23.632797
40.927097
37.935024
39.961304
27.069756
40.66433
32.88999
40.084385
18.73961
37.91508
35.62353
31.230268
36.351315
22.203962
26.04368
23.609514
26.599375
16.416113
39.677162
24.797207
40.659046
29.868057
16.912909
24.042597
30.732851
31.138968
27.652603
34.395287
15.731473
32.040756
21.01486
30.691505
30.064686
35.82623
27.413378
26.195934
25.473053
29.01765
25.065762
23.009
31.84867
35.08382
26.788565
23.226528
35.073357
19.601961
15.795402
35.278065
32.045273
24.511404
35.138817
40.87218
39.26992
25.599268
24.422905
20.541468
35.659267
32.454037
19.462574
31.906939
28.51257
35.78113
29.676561
20.470943
20.04524
37.195312
16.175247
25.999735
24.287079
23.387877
36.74056
36.371216
36.68881
33.91239
24.194164
31.140356
31.355915
15.740892
32.01138
17.014261
29.471369
38.21313
19.462149
24.930784
21.173922
19.034725
40.046722
21.499052
19.926167
27.57572
21.542479
32.187206
15.236741
23.879303
21.589731
23.832155
16.493517
36.511086
19.41809
31.798008
31.61979
37.662605
34.05137
28.42444
25.28299
29.768375
38.12781
40.28304
28.465588
18.304043
16.333712
28.199263
26.35035
16.403858
36.372433
23.99952
36.67728
32.468952
22.377007
19.507383
19.997093
16.033533
33.72347
26.439838
30.576141
31.814402
18.31331
34.543995
20.100374
15.089771
40.56735
19.566595
27.780867
25.336737
28.609491
28.463106
33.98114
31.402292
20.417938
34.63018
32.06651
28.391087
19.082422
36.884644
22.818293
21.923801
16.730135
16.41422
37.46081
33.45319
29.169197
37.989563
25.116663
24.92059
36.847378
21.354181
32.335804
20.193851
32.335144
25.89828
34.236664
24.448406
20.21588
34.47446
26.752428
28.936317
24.002483
28.527748
33.493366
19.433933
16.498402
38.58927
28.816044
16.066917
36.882412
17.622478
26.832878
32.182156
29.720379
39.71263
32.300613
22.469242
24.09347
29.154827
39.593773
31.62994
31.081194
19.122768
32.299355
22.55222
24.94893
38.789856
18.361446
39.166172
25.56343
23.026274
40.159725
23.942352
20.796127
27.610077
33.423157
15.338692
37.972923
35.267277
23.460493
32.41047
38.79042
29.79541
23.831594
16.268412
20.542393
39.02698
15.288759
23.103273
27.986692
38.453636
21.584799
23.090899
28.73149
29.958889
19.574694
39.65002
26.631176
16.296684
29.930187
24.245716
30.35608
35.70498
21.741842
29.214636
28.036375
30.358065
37.30057
26.933884
19.679548
21.238207
30.430796
16.063557
24.921957
16.446735
30.889938
18.563707
22.598963
33.976578
30.554028
26.719666
16.60439
37.532738
36.3768
35.505367
27.55889
39.114174
20.439722
18.272572
29.91815
34.75992
34.80296
34.974487
39.325687
20.114384
26.322414
15.9155855
29.251303
26.28102
30.115469
26.36508
17.255093
15.810704
19.938236
22.279692
39.57828
25.610485
27.379612
40.852135
38.185894
32.060368
35.482582
21.634829
32.87268
23.69027
26.170723
18.58417
16.592522
32.396164
34.688034
18.528791
18.782833
21.363983
36.152657
37.286053
37.12936
36.621723
37.280315
30.934067
32.95306
27.45466
24.35069
38.592434
21.199606
24.795612
26.570137
16.472921
34.873344
22.141493
22.126738
34.932076
29.681452
26.549526
30.43868
28.79104
19.640236
21.830807
28.364607
18.283373
40.44446
28.1859
30.474611
23.650053
30.511873
24.216646
27.873175
20.62144
21.78889
38.500248
34.520367
40.80922
25.639837
34.7262
34.515266
28.377018
37.44081
36.773556
30.385576
38.266644
26.86073
18.04548
23.070053
31.727531
21.235826
26.880028
38.985386
39.930264
22.930243
40.920467
36.336777
28.040623
36.124203
37.955494
23.661549
16.288996
16.082542
20.929102
32.48764
39.29046
18.630222
22.571806
16.944044
16.154291
35.297794
36.419422
32.177628
27.767132
18.398571
25.862526
26.511082
34.042446
24.160627
27.309141
39.419117
16.899448
24.960573
17.54523
16.605259
40.26798
37.692337
36.941967
22.729067
28.511469
40.35309
33.285706
33.663734
35.31836
19.039682
19.69605
15.556601
26.333029
22.722897
30.349407
31.420172
22.580456
19.403044
39.53976
37.4988
36.08465
34.549335
38.98545
23.236332
33.988937
15.086776
27.230198
38.31251
20.95705
25.618078
27.488447
25.921068
37.66702
16.054579
38.34972
21.229996
33.805687
39.378784
23.383522
19.794563
31.129822
22.872663
36.875774
40.586224
29.880503
25.819504
25.679817
26.255632
32.120655
19.42357
29.479364
35.26561
30.411333
36.490593
29.637774
20.609869
23.650555
39.273415
30.247507
37.976044
33.86916
23.811007
23.99553
28.416489
20.311386
38.075386
18.024902
32.857998
40.223614
33.28972
35.099743
32.11165
39.432804
38.892338
29.07021
40.436504
40.017006
23.795143
38.88612
23.166073
27.153414
35.82122
40.222202
27.423885
34.57518
39.50533
36.155033
21.534792
29.976421
31.80224
32.271114
25.380957
30.175528
33.671753
21.087448
20.656807
24.880089
20.995502
31.730528
16.744604
33.492477
28.829538
21.446543
30.762505
23.55332
18.607983
39.70504
37.22948
30.140755
30.586868
31.410309
35.746597
32.826675
39.55362
23.049114
40.11167
38.63673
28.626465
28.48045
23.364462
31.869148
37.829357
19.512354
36.40212
26.59817
35.0519
38.41286
21.009628
29.220963
32.98994
25.06654
17.417662
28.50272
38.711567
36.615067
23.830267
35.23279
32.60427
40.10976
30.757414
30.825392
20.63315
26.955858
20.442482
25.981634
16.076159
33.742912
33.192413
28.875404
26.201334
21.432482
15.998216
33.233677
17.712242
33.8139
34.476242
16.152687
36.21166
40.6407
36.86557
33.524506
15.419942
36.924877
38.584522
37.544323
35.433254
27.493002
29.67939
17.926891
39.91821
37.09776
23.391005
28.181303
33.81332
15.1303005
16.019869
32.576546
15.843916
36.29343
24.288172
24.275835
35.95612
38.47243
38.47705
38.526108
22.636671
36.479877
29.760075
38.75959
39.009346
39.35275
38.35898
17.997702
31.584925
19.444555
27.415258
19.043148
15.590627
21.682148
19.801348
32.604347
27.9161
31.046396
25.4876
24.716963
26.887026
17.587809
29.536474
23.610573
29.313637
25.10264
37.31283
15.514187
19.560307
29.971998
34.07934
34.802517
38.743706
38.605904
22.788603
24.35564
36.59081
19.436213
16.58861
37.03785
27.97444
28.466751
21.32586
40.79725
18.692745
36.016003
24.160341
22.045795
28.670485
32.47709
15.299385
28.700245
17.43369
30.671774
32.812286
25.54761
24.445667
23.689692
31.50529
40.44449
35.69114
31.980875
23.916542
32.2678
19.756613
29.909204
32.633263
32.505165
17.578905
27.976309
22.338366
33.906395
18.020123
30.489874
15.261435
33.71321
22.476154
17.577345
35.038998
23.642593
37.83711
33.135372
35.381596
24.019764
26.291956
26.557379
17.400278
29.240108
16.705921
37.896015
18.962667
32.084965
21.598083
19.494314
27.028881
33.324482
30.107851
18.058662
27.560144
30.51139
28.762932
35.648834
29.297964
25.902744
38.34765
28.124641
17.47942
20.042473
26.719341
25.215801
21.384077
24.69565
18.03187
35.571003
35.50072
24.546194
26.499146
38.89418
30.0571
35.352898
15.567825
15.590394
32.67351
37.104355
23.167257
26.220715
38.98107
34.12157
30.565994
22.504908
18.188179
16.027771
36.288094
38.612747
37.783665
36.038116
33.528687
36.049164
33.832775
36.117664
39.557182
27.565432
27.652172
32.21426
38.707767
37.218006
34.042694
30.993603
28.730711
20.948685
32.71379
28.287035
29.514273
20.874037
23.051004
24.808252
15.485905
36.84919
16.958015
32.603348
34.362705
22.810394
27.14736
16.16932
27.344955
36.902752
28.958958
31.209352
33.332844
37.464027
32.5532
35.588924
18.295395
19.562304
19.155415
19.214928
32.53186
20.974783
25.92111
20.280775
17.239687
22.246931
28.946472
34.603603
25.539581
24.78566
20.96615
40.625423
15.906841
15.817162
27.360497
17.058243
35.81968
17.47948
39.23694
15.123929
40.358887
19.321863
29.555279
22.87275
24.47963
25.047348
19.534315
33.16023
24.725006
15.462076
19.907175
33.52019
26.262215
30.28417
26.985428
19.392546
22.296146
33.717064
40.947063
31.94757
25.151438
40.50657
21.281
28.094143
21.612906
20.577917
35.9009
39.167618
23.4756
37.288506
36.083622
18.263706
19.679522
32.833996
27.092701
18.217888
36.890404
22.409883
16.114885
20.825724
22.936783
22.35757
22.967768
27.057457
40.12487
16.713522
20.929165
29.741125
17.12665
21.331913
40.993977
20.471588
24.87286
31.065733
28.881834
21.34851
31.681412
35.368206
16.1989
33.55463
25.713087
35.11586
37.29979
18.756294
40.770214
24.456543
21.600647
29.841461
28.440332
34.050087
17.36202
20.606058
21.635702
20.196356
37.290157
29.657825
19.690773
32.034794
16.698101
36.027428
29.353699
18.25157
19.422815
22.759846
27.244148
31.54486
33.21238
32.104797
23.648613
19.47581
38.87717
33.833035
32.88566
16.272083
18.14168
22.67621
21.897478
27.65294
31.83859
39.9211
36.210335
27.809189
34.854362
39.7847
40.955395
26.298319
37.065655
17.354921
34.252747
36.80462
34.39849
21.602394
24.935194
15.465971
33.09709
38.25188
26.324833
17.783478
15.307004
21.147755
40.574135
40.00712
29.157085
31.156021
29.94468
19.329918
15.667611
28.616163
40.32046
17.225267
30.016752
22.889214
22.23904
27.826288
15.965306
32.644268
33.77261
36.37325
21.569626
21.183718
39.702435
27.44438
19.705261
16.328337
32.603886
40.93747
26.378922
30.166416
25.695635
15.584019
39.32393
32.316956
24.605452
21.15471
24.954426
21.265057
35.566315
25.454403
33.396168
39.798386
30.980383
30.706799
39.01681
26.606796
37.774742
31.993416
29.646198
24.70287
21.521648
24.038414
29.507189
34.479366
37.90726
39.820286
24.77021
20.940247
40.806824
37.243416
22.599722
22.925182
36.960407
34.416885
38.578423
20.99312
21.04232
19.964941
25.47508
32.03869
17.77848
30.232952
30.464413
30.685965
37.689983
36.254604
28.112604
26.037268
30.027357
39.910618
16.709532
35.45042
28.508839
24.836138
29.858927
30.676025
34.587376
29.323471
31.630217
15.907134
31.144812
31.718744
36.030922
24.076752
32.748108
33.625534
24.07601
27.084436
24.901245
40.6055
28.310747
27.541391
24.087801
18.005423
21.286093
24.094166
28.822998
15.042119
23.19083
17.42031
19.42036
35.341034
40.61216
33.584965
22.726976
18.751379
27.226582
39.605686
29.692616
17.450045
16.115442
28.793356
18.311867
27.098532
16.354666
30.720362
36.21473
25.13156
39.54567
16.5129
15.979922
37.133003
21.03464
26.572384
32.10656
20.694204
25.709833
18.801767
31.503584
24.151716
15.471753
40.94567
23.342758
27.165977
24.738495
28.749025
19.169775
27.22931
17.67876
22.29701
40.279446
36.881187
18.25753
26.119938
18.534662
28.660593
33.634514
16.429745
35.045273
26.639763
18.973047
15.200628
26.421703
26.760574
31.297184
19.714468
40.67965
27.134287
25.677347
27.66238
38.295795
31.967297
32.729904
27.927027
38.401028
18.84001
16.183708
39.765907
33.64633
34.692886
29.09664
38.274143
25.88793
31.063221
37.19781
19.72591
24.511992
25.868055
27.786144
28.676954
31.955683
21.343237
40.633644
15.556206
32.78004
27.625408
27.421736
22.882843
37.51154
28.903345
32.381638
18.21578
24.393024
20.066856
35.014786
18.475775
29.171078
36.34602
40.036938
17.376047
17.095572
20.560448
38.019672
29.355547
28.418669
20.287695
36.595512
23.629631
38.854206
32.511932
32.548058
32.756203
23.69482
28.128437
15.626032
19.460997
36.582943
29.056364
33.500263
33.373947
25.293201
20.65182
29.925201
15.79924
23.307457
39.61507
24.871572
21.674883
27.4502
32.650307
38.16449
33.473324
30.400696
23.763268
22.991278
25.952839
32.50976
40.271454
34.535954
17.390112
36.022694
29.353704
15.952286
22.20767
38.546394
22.280268
32.905052
35.75548
21.397427
20.341537
16.98907
18.414282
28.329092
32.932983
29.478228
31.15885
27.059528
40.255863
34.06182
38.252712
30.009016
32.657646
22.493042
34.8414
35.703648
31.763151
24.40456
21.869608
40.41375
35.23673
17.938742
19.968357
34.7693
17.267895
39.29508
31.741354
24.330935
18.687157
34.815025
32.225582
20.393969
25.995832
16.804485
40.20923
27.66409
15.533036
25.936808
20.560848
22.86737
17.505007
38.784164
37.756847
32.843445
24.666386
26.792847
19.39004
32.219563
32.070004
28.848001
37.600246
23.374584
17.491198
19.466
40.088676
21.075802
24.884651
32.607628
26.660883
28.90773
31.546131
19.122934
24.088993
34.41097
17.52855
17.918568
23.491896
32.71045
39.301163
39.08113
34.402954
36.336273
36.642673
37.395023
20.22792
19.92664
40.323505
38.960934
36.891445
16.551203
18.25941
15.951168
34.12878
35.50457
25.50808
18.93054
33.10002
33.59337
18.732323
18.626757
32.78735
23.176788
40.567898
39.551655
38.981503
34.519184
39.71096
40.45482
23.571934
29.374756
36.47963
31.233694
34.32569
25.148132
29.106031
30.629295
32.373444
36.460953
33.07971
17.804316
40.21658
27.503445
28.490223
37.730415
15.227691
22.16131
36.506207
33.20409
20.337324
21.581985
27.880037
31.265625
38.883137
16.58079
15.681921
30.813133
36.443333
23.0862
31.343885
27.283875
32.884365
38.684883
15.533857
39.417503
28.823717
39.2509
37.38181
34.32108
34.241627
34.629875
23.144487
20.323185
29.071493
15.397698
34.522125
18.43459
32.256752
24.82468
15.530097
30.625488
32.9828
21.349936
15.080281
40.58444
35.575752
23.10704
26.241505
30.141613
15.90545
23.340883
16.525269
24.119211
28.03842
25.91694
22.482487
28.01427
33.357147
23.548046
24.398895
20.624361
32.395226
37.850018
40.941223
23.494125
18.233665
29.886383
19.233221
28.890728
39.46185
28.473766
23.030046
33.90888
36.4273
27.193237
40.411472
40.26114
34.781647
33.789417
18.72886
15.326818
27.175913
23.437813
16.417759
28.112858
23.366352
24.222229
30.727476
33.92263
36.962894
17.088003
27.420887
21.733725
37.58535
25.523022
25.062235
38.553307
38.28831
24.26737
34.6376
21.349766
15.773819
23.46382
16.942192
21.551924
17.131622
24.835102
15.4205475
37.562122
17.63005
21.71034
16.960197
35.247166
31.426188
31.02176
19.516294
24.951084
26.972279
30.754189
19.384169
32.21633
27.36598
20.753624
32.438698
32.105053
28.925304
32.28755
38.723885
23.779694
38.86473
30.298437
32.402935
38.83224
15.107263
21.903214
25.268599
17.744009
23.987852
31.365389
35.76553
23.812939
18.886795
31.502699
16.79079
34.90297
28.677479
30.29213
36.41567
32.450115
29.280996
39.295364
32.11137
16.302435
22.590881
27.451635
37.06311
21.176226
28.56441
19.771229
24.721638
37.778248
32.372616
27.511723
38.86804
40.97399
15.159386
28.530396
39.157337
32.774437
34.180683
37.68005
18.358116
29.368982
35.878147
15.35183
17.320066
24.94964
35.78706
23.56741
31.078115
20.651829
24.086824
27.384344
34.441425
32.57954
31.072842
32.802086
15.917378
30.587835
26.86183
40.842587
34.885147
35.26313
36.238396
27.028181
24.56046
22.371857
32.70882
18.09084
16.482552
35.94064
33.548748
35.4206
21.00625
29.08621
21.91463
39.49745
32.596676
23.73089
18.934595
27.349627
40.600887
20.419462
36.10242
27.942724
37.610313
39.595963
18.269213
26.327808
22.52978
17.903883
18.06041
20.363024
24.033329
33.340908
21.641562
31.872032
40.21405
33.429398
37.41446
23.213997
21.924555
38.95637
25.445942
24.413551
22.556698
36.29184
16.214865
29.235634
31.823576
31.811935
40.60848
22.888807
15.4838295
30.533312
25.007614
25.402054
20.887697
33.70795
35.77077
15.143863
37.726215
18.832474
16.460493
36.438763
40.429447
24.293745
24.750988
29.785217
21.286545
25.702578
28.114277
20.790255
35.549896
29.859928
20.10276
26.609873
21.537636
21.255053
20.329376
40.42074
16.063103
39.0127
23.092155
17.247423
30.396963
35.28644
29.998232
40.33079
16.407024
25.23789
18.91306
28.146994
32.522778
29.946535
27.093756
36.17279
32.73619
24.862623
30.46127
18.541847
40.977142
15.74548
37.624157
32.847885
27.89144
17.42233
30.48762
28.524448
37.301216
18.157688
37.064445
17.467375
23.442057
37.941013
38.450443
32.86484
33.448063
28.580376
34.83493
38.561264
18.495598
21.132494
32.8877
22.705088
37.51833
27.904509
22.897034
25.916832
27.470737
28.03053
18.629036
37.76266
23.74409
21.456003
40.036736
25.929998
15.528444
30.055542
22.668182
34.17553
39.66616
30.564966
37.905922
25.852356
36.856777
18.025827
33.015877
25.621782
17.950232
18.520817
21.392014
28.816608
29.504652
40.121025
31.353727
31.846619
36.787086
21.171059
32.386147
34.02328
26.959854
39.305676
16.8093
25.229483
37.32224
30.92157
20.520203
24.9715
19.166641
17.220667
28.672697
20.52418
15.060316
21.396175
40.94305
23.116655
28.178219
18.050406
26.375017
17.40478
18.689476
38.513336
29.706282
36.83773
34.139435
30.373478
37.54893
31.950106
24.271183
30.237774
25.829733
28.097166
17.794954
15.504677
29.491766
17.699657
19.240648
29.76483
25.617159
25.67604
28.21831
17.336153
31.851316
29.413736
39.163258
39.395374
39.29232
26.367348
34.95703
29.185532
30.854797
27.170616
36.692295
34.859077
16.525837
34.010258
32.28928
27.658802
19.901167
24.933567
40.67327
22.343864
15.923072
20.748106
37.787193
18.035786
25.83717
20.220526
29.840149
34.989357
38.043423
17.392963
23.882362
20.185993
40.737427
32.00926
18.048851
40.102108
40.021263
26.279573
35.62864
34.522713
29.508842
34.510796
22.493254
20.850475
32.35892
28.491497
26.357693
34.003094
34.139683
22.94397
34.849075
34.69688
34.961914
25.842253
15.422536
34.682068
37.913605
37.943863
17.79093
31.325357
39.986866
38.49427
34.724415
17.827934
39.408978
33.736988
33.827835
25.322104
31.572306
37.598488
39.21832
29.107382
38.60379
27.715982
21.902548
29.366936
15.022746
32.837383
15.092423
32.847794
33.90646
39.546684
17.699993
18.1934
40.516315
21.25425
31.816835
15.884621
31.432842
36.44034
34.110104
18.07537
30.90625
30.251564
16.756874
36.001675
22.349812
29.723785
20.790396
33.097965
35.68658
26.141214
25.546272
20.472101
20.605637
32.340458
16.273605
19.97056
31.692322
38.129425
19.915548
36.707905
25.867533
35.41494
40.56565
25.639736
35.60445
22.119186
17.170916
21.525774
16.986675
38.513958
36.679295
36.459976
25.830036
35.21301
26.019001
16.037066
35.810993
18.736609
20.048756
30.179892
35.82777
24.298798
21.932713
35.669765
37.666046
16.26658
29.270649
26.50183
33.449276
20.601673
39.75354
37.330193
23.324326
26.519272
24.116505
16.472647
39.36646
30.58455
25.725647
36.212288
37.783234
19.516542
39.26222
21.463495
34.155228
38.080276
33.657005
15.262327
17.672127
23.62194
24.67974
18.996374
16.105919
19.038155
30.402937
30.806807
21.608696
35.269226
32.136276
25.175322
32.330692
32.767666
38.36736
40.351368
32.324966
16.816982
35.746395
31.98003
38.238255
18.062181
23.217026
25.058563
33.88331
17.162148
33.02226
24.179688
18.946198
21.085503
33.50411
23.912233
33.802704
40.245262
39.36736
21.124893
32.70128
28.404032
39.392406
15.076389
18.415585
21.080257
37.459045
17.175413
24.877935
15.047377
16.182516
28.456326
18.275627
15.441589
27.465145
39.021626
21.62537
17.980219
18.831247
21.969837
24.936705
39.84154
18.540033
24.657463
18.733505
25.868244
26.160637
22.53633
26.923407
18.93049
16.545387
15.262631
31.788118
28.520956
15.951829
25.291626
23.213385
17.95296
17.441036
39.751972
26.185474
29.894178
36.619167
35.036312
35.051846
34.392277
22.29113
40.249733
24.07678
17.035063
21.659794
16.425394
39.418533
33.43665
18.330988
37.246582
15.812741
39.852425
35.574093
19.907127
39.96746
34.39944
33.039944
37.69717
37.958565
17.095186
34.452225
28.918772
29.759747
35.726505
36.665455
27.816074
32.44972
34.421787
24.922173
16.34715
22.60986
40.723354
21.14385
34.829895
17.958723
34.943325
29.654503
28.761763
24.365574
36.635006
17.86297
40.44335
19.043337
19.123295
28.11922
19.42831
29.941948
20.21128
31.212059
29.277191
37.14643
31.416672
21.790016
15.610431
34.429646
39.390408
27.364183
20.035694
16.01784
23.53122
15.491197
16.16744
27.097927
19.233706
20.236519
37.66161
20.628532
28.693775
25.08265
35.955917
21.612577
30.74421
17.073805
17.236345
23.14741
21.804377
20.178114
18.04294
26.289133
29.701975
34.600273
26.883192
22.051035
16.860998
29.092104
17.238756
20.7017
23.148964
39.18538
33.431416
30.936602
23.53775
15.710767
24.956755
37.46766
15.656244
34.96864
27.09904
26.10847
37.299305
28.482023
33.908497
38.528606
30.006374
36.38887
27.95209
26.508581
35.934425
36.22026
37.641655
35.747807
35.423744
32.06319
23.398172
18.061037
39.891346
15.9209385
30.428656
28.1445
38.98572
27.461044
22.472141
39.00119
40.29785
32.280365
27.513845
36.58535
30.347363
26.318571
29.171705
21.259554
21.048872
29.11601
28.22698
29.253365
22.412586
25.238682
29.600775
29.470808
21.844383
21.38265
32.970875
31.7146
21.084522
24.422081
16.178347
37.678257
39.560444
30.979607
23.590998
19.90294
23.727917
37.974598
26.670773
28.30404
39.836166
26.04449
31.134851
32.8433
22.47639
15.736126
26.305193
34.455376
19.25946
25.928669
31.508917
38.433517
21.017357
37.07647
39.721954
39.137207
39.03432
20.549826
40.041
28.105312
27.987396
25.603437
36.02385
15.4415245
27.512512
35.316906
28.455807
16.684542
22.610943
34.228474
38.679943
34.28366
39.47244
29.322762
22.271496
20.271143
24.715046
24.535131
28.541855
34.755936
28.528023
22.999802
15.1251135
39.459026
17.753067
20.89575
20.730255
28.668892
15.550399
25.93398
19.034632
29.71625
25.970074
18.281567
26.64943
35.350475
34.48523
18.03242
30.105473
29.245785
29.34279
17.21167
34.887695
37.27347
23.448486
35.739967
33.689293
23.147186
30.426888
19.786018
21.261517
19.58148
17.483452
31.500044
23.502842
39.199474
21.744434
35.24791
30.761072
33.08379
17.861828
39.155033
15.714745
15.085546
24.84433
20.021164
16.65516
18.78941
37.311687
40.4816
19.507952
23.378437
40.66851
21.667353
38.513206
22.550617
21.055143
26.556171
36.12574
17.109724
17.356766
22.70839
23.402178
30.88631
26.038513
26.145935
34.909046
33.24039
26.122955
26.759787
17.016275
17.555477
33.237804
35.8207
17.332922
29.854488
36.33546
25.919893
37.997147
16.951097
22.422318
26.98085
26.54997
21.39588
39.43466
40.860424
33.202465
20.884813
35.259212
29.496761
18.448547
38.76837
29.820282
15.56361
22.180712
21.83263
37.14181
38.155003
36.733536
19.619587
33.341362
31.15124
31.609917
38.212006
18.624481
40.606575
23.037535
26.628855
16.521729
35.750957
24.95821
15.760622
29.846882
30.012583
29.57023
28.119432
36.153767
35.845097
39.124004
25.587158
29.83043
28.082558
22.313808
15.815394
33.393238
37.047375
18.31358
15.964356
37.02974
20.700829
29.272202
19.063482
34.98807
16.75273
37.91392
19.43473
34.021908
26.836212
16.781961
23.340233
22.773834
35.605686
31.618614
33.299202
21.716396
33.930325
27.392603
15.364691
39.068752
29.23248
39.56458
20.05897
26.968401
33.459866
27.324226
19.637037
36.101086
24.182287
25.737516
38.880962
29.978432
32.868145
36.010204
23.723427
24.101656
20.522902
35.40381
31.657143
18.360989
30.561193
24.732777
34.107353
39.194355
38.036114
39.826756
15.728016
17.265099
25.163776
39.85935
16.927845
30.717432
23.458145
18.024889
37.84061
29.42957
32.73057
24.68731
30.424849
34.108387
24.71045
25.83025
30.411291
33.555717
40.10789
16.405191
30.412035
39.985268
30.566162
35.00438
29.663685
39.88044
37.141224
23.177967
32.597412
16.557194
24.697546
33.669865
25.712036
26.332397
16.923895
36.864296
22.072014
28.996925
29.549725
27.815264
21.16032
27.154156
21.782207
19.373566
20.78701
15.90826
25.986029
32.1312
23.287403
28.37307
33.192314
19.170492
28.33951
37.52111
31.150253
40.93542
39.388596
33.003735
30.32419
34.935127
25.88741
22.747051
25.49115
28.444717
21.343857
15.364824
28.40798
29.886076
31.51357
24.728136
24.394466
34.151386
23.983034
36.393127
18.618046
38.774727
19.859667
25.011843
24.367832
31.56217
16.318384
18.337568
23.670033
30.058321
19.349976
22.984901
28.22383
39.057426
39.21472
35.71606
21.826258
24.259663
30.825466
35.69886
22.20653
28.128334
31.567518
35.91799
18.504738
40.021294
15.908469
29.720192
18.506828
22.74997
31.559227
15.335136
31.187155
17.86193
27.91825
21.137732
23.1119
36.14807
36.064182
19.403845
19.821112
34.142986
18.6578
40.360294
29.434046
17.717276
29.772362
17.441278
35.411934
32.253002
30.892162
28.83725
40.6643
15.348681
26.102335
21.658539
33.999367
20.517756
36.838577
27.334904
26.296055
36.924488
20.473724
20.23348
31.7145
28.843933
15.488813
33.901447
36.76407
37.237602
23.00944
28.826038
35.112156
32.604088
36.08393
34.153362
30.644125
21.093952
32.23808
25.418863
19.474146
32.77078
17.561853
37.015995
15.3586645
25.855377
25.866732
33.86609
26.278643
19.80766
36.298
33.551212
16.833742
39.180866
25.194538
30.033052
15.531005
23.325314
32.959354
37.004883
24.05256
18.223974
36.237316
26.909746
25.151375
40.00972
37.792217
30.707035
34.95094
27.04424
15.133547
25.580864
26.11434
28.831066
38.16401
20.957462
24.600004
21.490393
37.90206
19.435207
38.53598
39.0408
22.67941
34.529644
27.121435
39.313175
29.1217
37.4973
40.403637
22.964676
40.691147
36.92575
35.280556
25.765596
22.603313
37.26398
39.143665
36.09968
18.525734
40.015556
26.202595
39.448433
35.62436
35.928856
32.72253
25.52255
16.24454
24.192083
38.157444
29.658754
22.796432
17.377342
35.47653
26.117767
29.260378
34.67678
21.85819
20.99935
18.136078
16.835163
38.36549
30.632845
31.63006
38.10705
28.218763
39.50679
34.409115
37.55312
39.84569
28.06867
28.343124
16.038939
27.015997
31.05603
23.318865
32.4109
30.057394
35.41275
20.427114
24.497784
35.401436
29.299253
24.608555
33.82279
25.522238
32.22317
27.189693
33.20968
19.708164
30.896885
40.648216
27.828054
24.045849
26.071083
30.417904
40.64651
28.498018
30.29849
37.5764
32.748863
16.02096
15.349487
23.854912
31.517412
33.29444
22.831448
38.56701
17.298485
38.826355
38.456215
19.774506
25.839455
25.946327
25.35514
21.291544
27.522636
33.516937
36.858818
26.973698
33.220352
18.06818
40.23854
40.147156
40.456783
23.500278
20.049278
21.003742
18.486038
36.501846
24.918941
38.32069
30.882183
23.3949
38.896248
37.959843
17.28588
33.245182
39.799713
17.259134
16.063482
28.76564
26.402727
35.6499
26.808392
24.792963
25.744835
15.616767
31.850725
27.931423
39.376926
30.462616
31.24021
28.335321
20.92804
32.249264
26.028528
35.540703
37.024162
36.755222
34.101185
18.759037
21.294407
34.325146
25.295275
24.109938
28.967577
18.081196
28.088375
32.89702
21.392176
16.124838
28.755112
26.220383
27.705511
40.078243
21.561762
33.971237
24.83262
28.597658
23.3056
36.568527
27.013325
15.336879
39.304516
39.67449
28.13578
28.24706
28.80378
25.565474
26.297499
23.069912
21.690596
35.83624
40.21987
24.414434
35.393513
18.680578
23.409815
34.903133
20.892504
36.117863
24.292204
22.53178
39.87688
20.22468
34.929432
16.607553
33.262047
30.682688
19.39936
21.413559
30.512457
34.7682
27.420666
30.093452
35.51684
15.2860155
29.394531
17.158054
36.1233
29.889458
39.6743
18.486616
18.865452
38.730522
27.579752
24.72853
23.897408
28.448488
28.44022
29.607014
29.703913
31.132332
15.780893
30.784517
34.763535
31.081682
16.659193
27.670258
24.016499
39.943066
31.113188
31.833536
15.725101
22.112585
37.70162
35.532166
25.113516
25.173191
26.195137
32.273563
37.035065
32.574112
25.621021
30.296719
40.83894
35.761967
23.068579
39.39655
28.594553
32.53756
15.930172
35.60772
34.880726
35.53931
37.582767
20.923334
22.458035
29.443672
39.907555
28.44452
19.316595
31.724918
31.500221
31.140217
22.827904
27.6311
37.94207
38.742046
30.028076
21.409887
26.082224
16.207539
35.42124
30.757557
19.923767
20.655493
39.11569
31.96623
23.411722
37.710583
40.59158
15.309005
31.188375
16.789997
20.948015
17.829544
38.211475
22.023066
39.088474
17.892134
35.023514
25.21557
30.977488
32.600166
29.415253
21.55361
19.837748
17.505512
37.244343
25.587633
32.95573
35.908115
21.2499
30.445412
17.625113
28.484663
30.84649
29.193447
22.68124
26.987139
34.086082
15.799518
19.066109
20.31642
21.24406
24.244768
40.912235
33.403206
23.81551
25.991934
27.74507
15.017839
35.100533
32.23702
38.57746
35.882683
35.012466
36.154938
33.905983
17.275024
22.260384
29.69532
31.917803
20.685602
25.63746
29.3929
30.578043
37.037125
34.789207
16.127644
29.691486
19.469255
23.540798
38.802876
16.518711
28.760874
33.630196
21.505474
27.075691
29.087471
33.523895
37.870365
36.85708
20.000923
31.88473
35.09221
29.39738
22.270863
30.21613
15.310475
32.82038
32.54134
16.22497
25.939672
23.32619
32.63338
40.525085
30.924845
32.426437
29.763536
30.446184
23.873026
27.66213
17.950462
39.917946
29.544626
24.524853
26.445982
31.66667
28.284395
24.350983
18.154118
17.291897
28.629824
35.069786
35.69096
20.183073
38.555523
18.860155
38.99022
23.691305
27.59535
21.007095
28.17375
40.48892
38.429768
17.547813
34.783356
26.62955
33.434048
35.658688
33.409473
21.464151
33.15375
28.158138
32.25454
22.273249
31.707026
33.986847
25.232983
28.24352
36.708977
40.075466
27.83708
32.246723
24.471645
18.621424
20.18705
22.771603
16.95372
25.470173
25.435942
34.31455
29.217403
38.032593
18.014214
30.55228
20.995508
34.96907
16.075886
38.69993
17.380077
22.732117
17.94757
31.600506
33.614517
25.983196
19.383732
34.29677
37.504444
23.88582
38.995815
18.104124
38.05817
30.3257
27.350035
29.533236
20.625856
21.220156
26.91788
17.803623
27.027266
26.25277
35.315487
29.144613
19.94099
33.605633
31.082428
18.597553
30.173962
30.560295
39.627365
28.613285
31.338123
24.199953
26.907598
22.381506
22.931885
22.869152
17.911352
36.533623
29.857195
34.533646
40.07621
20.628395
29.998737
22.731897
18.40399
37.659634
31.650003
26.421007
39.221817
28.717903
15.291657
22.693682
23.291155
23.893154
23.510828
35.0792
32.28091
36.522877
40.695683
32.940197
37.497807
18.970392
24.547802
21.33827
28.206543
25.260489
38.425617
31.665483
28.874332
29.104681
31.06535
39.32491
26.238743
25.115997
30.321608
37.792385
28.224842
40.343185
18.227987
16.502832
19.426989
38.646893
21.89875
35.178486
28.122662
33.895424
22.575815
35.452477
31.600077
25.475237
27.471046
29.940327
27.958393
23.191423
23.962004
37.272934
31.47868
20.276056
39.17
35.028736
33.165817
18.927263
27.982586
30.988869
16.125937
20.569544
19.178185
16.68805
31.070974
16.855898
28.468885
27.84526
16.431347
15.324904
26.99809
25.932062
24.309723
31.580992
30.11286
17.872774
17.82332
37.883675
28.076572
16.669529
27.259092
24.11166
31.7957
26.606573
29.90566
29.210297
28.60517
28.611996
15.427737
19.435854
33.690002
36.34139
25.213324
31.9778
17.81668
15.596802
32.250824
40.87025
33.705784
30.805649
19.782753
20.496342
37.59824
36.458054
40.23463
40.44443
37.350704
38.6375
28.732086
29.99248
29.741247
24.078386
19.89621
37.077198
33.574795
31.545517
26.54658
33.24697
27.648441
18.754316
20.443392
30.802795
25.669949
33.536907
22.264536
33.09889
17.818447
16.508017
28.640463
21.804878
30.794596
24.096037
28.259062
39.823883
24.928104
19.478306
22.804832
27.516027
20.19377
30.696112
19.810959
24.894407
18.832869
24.023682
39.37998
23.540642
38.68493
32.526756
15.168067
27.129728
28.305645
26.670197
34.030018
26.658995
20.479858
31.820381
22.286373
21.74349
20.834305
30.536993
27.701176
24.670286
20.91291
31.660105
20.94819
27.29669
24.29826
15.372324
20.595503
36.332485
30.145958
29.652061
25.452726
22.063866
36.84436
22.832846
21.502129
19.156816
23.420334
39.344894
19.57435
27.8203
31.78244
21.139017
26.431376
25.314629
24.926073
27.779251
29.983885
23.558044
32.82086
25.739408
20.997036
24.414543
20.858797
28.05012
38.8282
34.13862
33.462288
23.116732
35.49213
40.407635
31.734503
16.264757
40.663467
17.390133
34.880096
31.368412
28.103474
34.378468
36.53263
32.779095
35.437344
37.656708
15.095658
39.694504
28.21033
37.479843
19.737673
20.09538
15.71545
24.307962
38.77685
17.425766
16.21249
30.768997
28.84965
26.303888
38.847378
32.21641
21.478098
33.724716
36.833096
37.203114
32.43379
25.45151
39.267628
29.710545
20.642252
15.592472
35.341484
39.551964
25.27969
16.720053
30.626724
40.011463
34.18462
30.314177
30.641413
20.485462
27.7403
30.79702
27.947851
38.660816
35.979454
34.975857
23.669928
37.59396
22.821005
16.321714
40.504307
29.947903
22.069254
18.185493
34.05224
18.599094
37.089172
27.789492
24.613102
29.843718
29.917105
35.631123
40.457867
34.512997
31.97443
24.796925
30.040005
27.449785
21.522463
37.6088
22.60342
21.003681
32.52999
29.010746
26.211359
29.469559
21.720636
17.153202
23.347265
30.724436
17.22538
39.743355
18.927954
38.71023
25.486307
25.903744
25.821445
25.864983
34.84083
25.517683
34.776302
32.12273
26.561377
27.338928
19.046143
20.682291
33.033665
29.504293
24.932621
36.387775
32.22748
31.511837
33.97198
38.26878
33.647003
17.213436
32.554802
15.555707
39.54346
25.919516
16.395525
28.315794
22.331095
37.32496
38.457737
19.748026
32.86812
29.639078
33.693233
29.130108
18.547564
25.038836
24.267246
36.42835
16.988562
32.36336
18.819223
31.661303
18.526924
39.829124
18.747997
32.250645
28.674442
28.468912
29.51213
23.79782
30.24965
19.984198
29.500654
29.992561
23.978432
24.749151
31.156404
23.689503
36.021095
40.81604
28.723614
19.58163
39.1032
36.94549
38.24331
21.35444
36.71064
15.921411
38.23463
28.72221
15.155252
18.70927
25.876993
40.327927
26.225288
23.377708
27.44764
35.130917
35.605923
37.12725
17.270905
17.611351
37.288113
27.25634
20.500103
32.8884
15.779811
27.443556
31.679869
38.678806
16.091795
33.336414
35.226154
25.915287
22.191017
26.110807
25.713167
40.799282
17.897621
34.40155
29.170904
40.080036
40.047466
19.803322
19.473886
28.432196
26.150204
17.002626
34.341206
17.946608
15.7436285
36.525143
33.469894
30.954111
30.178284
22.069319
18.888136
38.669693
19.661955
19.44573
40.741714
27.474447
15.05189
24.25316
34.416615
38.04535
17.10335
18.596138
15.152654
17.997982
17.666187
25.385008
18.117363
30.224833
15.666978
20.058456
33.28646
36.69198
19.622326
35.929695
29.416573
19.099455
37.899727
38.781384
29.897844
39.51573
25.975592
40.82069
17.338614
15.864287
24.535635
15.654674
35.361153
20.970358
35.421196
26.557571
15.277032
39.768486
40.14559
27.975332
40.062553
19.226631
29.987967
22.94913
28.369204
37.560097
15.517642
28.938345
15.180983
39.3887
40.810333
15.384921
29.16994
27.63311
35.58818
28.28474
27.803226
35.15144
15.048823
32.018063
15.819351
27.384624
30.244375
20.739838
30.818398
17.609367
21.529467
40.742104
15.400277
30.78988
19.8181
15.374437
32.537163
28.47477
39.172367
25.344782
25.680626
23.703014
19.591726
31.521835
31.480997
33.463017
34.77977
18.721455
24.93589
30.891338
40.136066
37.3834
18.286808
32.102764
29.253956
33.53105
30.047194
39.31094
28.80077
21.955582
15.172227
36.72891
39.815235
19.177341
33.570156
38.63143
20.177504
33.41114
25.906872
21.916088
26.290392
32.498318
20.96989
36.51767
15.856236
23.567413
35.734913
30.11056
28.04186
36.046543
15.717463
16.67623
30.294907
20.574417
25.194242
27.718231
34.607986
18.343239
28.443096
22.174463
18.122814
40.455627
20.27757
22.406712
23.624634
18.988935
26.841475
33.039967
28.69805
38.63423
25.880737
22.879128
34.098484
38.013527
23.524416
15.648245
30.239244
27.07765
33.983574
26.877594
19.602348
23.348488
21.516247
33.906395
22.351997
21.193174
18.508638
21.674078
38.46276
32.80411
31.587198
32.740627
22.270243
33.107513
17.30309
39.806515
18.51022
23.43457
18.120121
28.895435
36.63292
22.46305
18.189066
33.317993
30.462349
27.673592
26.705837
20.552217
33.116222
34.36366
22.527853
38.256756
34.510315
26.123587
25.162453
25.77517
36.74174
32.602837
16.243145
15.694943
21.178793
29.381027
36.17391
16.292261
40.180843
34.807037
26.748747
36.023773
18.029808
29.780901
28.243141
39.619114
21.875566
18.626944
34.725994
23.78304
38.280777
36.44303
26.155102
23.033575
34.296356
36.609543
36.196205
28.782734
27.907019
23.503096
24.644985
33.408825
19.156963
21.883797
36.833523
19.774586
30.299105
17.911163
23.466978
31.41281
26.90679
21.292725
26.963396
23.431341
40.0453
39.680523
40.558826
37.081814
16.321028
39.104717
18.19205
33.891594
37.90947
29.969666
18.497536
18.27601
28.508896
32.936855
21.112263
34.627983
29.57471
38.880188
39.941532
16.024763
28.16026
38.02313
32.030727
38.896572
21.223047
15.353472
26.25458
39.269516
37.350975
38.46027
25.162346
35.525196
27.52151
30.048918
24.006775
22.012077
23.727274
16.564081
31.236761
19.298647
32.084885
26.586563
32.547924
38.376125
25.389462
19.969048
25.962418
31.698431
34.98547
23.036886
22.34863
15.58972
39.295303
40.604053
34.293484
40.25499
16.38013
28.040625
20.304386
37.39664
38.50334
26.176992
30.944952
37.270138
15.824992
34.441402
40.697987
22.904387
22.07652
39.301117
30.101202
17.167557
39.34805
17.813997
37.0156
16.376642
33.966385
39.895927
35.763382
18.229166
32.850037
29.771042
30.311758
15.977974
15.698182
20.995377
24.680872
30.975145
36.903854
40.430977
30.318645
17.978657
40.17719
38.596294
36.312187
23.945477
20.52287
22.930084
21.99493
23.427366
24.436563
20.67973
34.76059
32.14076
15.968383
25.361391
36.7095
20.799587
27.647032
27.0381
20.12978
25.880157
39.166622
34.023266
21.755396
16.629543
37.208733
26.04095
15.244894
38.334274
40.80553
36.360516
34.389267
36.633465
24.245531
28.972113
28.18422
22.490759
35.681664
22.480824
19.091623
26.331984
16.322107
25.07108
19.566864
32.810455
18.367546
34.62928
19.243263
28.67952
19.704134
24.911436
40.04172
33.331947
33.769764
16.503893
16.91312
34.708397
19.981857
32.249123
33.923058
18.482235
23.648113
26.794813
30.952888
27.695572
36.377403
30.97336
33.417995
21.351452
38.66612
35.830173
18.093718
19.859753
29.55609
28.293062
18.391247
32.68934
34.04325
38.711266
38.240307
17.096712
15.2621155
19.791521
23.112381
16.381355
33.37913
28.819937
33.657673
35.760643
40.59886
34.482193
37.930958
31.662216
21.720034
32.080982
34.245964
15.999319
24.274193
34.498398
40.324814
36.824657
27.438038
18.862339
21.59857
28.650934
40.631012
22.54975
28.266842
21.681274
26.9931
36.895954
17.038889
35.21037
21.783419
40.7781
39.355576
30.537191
15.1483555
31.102037
29.331043
26.872751
16.678778
37.145863
15.654848
33.931442
17.709015
18.699617
24.259836
23.162075
20.405983
23.989477
30.6879
29.904814
38.355103
20.486134
32.77532
15.152752
31.570265
23.870836
23.531206
34.052017
15.638401
39.668926
26.897207
22.791824
40.054836
32.35954
37.453342
40.115944
28.713875
22.131416
31.074541
26.32974
17.98969
25.878698
17.044226
39.38187
34.87591
24.516771
33.195816
32.36744
19.24786
23.24719
18.279999
37.62939
40.469704
17.011925
19.944963
21.527576
31.289465
34.05111
28.468916
40.89991
27.24801
28.214687
25.698458
25.257738
35.67384
19.477274
29.523518
39.837498
28.743742
19.966825
38.658886
39.77339
38.06007
23.741562
34.504402
28.860905
29.728542
30.535889
30.420267
37.648438
17.016256
16.74493
15.880933
24.924603
18.327766
39.028595
17.660458
32.061142
33.457767
35.08989
40.454163
31.126585
32.862152
24.41861
19.15593
25.203314
21.034897
19.09027
22.387312
26.920816
25.98647
23.071512
37.814266
16.860445
32.2901
23.907091
20.289087
21.192085
25.195494
21.149761
21.919668
21.67074
31.905266
33.443344
34.795197
28.951103
35.26759
18.780483
26.286758
24.07075
24.859215
16.130482
37.593323
20.907671
18.71625
37.368896
20.51807
40.435486
39.81582
36.23946
33.336895
31.679676
36.819843
29.940157
20.060442
22.420805
40.563004
32.849133
40.392963
20.8958
16.299976
24.892488
26.255705
18.015858
26.822989
29.104778
38.86953
23.949701
17.218666
34.044357
22.080933
25.313457
20.254042
32.89964
18.867533
17.66349
38.16475
16.358532
16.773573
20.506138
27.964067
40.612225
34.40296
24.618336
39.299763
39.225838
35.036797
24.115742
30.356365
16.032204
18.944273
24.40999
38.333637
31.69143
31.020348
23.964342
20.627844
35.10774
35.010487
26.587048
37.0005
38.506348
25.772215
21.8943
25.74002
39.647015
24.77527
16.529772
36.104958
18.387232
19.356451
35.745293
19.183104
27.606812
33.122334
38.027267
39.70906
30.366983
15.33244
24.5961
32.353474
32.10095
35.097378
32.81084
33.530388
20.619148
33.79092
23.77899
23.864906
27.761343
40.202026
25.80135
33.12146
40.638905
21.642096
28.67448
34.61379
39.584595
34.474937
29.328346
17.900856
18.163403
17.351114
30.794321
18.9187
33.896816
29.805502
34.078842
15.606335
28.714312
23.816265
18.160496
22.554642
35.569576
28.425354
19.033503
36.240246
20.145376
37.58519
18.48805
33.002228
38.119774
29.023087
23.14807
29.077581
29.077766
39.1044
36.17958
29.732157
33.826187
25.427433
16.037846
16.806942
36.606087
15.197449
26.63915
40.845272
29.495619
33.30424
39.42304
21.374775
21.157806
39.467045
31.91352
18.888529
24.011341
30.812567
31.592775
26.603148
18.888958
26.816435
36.168423
31.167177
34.296722
17.665163
27.64563
21.151415
34.49889
32.785362
16.007753
18.37347
28.826841
39.538723
30.764421
15.892051
15.84692
24.895895
17.143457
19.852215
24.320847
31.279163
26.283146
40.270992
34.253647
35.70349
17.42395
28.323479
35.74796
40.847244
18.803827
24.72278
38.869812
27.748526
18.728867
21.382753
18.279865
24.449884
31.121117
28.710842
15.995428
29.103697
36.73794
21.598906
24.32232
21.802444
36.212433
32.463184
38.73209
38.712532
28.081877
17.530224
25.258823
18.967306
34.051468
24.973845
36.851185
39.214348
34.882942
26.478844
24.0391
34.714054
23.502886
35.340416
33.26087
19.451008
27.193193
40.303925
25.245287
36.84659
16.055977
21.007908
39.954655
19.350697
22.338072
18.113821
33.768547
29.44245
36.655155
26.989336
34.824276
34.384136
26.673204
18.157618
25.729017
34.449707
37.385033
22.633274
31.219866
39.28847
27.762234
21.736313
23.771809
35.586693
20.267952
25.00873
24.64006
33.254177
37.483482
22.453953
25.371956
36.98991
21.931732
32.477646
23.43494
15.270292
37.073254
24.629066
33.281063
31.55541
35.405483
26.525328
38.904613
38.823288
19.6136
17.186682
27.748508
18.418987
28.801275
20.419117
20.67622
33.64489
19.97236
21.851236
38.649975
33.52045
19.139494
35.765644
15.742216
24.704155
28.703272
34.96072
40.156166
33.69735
36.075672
24.536915
30.042702
33.139137
30.913986
26.72233
21.07447
27.253387
24.786638
20.635628
39.974644
16.323427
27.609789
38.22998
18.496424
18.446922
29.773764
31.569954
35.710785
28.762897
33.520847
33.063965
38.88379
15.844799
19.841154
19.308136
36.711067
38.01797
25.920778
24.79306
31.226004
22.986853
21.006561
39.883213
26.309343
32.346687
33.44437
20.199448
31.401896
40.306404
34.60286
19.81819
18.758266
23.263937
40.41227
26.546698
31.378407
35.752026
30.327888
31.941917
36.615078
20.712132
38.670414
39.711163
17.379175
30.05596
24.500456
15.666082
16.851171
39.038635
19.452082
40.497086
29.655775
33.094395
26.280344
25.293524
34.568222
16.475271
16.270302
32.95575
24.99444
16.285028
31.110126
16.428268
17.703691
31.315226
30.348509
35.028957
31.591057
34.46713
39.136574
33.057537
30.608532
34.482643
40.59718
16.337145
26.427269
19.209496
30.869495
26.37608
26.87988
40.690224
20.644337
18.432512
37.78049
19.991554
20.835846
24.923124
32.331596
36.880184
21.927673
23.337376
20.000633
38.202953
30.486841
30.102257
35.485397
17.143808
24.356152
26.688148
16.186396
35.406944
36.115967
31.654552
39.465466
39.814976
16.548864
24.305208
38.89386
27.812872
32.045662
24.155275
33.679287
26.932953
20.158978
17.508993
15.510289
29.403086
17.840475
16.10443
40.16758
20.76975
39.29058
19.002602
21.425882
28.659576
36.804543
29.68151
32.006077
32.61737
26.516222
21.641266
16.636305
34.33567
35.521164
17.734756
21.642025
29.530256
15.502994
28.908953
23.908834
24.218056
22.692324
