32.545536
23.342632
31.190653
39.689606
27.30073
27.429682
23.754185
36.753174
26.588749
27.177135
27.325117
27.2287
30.4757
19.587408
35.859974
38.000534
19.69815
23.641407
35.93811
29.207205
18.9822
18.998705
25.048107
18.820051
25.47895
25.892881
17.102392
22.48912
38.446793
23.823732
39.506813
29.368292
33.59418
18.384241
21.426384
19.6492
19.342176
24.359108
15.765261
26.613565
18.67436
15.092976
21.818586
39.156155
31.212326
31.05023
19.555706
39.935677
17.6882
20.474697
36.058754
15.5784235
25.081362
20.106281
25.767548
22.689684
33.344692
22.023008
32.87117
20.820358
33.866432
19.850683
20.43862
36.99146
21.596886
19.818768
30.695282
29.896612
39.114952
21.439857
18.22902
21.482853
19.817644
26.95153
24.84905
31.252539
18.886469
28.083073
37.3228
36.334286
36.71773
33.196014
35.280315
40.138435
22.099537
17.3962
28.202831
40.24259
33.576508
34.826366
27.601479
22.045422
17.163826
40.022213
19.244133
28.681896
20.855568
31.95106
38.602818
25.710794
23.217848
34.151196
20.571016
17.165377
40.765617
31.251238
37.939774
25.70063
24.792576
34.072712
40.123318
35.775684
20.856915
20.50533
26.189474
21.077478
35.221283
27.393354
26.377058
21.721865
36.203583
17.782694
17.971855
33.160965
30.615908
22.052227
26.664843
23.180573
16.252111
18.689182
33.33065
15.889081
28.730263
32.76725
24.541286
16.179407
18.90435
35.547367
19.069592
36.78801
21.530397
15.045041
18.138805
20.780176
16.905304
38.89429
18.239128
27.058279
22.792412
15.387228
23.959084
39.319885
20.10607
34.17953
28.468954
17.78505
30.548077
32.82596
35.04551
21.967302
37.672195
19.046373
36.34169
17.780386
22.698519
29.421474
20.981905
19.35286
40.80778
15.078969
19.502995
21.065277
32.616318
39.854507
37.662888
38.529755
15.065654
36.39821
26.703474
40.499245
20.056335
24.746357
27.281105
35.024025
15.813905
19.989176
36.46762
18.56535
39.195538
28.839437
39.47675
38.231438
16.92911
35.142994
29.585184
18.81841
16.122187
15.671103
25.094582
23.918985
25.286552
29.895838
15.120201
16.00423
40.59469
30.873571
24.493824
38.088806
30.11776
16.847984
16.13308
39.35767
29.390379
26.732779
18.856232
16.962343
38.805645
21.245651
27.810968
26.087353
17.064611
39.138924
19.437622
28.342577
15.187601
30.708479
19.201796
22.554844
22.44043
36.56159
40.20822
28.112087
36.93684
36.48545
30.247238
25.15609
31.649143
15.182164
21.827108
26.124813
33.09227
28.622082
32.309967
33.412937
21.042114
36.81648
15.396069
28.249306
29.307285
21.92164
32.890457
36.282555
27.79408
16.760374
30.938194
37.821266
40.88769
40.0833
27.728678
23.192568
22.518316
37.191067
28.046524
16.26321
34.18917
17.899939
33.986023
39.809692
20.713936
18.25713
38.648033
21.129063
19.444532
29.898462
28.702698
29.049726
18.36569
29.48986
28.328293
18.33147
32.591095
38.30545
39.22597
36.33668
19.51651
34.668888
19.162127
15.809698
30.1685
23.720913
40.804558
38.618855
40.133152
27.774815
15.495541
28.395857
39.85726
16.383022
25.04443
15.149689
31.085272
16.16169
34.624268
40.137337
31.728407
20.406557
37.42143
26.541212
33.55816
15.58218
30.814232
32.833202
21.774452
37.877953
40.545906
23.097876
28.719566
20.19817
27.609251
26.042425
15.792088
16.189703
38.3748
19.938581
15.960819
21.209684
25.871265
28.32168
32.186848
16.496971
19.066383
34.914764
28.532621
24.23489
15.4984455
39.950626
32.770103
23.679205
34.67301
23.832268
35.895805
22.074009
35.26644
19.902374
39.11865
20.689558
40.367233
27.9849
26.607363
15.98997
23.738142
22.31705
16.56727
20.674948
32.396515
27.507423
26.062084
29.13858
16.687212
38.23619
24.404503
16.749563
16.461926
40.555824
17.910065
36.28105
30.980736
20.855827
19.342001
23.804613
20.716063
26.82267
30.470465
26.411686
21.366282
33.05606
31.827745
29.23715
36.07558
18.395355
31.961779
31.433548
17.108706
20.464945
37.273453
39.980774
33.0436
23.465055
38.868942
38.514893
31.921986
19.814463
20.76647
29.721033
28.737299
34.894203
16.267609
22.25923
23.14142
32.84645
38.33649
38.678307
28.316044
40.1503
39.425873
27.321774
26.581501
24.526257
32.34738
34.841045
35.505325
39.61387
22.50378
30.605118
28.02475
16.821936
23.084457
36.0321
21.411839
34.768368
16.670942
20.66696
22.786865
21.806833
31.107492
36.691017
33.32502
32.279877
32.46252
36.472668
19.30348
32.343327
27.439783
17.755087
33.700336
38.47435
37.69397
18.1255
35.183807
35.105568
33.16361
38.52195
28.019648
25.220303
34.754765
30.707308
36.676563
17.199018
28.492355
25.87659
32.72398
36.724655
23.601507
24.862522
38.993385
22.134604
39.88964
26.765524
38.913963
15.249643
27.270657
20.258244
19.435158
31.415293
26.305758
32.300976
30.013317
22.258524
25.231249
18.553226
29.766453
26.492922
24.101725
22.377905
40.090633
29.997957
36.397877
25.00861
16.783497
20.353062
28.731285
28.18662
38.03481
25.024832
28.124271
18.37317
36.520912
36.48575
33.751144
16.503872
27.27944
27.685354
35.99778
27.175924
20.042555
19.499916
30.229778
30.145184
29.271452
28.054237
27.75507
35.05889
23.261805
32.139267
36.12509
37.461246
15.379332
27.341774
39.13934
16.282837
27.736542
33.9575
23.701286
16.261211
40.43623
16.276619
24.019407
19.038805
29.884209
25.41062
35.55521
24.04565
31.613264
40.472095
37.590908
38.698223
18.562197
21.62418
32.32252
38.932037
18.818352
15.28383
25.97999
27.634462
19.45893
28.593271
35.633972
38.155556
39.31585
25.166538
36.069782
30.748568
27.240902
19.073048
18.392134
33.528
21.762337
29.037767
27.869944
26.332077
16.901033
15.917635
40.938858
23.737669
39.353844
31.6564
38.249615
20.399656
24.253613
33.125206
20.183807
37.872967
28.27987
19.523758
21.354103
39.124397
32.021168
21.34704
33.26435
35.052612
24.17942
32.315083
23.525576
34.508606
28.45858
23.118399
35.80715
29.545185
25.794502
19.349245
31.048113
36.92286
39.95971
21.569
39.361748
37.260914
31.516262
21.104452
31.53739
36.64618
23.591915
38.870934
31.07643
17.998428
21.019161
26.287804
30.295351
19.040092
32.003716
33.181805
17.18677
20.329342
24.678482
31.466492
29.450146
38.489433
29.650946
33.340927
32.38706
40.503475
39.96645
30.76845
36.201656
40.742687
19.7867
21.076403
15.655006
23.257502
28.522335
33.660282
16.992937
33.78466
30.160385
38.980846
31.599981
22.909874
26.091785
33.310276
32.927864
17.874332
31.871199
21.013628
22.90515
29.624788
40.030758
36.544296
18.255312
27.880665
28.321325
18.787392
27.933783
38.22805
39.569332
38.902405
22.24017
23.549212
37.714184
21.396713
36.070057
33.457626
38.530712
16.803986
25.241524
19.832323
37.043037
29.04666
37.86468
40.0317
16.70076
15.329222
32.318287
23.91575
20.015253
33.239117
27.555622
28.41704
30.543339
26.624697
36.182617
28.074492
15.8575735
30.774643
34.03429
19.680511
38.456806
36.440968
19.821426
27.990658
26.447649
23.327692
28.82745
37.30652
38.26694
24.809906
19.606297
16.666197
27.717205
38.853027
34.165207
28.363197
29.151651
25.36961
16.212097
40.56328
31.7721
35.581116
32.705357
38.900204
18.692753
16.344742
25.164646
21.105148
30.674648
23.860317
40.98442
24.960835
16.250116
20.690033
37.3377
39.170273
39.333454
19.603693
39.16568
39.091393
38.35355
19.40485
38.219616
18.712576
19.446121
21.598251
28.15452
30.730515
28.307655
16.526554
29.26995
40.140594
18.940132
29.434414
23.65139
39.361347
40.705044
28.810545
33.186363
24.588356
35.857197
21.313549
37.212715
31.809322
34.043175
39.604733
19.402102
32.710785
32.126408
25.491365
22.89003
19.568409
25.140125
40.926292
30.63438
36.13647
35.17149
35.61497
34.51769
32.5386
39.544662
34.24851
17.803993
28.210587
37.797478
20.711441
39.21945
26.057455
26.635866
23.005491
15.1464405
21.160776
37.302128
27.08567
35.204235
38.608555
18.60763
36.32264
19.834902
29.318853
15.257362
37.885353
36.421383
40.089622
39.033394
21.980576
38.93536
40.531067
29.90607
16.590883
39.14573
35.02316
27.206354
25.120464
19.0142
36.389797
27.619598
21.187984
40.06279
29.592388
24.950535
35.69843
30.218573
24.419472
26.361197
22.280912
25.924398
23.885355
21.097956
38.196968
17.149855
25.84952
30.600773
26.904009
17.345064
15.22993
25.327291
23.601109
21.350515
21.10716
31.626251
24.289433
21.809418
31.002605
39.559265
16.147165
18.724697
17.66288
37.696846
30.34888
17.461012
33.793823
17.604124
17.851883
29.712822
21.36135
32.98357
20.127111
17.742805
16.312721
40.25652
40.32979
22.54054
36.87066
30.742289
37.985085
39.459663
37.914032
29.53305
35.906578
20.362337
21.382633
28.664629
27.770523
37.333138
39.13002
22.247864
40.536304
23.620092
34.197052
18.852053
23.733725
30.618895
31.09022
27.621546
15.530247
15.436935
25.32262
29.358416
23.446407
29.857069
15.211798
34.118668
25.605219
38.36668
38.727448
24.746325
40.481434
28.32586
35.043377
35.209274
19.259142
25.319164
26.371891
19.60259
35.11121
17.268686
40.6451
28.249641
17.981722
35.9818
35.65655
37.45811
25.78257
16.465229
32.38776
25.177612
19.308
22.557678
31.418251
22.057482
40.625957
40.21664
21.553823
16.217798
17.222626
23.140469
24.106794
22.42364
16.756737
29.315254
27.62313
16.29201
29.922646
23.546516
38.275322
17.662882
21.62642
20.069118
26.626112
18.330181
31.44662
34.92438
34.01708
27.955547
33.18163
21.951633
31.447319
22.177132
28.1779
30.96216
30.481415
20.677664
30.088623
17.94663
23.46208
28.290447
33.729843
19.012901
37.10181
37.098915
31.781174
40.1592
33.389107
21.924839
40.22081
31.958426
28.668749
35.6022
20.589634
19.762573
25.741842
31.998236
38.44676
16.13185
24.880264
19.870094
22.708986
26.851397
27.7614
17.334972
15.959188
39.11916
29.502949
38.983597
33.263687
40.271656
40.213852
15.481359
24.556355
25.760105
32.776253
16.878344
23.227148
31.997618
27.934736
33.788944
25.195452
31.168755
27.192884
25.103752
38.45361
39.12609
34.503555
26.960806
30.833652
38.094025
19.28811
33.330288
17.580288
33.058292
29.931095
25.756151
34.205795
40.440464
26.5708
24.550217
28.057556
25.939648
16.74237
20.048563
20.046518
37.269665
29.228987
16.417185
40.064983
28.927847
16.338018
37.933193
29.764668
36.10254
34.74278
30.669859
28.571072
29.359459
32.01695
37.078228
19.077793
40.842834
30.037453
33.08502
30.29446
30.38542
39.543045
37.015907
35.614544
32.14218
18.309492
28.90536
22.82445
21.145695
36.63878
17.56846
27.99275
32.526947
32.15843
37.187366
19.658625
38.053448
33.288467
25.104216
34.38105
17.107298
21.157282
38.014507
27.415417
16.259018
27.234089
24.819235
23.051832
35.188675
38.494408
19.02113
37.979393
20.864017
15.546381
31.739779
15.933349
30.60608
39.819557
20.172318
26.837118
23.955862
21.654072
19.640898
40.66874
25.10144
17.927006
30.245043
39.361343
38.03305
19.71407
23.576477
35.189888
35.56438
33.408485
36.955944
37.301422
18.891512
34.705395
26.21605
17.313797
38.456703
19.908823
19.180998
16.237669
23.542305
27.129683
30.683681
32.36942
15.240915
29.117014
40.212433
27.257542
23.23102
35.701065
27.09424
22.362652
15.133068
27.125608
35.498196
28.611446
26.129171
17.90824
34.482365
26.687368
22.000277
24.291187
38.809254
19.605947
26.767902
30.831564
16.319458
38.890285
16.723194
27.228745
37.280094
31.492235
33.7843
23.097935
20.313992
20.497473
34.843754
36.0728
30.267672
24.60763
18.050676
23.35633
15.690457
33.410324
25.818527
30.63804
15.474183
33.52796
19.757042
35.15677
25.64226
16.878782
28.697962
25.612331
22.278923
24.488632
35.5172
20.615534
15.153881
15.559674
15.551847
21.41485
32.724567
27.832136
15.068666
23.749474
40.88762
33.667923
34.461304
21.852232
27.103195
22.73993
17.636806
22.862165
32.3302
22.72847
16.397614
36.20548
33.58735
20.006367
38.533443
17.864777
35.89462
22.936722
20.808212
15.880475
15.851437
15.1126
37.06029
32.914444
18.172464
16.635324
37.230133
20.25492
37.128838
36.3582
27.287506
33.252945
21.03208
20.915094
26.751242
28.854465
27.649952
25.308323
21.777672
21.628532
37.757874
16.847895
35.63955
19.490911
22.906574
21.314266
40.825527
40.183674
25.926052
21.35929
37.960938
28.495234
30.687845
36.36517
16.283775
18.191574
37.212147
16.248775
28.505611
19.678278
17.333153
27.02874
23.545225
36.524258
34.825596
27.365417
35.843544
19.151941
16.147242
38.738735
33.751656
26.235023
15.766719
29.446682
17.829308
17.643614
29.422873
32.18711
22.799654
31.138102
21.601393
34.6283
24.376513
32.436733
26.016346
26.078554
32.21378
38.76831
17.94874
27.13296
30.822256
25.570253
30.921185
27.005272
17.457338
28.603527
19.377144
37.145638
21.701815
31.42984
23.785301
29.69984
27.751087
34.932804
36.903893
29.383404
27.25395
21.36358
19.816963
39.423904
19.970203
28.252897
29.793793
16.36748
29.477097
27.455067
37.02486
22.750553
19.689798
23.576088
23.852016
32.90539
25.056791
40.086624
24.23759
37.498203
22.94931
24.532045
18.906557
30.791018
18.984608
32.42553
38.84788
19.073751
26.80608
16.646568
16.675547
19.230328
15.188946
29.465992
33.726845
32.982887
37.24842
21.680037
38.714783
29.000675
24.99797
15.75975
23.25361
15.765275
39.538506
23.408356
36.640774
30.85139
16.755014
28.468084
26.905605
35.112537
26.55537
23.72922
19.32459
23.153536
22.406757
34.86803
27.35482
26.426739
31.20834
26.476501
26.251896
16.306614
25.384506
31.945658
30.515379
23.577253
37.491238
38.8256
24.744362
37.910053
40.598866
32.209167
35.487705
36.113827
15.247609
30.672518
23.237913
29.20726
23.86813
22.354677
40.844616
31.693594
18.217354
32.86953
23.313005
29.810095
34.600716
39.917458
38.204636
20.979921
31.435017
15.700221
37.672306
40.21152
16.051905
25.541481
28.537865
40.77086
40.5501
27.47671
17.76107
24.0943
19.975273
25.000032
25.149702
19.615019
22.13965
39.64189
35.225536
24.943512
18.989067
21.60027
39.787727
36.672684
28.583523
17.25949
27.90464
39.970726
16.477863
38.104485
28.817081
35.07998
27.572512
38.274734
39.550373
28.857607
26.349813
35.8009
16.909624
33.573914
20.819786
31.428497
16.972069
25.326834
21.469803
28.85683
24.192205
40.636074
37.045853
35.207664
28.800001
40.048058
34.08882
32.58699
27.299366
25.912834
16.807398
40.71458
34.5635
21.88678
26.089857
16.769777
35.27575
24.169853
29.240322
21.838392
29.27899
21.003937
37.37063
15.644348
29.773565
37.538685
19.287264
34.61105
17.243221
27.814001
35.183487
32.721287
19.490429
32.313324
32.47994
40.13084
29.227013
34.30941
37.752773
35.039692
23.29283
21.05449
24.84658
21.93623
39.76482
38.759148
25.98994
26.003475
36.970623
19.259443
36.014854
39.21284
37.73544
33.289284
21.626797
36.429707
19.067781
36.355206
28.080486
19.716356
15.929162
20.353283
40.58712
35.941807
15.734781
33.272915
25.31196
38.794193
15.796696
32.5999
26.917015
33.340393
31.047888
19.361197
26.261587
17.388742
32.07516
33.14645
35.094288
17.084616
35.740677
25.896318
24.353268
40.40498
30.486464
21.765326
25.037142
17.516754
19.793108
37.94698
37.51724
33.325283
26.203384
28.991495
18.632576
32.962933
26.823444
24.851517
27.942135
37.454235
21.278675
24.658861
21.104689
36.34275
36.728344
34.065334
15.514678
16.676264
21.732468
33.87325
27.043312
25.420614
37.516445
33.636417
19.017288
33.108906
23.49334
31.92986
21.413202
34.331623
35.780716
27.066679
37.653957
23.534496
18.888319
28.182991
22.364151
30.514803
21.754942
34.81701
31.974663
26.993141
29.877155
27.37585
37.162304
17.686487
15.399626
37.213795
25.768679
30.419735
24.726166
31.438244
17.063019
21.98669
40.462593
32.014748
40.997047
35.707874
23.316965
17.259996
33.445545
34.931255
35.95968
28.391844
26.334562
22.083443
26.7854
40.447872
20.02988
19.302595
33.020737
39.589207
24.391558
30.170729
37.685997
23.573837
18.496073
38.611866
21.546356
39.0137
23.185812
28.633839
27.37723
15.9224825
25.326311
31.265345
29.620514
33.016094
35.934902
36.776245
25.822933
28.245369
26.190105
31.067844
35.12456
20.120598
23.739292
20.981283
21.505156
34.530174
30.692875
30.195988
37.49779
28.960546
36.22648
25.376398
15.64379
37.292416
30.808233
39.274136
26.089931
17.678097
15.726528
15.603957
35.41826
21.397554
20.81433
21.685797
30.050888
22.04573
17.04927
39.081448
21.386606
17.921331
15.05451
35.7533
25.202991
36.067345
15.433516
37.63386
30.797283
38.0561
32.342636
40.918606
25.841145
25.316793
15.73856
32.88109
34.98894
33.571003
22.333382
26.557981
19.906105
37.771664
38.44833
33.263126
25.57356
20.833805
27.677782
36.563442
36.47627
19.400095
32.558456
32.085922
32.5982
17.902163
24.284405
33.323704
17.02324
40.25846
31.916574
30.470642
28.380724
22.692183
32.506405
19.237484
26.376513
31.357754
20.08623
25.58923
35.214752
32.73204
32.5748
34.391983
19.842558
37.05642
15.3046055
15.068986
33.639233
35.508526
30.098263
19.539314
27.423662
18.237522
35.60447
22.949072
28.467867
34.914276
25.949787
34.003746
36.581795
16.028023
26.670605
29.071676
38.273743
29.803526
15.360469
24.65251
31.492838
36.317963
23.501045
28.290693
40.524483
23.164207
17.540775
38.56306
29.236483
35.837406
17.443445
36.38073
15.063231
16.914175
39.649586
36.51952
37.867104
33.04893
20.676874
22.029232
27.130754
31.829412
15.431326
30.971188
23.810947
35.613483
20.709366
36.794544
37.624004
16.61199
25.3415
30.585878
34.534893
28.687397
17.961521
15.412755
18.786446
36.605614
19.480946
34.030933
30.93216
40.808422
34.00648
25.336071
24.025454
21.166561
39.15912
36.114708
30.37024
24.628536
36.536594
34.8856
23.052105
19.19785
15.406698
15.921324
23.846361
24.251396
19.627071
17.901321
22.038662
20.85439
23.257883
39.071552
21.195835
15.43218
16.366957
23.272038
32.98908
21.927002
31.122612
40.74258
38.798534
33.397697
35.427715
26.228178
35.017815
25.913061
37.069096
32.579514
32.72889
39.54454
23.639755
34.780216
24.732319
23.281603
34.336914
27.131422
20.794659
24.773106
15.147211
21.185516
25.41442
19.94071
34.901043
19.944708
19.409803
21.715279
36.211258
34.826466
35.19602
37.414963
22.407072
37.946674
25.746798
16.613619
17.232334
27.382643
30.924334
39.740814
24.297962
35.25202
22.113651
18.10985
22.06151
19.679884
20.912043
34.58763
31.452644
22.02518
38.00099
26.700457
19.171385
24.099037
16.267618
30.612297
20.156776
38.531193
25.744488
19.117207
37.756783
26.927227
31.001186
33.555126
25.72595
35.00805
40.247963
16.390415
24.33556
29.534424
19.601196
36.084934
15.601692
36.493202
23.712456
24.852766
21.919865
23.75815
31.27724
40.901035
18.240547
16.23718
36.816628
35.84149
26.32813
17.379135
34.56432
33.100075
34.61657
25.836975
16.293709
16.356731
24.708143
24.070715
16.483866
32.31537
19.657522
18.722149
17.350435
37.433872
25.841452
16.704805
30.956852
23.636698
19.435122
32.12639
33.873154
17.487698
28.299505
31.39725
33.66428
40.81827
36.4296
21.177347
29.866514
20.386166
35.02175
18.175364
23.050371
31.782738
33.688934
23.237598
16.069996
26.511581
21.386055
28.650488
25.663769
26.929016
27.203049
37.129486
38.197613
25.567028
30.341757
37.578346
16.532072
19.251768
40.313274
22.376696
27.7461
38.38586
28.675634
27.690052
27.764997
37.780334
38.477425
40.095387
18.816881
19.502033
22.981136
37.67653
29.081493
18.344957
21.21074
17.667637
18.897165
40.739132
30.401161
35.70922
28.456131
18.178045
38.523094
29.830084
24.04544
18.575888
25.714725
33.37984
15.580046
27.358377
35.67269
19.310514
25.426714
22.545979
18.837788
29.442024
27.331787
40.605988
34.556614
18.645252
16.64279
24.429962
33.3086
29.237642
22.95336
19.435585
22.55853
17.310143
17.802895
34.497135
22.827854
28.190655
17.126778
31.176292
18.173866
28.797937
34.78
17.555113
29.42394
36.25126
15.646446
25.865545
35.232754
34.774933
34.598083
28.06499
35.31367
18.673176
32.88268
18.52494
38.04107
35.9496
24.395733
22.079836
33.02871
25.006876
34.731667
20.825853
38.25986
29.786104
15.911313
32.26439
38.878105
30.69156
21.247206
34.65265
22.843536
27.695469
27.935081
20.753729
15.317152
36.12871
27.649513
36.571274
32.857025
22.8372
25.673515
31.10875
38.29298
38.62002
36.906406
18.711065
17.492311
34.164223
40.471203
19.126255
38.1371
19.052515
37.582214
28.067585
30.104622
20.843903
17.835564
22.761478
35.075294
39.71368
25.149664
22.734272
39.588566
39.68797
40.209774
37.920834
28.925098
36.119392
37.460133
20.070751
40.914555
36.724186
17.439137
39.382732
35.051243
36.23752
35.5675
30.315603
37.14583
22.542532
24.376268
20.604239
37.149323
38.98991
19.60099
29.65139
17.756372
35.548756
27.57039
36.671448
23.92805
38.415684
21.882227
25.22978
38.57004
31.758066
37.48603
33.1513
23.26034
36.378548
15.981909
37.164562
21.141233
28.261822
39.196457
30.102732
27.873629
23.201042
20.911354
37.000355
39.897392
27.99998
22.997166
15.004931
25.149652
16.10843
36.144245
18.66487
25.863659
39.97217
26.88472
22.860518
38.104046
17.865126
21.663876
20.412464
32.29
21.520166
31.346252
30.231466
39.116077
24.48641
39.73125
26.766876
30.001106
17.814564
21.404953
24.465572
20.478792
35.408318
31.569305
23.970898
26.789385
26.178541
17.366856
17.8713
18.339926
25.998419
34.65856
20.950825
37.671352
29.381418
38.214226
17.098787
23.103868
30.790396
40.839577
36.303486
37.32776
24.53491
20.090866
16.484856
27.864996
24.325165
27.91745
32.31367
32.547703
36.724842
30.824652
38.619804
30.942694
20.98138
27.963717
17.509779
34.99713
35.01114
35.932625
17.893847
23.088377
15.678136
24.010948
25.76545
33.131977
38.928947
38.053925
31.280937
22.434814
17.832674
19.335358
24.455074
16.576235
34.12363
40.255898
35.11787
18.75808
21.4559
32.022743
18.670918
34.785362
24.252508
18.158695
15.136413
33.12243
20.76854
34.01305
27.009718
18.315233
32.786125
40.32364
33.5063
37.47845
31.220732
16.318903
26.936544
33.51702
30.841883
32.850735
27.146929
31.284735
30.297876
30.613388
26.233746
35.978283
33.682804
16.630566
24.0655
32.723442
24.995554
37.882412
33.54279
40.530567
17.014301
40.19593
20.979513
34.58006
17.346315
25.33695
19.50682
20.143883
38.71171
25.61855
19.981335
33.35764
35.88118
27.280504
18.521713
22.528297
22.111437
37.396076
26.50271
38.69585
17.408619
30.127054
33.603493
37.763027
15.498494
34.774834
25.337017
28.66516
31.993876
34.264843
37.379875
40.773277
32.92329
20.453487
35.977062
31.006435
24.5214
31.961317
30.71377
40.9752
17.980434
23.113043
17.02625
22.88631
20.723238
31.004478
22.966568
29.909235
36.682396
33.71843
19.940922
24.238604
36.05616
26.27604
38.408993
36.182167
32.06082
22.037014
36.861687
38.2621
24.310377
35.951626
25.78736
35.53824
39.62833
36.319347
33.79156
19.145027
27.332617
39.523388
22.553036
16.379566
27.333605
31.58744
16.8787
27.58653
17.74641
25.34028
21.76293
39.556232
38.14255
40.47592
38.061596
39.185455
25.052366
23.861403
36.15881
33.746338
19.878399
33.071327
26.834469
21.266737
23.99128
35.31761
28.43325
36.24633
33.453518
40.694923
17.390743
16.215754
32.552856
26.97681
33.19008
35.49194
29.125761
33.074265
20.902376
27.8909
15.512879
25.708181
22.60704
34.12998
24.912163
32.848904
21.19286
34.184734
27.881653
26.040655
36.308594
21.961405
19.792803
21.855497
32.561718
39.304
25.146479
38.41099
36.45657
22.575882
20.837639
32.137657
35.018307
33.838814
21.691044
36.79673
21.566545
19.998188
23.88912
15.125825
24.682722
23.191374
37.274483
39.42933
29.057753
20.16678
27.93341
24.932535
33.61164
31.434464
31.952942
16.782839
27.0443
40.564823
39.793015
36.20831
31.806889
20.170082
36.326485
29.533401
40.375557
35.824005
32.27363
23.503561
20.664587
32.458504
40.494095
17.684858
30.433485
33.62142
33.39804
25.581787
35.62263
20.388094
17.599644
20.555841
16.69474
33.689888
36.859844
28.62935
16.264366
17.356178
22.351618
27.823608
24.565367
35.261948
28.32987
28.807205
28.636242
22.63128
25.39938
20.319963
22.495874
18.767927
38.74802
17.089838
31.037281
38.26706
34.94885
37.774555
17.884539
26.10832
38.23346
25.83676
19.038155
28.938221
23.500349
39.20088
19.776707
22.320826
36.745846
19.041845
39.98767
23.768763
16.091478
30.1203
24.867939
33.962353
36.130524
38.705853
15.76454
39.722824
26.927778
27.319391
33.81881
26.026302
30.680397
38.277424
21.032139
32.62847
31.784044
36.335907
33.389153
25.715454
25.847357
36.60787
32.754196
36.404755
40.05908
15.368724
16.399574
19.890726
25.236069
36.36505
19.229103
33.562275
24.86669
39.80702
40.02806
17.516186
20.512903
15.35173
21.400757
16.547688
22.045774
30.074053
17.449478
24.920565
25.362848
19.67359
15.703671
30.002323
39.472263
23.980806
36.325775
26.195618
19.127209
30.202328
30.200222
16.505362
22.555769
31.284853
28.154701
15.551645
36.254898
34.279114
30.267813
22.87178
24.30373
22.649715
36.984886
30.95048
20.200144
39.103695
32.59378
30.575441
32.835888
39.700058
28.505028
40.83623
28.899426
29.754503
28.735851
32.36761
33.73188
29.368029
33.015057
36.284157
33.460438
37.285038
34.005966
21.661213
33.094772
26.226027
18.287079
37.3879
40.195908
20.841875
37.935272
35.751167
33.71336
39.001255
38.823875
15.205476
24.63506
28.249569
29.078112
36.441067
15.206036
17.967333
18.52284
23.084251
30.645586
40.00782
39.412823
16.14658
27.529018
26.408306
38.25307
31.685303
40.298866
26.146145
30.097126
22.045809
19.731796
17.850355
30.353529
34.5274
32.61131
23.881447
18.835964
31.346987
20.34256
31.25651
24.560003
35.370968
31.794596
24.52372
23.619572
33.243782
18.266464
36.879696
16.368736
29.262318
30.147654
36.575253
28.089592
29.628546
17.579508
23.969416
17.344496
17.558487
15.223163
22.46862
24.291069
37.133797
18.100872
18.027386
21.380919
25.752958
25.4014
36.888786
39.0681
23.572279
18.126492
33.807426
17.420956
21.422613
34.50427
17.124622
30.861002
30.345877
38.206715
28.754936
29.645176
26.116205
18.582273
34.395153
18.162745
36.893726
15.350832
32.081245
16.635824
19.50468
18.50731
27.595848
27.392538
39.749813
21.541294
33.168175
39.524357
20.613638
18.50403
23.410288
26.444315
19.2804
18.940449
25.498112
23.630337
35.458275
39.25263
33.232464
16.667969
19.67154
34.672577
36.8049
30.599464
34.901096
18.695854
19.84509
20.541138
28.237068
32.56408
34.64088
40.548576
29.052717
22.183046
21.299202
20.789352
22.617306
39.72458
19.055368
18.225395
25.036074
30.084044
31.94034
17.212366
40.938843
26.351809
22.579899
29.690876
25.434345
39.505722
27.026693
35.974472
32.50568
31.643038
30.215557
26.531956
23.242908
27.244034
29.884432
36.616608
33.092075
21.195906
20.617685
39.11249
33.645626
29.604324
23.04561
32.548107
19.407356
33.78142
24.173283
18.870234
27.435797
29.22273
31.313925
19.275845
25.803078
37.871986
22.16644
32.167625
27.402067
21.521519
35.20362
39.12863
20.792768
16.807234
37.727085
32.70425
37.49962
15.931129
29.696909
15.734675
35.45464
27.980478
21.758364
31.998734
27.126953
19.511757
29.765154
38.009888
28.287521
39.928642
27.537975
37.94793
17.32857
31.107288
38.59918
37.91487
17.590372
33.708397
30.188776
21.971165
36.243874
28.66439
26.993986
22.738413
30.935648
29.441408
27.713947
25.747402
29.622602
16.84958
30.833214
27.165243
25.806862
17.411436
26.79206
31.053097
26.72709
26.597082
38.11863
22.885956
19.97065
39.59614
17.027336
28.70859
36.441704
16.720272
19.489985
30.006811
26.653625
24.016386
17.850416
27.140804
38.909702
24.219551
20.680538
31.017311
20.094378
20.78586
28.764969
33.570126
28.517946
32.41942
33.85356
22.573305
33.54089
39.243835
32.13542
21.32921
18.549618
20.567604
21.26513
26.85347
30.263712
18.05386
22.211147
33.32158
28.325397
15.029048
29.198538
20.746962
26.655186
24.651209
40.582417
32.12779
28.153345
20.707512
24.615612
33.63007
16.985052
32.921906
22.763418
23.766994
31.907793
29.827702
29.470272
20.989643
35.88274
38.49611
21.097681
26.621737
39.557606
25.710657
16.12963
37.651176
25.116634
29.538721
23.68118
35.53373
32.464066
35.67524
21.847933
18.869267
35.74069
39.419968
25.498455
33.5785
22.768745
33.698536
36.738712
18.038364
29.178635
20.148815
26.467081
32.52664
34.691654
19.967987
32.19036
40.281536
29.31612
35.952015
27.585735
25.499575
32.059967
38.958046
35.17055
21.675116
32.17112
34.881588
24.881254
27.827534
20.887655
34.16419
30.364742
16.367014
22.212887
22.833565
33.34992
24.617657
16.326359
16.127092
24.594084
36.34653
34.89978
40.860786
23.58834
40.039967
37.80775
38.879772
16.458097
35.123463
29.506275
29.162596
24.309225
29.83907
16.69777
32.450512
36.647366
39.074337
18.809484
31.634226
26.437336
33.07935
27.282986
39.554413
40.871582
20.713543
24.705463
31.358665
32.98097
37.631527
36.409454
33.106308
15.848295
24.647242
33.325665
39.923878
33.374256
34.408344
37.59433
31.687944
15.297597
23.467794
25.723799
29.948124
25.48561
39.857204
37.930576
40.60218
31.388132
27.346573
36.703476
34.696236
32.987602
28.717606
22.605072
28.647041
29.579708
15.582943
18.856878
17.169643
20.283632
37.55112
28.350466
27.242414
39.307816
18.867233
23.384815
27.552982
29.686644
30.051811
21.651007
29.042246
17.455393
37.515514
19.768463
30.40006
40.045246
31.644821
38.02276
19.665014
40.057117
33.43398
34.86311
37.442024
40.51252
33.38101
31.188454
40.67529
32.18158
32.07076
24.484182
18.400534
39.65287
29.635399
31.467295
32.449215
20.436594
39.112995
15.055942
30.688763
22.582148
40.617287
23.200075
18.056723
27.043018
29.186907
19.39306
27.383005
31.336466
29.199804
23.529846
25.79326
30.922352
36.3188
17.185488
31.34775
30.164934
18.076742
19.358519
38.49389
37.743446
18.4147
37.256855
17.89699
29.941656
17.754477
23.799664
30.262526
21.373632
32.516468
21.166756
24.874609
16.39232
32.38677
25.947853
27.749168
25.67958
16.092274
38.227215
27.536654
39.33066
26.960293
30.28483
35.607918
20.123203
36.119118
24.503643
32.118282
20.600128
31.838663
24.542841
36.268566
19.097918
28.215328
18.870626
16.468233
40.91606
21.17282
33.34543
20.65463
19.450567
30.58077
29.692806
28.6336
26.303709
40.18553
31.446001
38.980595
19.13434
26.002623
24.201214
32.777744
23.327354
22.837885
16.88451
33.261177
22.437973
19.684498
19.135347
34.314148
22.805923
21.885519
30.8825
25.665476
21.736551
25.156775
23.721308
34.63901
40.21033
19.832458
21.796906
21.348743
30.209251
27.025873
34.556305
22.34545
23.437922
29.79034
28.95285
30.894663
38.469296
21.82038
28.46985
32.302017
23.159275
31.750841
24.675812
26.000877
34.551456
36.691746
35.931957
24.47848
27.43274
24.279139
33.343414
38.540657
25.202425
32.227436
20.078617
16.901546
38.781956
36.13618
34.777214
21.63345
28.919325
18.134321
20.92495
29.623457
16.43171
26.83764
23.794735
33.85716
17.681747
15.050091
16.836233
27.086164
40.89744
27.657284
32.24212
40.234966
24.822536
22.24057
27.827227
26.763983
24.623682
23.082642
30.327663
34.1295
18.982714
27.440685
29.760015
28.467487
40.86675
15.230746
20.576588
20.677164
34.595802
23.59693
35.010765
23.19147
35.51705
18.231777
20.227316
32.89543
15.846891
29.769127
25.675625
34.889782
33.056248
22.0884
24.3896
20.095942
33.55175
15.94932
29.886148
25.059883
30.344618
24.01864
22.784822
26.736181
32.90127
28.055565
40.304523
16.519867
26.433943
23.790073
19.388716
20.342585
18.516636
35.85849
26.36892
19.260822
19.101227
16.053183
36.796913
33.63785
29.760386
21.098383
38.359264
23.757328
39.298523
19.181652
15.633548
18.505314
19.748865
23.550657
17.853777
21.618874
15.214253
30.627445
19.823288
37.923126
18.011213
25.297497
27.646559
19.965052
18.141247
39.298462
21.047064
24.501144
27.240313
27.963472
34.696556
22.407307
18.846886
23.96659
24.201832
30.753265
21.080936
34.172977
24.1782
34.02007
31.640625
29.213966
28.184683
30.738054
26.400473
40.98728
33.204052
24.184072
21.834213
26.92526
24.821606
29.20046
19.987478
29.57898
37.289757
21.684698
24.78993
31.833776
37.2612
18.847467
26.123417
19.901724
19.131622
28.94811
21.252144
36.12923
23.653688
34.890446
27.97287
31.612972
35.767117
20.798035
30.157509
36.634956
24.435505
16.48705
40.237553
33.00762
28.688635
39.61598
28.619118
18.562395
28.039797
23.215466
21.019423
18.2203
37.98081
15.287707
17.27991
26.350668
24.35313
35.213818
35.338215
21.454182
32.051697
36.818783
35.730648
16.599041
19.738743
28.117538
23.248714
39.494053
27.028162
15.001982
17.187815
26.600107
27.946608
32.427555
40.003056
22.26154
32.38573
22.019423
28.126661
28.481464
31.730688
23.442028
22.203392
19.67023
15.883274
26.362167
15.064811
15.463762
20.493626
40.384552
38.39024
33.538567
35.37282
35.95017
33.191658
15.242865
33.779224
29.861536
39.01178
39.81825
15.554775
30.83533
40.038937
18.003984
16.933016
33.281647
25.219477
28.896042
32.248917
35.370518
33.88769
21.075588
29.751244
18.370098
28.4353
22.226732
23.251427
36.22732
23.107065
34.730873
29.438543
39.410583
27.135849
30.055092
35.348316
31.145388
21.120129
30.144651
15.694657
39.347706
37.798725
25.484632
17.555515
31.796125
34.1921
25.013449
32.250507
17.382679
25.456446
16.650976
23.155975
32.643612
15.7362795
40.8466
19.673885
18.19513
39.803207
19.257658
25.60407
16.185509
27.332975
36.436195
40.76516
29.423815
27.29983
24.232162
15.867629
19.456762
21.156778
32.513668
28.363197
36.53906
24.222157
35.760014
15.27789
33.17899
17.007458
25.100842
31.881937
22.739729
38.098293
27.454731
34.457718
31.438253
23.639816
19.563248
21.397827
20.007553
23.479902
34.921455
15.398375
20.274124
22.587795
29.87352
30.608498
37.951614
26.492952
37.47208
34.255146
26.062794
27.178175
24.092691
22.482946
15.575803
33.113186
16.249657
34.932182
29.077082
27.929142
37.577198
37.92358
25.602058
24.61163
36.519947
34.026817
36.106125
32.02907
31.919397
24.2604
31.482212
22.115465
26.38788
28.203693
24.51757
21.090815
20.12943
20.897661
37.73125
38.729565
22.696749
37.569023
16.645092
21.876816
23.066225
33.933296
24.714785
20.164017
23.367975
23.11528
29.884037
23.19036
26.625446
30.071445
27.52356
17.312933
21.939219
20.806623
18.37801
24.62828
37.69223
18.64838
23.067825
34.729866
26.55868
35.375404
32.67921
15.390427
31.366507
15.092149
24.024359
19.445168
28.193375
23.400026
24.265348
25.841194
30.46869
23.636242
30.768955
19.070526
19.309235
15.734506
28.295933
37.018463
18.833616
27.607609
18.927217
24.636114
40.78079
19.86001
34.49074
33.785225
20.400461
34.109318
16.676435
34.105537
33.28831
25.228727
32.51332
25.819216
32.60652
18.418196
20.431377
21.01398
29.96017
25.17034
22.74228
23.135895
29.092634
35.91772
24.046812
19.174835
37.518257
27.431437
23.81323
37.34004
19.228037
21.886545
27.169552
20.900106
25.684261
31.91819
36.814156
30.301302
28.46252
27.962872
24.872862
16.679934
35.10464
38.712563
36.51704
24.44903
26.013662
38.605095
39.206024
16.766539
30.552053
25.932405
40.52858
23.381655
40.89693
25.36894
25.791862
31.607895
16.661125
25.505745
27.742739
21.985968
37.80654
19.321447
15.105079
20.576435
29.956303
15.429546
29.978043
27.761612
40.85478
40.41212
22.564161
32.938137
17.429644
29.583305
25.182335
21.546062
37.67771
15.121529
22.069729
17.50726
34.42636
34.66776
21.087875
26.335451
34.91499
28.207693
24.122072
31.932055
31.095888
40.339016
22.699566
17.39652
18.571669
38.870567
20.15076
29.056803
37.166336
31.108461
25.49911
37.365032
21.269733
18.154911
29.189072
16.305424
27.300116
17.07869
26.747936
28.525927
36.897263
40.911892
21.526096
38.53202
29.788542
39.08584
27.771683
18.97058
23.662952
28.1397
20.469316
39.283653
33.843258
22.31858
32.60906
31.826426
35.063873
38.023525
39.85046
25.920662
37.242264
28.984142
28.907919
29.25429
30.77422
34.49517
15.407469
34.53983
36.588364
37.091602
21.45131
27.408735
17.962927
18.632622
24.675362
21.14574
28.93786
16.922827
39.196354
31.056728
36.047897
36.719933
30.518835
20.015585
22.057318
17.261345
17.20878
15.049952
24.394716
27.287664
27.93939
32.702793
31.066149
31.949457
33.37585
30.346056
34.967613
21.954243
24.28982
27.624754
19.722918
21.84392
34.28059
24.774181
36.440525
25.388535
17.528831
20.67996
37.11311
31.740479
37.120037
15.240058
18.776047
24.213942
39.648685
31.839882
26.99622
36.337612
33.050438
32.565983
21.78008
35.17435
26.908575
31.160885
15.569928
39.809753
19.842058
20.661001
29.64003
31.382217
39.006634
20.16151
37.909233
24.060335
26.22655
34.216614
17.954302
33.96914
29.823353
37.010414
27.838305
23.224943
22.819626
19.62328
30.260963
38.959183
16.869196
36.4703
32.492897
36.49492
37.001854
30.303097
37.573368
27.685318
21.06929
18.043118
27.331121
17.831688
15.640407
18.153894
16.930534
29.569254
39.017925
28.26193
17.850393
31.642183
26.034546
39.30011
15.470114
30.584978
30.335752
33.574615
28.768387
19.985598
39.9677
28.845734
25.031761
21.226349
39.26242
30.764875
29.925758
37.381855
34.24891
21.824652
18.798704
16.298998
30.117529
40.355732
36.668518
21.79206
29.626446
40.04367
39.985336
15.356906
36.762653
24.94092
30.967812
22.841269
34.45648
15.013568
31.078651
35.103947
36.6973
40.88943
32.034927
20.853867
22.009514
19.663467
34.6413
39.580696
32.921593
28.368534
27.689396
36.7719
24.7975
22.03385
25.184135
16.456833
27.19845
29.130606
30.237904
17.526638
19.80435
18.643507
16.116003
38.249462
16.848175
16.00905
33.121933
27.9337
39.002728
33.725773
26.278627
23.787626
23.708158
32.56865
15.091838
38.682064
36.039906
23.029314
17.074398
39.74337
40.390564
21.855644
15.165283
36.487247
34.475494
39.378826
21.694843
38.549625
19.470829
29.692848
22.127739
18.97898
23.453876
35.69091
18.457647
15.525262
37.73972
18.465136
26.832937
15.39371
35.19413
39.640476
16.759989
40.52761
20.151825
15.840583
20.061062
20.64221
39.18028
36.672966
24.656027
15.952737
26.603285
29.372602
37.19249
22.822628
22.434675
22.55772
15.56634
33.40384
31.171513
22.428358
19.454872
24.749273
33.757313
17.177782
18.12715
23.84803
27.949808
19.388803
22.00145
18.56749
28.313913
19.751476
17.687115
28.581831
30.10961
24.565622
31.578287
35.02486
31.455553
22.18106
40.45952
32.82571
29.323233
17.780415
15.038364
31.469145
29.152706
21.723763
17.837671
26.267962
15.1798725
36.051414
20.460255
39.143158
38.92644
32.68051
22.88135
25.3782
30.727737
19.33308
29.129234
34.84701
15.6596575
25.297703
21.48202
32.81089
38.775063
40.753826
17.138641
22.537943
33.17111
38.577255
29.214764
19.719084
30.082874
40.29727
15.869264
36.9381
18.935074
18.190342
37.384624
23.298794
31.08226
33.372253
19.104622
21.720547
15.829479
29.190044
40.275246
16.384253
39.249016
30.216967
33.039906
35.34386
27.295246
17.718279
34.10756
18.414392
24.768448
26.582499
25.9424
22.105574
16.789734
18.4023
20.716427
39.590847
39.623127
16.641129
34.721233
30.484821
40.917046
20.636095
29.452929
28.547813
39.736454
37.564644
16.164215
25.34447
34.11804
39.44196
21.320206
26.354027
20.304825
27.718016
25.09962
33.063065
17.302824
33.107616
39.850636
34.167255
30.951176
40.913765
34.240692
39.166893
27.308605
18.294128
17.732138
18.361528
33.83279
39.672283
16.970722
26.53249
32.565628
37.80997
32.691452
15.447475
16.336123
30.933456
36.826473
28.729887
28.854078
32.746555
18.642176
19.606066
22.49146
40.16491
15.937792
27.576916
21.534739
15.170481
24.605394
18.156063
33.740276
24.312151
31.181196
24.47489
23.136208
34.067917
40.410698
26.775513
26.18803
38.535946
17.305283
23.59597
19.681505
31.736328
26.68542
34.79756
17.975266
16.182264
24.785744
35.492527
21.63686
32.318916
39.139866
37.400932
30.899801
35.930046
28.66779
34.198807
35.865505
18.677078
31.65643
26.015371
26.92284
32.562157
33.153847
15.395237
35.46931
30.296185
21.190285
22.762373
16.691801
20.304836
27.194275
23.705637
36.901012
33.419987
29.989597
17.25149
23.712677
32.1809
28.838974
23.697706
36.229897
31.109005
33.14297
34.55254
36.304752
25.322098
20.60764
15.657056
30.94376
29.41813
15.961989
23.664047
33.970474
34.68585
26.63654
23.70511
22.169914
28.388853
18.206652
16.298204
25.313318
32.12174
16.859568
32.331203
28.698065
31.051338
22.661516
24.30266
15.136392
20.233046
31.981428
31.909168
20.687904
18.131731
20.070358
34.53949
32.8547
38.97861
19.500729
28.268728
25.4442
24.659952
16.93718
24.5416
22.85376
29.460417
21.54083
33.89202
40.142193
19.173336
19.201338
32.766937
27.927502
25.842102
35.746246
38.805553
16.886135
20.711391
31.294655
37.77077
37.428143
34.843803
21.002386
17.7379
35.98377
37.297028
38.588284
31.116386
22.26096
34.758575
32.23651
36.613472
35.819553
40.099525
25.737162
25.344498
35.356693
38.435772
33.057644
33.95264
34.20947
37.97461
37.929867
30.82168
28.754436
15.1765995
33.493305
29.248554
40.620193
37.576874
38.551662
15.788143
32.927814
18.987276
36.58084
34.89097
35.135475
18.739935
25.268587
26.42517
24.48725
19.134998
38.07121
20.707348
32.552513
35.31959
15.040361
26.262508
36.89115
27.452106
18.002972
26.691635
22.491138
38.1953
35.069942
34.746044
35.29882
31.333717
25.404364
31.990911
24.898653
37.6253
29.197538
33.286068
19.19789
27.874155
21.881205
26.720343
38.833084
32.65068
37.746895
23.606451
16.939117
19.08749
40.34851
37.67665
32.907715
25.743711
27.331667
31.715017
32.811344
16.657494
25.663576
21.520489
28.27966
31.395754
27.62967
39.315464
39.78942
33.16233
30.418364
39.49797
19.565346
19.840057
16.632862
38.981117
39.58791
17.21928
15.649018
16.271727
31.565672
29.60475
16.380836
25.910828
36.153408
34.49483
20.720285
29.931742
18.183664
39.091354
35.68564
31.587362
35.228264
15.025447
17.142694
32.756332
18.417467
25.874115
22.855742
25.158539
33.118526
31.794281
15.580275
40.793564
28.811455
24.915466
23.926977
34.86147
16.298925
28.009232
39.806644
16.83339
20.248285
29.39297
20.408224
16.310223
25.987709
23.02757
29.867275
29.840872
39.464714
26.332975
19.049706
40.96716
36.324123
39.372505
29.205744
32.420776
30.173958
23.746407
36.64165
32.618343
25.281391
39.786953
29.01179
34.383823
29.177477
36.46188
19.351196
28.17326
25.94795
39.769905
19.548977
26.984982
21.3489
30.351578
28.605276
21.609203
30.30982
21.540579
24.719803
32.904022
17.872992
39.145092
18.02737
16.380629
40.166847
35.87581
32.626022
39.538727
18.622423
24.526611
40.43589
34.113773
20.315708
26.76586
27.382034
21.681026
20.05517
18.71075
40.412014
15.906881
35.632412
38.334084
21.939144
32.146378
28.515364
29.19232
32.44481
27.056322
28.187183
39.965645
24.178478
33.426712
19.320377
23.865356
15.161418
38.528927
23.024488
16.090683
31.030409
33.937225
22.51701
35.206745
18.650154
21.000864
23.741045
37.567207
21.878275
32.927402
28.689518
38.719707
38.384308
27.78333
35.494606
38.109028
33.004204
38.6265
38.702362
21.332504
31.75445
27.455427
35.57635
39.704044
37.334892
40.693844
15.760443
37.94765
29.717108
33.524475
30.179695
17.468216
36.245075
32.544273
24.669678
34.83694
32.567543
18.934118
30.498302
30.880487
22.676609
29.61898
17.68067
31.077642
15.3445215
19.740532
21.78615
32.84404
27.330866
36.172134
32.79836
33.7251
36.87483
32.777008
31.51244
22.519127
24.192327
23.643534
16.940405
30.91714
36.96539
20.627275
19.244167
18.372826
24.14118
16.187666
26.827139
23.605516
30.750772
31.727837
19.389168
36.391045
15.912682
21.42941
32.985897
37.109776
37.7039
33.919662
38.432438
30.898056
18.161165
19.016775
40.752563
34.1888
25.317785
28.269514
20.798573
21.928879
18.886465
18.040918
26.653084
21.825375
23.966093
28.481262
21.973106
15.59985
26.980577
18.893803
27.047827
26.419064
29.950363
17.717451
32.015568
32.422665
25.152378
33.633785
20.421558
34.582752
22.241673
27.151482
17.097088
19.00721
35.988194
39.42945
31.201872
29.238115
34.92458
19.070684
25.195341
23.098518
25.406073
32.152004
31.488853
23.205355
25.851145
17.850607
26.579662
30.39312
24.261517
15.686535
29.57884
24.98252
16.51286
28.620838
24.219124
38.080135
23.36253
29.032476
38.66503
33.9097
22.63826
17.94266
39.746403
36.552425
35.65179
33.76354
15.597819
38.41343
29.524086
29.318872
29.11026
19.233067
23.813726
36.917484
22.087593
23.526611
38.60776
18.856062
22.549402
16.96254
22.064346
24.885986
35.2329
26.379246
36.289017
16.899662
36.0206
29.89185
33.381626
18.37496
36.756687
24.855312
28.508472
31.96211
35.71382
22.326977
17.934242
19.005613
28.833546
23.111097
31.091
29.764381
35.78721
22.469921
34.966496
40.626575
20.890646
28.150282
16.361656
40.711277
25.954744
37.501663
34.89722
34.907375
38.265293
34.15111
31.042019
39.6207
30.059364
20.952362
26.890503
21.283644
28.101826
33.740948
30.934727
28.027308
31.26436
31.804092
27.655993
35.824253
38.370735
29.913523
24.40404
27.88079
25.9959
29.27144
35.73666
40.090836
38.392765
28.784197
31.160242
39.959137
33.26943
27.705273
22.041801
15.55986
29.750843
25.878567
19.355673
26.817162
22.53283
16.564978
37.883057
33.677696
36.97264
31.149681
16.500235
38.590626
15.659087
18.904505
28.271341
20.118887
15.86658
28.41922
24.204151
34.476276
27.221317
18.31752
36.73241
30.317999
35.89407
31.437948
23.255833
25.208088
33.682957
36.786957
38.398952
39.84534
33.460846
15.260718
24.042614
24.350023
38.63592
28.384325
22.636944
27.696877
25.510172
28.131386
19.822214
30.72566
21.719557
40.264053
16.964151
19.06861
15.300726
15.57291
18.85271
36.80495
33.353184
32.898167
36.518547
20.685804
24.752003
38.87797
25.888853
38.368458
27.91505
31.996687
27.834457
22.257315
18.240038
16.695414
32.05251
27.269361
22.500517
17.05894
38.18428
36.12536
35.22625
22.90783
26.585093
33.61356
30.892273
24.001238
16.243547
23.681017
23.602226
22.495588
24.489727
30.178183
34.875404
35.80609
34.337177
31.615818
16.133276
39.582623
32.57103
38.388798
27.530107
21.6384
39.02471
35.579685
24.883533
16.359316
38.88026
27.67567
39.63491
23.373842
37.282352
35.31556
23.005457
32.077736
39.073704
38.529354
40.81314
38.98482
20.039623
15.841029
25.776503
23.814602
15.692045
30.075922
29.555517
30.729261
23.32844
19.747269
29.265831
29.197266
26.868607
25.492191
34.75165
28.587572
31.80243
36.1856
39.51379
27.787983
21.474209
17.081196
17.863256
19.893105
33.88432
16.611973
15.607076
24.321861
18.2065
35.328274
35.37191
24.601395
24.299143
21.859726
24.532288
35.49374
18.63155
38.758045
39.63416
34.143505
16.251183
17.610872
28.190783
38.48933
18.685541
15.912606
28.776783
18.3088
28.00235
37.83627
29.457558
23.955944
21.644331
21.271265
40.76503
29.102446
15.1099
38.274994
36.66705
16.60809
40.06874
29.432093
39.276646
21.022951
38.08124
16.523169
40.408585
37.163296
28.733368
18.37566
31.514507
27.705072
25.703688
19.802654
21.014383
37.803413
35.04671
23.131203
36.590637
15.373376
34.806934
31.979815
37.622833
31.856781
27.970453
37.665607
23.614473
40.051796
15.716104
23.904741
40.199924
20.896496
16.94572
39.31545
23.118174
15.974476
23.153131
15.641229
40.40162
30.950151
38.834072
26.58245
23.951738
21.14322
24.844355
31.657791
35.659966
30.016336
39.381107
19.612673
28.280834
18.476868
26.592072
18.550066
23.375803
25.5832
20.210447
31.179693
19.82006
35.497883
17.06791
35.3649
32.60081
23.344423
22.855944
22.492165
22.934519
32.001514
22.085806
19.096416
29.091787
28.807863
21.839886
20.646004
20.742476
17.652794
18.612421
20.424425
24.11991
19.992239
39.305058
35.04156
26.851934
25.956696
37.27278
17.26542
21.91782
33.907124
20.208437
40.586052
39.863934
25.546806
34.608982
32.206528
19.147339
22.011574
27.584345
16.001589
32.275383
38.23776
32.84974
38.39271
16.270622
20.346731
23.884878
32.059128
27.91425
37.78679
17.448656
28.9375
33.207577
16.537653
18.905409
27.0586
16.539886
15.809713
25.148922
33.427647
24.162329
20.359745
19.302994
31.375605
32.741367
35.796616
29.832367
27.591913
35.0016
19.065077
27.21549
23.394922
30.766584
24.672617
19.910595
26.704386
17.067732
25.163876
29.98918
35.651188
25.414944
19.848957
17.516062
35.79259
17.809275
40.85657
33.52274
18.497034
39.626488
36.20978
30.250885
30.220734
19.11184
29.811636
16.235353
15.118996
29.900225
23.979895
36.751205
16.718374
26.712103
19.484564
25.166777
38.221535
19.17451
30.918798
35.82492
23.424843
32.57776
21.673323
18.217178
33.199436
23.302258
38.786354
39.420586
30.019722
24.636217
37.505543
25.034569
33.118946
39.753834
16.525354
26.185303
37.509697
16.73487
29.552795
35.557606
19.327913
35.6804
37.106327
34.869423
15.742101
26.215746
36.26726
19.721634
22.015303
34.970573
25.479889
37.33586
19.21543
36.987335
38.436077
20.33572
39.540333
20.43315
37.58194
17.431812
40.257206
18.47646
25.848732
33.638542
37.851585
23.738766
26.837044
38.48075
33.139427
25.342905
16.872755
22.540905
37.81642
28.253277
37.10529
36.652447
29.201982
19.33974
24.13305
24.062733
18.78094
18.395664
25.51793
19.968851
35.55428
23.202036
17.990204
32.972317
23.180876
21.653292
33.147144
33.20368
40.425465
26.946863
24.013014
26.13565
21.523712
21.887339
23.95521
35.433456
38.733505
35.467342
29.14063
30.583672
39.562294
19.061186
18.968412
25.49789
23.943434
28.803585
27.729563
40.805187
15.980315
23.024605
15.120993
29.127325
28.785128
28.973326
25.180902
39.273346
35.40994
35.48653
16.714453
35.995163
17.900867
31.745052
31.34304
16.713432
28.10189
28.809256
19.937534
33.45299
39.99303
36.236454
30.385223
25.119795
36.068325
40.75685
31.392178
30.206278
39.542225
21.721012
24.337246
17.029753
20.01879
16.830603
26.070763
21.688425
34.666153
39.525517
19.99059
37.062263
33.909588
26.324333
16.729982
37.391006
22.18954
22.401352
17.356321
38.229168
40.426857
28.732338
23.106602
26.907984
17.495464
38.252335
38.375084
32.026836
25.223682
37.64284
21.92048
23.951735
19.228312
31.601936
33.074444
39.816036
34.23154
27.749702
17.110115
20.09869
33.418793
26.682726
26.868969
21.497787
24.866405
29.11524
38.246056
26.522392
38.10122
30.530762
21.19831
15.993083
26.449814
27.316967
37.56747
28.471813
35.99343
24.967852
24.198597
32.534237
19.66521
22.611034
26.587217
37.752693
37.309654
26.85442
22.602478
18.275694
17.369892
35.74523
19.710691
38.96977
29.276579
20.495815
24.563124
26.232122
29.582842
36.554325
34.81378
21.787676
21.42305
40.584885
23.59747
38.051563
17.968784
37.97054
17.225256
37.968323
28.213575
40.56361
26.344053
20.631504
29.63878
32.58206
28.058859
20.44259
39.09605
19.786608
33.330727
22.085634
30.58764
27.372274
30.340477
18.174122
32.533966
31.36936
24.447578
15.069146
31.588514
22.772635
16.875643
25.073063
19.093445
37.10391
33.32036
33.97035
39.864925
22.661924
34.30271
17.71752
27.155369
24.32489
37.27974
40.97644
26.3606
38.444756
28.27703
17.140587
29.322971
26.108702
20.121702
28.521227
26.927383
30.842102
39.231384
22.440725
22.095156
30.688593
25.35439
40.122623
34.251553
25.526663
36.65805
34.47333
35.87589
32.46853
24.126705
32.117737
19.838852
21.235916
38.357803
30.38127
40.88995
15.518615
26.533997
25.303326
15.8785515
17.495625
23.601091
16.22225
33.075382
30.934896
39.49612
39.9895
37.30685
27.586636
39.64682
31.45077
18.522926
15.946359
26.903217
16.474407
20.88993
26.887781
23.563951
37.51252
37.532776
23.151928
34.224495
33.447784
16.646988
27.22768
37.80128
19.309015
37.858944
26.77029
22.275322
25.331131
15.43352
32.378277
38.450706
36.79027
37.211563
39.28534
27.337992
26.062344
25.00522
26.322905
17.649284
22.433367
33.58746
30.370068
23.331406
23.332634
25.382776
22.431707
16.065382
36.86465
38.49924
30.471712
38.22503
21.783522
38.837868
26.177216
27.914272
37.383465
16.673298
27.94097
17.392427
36.171715
36.32072
30.522894
35.448437
40.64517
16.28696
29.088087
25.099693
28.009716
32.649475
39.61749
26.367922
33.261253
26.315178
33.04865
29.824059
39.689934
27.281715
18.927952
36.09606
30.574404
40.056988
17.841871
33.598022
32.600136
25.988478
40.4438
29.365849
40.366306
30.412107
40.5042
38.07433
34.238033
21.25102
40.085682
40.0623
32.755974
16.977983
40.681053
22.507048
35.83285
23.700691
40.95098
32.76612
24.046486
21.537554
35.55951
37.34412
24.48164
35.422195
38.529274
21.943962
24.77785
27.008099
22.52473
29.626678
20.308193
18.440586
24.520454
29.230604
24.743898
35.421444
30.422972
36.890423
21.652334
22.212276
34.388317
37.748367
38.23096
15.005859
38.81396
40.764397
27.797441
16.440401
32.282433
30.909084
31.23616
26.939959
37.095467
25.962454
29.243975
22.034811
25.461132
27.643892
26.923134
22.848892
33.8829
16.862753
18.036833
21.537062
26.848381
32.506237
16.072989
32.613174
15.526686
26.370556
25.154373
20.830658
36.857403
33.59333
33.788326
38.560448
15.150297
40.259686
16.466871
16.456902
40.113815
31.7314
16.2081
34.610477
18.091734
36.68792
31.272266
19.356636
19.211136
38.870068
19.491182
21.443731
34.13124
21.081648
17.916971
32.35821
20.131424
16.131134
37.82641
33.26381
23.388092
37.085117
23.509604
15.231972
24.46392
40.457077
15.726904
38.224068
19.269276
16.769543
23.235395
33.631588
40.054466
33.304634
32.36656
29.08874
18.352844
15.797448
33.27915
40.74255
22.218508
29.328703
18.216415
29.198856
19.588797
33.737484
39.86451
20.958107
24.150526
19.50193
34.73877
31.313313
29.70025
30.225101
37.41739
35.403
19.662691
21.61528
22.396868
23.395342
40.16777
26.16435
33.36135
27.625288
17.885544
23.604898
34.737946
27.914751
39.67962
29.666124
39.55276
34.276566
30.063524
23.650568
32.807438
35.736214
28.430767
26.918175
24.863522
22.100904
27.078178
33.491104
36.65218
34.163937
33.153484
24.682203
17.919199
35.05282
32.831818
21.90197
33.170433
23.213
24.26229
33.613327
35.500366
15.864575
37.12448
15.780434
34.066494
24.67772
32.996113
18.097263
38.61496
24.883156
16.156979
36.783592
34.167744
17.067284
18.940449
26.800514
20.749483
25.497185
17.29287
25.964554
16.861942
21.979046
32.812325
22.62888
27.306818
23.97413
37.212143
19.352106
29.912561
27.979727
29.890911
29.289604
15.738549
32.02811
27.089437
37.91918
23.409994
16.56488
21.976583
22.152489
18.37951
28.938585
26.929628
19.885422
32.116436
23.266909
40.261196
37.605244
36.492447
28.540272
21.693548
25.799164
16.962252
17.481956
37.99247
19.598436
36.53055
24.904594
28.3467
17.344168
38.951653
15.085982
24.315248
20.575308
36.12571
39.03297
19.46376
25.31637
15.235476
38.41033
25.172415
28.481812
39.8103
27.382235
23.52165
20.716005
29.608902
38.647125
19.648365
24.052141
32.98027
17.542564
20.514063
31.400396
18.191908
32.254753
32.637753
21.06511
15.107407
36.88815
38.020176
39.24272
23.550268
33.433826
25.222395
30.766634
33.70854
30.520958
27.360422
31.242086
33.014927
21.243853
36.639103
28.153704
31.079525
23.327932
15.9720955
38.530174
35.45754
30.430979
24.221277
30.31509
24.301794
33.47187
24.637632
29.71986
27.280006
19.537123
24.197062
39.52413
27.529337
31.13634
24.69835
25.54101
16.875818
34.360764
40.726883
26.278923
16.063847
34.844955
34.88649
28.208858
31.320988
21.339739
39.063187
29.985184
30.22592
28.175282
21.908339
15.4702215
31.55245
29.92637
35.215164
19.477158
29.530073
36.187717
29.41128
21.772894
38.79166
15.525176
21.00132
20.071823
24.171404
31.389656
30.467554
23.503513
27.47127
21.06354
15.872634
32.351746
29.331724
21.555235
19.207565
27.73923
30.422659
39.765633
23.389206
28.371891
18.312943
28.220984
31.735533
16.458471
24.582144
38.199875
40.733128
31.485685
31.005554
35.177704
26.9603
28.656145
29.973679
27.170284
16.140432
32.48566
28.700005
18.778854
32.474125
19.308548
29.225851
22.522007
19.634914
21.253975
28.748772
22.385794
31.112246
24.63334
23.380995
30.43134
40.946667
29.618162
19.086973
35.77018
32.326065
25.589867
26.254244
16.250563
30.998087
35.607353
17.119293
18.793812
25.002708
26.06514
40.100296
30.477905
29.84023
27.80436
19.981064
25.186277
34.86386
36.690826
35.845753
21.922928
22.422285
40.98887
15.681306
24.74068
22.076578
25.736507
19.644823
18.637669
28.076973
32.76711
23.135536
16.747757
37.209
35.02454
40.016182
37.68384
26.10473
23.383263
31.596157
19.988735
20.163692
15.311874
22.31885
27.306402
28.339441
17.407955
28.488245
25.107203
37.221466
34.084053
25.824833
21.583805
18.078556
38.499146
25.158543
27.68032
15.828504
33.20679
17.146431
18.125257
27.260399
16.930708
22.545483
32.8097
19.259556
36.3804
28.275919
31.885279
32.271477
30.084015
21.27802
32.552216
29.790066
22.84238
39.995506
30.66589
31.266623
24.597872
31.211145
16.011147
35.51002
16.263481
29.91532
36.376724
22.384743
27.372059
15.905819
26.407854
26.412321
34.282593
32.89728
32.623394
24.74303
39.119854
26.061207
25.954401
31.888523
18.625706
16.122625
27.694424
30.592424
32.66479
28.406977
37.84737
26.26472
28.254309
27.560947
30.517044
17.517124
16.677008
35.063507
27.203215
29.510406
22.48851
17.09851
15.65216
26.06101
28.044483
26.877785
29.25545
34.75313
23.55021
36.083702
37.89885
28.663727
26.574467
28.742847
25.634
24.731752
24.471636
19.547403
39.578648
24.2893
36.220425
25.408537
38.047005
33.821083
28.81451
25.856083
18.069939
19.630049
25.529816
36.791412
31.18541
36.760788
17.145252
21.055481
31.662827
32.268635
40.507988
28.29161
29.170643
23.721298
31.71144
17.662611
22.304716
23.681065
17.59355
40.124485
24.365707
29.83958
31.26488
32.163975
38.306957
40.46342
36.94049
16.174833
17.869965
23.857565
32.47661
33.977753
16.582876
16.665192
40.702374
15.381494
17.517977
34.99605
20.889118
39.137783
32.487495
22.611963
23.513912
39.16019
33.702663
19.696896
30.85113
40.45719
33.829212
36.100296
18.865276
40.872353
15.843129
16.3663
20.38021
18.429403
32.123833
34.347637
17.56437
39.84782
16.817446
24.752016
31.398582
23.62442
40.661213
15.580002
38.982464
34.969135
21.180723
15.087254
40.287388
15.838159
17.454813
33.640343
36.27845
17.32534
23.488758
36.63416
28.204777
35.75262
25.64453
23.500307
25.297062
23.943033
39.547604
37.75961
27.113064
17.364773
24.423063
34.058292
27.336332
25.102482
25.90933
30.176176
33.96034
37.94189
36.056183
35.106533
20.479658
16.246666
27.434345
40.48109
29.961798
40.761223
37.067154
31.850096
22.687725
15.991016
21.240526
26.625952
36.4261
22.391756
20.155657
30.860558
20.34565
16.241663
23.85952
21.450054
15.072114
18.775917
29.921555
31.847174
34.46062
40.930035
20.920511
17.910137
25.281301
36.869007
33.963734
18.128393
25.20539
34.371582
39.181763
27.13934
17.231104
33.09419
17.42442
29.186468
18.002867
34.756496
37.230236
18.9682
24.354614
20.370842
19.549206
15.188045
34.847183
28.78014
25.669655
33.0405
17.071854
27.974098
19.333172
37.853474
19.056528
33.921124
28.117226
27.15678
38.237972
34.98334
25.823349
36.557705
26.153038
25.374737
20.829435
23.978308
25.25368
30.577553
33.147896
23.045578
24.06509
33.149593
21.277172
31.72436
30.28321
22.93522
26.842241
40.644257
30.347288
39.33532
34.490494
26.995575
22.525173
32.996727
26.542564
36.355724
20.61346
40.04904
40.493374
34.356243
22.981525
37.846928
26.616879
34.712063
36.87799
19.06854
30.648708
31.8083
28.670074
16.975811
40.804058
20.776367
21.000776
28.659872
29.23394
15.789861
21.725739
27.175028
21.431105
38.172115
22.931147
33.607227
17.067566
19.831116
27.335936
30.32806
28.278996
26.523767
35.946037
38.952908
18.506855
17.500366
34.95538
36.85193
40.667366
21.19146
17.577742
40.455173
21.637123
36.773056
19.745611
16.048159
34.828403
18.682566
37.426548
19.27182
31.972815
39.456566
21.684576
19.120892
19.14025
39.622944
31.55358
26.877249
20.490763
35.803635
38.291557
31.119902
38.290165
17.670702
27.649157
22.720894
27.315899
26.94715
39.41277
36.56637
33.937874
33.255276
21.671957
17.634789
38.87976
24.28922
29.012945
36.019188
27.949299
39.524628
19.154343
16.498085
16.872055
37.477226
33.418217
17.339651
34.77106
28.383406
32.86912
40.166344
21.805676
33.099762
31.955585
21.912312
26.016047
31.004837
17.053072
19.173414
16.515383
28.7352
34.434334
36.579823
16.830328
29.699207
36.882557
34.213703
33.410553
25.485779
22.414658
20.549593
38.11178
20.521706
16.396503
32.912655
17.80224
34.629925
23.708838
19.030043
25.150696
30.502472
26.562094
30.893248
18.12492
18.525707
24.060274
35.854298
23.762705
29.881647
27.67848
17.646336
22.373163
40.398193
24.445692
19.84912
29.484316
24.23223
40.813797
16.212616
20.573626
40.143524
38.945824
40.206882
29.901396
19.853582
39.470848
24.184069
21.612593
37.78253
16.629889
30.618414
20.680895
30.318361
29.1767
38.032673
19.239462
38.69671
15.399168
22.424536
