42.29549
45.873478
38.222015
39.63339
37.399086
52.062263
49.59314
53.154335
41.98213
46.251728
50.68801
51.857807
42.59697
37.22747
43.512928
46.601334
35.41431
41.597477
52.410347
46.398727
52.973213
49.909492
46.785606
44.641987
52.548504
47.31775
43.876266
52.83107
55.830933
50.562878
48.156258
54.00735
37.1357
41.18215
35.56559
52.443306
50.28191
55.67676
55.261436
39.65342
35.618412
45.828697
55.99734
44.460392
47.410805
50.481777
54.554836
37.675884
37.949844
48.87982
53.875294
41.936466
44.29326
47.08941
35.669777
44.37315
52.511055
52.125572
36.32074
38.08682
52.66853
36.145798
46.831844
39.85211
36.551823
42.48105
55.43077
52.078636
37.31755
47.33207
43.184853
47.821274
43.83106
39.675095
38.650314
53.5501
44.447147
35.29314
51.143555
54.46572
53.38253
44.87729
51.69626
53.377346
49.631195
47.827145
43.136242
55.548428
40.58165
55.720245
55.021904
44.458828
47.1095
46.41741
35.350624
44.132545
37.93914
45.424313
47.060066
48.53657
46.4952
35.439068
44.3462
50.569054
43.297367
39.98159
43.73304
47.32393
47.19145
48.622307
47.646423
36.64445
37.355076
54.606434
41.967808
43.4593
45.068165
50.604324
35.673985
39.03292
41.69634
54.909374
36.204666
40.055378
47.199646
47.652
37.642387
38.44752
48.74954
50.50151
36.13764
47.86343
54.7138
55.88728
51.267246
44.134975
38.35205
55.986435
39.174904
45.322205
42.05381
42.597378
42.410416
48.608517
48.846558
37.5467
42.35753
53.010902
50.20298
45.461765
39.02042
37.763416
44.88465
52.581844
36.724823
48.275818
54.673565
49.778008
54.98228
36.769615
43.363567
39.10504
37.364544
39.05016
51.310352
49.01847
46.74017
51.386097
40.17182
39.855373
39.636272
54.13656
52.209785
47.299927
47.80608
42.591442
41.669518
55.332783
49.306217
43.471848
46.305424
40.5981
43.517845
35.67518
48.079132
48.212715
45.581734
44.143574
47.420483
39.789173
35.659737
50.18437
51.21252
38.847504
35.283875
49.177834
42.838253
35.850307
37.808994
46.37007
51.209965
47.811504
46.646183
50.36795
38.69122
43.801144
41.521492
47.0281
39.217022
45.697025
42.478073
38.66348
46.719585
52.218426
40.71988
52.87868
45.174946
54.6181
52.68103
44.889145
51.200058
46.405674
38.897453
46.87954
40.1505
47.12908
54.355988
35.81319
42.095608
47.549976
53.001045
52.116894
54.88091
49.515167
35.99004
52.834675
37.727047
52.447964
49.10619
45.168953
41.459724
42.661797
36.460903
40.809284
46.517166
36.63294
44.247906
36.086388
39.33942
35.960037
38.847313
37.783123
48.60822
41.985237
47.020313
43.384373
36.076492
43.954926
45.283688
36.654102
41.40355
39.15783
39.80838
54.690674
52.49479
36.693836
55.347305
53.030376
51.334137
37.3992
42.765133
47.944332
42.19295
44.981884
53.716316
35.805416
40.400806
37.605545
52.89753
48.289486
40.57164
40.001404
55.08684
39.2192
40.29297
38.684288
55.87433
54.058846
37.806423
52.00255
49.58743
51.425114
54.134567
39.560997
40.41925
48.49138
42.442017
53.021996
54.179203
55.832043
48.158092
47.41168
55.40264
46.078686
51.53376
36.836857
39.77991
45.741184
45.857414
44.95252
39.995003
43.684666
47.511997
41.610764
55.10022
54.047165
48.42022
42.869087
44.49561
45.832935
42.195244
54.939182
54.430504
55.022938
35.490807
54.717045
36.699535
44.806602
46.627857
40.251015
54.866405
41.45802
53.56408
46.87636
47.916332
51.454834
39.66801
55.773468
35.71147
39.669575
47.561474
47.391113
53.00369
46.850864
55.501766
43.51726
48.045116
40.155926
41.3896
35.776844
55.029278
45.195873
53.509003
46.989185
41.694244
36.91196
39.532413
39.127586
52.424187
43.613316
37.157
46.589043
35.09674
37.67602
55.97765
46.1045
54.741085
38.72823
53.847454
55.89803
40.79517
38.62775
52.028366
48.63821
45.380497
43.176033
48.892693
35.315525
46.54894
46.306503
52.80029
43.426865
46.89844
40.435402
35.0469
45.75142
42.303215
45.769753
45.45584
40.561924
50.75869
52.62964
36.26812
41.330894
46.502876
50.261135
44.47556
47.86374
40.642963
39.19121
46.636765
49.318787
48.48976
36.907574
42.517693
46.75895
49.682343
42.53389
40.60653
41.72052
40.97153
40.21505
53.66682
43.781685
50.22312
36.127026
55.013382
47.266624
48.8004
50.382576
41.12218
35.030685
46.990486
48.616573
53.51846
49.737915
44.55001
40.70383
51.626583
41.164284
35.763184
50.88728
45.410652
42.83832
45.62877
54.576084
44.186607
39.765354
40.92256
43.21067
53.944637
50.07245
41.917885
35.885857
39.884914
47.1582
51.4892
49.87329
38.64017
49.334805
38.172417
36.790894
48.83546
40.009453
37.510433
48.929787
49.218384
41.167873
38.673588
35.167965
54.582344
42.295002
44.912033
37.97533
54.100906
42.895916
37.870693
48.246044
47.49311
36.46497
36.17739
43.0819
46.64755
48.09162
44.000816
37.194355
40.947304
55.888786
52.467377
51.29301
50.558388
38.08262
41.92469
47.68488
51.370995
43.91239
39.044247
41.321354
50.115974
53.45486
37.666977
49.6988
49.418125
36.10957
46.112846
40.34392
44.19347
44.75994
38.399193
37.096413
41.849392
51.55949
52.44239
35.039146
50.204517
45.88336
36.853664
49.720123
49.90953
50.232456
50.382095
53.26056
36.42058
42.78075
53.40667
38.049923
49.25368
45.81589
49.133945
44.991512
39.33157
49.53914
42.319164
41.680984
46.723698
48.56261
36.395927
36.475536
55.975525
47.970245
40.873295
45.14288
54.525146
42.99341
48.738903
49.66677
41.413124
40.19286
42.392998
55.829906
42.605797
42.535976
44.3305
40.395096
52.772816
48.9113
45.387
51.06213
39.28633
37.43219
53.869305
50.890446
40.542362
52.347054
43.30247
55.546604
51.444134
35.495815
40.842506
42.560844
53.03254
35.03053
39.627575
48.758354
47.800884
43.552624
41.470478
35.168694
50.18881
46.910076
52.3313
37.01061
44.114758
52.644997
46.951397
49.799847
40.176743
42.485172
55.878746
42.23384
40.327988
53.333015
40.869278
51.27
39.416954
53.9209
45.31022
37.733147
47.970634
49.674084
42.878674
48.862938
54.995358
39.350735
55.122364
55.44349
52.37126
45.71309
36.02935
36.545147
41.624474
54.824623
54.939663
43.452316
53.475353
46.565197
38.344162
47.051353
42.581657
38.60944
48.214554
44.80914
40.322247
37.423214
38.513466
53.48548
36.29993
55.79882
54.44445
55.891537
53.481342
35.071655
45.81934
45.33162
44.537254
50.439423
38.643944
40.847168
53.998394
38.739452
47.65285
44.019444
55.300034
47.63063
46.060497
37.881294
36.65264
48.37341
51.237713
38.438732
53.94659
52.304745
49.37188
46.409355
53.575584
50.66438
55.42356
36.047394
41.146427
51.644665
49.853603
40.344135
50.532173
46.40824
55.662174
52.46763
47.62102
50.346157
55.25473
38.037037
53.415188
51.033672
43.52988
35.714714
55.84199
52.181652
45.37021
38.642994
50.75359
47.378757
51.409454
41.452927
38.112362
53.572674
41.548157
38.928562
36.285656
43.048492
46.194775
35.92319
52.706707
36.127903
44.62023
55.792744
50.897617
53.935158
48.131546
52.43693
50.996025
55.353897
51.99348
43.019997
47.478645
50.73365
37.157333
46.58068
40.733013
44.99553
54.891907
37.035072
37.492928
36.533783
54.35421
39.52597
37.92365
53.713146
47.986015
52.679115
38.319645
50.82155
50.377293
52.089054
42.96073
40.053474
46.89867
53.276615
38.66158
47.471455
45.972473
51.434956
50.945282
36.92136
51.32549
51.512707
36.573196
40.561886
40.946552
53.57042
48.37149
53.009285
43.758083
45.890385
41.908943
35.09558
37.20318
47.020256
37.601074
49.891785
35.048454
48.787125
45.24256
41.957195
42.707733
38.331635
51.80272
44.741703
47.302757
47.380466
44.55819
40.690056
54.494568
42.30085
44.282528
36.875423
55.84277
37.962116
37.26401
52.924088
45.07978
55.067097
45.38112
49.584003
43.223335
48.41001
37.329304
53.536938
44.892876
53.467762
40.36326
37.957306
50.54406
47.83798
35.59557
39.88036
40.590572
48.299812
55.975727
48.658154
53.54351
46.692482
36.562622
38.653893
44.365986
35.381756
45.599293
35.853497
42.214264
44.81594
37.200336
45.257812
43.61659
50.56075
50.17046
44.75971
36.927036
36.24624
49.5869
42.70745
49.584084
36.059345
46.2989
51.508915
52.302177
53.771866
43.424313
42.440887
48.82959
49.806465
53.25622
55.29353
46.31683
52.512318
46.731922
52.60202
44.657368
52.647053
46.76196
36.995914
44.386036
46.043198
39.268787
52.631096
44.850338
46.575027
51.74252
54.760254
45.40604
52.83559
55.485634
37.244682
46.33078
40.38398
35.488846
38.213665
35.998127
46.02925
37.05722
51.137173
51.60934
38.38021
46.888634
45.293556
45.4412
41.809116
51.29582
35.98578
52.135777
43.05262
44.65885
49.888298
53.031456
46.904697
47.996693
51.591095
44.914623
46.843964
38.75431
55.7482
47.85738
52.981834
54.51627
52.23527
48.999107
35.41801
40.37815
35.37385
42.22839
39.94641
55.133846
42.58979
51.726562
51.067177
35.269955
37.838856
55.245377
39.42951
44.99755
35.754894
50.80866
55.155098
53.19728
37.75397
46.251408
41.97355
40.205406
39.262707
48.6397
47.73872
54.826424
47.829704
35.15095
40.68897
40.82223
48.126072
49.4363
46.76443
55.398163
35.744408
42.8358
47.40093
53.88318
50.26512
52.07165
38.482758
48.88428
52.274834
36.206074
48.555622
36.684685
54.893635
36.717777
36.976135
36.550644
37.896305
46.52448
41.405685
45.913628
54.69722
53.658962
38.94435
49.102615
40.3094
47.09222
44.244255
43.41543
47.8853
44.889637
43.142124
35.838585
47.600258
42.48475
42.707207
53.651955
41.449
42.36009
36.113358
45.487396
53.991566
49.835682
49.4131
50.14994
46.20694
47.98317
40.116657
36.655468
35.39114
35.90716
39.460358
45.49072
37.470924
39.765347
51.38657
47.05935
42.195263
46.93492
54.551212
45.642082
49.413643
49.67539
38.125122
48.969543
55.05373
38.48637
38.76197
38.682995
51.47035
54.113903
46.868176
41.541348
52.55367
51.819946
45.22909
46.221996
37.35654
53.09707
51.121124
53.9585
52.02913
44.484035
51.27064
40.060036
48.53376
47.51782
42.40848
53.565384
36.953526
53.143734
52.712627
35.89855
48.205418
49.09776
50.131866
52.413666
46.62192
48.873745
42.439777
51.143513
50.17478
52.893097
54.88093
38.899006
37.0802
47.405663
50.440273
39.106327
51.147106
54.46788
38.09178
38.41376
51.508156
55.067974
49.863953
43.152233
55.307945
52.09779
38.197372
45.19135
46.513542
45.406994
42.86356
42.597126
44.259674
42.617825
46.66447
55.768147
49.044086
40.727085
36.23853
38.403442
44.648273
45.777103
44.561653
40.73864
42.874527
42.03838
42.150845
49.976013
52.06237
50.2141
44.55292
53.729633
38.875694
39.150337
55.432552
35.6086
37.03661
52.415573
50.46145
51.769295
53.522667
43.89939
48.254364
48.381886
54.24136
50.272495
40.797977
35.476814
40.349014
52.748947
49.17497
41.563747
40.19077
47.096233
45.89841
51.74848
55.304214
39.25009
42.840553
44.812572
45.05126
43.208282
36.56514
47.865917
39.221203
40.10117
40.854053
51.734364
53.38243
39.466835
40.356586
54.20228
54.851143
46.794643
49.58367
35.594482
44.89243
40.34345
45.9196
43.95221
36.172424
50.08941
43.930202
53.23476
48.539833
49.41311
38.009098
41.56131
44.930912
43.79693
40.32268
45.49676
53.56405
55.370964
49.089596
48.78091
39.6185
51.619385
52.461926
39.702026
45.276257
53.939026
55.66312
55.52394
36.346992
36.028217
54.581425
36.98999
39.692986
51.276077
35.718006
50.94765
55.324337
36.421276
40.245197
48.56448
38.344265
41.754124
46.943157
39.439003
49.890224
49.04686
38.952076
36.149418
39.838455
42.21463
43.60227
50.428467
41.31815
48.432972
42.066013
42.204674
40.01575
39.067833
37.212566
52.20805
36.840885
51.310013
46.841873
44.702713
41.772415
45.84843
35.422554
42.179306
48.606457
45.26527
54.56629
42.51691
37.887745
54.090874
38.733376
45.207127
53.52161
50.61739
53.083138
42.722263
40.435806
43.637634
43.95822
51.00508
54.18985
43.249187
40.223026
46.359303
46.614014
55.743633
50.5644
52.728096
49.40103
38.387054
44.90657
50.461994
46.070515
43.590168
50.292564
39.198254
42.879562
52.565228
44.940712
47.400368
54.062454
39.071617
48.697613
50.439484
35.248253
44.263237
42.777832
49.838726
55.027157
45.968174
46.50584
54.446945
54.414806
43.95475
40.75707
48.860138
40.39823
40.86792
39.93281
38.366856
53.83806
38.556187
40.597404
49.05806
35.748627
48.4515
41.356564
40.512573
38.38089
41.5133
50.162056
35.645817
38.592728
53.00271
42.990574
43.89271
47.706947
50.01405
43.763718
48.88478
45.429424
38.258213
40.45111
35.177036
52.428123
37.066036
37.530132
42.381958
36.85828
53.959766
49.363464
55.275955
54.459904
47.426785
47.59959
47.057823
46.850777
44.722137
53.401566
51.9594
37.291508
51.62514
40.165833
54.835175
48.508667
43.080048
37.405563
43.190826
47.127987
36.562096
50.641922
49.34974
44.89152
52.82744
54.471878
55.10216
40.111183
39.42928
45.462605
49.2334
44.7454
46.012268
50.160244
38.785446
39.07668
46.933426
50.29468
55.770714
49.214794
40.200222
54.2123
38.326996
35.5537
44.0651
44.674942
53.979637
54.869785
38.87053
53.426243
47.75981
43.965034
39.89995
52.345173
53.417095
41.630486
43.057194
40.582085
49.860058
48.23402
50.17075
42.803783
55.260292
45.420788
53.598972
46.562023
41.96338
48.255577
42.598606
41.843582
47.46448
42.633465
51.611298
52.06049
48.22682
40.938354
45.22143
35.095203
51.047997
50.738636
55.043472
37.52839
39.01217
48.77502
35.208187
51.8458
35.805325
35.61762
39.43444
36.246044
40.316437
41.14772
49.896976
44.65238
53.998985
40.454254
41.230343
39.66942
49.42537
39.825733
43.045418
46.51954
42.831043
53.265644
53.277225
50.444107
50.21562
54.362347
43.531475
42.660854
53.74498
38.404438
41.352093
37.731647
48.781513
44.348015
44.9931
49.113728
54.858723
37.61462
37.845695
37.742695
55.312073
47.7268
47.144917
55.727036
54.079643
41.472843
42.9602
38.62155
48.39416
52.633125
44.760265
42.291172
35.70228
51.297394
36.035152
50.076622
47.167458
35.45592
38.55686
50.830048
48.539536
42.856728
47.864925
49.401302
44.007126
47.087116
42.474373
50.324516
53.888214
52.459705
40.120968
46.77986
38.659863
45.561565
46.082165
49.386806
49.879597
44.259483
36.242153
35.022804
42.009212
39.545437
43.105537
35.65547
49.015865
41.853127
50.406452
35.12627
48.89583
41.380066
53.3087
39.930386
36.943184
46.508972
38.447273
55.300022
47.668526
47.638325
49.222782
40.317337
45.762184
46.603764
36.827724
38.358505
55.3919
39.40053
40.457146
35.9017
39.426632
50.1016
52.036068
45.61957
46.886257
41.70696
48.58232
36.720795
49.031086
35.156734
45.01566
48.705307
50.0257
55.893906
46.822777
37.054405
35.038326
55.172215
45.492664
49.889614
54.97005
40.770435
49.04789
44.302994
50.747284
46.896458
37.31481
38.886986
41.256542
39.84279
54.79931
51.973164
47.552338
50.38975
38.16449
55.22702
53.926872
53.04347
45.343082
39.539898
53.794674
42.942703
46.259426
42.60926
55.115585
54.67208
41.984753
45.205097
36.256557
43.278698
35.90428
47.882805
38.775417
39.504925
54.135746
47.821934
39.59926
55.6224
42.006424
41.54532
40.46549
47.280373
43.869324
50.5046
49.295403
37.46628
42.91911
48.905865
36.378056
37.0171
38.95438
49.69292
36.856594
38.11727
49.225464
47.3062
46.029636
54.87213
48.60536
40.6914
42.407005
51.355503
55.326427
35.04497
44.292294
52.49581
50.436584
47.95225
49.90377
54.78723
40.946022
52.89943
49.690845
41.090668
49.359276
47.62188
45.554962
41.72392
46.917187
49.38909
47.141785
53.63124
46.40954
54.120407
46.235905
45.66955
39.86149
53.175976
38.559677
43.95188
54.74558
38.77373
36.954628
36.74819
41.625946
50.245914
37.006866
45.65957
53.3025
46.767693
55.667213
36.653812
38.59031
39.76543
35.312195
37.07878
46.84286
43.943836
38.993893
47.954445
52.20802
54.758747
48.334606
55.685406
49.391357
38.20631
55.63655
49.83266
43.39416
43.999508
39.297314
39.73681
44.29187
38.55947
47.54855
44.59441
42.623684
41.761616
49.86842
35.054985
42.375175
50.04567
52.15754
39.52831
41.853153
49.32384
39.913666
45.169918
49.975586
35.102776
36.192142
42.947304
50.629368
44.37269
40.097183
47.280132
36.784813
50.111
51.913193
53.494854
51.998047
35.69801
49.755974
50.73745
40.781334
36.14849
45.80038
48.047554
40.07593
43.82598
41.723904
38.01305
48.72354
50.225258
40.995075
41.796345
53.39954
40.483887
42.031006
53.351784
51.944946
48.515
55.05006
47.33824
39.413914
53.04132
47.65389
37.571842
52.439728
39.354275
43.78702
37.86066
41.714546
36.32226
54.742992
41.716766
51.47692
43.02864
41.312534
45.75038
51.90587
43.432617
55.00249
50.51685
37.2315
35.615223
41.49334
50.20914
49.189526
35.49773
52.148647
37.866943
35.170647
38.4013
53.4417
47.70794
42.045696
40.454388
50.622353
41.777744
38.183495
36.648357
54.811592
53.362022
36.620842
53.291874
36.981674
51.507534
37.69263
46.721275
54.95654
38.558655
50.685013
41.386585
42.650173
50.831436
46.235603
46.852013
44.24987
46.419636
45.27216
45.824738
45.946796
41.655228
49.25478
38.057457
52.118153
38.93064
50.366566
38.857704
43.57305
45.430714
39.08376
44.980915
37.588627
42.819405
52.24885
42.88454
38.983368
43.079723
37.3687
39.67675
55.401375
53.514767
55.36466
55.60615
36.31431
50.383717
38.41276
49.60776
53.987034
43.76862
43.829456
45.24573
49.79847
48.046093
42.182026
44.374783
52.860863
50.772804
55.932625
53.979923
38.83887
36.88416
35.961113
40.948067
45.233856
47.852962
44.25417
53.97528
41.169544
52.857883
40.8968
53.419933
47.89178
47.07138
39.257324
45.674545
46.77819
44.892338
50.917923
43.548313
53.642868
44.32087
47.470333
53.227264
42.516594
48.701023
53.769848
54.610588
45.88495
53.741703
44.62067
55.209297
53.57467
45.06693
35.15179
44.337376
51.09281
42.543636
51.335007
41.02573
55.243855
51.28852
40.195232
50.945717
42.27658
44.56506
53.268196
52.641727
53.64564
54.747562
35.77178
50.54122
36.71187
43.151295
36.774536
55.535854
51.35106
53.805904
36.368687
45.408714
43.49252
38.184093
38.484642
55.020428
39.066864
35.48818
37.520367
45.960884
46.706673
45.344315
49.401154
39.323368
54.814198
39.657494
41.034126
55.364517
47.287006
53.93989
39.376583
50.07613
42.275562
44.641155
41.498466
45.113754
44.835846
37.881046
37.086617
35.10226
43.235806
44.513405
37.812157
41.070026
55.976
35.63482
37.86208
46.65103
46.292984
42.49225
54.722454
45.7381
40.028076
47.240955
41.992897
51.470787
37.26481
47.15738
38.610634
52.797787
49.06501
47.721146
48.367355
52.36644
45.966507
37.446266
43.013245
37.160908
42.644714
43.46366
43.559856
50.135727
52.285873
35.635365
53.61724
40.072945
51.77146
40.41546
52.730537
52.028687
39.73126
54.763565
46.71739
54.029
37.886925
50.163715
50.949993
44.12495
48.87831
49.204876
40.374115
47.52352
36.941593
55.23887
42.812378
39.27333
46.391266
44.347313
49.760204
54.903408
49.847332
49.221203
35.450207
44.488255
39.54449
38.585167
52.434486
51.843925
48.861908
41.48296
55.31406
48.94761
52.420166
53.08152
53.530937
35.21706
54.70623
47.648087
49.330593
54.98646
47.207798
38.008156
52.101353
38.371773
55.465115
50.10156
41.301983
53.73123
47.28141
42.219868
51.09996
49.095726
47.57231
44.130375
37.66026
41.26885
51.98013
50.57014
48.7482
54.77798
43.430637
38.52826
42.93962
50.49539
52.268024
53.32533
38.267986
45.542248
42.467922
52.746033
46.5802
53.038795
41.6989
35.38429
48.221725
42.370148
51.679626
52.91976
36.92639
52.900093
48.361885
40.260532
50.947342
54.484077
36.95885
47.35868
40.53317
47.707775
50.73359
49.033924
54.826637
43.509193
48.764534
42.324932
43.143555
42.729767
44.61255
49.728947
50.37524
40.18404
35.928658
47.18711
52.95061
35.03758
50.561844
47.82658
52.392426
39.63932
42.653183
50.279728
47.007164
37.467133
45.53558
46.86682
44.6591
41.51444
39.997536
39.05053
50.896606
49.270836
38.61506
54.348854
37.92222
39.431213
55.407406
38.327812
40.02801
53.605377
54.030434
47.38593
37.153908
42.594406
51.085667
40.789623
49.16886
43.24984
41.893547
47.822
55.32363
49.538544
36.25617
44.967033
42.07865
39.198597
36.31787
41.76706
43.17159
46.290546
42.621178
43.363384
43.35671
51.023605
45.851192
50.75835
50.72169
43.467762
38.563286
39.521626
52.86741
38.150517
48.3969
37.00433
38.52241
46.080853
51.89255
52.12173
45.356167
41.44326
48.049667
44.418514
42.853725
44.061146
41.18961
48.440224
48.119446
50.741516
51.521233
37.40024
39.388462
53.781914
48.045628
48.753887
42.842014
40.24569
37.082165
38.56931
52.046356
36.09316
54.74978
39.519634
51.96486
41.893898
36.195297
37.911564
51.029076
46.639404
48.225105
52.41259
40.196884
48.125454
54.266678
54.042522
50.27447
55.480053
40.2635
36.55443
44.033802
44.67547
45.189774
40.545937
42.81838
54.281834
51.36059
38.514004
44.397415
38.29501
54.60877
49.59445
47.802246
45.60281
49.70135
54.91226
47.758633
54.541397
43.076653
41.309315
44.114815
39.037613
52.097157
40.713497
48.35743
44.033195
39.53394
55.566196
53.90621
37.24329
52.92512
36.535015
53.38311
39.81434
41.78383
40.204155
35.462696
42.11538
40.370457
47.55714
43.228107
52.722023
51.88946
41.844753
48.180325
53.63373
49.52268
46.865715
38.178596
36.90284
51.66924
42.7784
44.62584
39.14759
39.12636
40.309013
49.155247
52.871704
43.715782
55.62489
35.92308
45.11948
35.037365
51.201202
52.367325
46.758064
36.61451
42.72524
37.95316
40.59743
43.68512
35.45429
48.993515
55.63401
47.287445
51.47179
51.106678
52.935043
42.09194
36.97064
45.25266
37.06873
51.638157
38.033653
37.57635
48.52898
41.250046
37.378094
45.47775
38.30388
50.92355
54.184498
54.42818
45.59337
35.907047
51.439716
51.05642
39.6944
48.5283
49.189743
54.93959
48.240665
37.06078
37.720154
42.351265
51.30932
52.067734
55.960133
51.942726
47.38848
52.714176
39.340733
51.96321
38.837013
52.99491
44.92882
40.161232
45.26199
55.69101
50.905224
43.95125
37.18958
46.13769
36.35887
45.778778
44.511322
45.563232
36.92839
53.87182
38.45069
51.841602
38.03832
46.7276
53.21357
43.990788
49.34929
41.75111
44.061623
45.644226
52.56974
37.43539
36.27892
36.024563
39.961395
49.35358
46.389854
41.65695
46.711433
55.018745
43.0304
43.17335
39.841557
40.35993
46.07486
35.079826
53.47717
52.16151
52.976826
36.285557
39.109833
46.317856
48.795597
39.525326
36.9516
53.16628
53.048454
52.54646
39.602222
49.47888
53.354183
40.07678
37.028328
47.917316
45.814846
46.141766
44.288338
46.884468
48.220367
45.257275
45.527695
49.74322
50.454544
36.388294
46.516033
52.31476
38.931255
48.33481
36.401257
55.417576
37.496017
51.38254
45.415035
49.96322
49.990883
49.63944
52.980076
49.78588
37.599453
42.46788
35.041603
44.95044
50.16411
44.818264
50.47376
55.757053
39.89891
55.071243
46.09625
46.0404
49.309395
36.20398
37.177357
46.647766
35.674362
43.71001
51.296535
52.172466
53.145008
45.722805
55.093086
47.117924
43.373177
47.219917
54.73702
35.672382
50.59316
50.01756
49.923985
40.18553
40.25054
38.504745
39.818317
46.255608
45.596603
36.71166
42.646416
38.05925
46.1484
49.358578
43.577385
40.186176
45.552254
49.989838
54.118607
49.776947
43.18236
42.16142
42.500996
52.204468
49.756348
35.921364
37.432083
40.88846
50.356224
55.498947
54.154457
52.087074
44.505642
38.20151
35.96319
48.670914
47.373528
43.00717
45.207634
50.952126
37.74923
40.237095
55.331604
54.614864
35.165756
47.99279
39.69025
40.673298
45.435505
35.751865
45.722954
40.16949
42.906654
38.63003
49.558548
48.015812
51.948742
54.33748
39.282513
47.985226
43.532257
35.784737
42.905323
44.357693
35.279907
41.625896
51.537064
55.141975
39.03608
36.766514
44.395332
45.109596
47.82617
45.008953
54.051914
37.101334
36.059097
41.55966
47.758186
45.196434
54.963688
48.080902
36.78011
39.370983
36.543964
52.33376
55.420654
51.214134
36.78815
41.22967
36.810886
37.119614
47.47303
48.284573
40.6105
35.12478
44.667667
39.052673
36.474373
40.230606
55.95971
48.106194
52.513836
38.603424
35.502487
54.52291
38.009613
45.53279
47.212704
41.645054
39.318035
53.399853
46.836113
45.08116
39.25287
52.196556
43.142612
39.53673
40.22223
43.328598
42.21229
40.080044
39.053326
46.533554
39.63048
53.87622
37.747437
37.75045
42.422504
55.255714
38.37316
35.688354
40.727814
38.22251
47.92834
42.658764
50.53837
35.153015
50.279026
46.960262
36.30754
51.488224
44.218754
45.733875
39.87358
48.67982
53.28199
35.743584
47.93555
54.515133
51.192783
39.978844
48.269894
44.216366
37.732964
49.3247
36.982235
55.386265
35.373764
37.799835
49.351643
50.95539
48.230633
54.02411
41.243652
43.775475
44.77296
52.64447
53.64339
38.398777
46.248928
35.421837
50.591763
41.88516
45.970066
51.561317
36.695175
37.186577
52.441086
41.654392
40.42335
37.772995
46.817562
55.29392
52.60995
37.684143
46.327305
55.021637
40.927097
55.118416
48.10095
42.772545
35.617706
49.003128
51.32302
44.391792
41.438362
51.72961
44.736843
36.117035
36.590782
55.382206
40.314907
52.14289
38.401215
37.341873
50.34107
54.513935
50.644993
53.103237
37.2415
48.628933
36.707233
50.50805
40.24866
50.581245
46.22099
41.368675
39.38562
48.409077
50.430584
38.631836
49.31789
53.084095
55.290462
55.815987
41.335503
42.728065
49.22898
47.444794
36.100315
52.11454
42.58168
44.59491
47.82177
42.986263
53.929955
39.47776
54.208893
50.09886
53.968925
43.18326
51.887196
52.187496
44.072044
52.32752
37.966164
35.24555
36.42032
38.36713
44.096336
38.60304
38.420414
47.769463
47.66459
38.297356
50.1486
51.06123
39.74204
54.14002
42.72644
47.017063
40.02101
39.700596
44.85938
48.89515
53.2559
36.152466
47.250744
39.67888
40.65731
45.55507
36.241394
39.741352
38.279625
54.683395
51.81929
41.213955
46.68929
46.957813
54.09329
51.610634
48.104404
50.376072
38.432026
48.93632
42.755768
44.604004
36.731476
45.590897
36.435303
45.542862
47.69357
50.86944
36.070007
52.75829
40.573605
44.754917
46.687668
52.129868
37.585564
37.0013
42.325394
43.95981
47.042126
53.21302
52.272625
39.565666
48.350143
51.741055
43.537502
53.074223
40.18255
37.736313
38.578697
36.732414
47.504074
37.62785
49.15449
55.555973
46.640873
39.626358
40.606525
48.54763
52.253117
44.592743
40.01795
38.03413
44.894753
48.756996
44.463787
39.89489
39.826134
40.324413
42.006123
54.585045
54.882904
53.964153
44.177307
55.89176
43.498432
53.53948
35.441666
46.305096
52.427315
38.20938
46.52938
48.733223
39.32395
43.20822
41.595818
47.046875
51.092762
49.192913
52.8754
36.598873
52.845753
47.036434
39.871193
38.432003
48.378155
40.342045
52.149723
49.362217
38.30439
54.754246
46.495037
45.50391
42.38432
43.35059
43.51691
35.090252
54.11366
44.012676
39.80516
40.633858
36.352615
41.695198
49.375298
53.571747
45.623287
54.938656
52.460426
47.543476
37.719048
53.80433
42.66995
38.36235
42.438072
37.649403
42.157932
44.557095
42.578354
36.805656
53.72205
52.08496
49.81303
52.276802
39.688854
48.447147
43.702545
46.027687
55.031723
53.97351
52.894016
41.302696
49.415024
51.485954
42.508545
40.68136
46.76136
51.89853
53.823456
37.255756
43.498234
35.567112
50.61935
54.397438
35.85643
46.362724
45.98061
36.070812
39.464333
40.509857
50.913322
47.545433
48.01085
40.204895
44.87599
52.661358
45.934116
37.90957
40.206074
44.509884
43.93393
36.000416
48.469383
40.506016
44.60309
39.147823
49.959538
51.349747
36.62592
53.396606
35.93109
55.29981
55.80206
52.425163
46.662743
52.516693
39.619194
35.87126
35.115845
39.970917
46.22066
54.92994
38.778767
54.558056
48.392097
46.652622
42.26897
41.613792
51.62581
46.506474
50.402493
44.980286
52.41252
45.789047
44.734337
38.139362
52.657097
46.435825
47.02362
54.69861
38.51816
36.6067
45.683586
48.69312
50.031223
47.19248
51.039505
55.748737
35.590576
52.04353
37.1362
52.14186
55.737434
49.29015
38.912342
40.186356
45.730034
44.59778
40.789936
41.179913
37.056007
54.580112
36.11523
43.350224
48.38816
42.87937
47.43116
40.855526
44.48185
47.61519
54.261658
47.914627
38.165478
40.002407
47.944603
51.568325
45.88521
41.942818
45.062904
46.406986
41.230793
50.307076
39.192066
49.838535
44.491524
42.440384
51.007942
41.116386
39.56955
41.149223
40.279625
38.39877
55.5125
53.056137
44.910324
38.568836
52.518074
39.745953
54.98285
37.409176
46.510338
54.568966
47.71663
37.99499
42.290855
48.31541
47.349586
39.846718
35.827267
50.230328
48.220936
39.466183
50.457806
35.99914
44.7498
43.36936
44.662315
51.401577
51.57994
39.62449
53.57857
50.305244
46.89206
45.205982
44.627426
48.55003
42.773167
51.182617
39.450928
55.060635
54.576122
38.872707
47.86487
39.216965
55.402866
40.619457
54.68026
52.11065
54.201263
35.766567
51.058075
42.820946
37.47808
40.746983
42.52721
41.254353
51.29974
55.937138
53.917824
37.409653
51.077454
49.074364
51.24045
50.15375
41.61505
37.587044
41.9759
52.723557
46.035275
42.14502
54.331722
51.205242
44.494427
40.102024
38.768204
50.1847
49.045338
42.27244
36.50002
49.611538
55.61515
49.661434
43.739357
44.673878
39.82708
52.350513
38.162117
44.14241
54.314194
45.729847
55.450836
46.209457
51.2486
36.66414
45.796333
50.322464
38.040707
46.98066
48.92466
55.89122
48.551037
46.875988
40.556656
45.03428
40.700947
49.45239
54.20469
40.72235
51.06887
51.615063
39.864197
53.775154
54.915077
47.988495
47.467518
48.173023
41.09066
41.34294
55.93305
40.055786
35.455463
43.26148
43.265038
38.598724
49.75475
40.42346
47.437553
38.679108
40.385944
46.932064
46.730686
47.87669
38.124477
41.571568
50.778034
55.887615
46.67161
39.74423
54.831387
37.873684
36.83745
51.10723
52.651985
41.61743
53.278675
52.606865
48.997272
36.60844
46.973335
39.690063
52.8878
55.347427
40.033863
41.96285
52.71116
41.221996
50.03479
39.460514
36.748005
38.28162
48.76299
54.996326
38.88984
44.119255
39.186016
45.763435
43.15912
37.853184
49.478104
51.478954
44.13921
43.895008
52.143433
37.87972
37.575085
55.788353
36.63289
35.30591
54.215282
54.90777
44.363117
39.441853
38.43133
40.218437
49.7157
41.02243
49.273083
50.614594
55.41939
39.45916
48.396534
43.57833
48.699886
50.891697
35.735493
54.030273
55.719215
41.128506
39.879047
48.27969
42.120865
49.3048
43.86406
47.92413
41.94685
48.856213
39.49509
38.39715
51.799496
48.583576
54.363796
54.61769
51.883316
40.167038
46.45567
39.85578
49.4813
51.477154
53.604
47.496532
47.495243
37.425953
50.079327
45.858173
47.91102
46.902897
44.28717
54.599613
40.43756
42.548477
38.887688
43.539288
51.112106
35.732605
53.647953
42.899284
41.364624
44.125404
45.99086
48.087494
35.890606
46.674706
39.514263
38.135365
49.694263
38.637688
49.71975
55.819977
36.833008
44.55325
40.81254
37.316505
53.719322
54.687233
36.712276
42.950863
55.3176
37.534466
42.349167
53.252094
37.211185
48.41941
35.91053
37.04028
43.30882
44.10168
36.95015
47.72808
35.90986
47.563053
42.17592
41.3627
49.954163
47.829357
38.29099
40.189888
40.5451
44.763756
47.47934
38.682793
36.25321
52.257046
54.998882
54.045788
52.283165
49.136192
45.87338
54.177105
44.318188
38.414062
41.859196
50.95394
55.74366
38.2113
51.703575
52.489822
47.995766
52.795597
38.208294
50.706467
36.981075
40.704056
49.765827
37.16092
55.86947
49.841125
36.84475
51.573727
53.07551
39.777668
53.366898
53.914948
55.91231
42.215813
35.040916
43.222218
50.2271
42.72995
52.495102
35.548794
47.30919
46.445797
52.487007
52.569225
35.498726
38.27765
38.558212
40.406616
53.218513
51.70802
53.249554
42.187645
36.601482
50.864513
45.39557
55.68032
55.49267
55.825462
50.07643
53.124165
45.36749
44.668884
46.521454
54.02379
49.62678
49.768562
44.630367
44.244118
40.804527
44.23661
36.806786
52.21918
45.455383
47.213547
50.483036
40.466305
45.87707
45.915028
44.056103
51.88359
54.36643
50.95851
51.951736
52.50105
51.408226
55.51381
52.18693
41.454308
46.052284
42.248
51.11067
54.954746
44.7471
46.86848
53.96852
54.94101
52.067135
42.30688
45.55891
41.914246
50.096157
40.23235
36.527016
36.18311
52.710403
48.634277
36.777023
37.37428
50.64308
42.672646
44.07406
39.600616
45.005676
52.858383
48.154427
48.121258
45.89166
38.89667
47.56589
43.6767
43.794704
37.20287
53.01947
35.936737
40.836235
37.183704
49.249943
44.660324
46.215946
40.865738
54.254326
54.233757
41.874287
54.34847
36.306007
53.227177
37.087265
35.86136
37.326653
48.489426
55.60159
54.911938
54.038937
42.087185
54.962242
50.126484
48.82013
43.086967
49.88458
53.905254
44.32999
44.776928
49.879696
35.941013
48.795856
35.430542
51.85437
51.98256
45.303795
44.125187
46.07586
36.964325
51.566624
36.446117
37.717045
43.768486
51.417976
50.12995
36.178867
36.437897
45.716183
50.831654
51.52465
51.616116
35.432503
37.235123
46.654938
50.355038
50.445396
47.669918
50.301506
37.201195
50.965733
46.245235
42.52591
47.64852
40.57748
40.26718
49.17032
52.628365
45.59427
47.36646
37.6276
40.69686
44.80418
42.331078
53.372654
52.97518
48.703552
48.112152
46.9285
43.700035
55.005077
50.850945
46.328285
36.449745
38.546333
53.061264
47.678394
42.72546
40.721954
43.293854
35.127937
49.587692
37.215954
54.70788
37.406406
42.474937
53.12028
44.97971
55.104
41.164326
42.491543
50.89013
51.037975
50.07341
51.019855
54.748608
40.37369
36.747684
40.76213
47.536858
46.650352
50.4303
52.826653
42.28379
39.49924
40.06832
35.486694
52.720165
36.636097
53.974182
47.44784
46.70345
42.659588
38.631573
51.897205
52.252296
48.294132
50.81158
47.522095
54.284676
35.97818
55.24811
41.90168
46.31499
49.11788
46.610714
43.54715
52.43284
42.901337
45.408543
38.394264
42.859688
40.300022
45.7609
42.736687
53.259663
43.77175
54.67783
52.42941
55.76679
44.223366
41.60846
45.68854
53.38328
47.991673
47.535366
51.967148
35.002342
52.95746
36.819885
50.196312
48.81357
52.420254
42.336426
51.1465
39.26035
52.030323
38.173008
50.78632
40.036015
44.89964
37.32078
50.29406
42.82901
49.995018
38.32705
49.81207
51.65743
49.0543
36.844322
55.124763
54.6692
49.560383
44.372208
38.18812
49.226746
43.75814
51.259373
51.841923
35.943455
48.30566
50.209686
35.095478
40.09425
36.913975
54.11956
51.093468
52.48371
36.24841
44.06284
50.240513
41.42243
53.439777
53.634995
45.99154
53.93613
46.78527
42.6703
47.49943
44.711807
54.60636
41.553493
49.652374
41.57127
49.775185
43.961807
36.030346
48.45503
42.120956
49.89373
46.963535
47.997852
47.78446
47.26757
42.18496
46.78242
38.601242
47.205994
36.53557
50.26848
48.763355
43.36188
35.801907
35.21238
40.33431
41.286385
50.045044
48.115494
55.67365
49.89185
36.71377
36.869827
43.46518
46.52023
41.426067
40.305363
50.83668
41.99194
44.549835
52.786026
40.009342
41.28049
47.617245
36.349743
42.02149
53.13518
49.166557
55.14304
53.333828
46.056934
40.8212
36.06165
53.54252
54.52177
48.287838
42.57611
36.00143
38.241867
52.4836
40.694866
55.886456
45.55587
46.1871
55.897255
46.122517
54.74821
41.44878
38.655033
42.63766
37.21139
54.49318
36.85331
52.60903
40.88569
54.998947
40.020515
48.72184
35.337547
37.45214
47.78179
47.975163
38.170902
39.73405
50.361507
35.237377
52.20491
43.22694
52.277763
39.579235
48.997112
50.49931
47.595547
54.393936
53.84282
54.067055
37.23505
41.4514
55.33945
35.817425
51.867718
42.3278
49.96889
38.430077
43.87507
47.101547
43.921406
42.532547
47.693916
41.813553
55.561394
42.387283
37.626522
52.952072
42.51831
49.622986
47.85533
45.14155
36.375298
36.895256
55.9693
39.28998
51.323635
53.389732
47.782547
38.680794
39.952774
40.765556
49.60581
51.8829
52.553886
44.477787
44.41745
37.896664
46.928917
36.414467
55.573044
49.65344
55.717854
47.437355
46.791275
53.843117
48.68347
40.7249
44.158688
50.05655
36.22601
41.781925
52.80706
42.3988
43.63935
47.60241
46.734478
38.054337
50.265854
50.750267
55.964798
39.76669
48.75874
47.057423
42.8702
54.832874
37.11894
38.22939
46.017517
42.00672
39.03752
36.89567
35.341484
47.655552
43.345425
36.545452
35.796677
52.621
48.048866
53.348873
53.894787
54.49751
54.511883
51.07972
46.695026
55.461056
37.83671
42.227695
43.88278
42.355633
53.38816
48.91654
53.54534
53.47676
54.709965
48.429005
42.133427
46.378723
46.789085
49.980396
41.8832
46.076347
37.738148
51.879505
39.66609
44.212284
39.486786
50.369102
41.832165
54.117123
37.999332
43.24769
49.117832
55.202538
43.869404
37.84006
50.09962
54.796394
36.88109
35.006237
38.99335
35.35414
51.272007
49.656773
50.82153
50.962116
47.985287
44.676834
53.10166
47.186157
43.15544
39.25248
36.244434
42.61284
37.437466
50.339436
40.79295
54.880833
41.558926
37.418095
38.482944
51.60641
42.6516
49.738068
41.858772
44.36966
35.502205
48.97133
41.841
40.847073
55.85105
44.565125
52.20897
39.251312
45.26295
55.114185
49.435207
36.470352
41.89642
49.75623
35.68849
50.685963
45.705303
55.935715
37.108524
52.79541
45.221165
43.877697
48.6475
46.660477
42.08525
50.767162
36.872562
55.064266
51.925716
54.938602
50.127945
52.269093
51.00866
48.346504
51.366783
53.237526
55.33088
35.209526
46.779964
35.904053
38.467747
35.999367
52.07292
47.36606
43.5413
44.87996
50.87137
39.50073
40.131756
52.29344
46.27283
54.308212
52.8198
51.63643
49.00346
50.2318
43.317627
50.873352
55.988106
51.812088
36.823334
44.493378
37.39652
40.295006
55.316437
46.43303
46.38975
38.232376
42.001354
52.458836
37.858177
39.68896
53.0014
52.03266
35.416115
54.401325
50.707394
41.866848
55.798046
49.121635
38.893208
36.217182
54.587463
40.423344
55.824604
49.45881
51.901783
46.445988
35.10847
49.643394
35.255417
35.41278
53.95606
52.545628
46.32795
51.267277
40.867085
46.172707
35.775524
36.444435
48.480606
48.832798
38.5409
49.616596
47.484253
41.636543
54.341305
35.236248
54.02503
46.740425
40.143032
47.8352
42.02298
40.731495
42.467987
42.33383
36.1533
50.30019
40.319588
47.064053
41.032814
49.751114
46.364254
39.816265
40.32376
43.961334
43.759415
49.983246
54.0506
36.11157
51.68028
39.792717
55.414913
50.88765
53.164837
48.69575
49.789043
36.87802
36.370308
53.20944
44.370686
49.577553
41.71404
52.900032
45.18888
35.74886
48.658108
51.73668
54.765926
42.889225
50.08913
54.7461
43.76037
52.204784
48.34352
52.75498
54.34289
53.802895
43.93326
42.019485
37.88998
51.779774
52.938423
42.71045
44.819534
37.50225
54.850018
50.547676
43.037983
47.660984
43.370407
47.358543
46.520367
40.607063
41.308414
41.973602
53.002758
55.074574
55.242374
53.665844
55.630665
40.639008
45.066723
49.29061
41.67761
48.164524
46.88644
39.389385
39.1248
38.05273
47.978455
50.783543
36.975822
53.321484
43.700317
35.603073
37.669518
54.414204
52.293774
46.270363
45.84981
35.168633
55.504562
47.69073
53.052868
52.55838
51.8196
37.788975
55.580086
55.661633
45.908867
43.575256
52.939648
51.808197
49.55169
42.12366
47.759823
37.009686
48.925755
55.203487
53.004078
44.586937
51.64202
36.815712
50.65087
39.374737
50.319942
45.55626
52.740543
40.006012
35.81467
40.5528
50.8369
37.55581
54.431602
38.703205
47.50313
40.260166
44.593563
51.081608
52.34953
55.115597
48.46189
49.67182
50.574787
54.91215
54.955322
52.0382
51.693207
49.65623
43.45893
49.150333
43.31684
53.39889
37.27049
53.340775
38.4446
40.201347
40.492607
35.29391
49.69971
55.341183
54.646442
51.039223
52.352276
48.891434
48.756424
38.153732
53.765545
38.488945
49.03526
49.76606
39.112507
43.449497
35.58469
55.498436
50.823593
42.38408
36.719803
44.183308
50.246914
51.124104
50.623337
50.047516
45.429085
53.07292
55.041344
50.069782
35.757774
53.066772
36.642647
38.38617
45.446392
36.450386
47.481968
49.943367
37.486736
50.350834
41.730175
55.081123
43.747284
52.067734
47.46506
38.362797
42.352776
47.0887
40.852116
53.766994
47.344997
48.486137
39.487167
42.30346
40.895138
37.354633
50.021454
43.2227
51.014984
38.507908
36.44446
39.25179
43.79703
45.870014
45.561115
47.707428
46.70303
55.86757
35.267178
36.912746
45.31589
46.658176
46.20046
53.075756
39.271606
35.214687
43.22522
37.674908
53.795998
51.1258
48.993343
42.44139
44.385162
35.470596
36.518246
36.227757
41.68918
53.2779
40.296062
41.409103
49.585224
55.890926
54.01357
35.975624
50.759438
50.023476
35.29348
35.14433
50.855972
43.4161
46.245037
54.142887
42.397243
44.778816
41.81154
44.800076
51.231194
44.141724
50.03629
48.7149
54.21929
52.825497
38.404552
47.07053
39.243317
36.99096
46.36161
41.60922
53.37951
48.130135
40.95545
55.891026
54.26531
42.920883
40.307674
45.721645
37.267075
48.58288
43.277313
39.55379
52.046272
37.244896
46.249454
38.741604
55.51726
37.861687
42.454514
44.75911
44.991467
37.903145
44.603592
42.881428
42.510834
36.379482
49.91164
43.37133
51.987564
54.76309
44.77251
38.91402
47.787853
51.021084
36.448578
51.89935
48.8239
52.282158
37.14252
36.163494
50.051598
37.6271
37.729996
49.970997
52.51054
41.11456
42.24926
37.343243
36.68844
36.431698
42.967525
48.320972
37.043896
41.494293
50.47366
41.38606
48.9794
36.911316
50.782894
53.06175
55.420704
44.476357
49.881824
43.66075
45.42925
36.751404
51.490314
35.257046
44.95111
39.368206
51.072033
40.219864
49.888805
50.888115
36.286407
41.067413
37.17173
54.933506
44.142124
47.972958
48.396378
41.8321
55.085957
36.987373
49.909336
41.20017
38.140663
52.930042
48.913963
41.731327
55.991707
55.943756
36.29606
53.954758
44.615017
55.90968
51.384125
48.880035
42.6366
39.27469
39.786858
54.255222
40.119747
54.356247
37.783222
42.630817
40.886623
55.85879
37.479984
47.544098
52.798523
35.160942
55.09685
45.916874
43.64261
51.914124
51.291325
53.19407
40.402878
37.631058
49.393238
43.84147
44.72926
54.23639
40.783295
51.568058
51.361057
36.002003
38.420372
55.041595
47.109665
53.895954
41.69915
39.925766
52.760284
47.13669
39.402653
48.782944
40.913605
41.66318
53.503445
39.758785
53.355675
55.306713
55.962875
35.993122
36.01792
41.68164
45.479435
50.38621
41.96912
44.199966
55.345264
37.690224
50.167217
37.15872
36.184235
53.892918
43.891388
53.549118
40.3654
38.51376
42.873196
44.093132
38.31244
55.742382
36.15077
36.02557
52.762768
38.314945
42.580902
48.30893
44.26907
45.64622
55.761482
51.293358
54.881783
47.013428
47.840157
51.315464
44.00257
41.522377
42.31519
37.367584
40.85698
41.177483
44.470444
55.76287
50.89868
48.624027
53.528866
42.67186
40.728218
53.034637
44.95757
36.512634
53.785915
44.17124
48.61229
43.439327
43.161655
42.86986
40.570347
53.59271
49.35346
40.06742
35.568478
51.351784
35.702282
51.01827
55.93558
38.55676
41.532288
50.532543
39.790325
45.56143
51.73378
38.909412
39.059658
51.017048
46.64024
48.735245
49.566696
45.489777
55.571514
51.87015
39.03501
43.370506
43.341835
43.75578
36.36134
37.048244
48.364418
39.64322
36.919746
45.987495
42.72368
36.46187
47.977787
37.17499
47.731544
40.82838
39.52869
52.38282
39.036133
38.12951
41.973633
40.83249
40.309097
35.703358
43.124176
44.13852
47.90213
46.890724
55.93739
40.860386
53.63371
37.131443
46.244816
54.597923
45.043854
50.340317
35.491257
43.328197
37.037716
49.5129
44.160576
49.600597
43.828068
43.88366
53.13304
48.28232
44.482258
55.987137
47.69237
38.77759
51.18094
38.657528
39.28055
55.031956
41.50397
52.342716
48.384563
38.176636
45.673027
38.10604
42.131702
51.368416
49.70103
46.34223
46.26853
35.236717
42.825325
51.543705
43.203682
35.3624
45.434353
51.41904
51.70568
49.381664
44.937077
50.287643
40.664352
39.633713
42.669716
45.952946
41.04813
50.75216
55.986168
50.190952
46.819275
49.23801
39.136616
42.581825
40.105366
50.845833
53.40285
47.659336
50.367584
45.565083
35.229595
39.2562
52.65515
54.084866
44.76764
45.482956
41.289997
35.893185
46.32784
48.99389
39.48697
47.580677
48.73407
53.06554
54.482246
38.49397
55.458862
53.541626
53.716255
43.61527
54.727215
55.88285
46.49723
40.432575
47.481983
46.400826
55.357777
47.608654
42.21862
38.252453
55.009117
55.457344
40.217453
41.924393
46.396324
39.592003
40.628532
43.746857
45.86276
36.62374
54.196976
37.441715
38.8431
41.45598
48.15616
52.832085
54.821606
54.54701
51.96139
46.618786
45.516045
53.49383
53.088737
50.56366
39.377487
44.428055
51.081352
54.51058
36.532352
48.008736
49.39024
53.42205
37.235474
47.247143
53.3267
44.012585
40.75153
45.00494
48.62041
37.619633
36.33717
48.76989
46.6604
38.668674
51.657196
48.23226
53.48501
52.461155
37.535618
37.260128
47.982796
49.042213
53.41597
45.103428
47.567974
51.589794
40.28522
45.044113
54.801876
46.107517
47.101696
48.253826
40.046352
51.200756
43.95985
49.320683
52.255493
48.368668
46.323296
35.76316
41.438675
53.55456
36.6625
53.861828
38.161186
36.66271
37.744522
51.308582
40.68768
40.371906
53.639725
48.49825
55.01944
45.854248
54.233902
37.768826
38.128063
51.94229
35.664165
52.53442
55.14617
52.878548
51.63316
54.048805
47.140133
37.028286
41.99841
54.48768
39.360172
41.84004
41.382374
39.144333
45.54003
45.897602
54.803543
43.795887
53.90138
44.123405
54.49018
35.716385
52.007423
42.064903
45.10556
41.38819
55.505646
40.724182
42.587276
47.69447
46.101364
41.575455
51.683037
41.263416
37.81188
39.255917
37.051525
55.678665
43.665123
54.912586
50.489246
53.470615
40.52731
55.340965
52.442944
47.159824
35.670822
46.861046
48.47206
45.1363
46.026608
48.341904
44.73682
49.82748
49.80453
50.90825
42.9049
43.432915
46.310738
55.640625
51.093315
35.485012
53.34277
55.015465
38.592003
39.633064
43.50124
39.92212
55.15173
50.341545
51.12105
36.840954
47.56131
52.644
46.29576
40.169994
51.08781
50.700188
44.64533
48.74713
43.10823
43.66695
46.060616
46.33076
49.922325
41.31208
48.64712
48.17373
55.30361
50.875797
45.48614
51.853893
49.81921
47.915806
51.63305
35.209026
54.329113
36.259613
49.980656
50.564754
39.361523
48.731728
43.229645
35.44119
50.253357
55.02363
42.22877
43.577316
45.043594
36.9307
47.374123
38.421688
45.112083
40.19314
49.589855
43.20384
50.467503
55.34678
42.65198
49.32293
45.405582
54.314865
41.262424
45.068398
39.982307
49.95341
55.33214
38.622
54.37674
38.400345
48.390266
49.88142
46.754196
44.872635
43.900455
41.892704
52.682907
46.50584
44.53602
53.582157
48.50593
54.936836
39.142353
37.037766
44.32495
48.59333
53.19805
55.8062
42.413788
39.07259
43.07539
50.54338
39.94669
48.56708
51.296402
36.885017
47.900326
35.026115
35.28249
46.58803
43.86804
51.63035
40.803528
47.8346
43.311253
54.199863
41.446686
40.087677
53.465176
50.356777
35.9457
38.040142
36.714664
55.619816
35.13809
40.00926
42.760925
36.120922
54.650776
37.593964
35.310932
50.302937
37.153923
43.534683
54.338722
47.782574
40.168167
35.493492
40.191536
35.544422
46.962364
54.907185
45.943386
43.76927
43.036766
55.156536
51.43512
51.894165
55.050995
45.042168
46.38202
39.95163
53.82659
51.960716
52.77904
51.842068
54.23062
46.234554
46.58828
36.955994
37.330006
39.76422
55.354706
51.48166
36.195282
35.54465
43.96335
42.808926
52.128197
39.6148
54.224957
54.671577
48.88917
42.694576
54.35683
40.058064
50.70875
37.104126
50.71183
42.46447
38.481335
41.557274
37.30089
45.763912
52.56012
35.07449
46.752907
52.822777
44.99881
50.570164
42.360935
40.007065
43.918705
41.634888
48.77459
44.891026
44.919117
53.655434
49.71604
47.805397
55.09439
48.693527
39.820564
45.344074
41.27279
51.479004
54.332516
55.585754
52.550285
40.463783
51.923737
50.58089
41.056755
54.13023
45.343773
36.604713
44.162445
55.650635
55.959904
45.783363
48.009373
41.55434
41.499886
49.962864
45.335392
38.27461
42.471466
45.10975
36.04784
49.31965
54.80003
47.10721
41.899174
36.340286
42.199463
41.542152
41.918865
38.55159
48.671158
53.96621
48.963745
52.80635
50.312183
54.15773
37.86324
54.11557
46.306137
37.111958
55.15651
55.564278
54.56866
45.843014
48.345226
46.38072
46.02467
48.59407
45.918713
49.382633
36.905327
35.720974
35.147457
39.146523
35.770256
52.339798
52.786537
55.02406
54.18411
42.810303
46.382164
50.564404
47.10647
37.264866
54.83268
55.991955
47.09022
48.68649
38.219513
40.13625
47.32587
40.489643
46.69413
41.61387
39.417995
46.16416
43.38381
55.121964
40.534794
45.305084
46.86199
49.41869
51.232952
36.2703
42.71837
40.93802
39.8273
38.78306
35.15913
52.01461
41.648476
51.027794
35.36987
45.379093
39.911613
36.17552
44.58136
42.9249
55.20529
53.818874
52.392868
39.74477
40.802246
52.49713
49.92805
51.088566
37.092102
36.348026
52.825375
55.203373
52.441185
48.935783
35.897842
49.982883
47.695618
48.473804
45.536213
35.97497
36.36135
54.985622
44.575317
47.574844
37.218277
49.42916
50.394905
55.165535
39.755642
42.44707
49.484356
39.558556
47.35192
41.19981
42.56498
53.334328
47.564835
35.688385
54.634026
38.58563
53.245754
47.080097
49.971355
50.126545
49.44763
44.813267
45.232697
40.445564
50.256786
49.676003
54.242664
41.55322
46.74612
43.629097
51.99625
45.403206
50.221146
49.87473
43.679264
39.750443
44.80995
51.560272
50.226112
48.150234
35.234432
35.550434
47.047737
45.29994
39.292492
47.90123
50.08288
41.077785
48.17949
53.02565
45.252636
41.442978
52.28224
40.05364
46.73139
38.82723
37.4898
54.55791
41.18627
41.76973
48.382812
45.642334
50.28295
53.32607
44.88683
40.371105
48.307323
39.21602
49.104713
47.654495
42.710506
37.76607
49.07962
53.001118
36.749054
45.449566
55.18226
49.996605
50.162582
54.230633
43.664825
48.975254
49.00791
36.97773
42.67888
51.113735
41.35175
42.92838
50.71558
35.09501
51.51327
49.558746
51.99407
52.565693
39.943367
46.240086
49.7974
42.841694
38.629166
37.74857
37.135338
35.7045
46.120438
45.035915
38.399452
44.67447
49.88869
45.66526
50.868347
54.84784
39.75033
39.97
46.01943
47.24028
39.511982
43.30303
44.608597
54.592915
48.82913
49.709423
55.390324
55.76528
46.508408
47.977917
37.167896
53.16527
41.129436
39.30462
41.58743
50.147213
47.913895
42.737164
46.718903
36.947163
53.22738
49.15821
51.003777
55.518345
37.964077
48.81429
46.591057
50.57989
52.33459
44.299355
37.432323
38.298416
41.25409
42.46192
42.761112
48.28478
39.61101
37.920555
38.74319
36.007206
46.185745
41.74441
40.151623
43.297207
47.88419
40.384075
43.894196
52.35619
39.252964
43.12224
48.10061
47.55827
48.950954
41.154865
39.262997
52.388847
52.966133
38.910275
49.615734
55.058613
42.8872
47.367157
35.539097
40.68915
40.46623
36.94191
53.276222
54.478973
40.04156
39.981632
49.66401
42.92777
46.12951
51.021084
36.895847
41.021893
50.63878
49.740322
42.55788
47.265465
54.713497
35.99425
38.31022
44.579247
55.168514
35.376156
49.62078
51.383343
40.845078
40.52432
44.90171
49.63002
38.985413
49.784267
53.24707
51.159317
52.90147
36.89856
52.72527
44.5129
53.796204
51.11206
54.84097
43.260468
44.584885
47.45257
41.34838
43.968258
42.959583
43.97506
53.071754
35.170723
54.741596
37.442303
35.76851
39.093933
54.774693
44.25559
39.35676
40.42347
39.22627
36.446144
54.021263
44.10952
45.183983
38.19132
42.810516
42.058567
49.862286
52.629154
38.342575
36.57352
51.56618
48.71068
52.148304
38.573322
53.798847
42.451454
40.998188
54.94802
54.54525
49.222195
46.282387
39.886967
35.81567
35.652767
38.14371
50.65533
46.991
37.314808
55.599205
54.088135
44.376015
37.595215
52.32853
42.021202
36.637234
40.076103
55.155846
47.984894
36.47886
50.296333
51.506886
51.749077
49.99315
37.98564
42.284008
37.72689
53.61099
54.73438
42.669334
49.81995
42.473793
51.59025
47.33983
51.019066
48.349762
54.25794
48.457954
44.962368
44.925365
52.418446
41.58775
43.696533
51.417385
53.181885
38.378494
53.08708
41.97113
36.840946
47.4568
47.68015
51.237415
38.901695
38.472828
54.33086
48.853718
39.834297
47.657513
55.58226
55.29432
41.108185
39.564938
55.60411
39.699642
38.854706
50.897808
55.48222
51.846855
52.93465
43.443714
44.78665
36.38173
39.27904
47.18605
46.641155
36.796043
45.118523
45.59589
47.96634
42.40533
50.1201
52.959644
40.17553
44.75853
36.509468
52.352345
44.364986
36.49404
41.97308
52.527393
53.959064
44.646107
42.506046
46.561104
44.846138
35.800716
47.40042
46.563942
53.272507
48.302204
43.252914
52.150265
36.149227
54.9196
44.211895
45.644524
45.970783
50.996063
55.68064
54.19418
44.244617
44.12529
44.347115
41.058384
42.1871
36.82546
41.720108
40.34614
50.454124
42.51438
39.317383
53.38906
55.843494
35.328693
41.273598
35.75088
45.231483
51.97551
46.413998
49.599903
36.48736
52.856655
41.77455
50.80011
47.74734
46.163635
43.13996
49.613
45.223515
43.505753
46.41803
55.344486
50.673252
50.9043
44.57224
55.619926
48.761303
47.662468
52.393955
35.22514
43.80928
48.703674
37.61145
51.612453
54.8463
43.460297
54.70508
45.238194
44.44968
53.290134
37.326164
52.87164
36.596092
48.69995
49.401825
51.89544
46.63119
54.363197
52.84874
43.40345
43.509754
50.033466
36.315903
36.59453
37.658527
41.97558
49.529785
43.559303
41.170452
55.46312
47.624855
37.061905
46.55154
52.224117
41.308247
51.329742
55.910797
46.455864
44.829453
41.1818
47.308586
55.175423
53.504166
47.049564
50.960403
52.22407
35.976074
51.574566
49.130688
36.201946
37.491142
46.502663
36.845234
48.973427
35.206013
35.537586
39.000957
39.154324
54.955524
45.664852
42.05825
43.168636
37.9638
47.21211
35.26383
50.04571
46.699356
41.57301
37.270885
52.117855
43.446545
37.089237
54.098667
46.17397
39.19414
46.058746
37.60488
36.426548
35.12635
45.21838
48.03222
36.857384
51.342384
35.33495
45.73402
54.12155
45.42779
51.73143
48.884514
53.209797
40.154053
35.673424
49.835304
50.49618
36.89255
44.545967
38.792675
49.63086
40.294853
46.661964
43.65905
46.9771
51.413177
50.36075
44.20723
41.93722
48.7135
54.779106
41.237514
48.563774
55.36804
48.306786
50.005386
35.310448
50.804874
38.274834
43.001514
44.641277
47.739487
47.86728
50.115902
35.4874
43.816196
37.59556
41.324608
42.217213
37.547287
50.929695
52.29996
42.868916
44.45319
55.84162
53.764355
54.883587
48.179306
43.083256
48.982693
39.472538
51.893326
41.99561
51.520195
39.054337
38.4515
38.525158
55.279797
46.905056
47.663082
46.909744
54.87746
47.279358
55.479282
40.188732
47.613823
44.780716
35.086376
38.2907
42.657078
54.68578
36.69221
54.95693
40.56469
48.260773
42.261078
42.17001
41.940483
53.847305
48.57413
36.074284
40.84885
39.64026
38.77073
44.598473
55.589237
52.63233
53.96071
50.12077
42.57178
42.15771
36.588432
37.55273
36.32896
55.831707
47.976448
47.16073
44.14822
41.453617
41.88001
52.29238
37.417053
53.61685
42.943214
45.930195
51.53473
53.353416
54.663376
49.65585
45.16371
45.129047
38.84227
39.175907
37.669106
53.90079
45.531258
46.033344
53.825867
46.750683
37.16187
42.509254
43.26119
38.817036
53.89418
40.00512
45.643486
39.859215
35.21246
43.388474
42.329533
43.8123
53.450863
44.88342
48.037785
49.11464
48.241486
53.092346
41.12858
46.42451
54.842964
54.646275
46.24094
43.581245
43.929848
49.798714
44.36076
53.311657
38.701267
49.001514
38.876755
51.23447
36.10207
47.13105
52.81812
52.173363
52.540306
43.569256
46.26186
42.653564
43.732143
44.786407
51.847973
37.727386
54.20847
49.42112
54.446968
47.950912
46.577152
43.108006
39.287136
53.416954
55.85063
42.464493
51.26769
52.238785
53.020657
35.715725
41.759243
48.774582
35.5903
48.410095
42.924496
39.18424
43.95789
46.557827
52.47969
50.618305
55.38838
55.31116
49.861305
53.45304
44.804787
51.997135
38.962765
38.505974
41.78549
37.91246
43.96224
53.09333
36.96292
53.795017
48.275436
54.12346
35.48496
47.297516
46.336117
42.15982
55.322285
49.106365
43.732388
50.53255
40.983482
51.57223
43.20814
55.129322
46.634052
47.848953
36.176796
42.454323
40.706463
37.573246
54.68841
52.908375
55.8353
41.060375
49.241413
53.013706
50.35509
48.839294
45.436687
47.48374
52.657692
39.105877
51.234417
50.62112
55.4222
50.33384
43.493008
42.516605
39.102234
51.85038
54.54468
53.916897
52.08388
40.657284
40.79369
54.43118
54.61206
35.157932
42.71087
41.95429
42.923973
39.737007
52.142174
42.798546
37.02533
43.3319
41.548954
47.04686
53.198357
47.233536
42.65435
46.06652
48.640213
55.359203
46.982685
35.955986
49.59617
51.151127
47.94781
46.936306
37.974075
40.071815
52.47153
51.344345
47.70492
45.391026
39.594604
41.936684
35.04881
53.588844
46.180626
40.671066
48.63659
41.23571
38.60698
38.99661
45.28439
41.652496
42.28722
43.95439
38.521637
42.002373
39.97574
48.066887
46.33269
53.72116
48.06826
52.077625
37.828114
39.353924
51.53062
51.091816
35.433567
47.93293
41.66351
49.564114
45.71274
53.005848
51.642315
47.88147
38.125233
46.3028
40.65883
46.99707
44.861107
51.817104
53.535633
48.685513
36.391014
39.76689
52.884094
39.510033
48.523956
40.50344
49.233337
36.51922
52.57445
55.936913
42.070347
43.0237
50.706615
55.461346
52.400192
53.542595
42.644787
51.678158
46.26062
50.154957
39.718586
49.44094
44.606735
46.043247
55.644936
53.87438
46.119053
46.97385
51.540348
49.056095
54.782352
52.82392
50.40387
52.992718
46.532764
48.034344
55.71438
50.37004
39.87711
46.04538
46.845535
41.31206
42.151077
49.354538
38.71745
47.044773
38.001953
40.825466
55.476273
46.928055
46.756554
35.27225
46.02119
44.792503
41.566757
45.145107
52.882824
40.898075
35.61244
54.351654
54.298023
47.117455
51.185776
35.862034
45.322895
41.139435
54.180992
48.76678
54.479404
44.586315
41.370003
46.883034
36.740368
48.944107
37.857285
50.837692
38.62348
45.115547
36.276012
40.795464
37.787155
47.223236
47.61295
42.645065
50.79916
41.013924
37.030773
38.508865
47.683743
42.84475
35.694443
39.898994
47.443626
44.768517
51.401985
41.70741
51.000435
35.6773
45.77035
42.487785
52.90034
36.81245
40.833473
44.163963
55.69137
54.20388
35.17224
45.38253
51.094555
51.76266
46.115166
55.216618
35.963276
45.81833
45.12364
35.823227
46.553356
46.865986
44.207165
42.958366
47.811096
45.168064
43.10161
54.962227
40.227314
41.641865
38.987488
45.940773
55.302376
41.156296
47.725506
50.39084
48.820694
35.959877
53.942974
35.442406
39.942593
39.46699
38.817444
49.22479
49.587357
38.04046
36.0729
39.602814
46.703346
45.72591
42.528927
52.67438
52.799274
35.117065
42.52483
37.972805
35.545498
35.660942
51.678307
45.27511
47.344784
38.748035
36.73225
43.281853
42.51927
46.875084
55.693462
55.204533
53.16355
48.01646
54.073467
36.47335
46.77336
49.09528
39.80434
39.36115
36.475323
52.106342
53.321404
35.308575
37.05505
53.010456
49.379833
44.131084
37.009434
51.993317
35.40369
36.090054
41.533386
41.061993
42.553513
48.018387
42.692165
44.2382
50.242687
35.30519
37.027485
43.79994
36.532814
52.564644
55.498955
41.12169
53.694942
49.24088
36.9719
39.668247
50.23612
48.2338
41.428497
38.60844
43.859577
54.869915
53.7012
54.33229
44.15235
54.187862
50.80575
37.87887
50.275173
53.559982
55.885674
42.911976
42.56756
37.129353
44.370895
42.416878
37.77469
44.40597
47.200306
46.733715
40.553017
44.63621
36.861294
41.891884
44.017918
35.236477
40.55896
50.464516
38.35943
53.66503
41.043434
41.323326
55.97104
35.595142
43.49586
41.741524
47.111706
48.148277
35.40193
52.266026
38.852753
44.247765
49.526363
45.660244
40.94887
46.861416
36.94261
52.004623
53.3166
49.01583
35.569103
37.73477
46.00364
38.98559
50.816685
47.99539
44.888943
40.987347
54.76146
43.19327
36.866184
42.04177
51.723064
54.04371
49.93213
50.405674
36.25048
42.722
51.426624
40.121998
52.29585
41.955467
55.652435
48.787216
42.791203
45.02117
37.24076
48.593678
45.93402
42.650715
37.92226
50.06868
41.234447
40.785927
39.81362
52.70254
36.780357
50.97776
54.936108
55.834743
52.23612
40.975704
46.44528
55.750187
38.806595
44.71611
48.96992
40.926876
38.770035
50.48525
43.533573
36.771885
36.21193
55.506428
42.763283
54.98411
53.276287
43.58062
52.478165
42.890507
49.591797
45.695858
36.293987
37.71653
55.527237
54.7134
40.580524
37.772278
37.584023
43.336967
48.96456
42.962284
36.543087
41.57645
49.584366
35.86023
40.94938
47.828598
43.470238
38.828865
39.139137
43.51442
49.75103
