40.28565
33.084484
17.357718
21.63635
25.54907
25.399998
25.703672
25.07861
25.076332
21.488216
16.921692
38.433098
31.294607
34.91543
26.015678
19.410536
19.977901
16.118511
35.800587
29.688002
16.347322
20.48705
31.544003
25.56268
35.14599
22.886127
34.150864
30.13069
29.132753
16.287191
31.23883
40.006973
31.448633
31.199594
40.117767
40.533794
40.13216
31.933458
20.165365
23.66956
25.694576
37.37479
32.381893
28.3063
15.113091
29.916702
35.01065
17.633337
25.860214
38.466045
36.02666
16.346249
29.659357
38.03251
30.024622
37.9944
25.541769
15.307802
38.578304
33.566963
33.47704
28.855295
35.49688
20.536495
33.35925
34.05592
15.5698805
19.01074
23.453047
36.79409
33.37085
40.387524
15.538747
30.01767
23.480904
37.964172
38.94279
27.76902
31.096785
24.322155
26.399647
40.059483
38.40415
30.989094
23.263565
31.047577
15.325244
25.874647
27.973297
18.381536
31.29119
39.283245
17.87017
35.279778
19.542591
33.925873
24.47973
40.948208
23.12823
36.284725
18.18934
15.271197
26.25006
33.928684
25.888958
20.363478
25.89381
35.934254
22.589563
20.533005
28.787968
33.435627
37.293438
35.48036
15.649925
36.509357
32.46283
29.14803
38.406643
30.093084
17.318243
20.53337
38.618122
15.4445095
27.894882
30.991924
36.685585
36.765938
15.295547
35.083153
37.59216
15.051291
27.900537
30.848516
35.902508
24.956747
27.429909
28.5623
32.538773
27.552639
38.700623
32.458355
26.453722
18.18358
28.681004
21.711428
21.738096
18.345245
38.017097
19.039572
38.927498
27.480507
19.590302
21.694563
16.31536
16.904177
19.862955
30.32009
34.931942
21.684835
37.778282
34.182938
29.515333
29.243753
26.803394
26.620234
23.278961
27.67517
38.33876
22.196205
30.571169
26.348768
25.16491
17.024837
24.62584
20.224312
21.856829
31.990175
35.519154
35.49012
31.168781
25.18388
34.176052
21.631117
15.277079
36.780125
19.810944
29.838892
18.465597
18.780718
34.54083
31.795326
37.348545
17.588747
20.074854
20.292957
28.047323
39.20701
39.363045
39.899464
30.873037
27.007765
18.877745
31.930182
24.013502
20.483326
24.805016
37.361847
36.483356
40.162346
18.839108
18.00226
33.16814
40.964592
28.501736
36.22479
31.177992
27.66732
16.948853
30.883282
20.923845
15.869356
26.081133
25.642017
31.338835
15.8642645
38.440422
39.88706
28.489782
29.171976
33.852905
39.629433
26.458519
36.128563
32.070747
40.367287
36.819996
39.896793
34.767506
21.743206
18.303877
27.53546
33.158634
39.014626
17.298681
18.353348
33.246822
36.84933
30.74215
23.674183
19.233135
26.764725
37.63895
40.35167
30.988129
34.648655
39.956455
24.899208
33.64347
31.231268
37.971664
29.936771
34.34285
40.121456
15.277123
29.807718
40.98206
35.07812
16.600887
17.681353
28.371754
40.555664
33.355423
30.232307
24.672205
21.244633
19.402534
20.075783
15.1780615
15.322758
18.90625
40.538036
37.572052
22.438116
35.342762
30.054455
38.62009
15.065369
23.746386
30.512838
26.94631
32.807636
37.092693
17.197542
20.004976
21.460741
38.3548
27.64039
15.657355
36.21313
22.215982
24.647245
15.86503
27.224031
26.681646
37.04449
31.927242
22.003908
20.905857
40.277557
33.418312
28.515543
23.43247
31.894014
18.522217
21.72063
16.748133
28.156664
27.814953
18.415953
35.554188
39.55747
36.711254
24.634817
19.486807
18.840967
35.770824
24.633604
16.149422
17.296305
20.850227
26.539917
15.268773
33.53988
16.690084
33.107903
29.545736
23.785927
35.943253
30.708061
20.344221
39.690372
18.878197
35.6729
30.746353
29.253561
21.032742
34.426495
28.699295
37.98041
20.946938
30.445127
40.988888
39.521996
35.769775
15.027815
40.597557
23.360266
27.013008
18.099722
25.638674
19.748264
32.01634
39.828014
27.506834
37.08083
38.79178
17.69893
35.14328
20.146357
24.830963
32.886444
33.388
39.297977
28.187738
28.237038
32.274704
28.482962
35.68937
38.001747
20.822258
40.281994
40.483204
24.565796
31.385862
16.635391
19.291647
29.857775
38.953487
24.77122
18.726864
30.8644
37.90795
31.000666
17.80755
21.733652
22.722208
16.508871
38.423725
35.318092
36.815174
27.044874
38.91147
28.69193
21.367762
38.502186
36.127995
36.16943
25.283468
38.781853
18.45862
23.658997
22.675201
17.042906
20.04048
21.806324
39.269745
32.47025
27.154072
30.311733
27.943533
22.028187
15.212087
32.05085
26.238237
22.318012
29.066072
35.184525
25.151806
20.62097
16.454937
38.312954
20.760504
18.483438
40.335365
31.910662
34.29966
17.788898
20.562706
36.773083
20.215643
34.16174
34.93193
23.012207
15.398862
33.76085
33.94172
27.257793
30.317297
21.046267
16.81083
19.152384
34.092415
24.940117
36.25437
24.972435
28.694002
24.953432
34.318604
30.26455
20.377787
17.31332
17.176455
24.754936
17.249437
27.900383
23.201902
23.47183
22.410822
25.89412
27.869932
26.014795
28.52915
15.424504
21.069794
37.211452
17.86692
16.240763
39.27272
25.021278
35.82032
34.433792
28.661417
23.477852
15.836021
40.586563
29.80705
17.704952
35.211094
39.377197
21.770468
36.59864
18.727955
37.622353
29.608002
36.636578
28.336117
33.023937
26.178112
15.457432
18.164743
39.469963
36.873695
18.347425
31.034735
26.640928
18.445898
24.57767
23.336403
27.885818
40.438778
31.655098
31.64852
26.85732
19.920193
31.981453
22.7968
40.233707
25.172743
26.158894
37.184628
29.005228
29.799753
24.237467
21.17615
40.265747
25.304613
34.5688
40.071552
29.225735
21.617958
17.612041
38.78668
37.25067
37.275616
27.032164
30.73385
22.12921
25.99127
24.737452
20.598059
33.488457
26.221336
26.122097
31.712427
35.29901
16.985506
16.71146
23.559155
36.750362
32.684986
31.65171
31.556875
24.427626
27.951462
31.042221
17.742634
16.683447
28.663284
38.978184
15.216501
31.374346
19.181469
36.352573
21.289022
28.71864
36.586555
24.960787
34.15656
25.933475
40.23842
29.25779
21.62676
33.52139
17.334602
16.236902
31.92626
28.602207
40.30885
39.330868
25.94483
38.524
27.889881
22.980076
31.405153
26.137175
38.43164
36.56939
18.39449
24.578688
37.729607
17.804213
22.454376
30.188772
19.953884
28.278046
23.996717
37.27042
21.55827
15.977933
39.19941
37.80229
24.065468
40.78085
17.731894
22.928616
16.482208
33.613186
38.670834
23.074953
35.763992
25.877161
21.788301
35.87676
20.227734
18.992159
31.029718
17.757856
30.10153
24.455513
38.446
19.958994
29.504408
40.696568
34.10412
33.091976
29.064789
16.179348
18.572628
37.88274
30.115023
34.703365
29.463339
23.667196
37.940304
34.658737
20.207743
34.416447
16.913843
31.110935
25.756449
22.59351
20.516132
16.022081
16.212175
19.981468
24.214691
19.65988
29.54166
37.77338
26.971695
25.301947
38.45904
33.677208
23.7504
23.71237
16.3331
33.56439
22.807266
29.549015
26.54294
31.278528
21.785252
22.85423
27.091558
16.621191
39.66471
31.088255
29.483883
32.24451
17.481897
20.783728
27.885769
17.205862
27.391016
28.831385
37.402565
34.27765
37.124382
15.651182
34.950783
23.755682
15.196177
36.05964
26.643494
16.472506
23.298813
26.513453
25.870008
38.997433
26.257025
25.590971
28.32255
20.592915
40.633198
24.067337
22.10744
16.397278
28.618519
17.745686
36.775578
20.516779
18.198097
36.325974
32.616726
40.235245
29.744095
39.02462
22.884499
24.387547
23.16957
30.402302
22.753508
27.09345
38.566624
23.913893
37.7576
28.511402
38.85603
36.063633
27.21774
27.047037
15.391545
24.730322
34.740456
20.539253
20.690544
21.22141
38.252422
25.34696
40.503735
34.92154
32.23415
27.972569
22.290154
24.020205
34.8254
23.883656
28.829666
37.73488
24.297289
32.53213
34.183777
38.69002
31.020748
18.220642
40.50644
40.669117
40.50837
19.428776
16.310246
16.825966
28.366287
38.48714
33.70922
18.623098
35.06514
21.075142
39.88806
40.25936
23.323877
38.91877
18.58869
33.155327
19.597408
21.277573
18.758394
26.184326
19.66893
25.335363
17.670008
21.768578
28.66994
34.447132
24.802927
21.703945
27.985815
36.344986
24.564917
31.633617
33.45199
30.86888
30.53809
19.460024
15.005639
16.563225
29.348497
40.666035
29.52998
35.56843
34.48725
26.510551
32.01302
16.636774
29.452177
23.370325
37.339996
32.81486
23.432415
33.11889
30.04837
17.360432
29.424519
15.3652115
20.19654
16.799025
38.147003
28.618763
20.1323
33.676517
39.411385
15.004337
17.394173
15.526363
17.711277
36.019154
21.238657
16.845818
36.707016
35.006332
16.35861
25.463245
40.01198
39.513065
25.24279
15.579097
17.227594
25.508347
30.323814
34.97591
22.52771
23.554346
32.57161
23.418236
36.258865
20.457125
22.511635
35.101078
34.001663
36.666515
36.78197
38.156075
40.32935
33.751644
26.290592
26.68728
34.10324
17.647736
24.793976
33.584015
26.56075
18.051418
37.290344
39.44599
22.68011
38.335964
40.005753
18.356426
32.347084
23.664501
39.948395
28.951612
26.702314
37.598335
24.016254
25.260971
36.71411
25.429277
17.465633
18.129353
35.499905
25.708855
17.182652
36.683834
17.210619
36.00408
34.647243
24.27011
27.39578
28.778471
30.738892
40.55899
22.683146
38.47872
21.605534
21.111383
29.335176
37.40156
27.701975
27.590544
24.785673
31.721956
36.801292
36.023285
27.61345
22.182926
40.292515
33.037174
19.575874
20.379002
26.400194
20.83871
22.303688
33.30932
16.096127
20.847803
25.049473
21.933138
27.420845
25.366768
30.4857
17.829624
31.692251
38.437523
16.96427
39.74543
26.650986
39.12845
31.877981
34.807686
36.976925
36.892826
33.805412
35.486713
19.808483
17.353693
38.974163
21.011898
15.906096
31.895233
38.243454
18.875786
15.9236145
15.778852
38.28558
34.30559
25.886024
39.15236
38.936775
15.138012
24.419226
27.283627
23.79145
36.4023
26.537346
30.625498
21.02994
15.098265
16.86534
29.90655
38.198265
25.14994
39.059364
34.342773
20.19952
19.322363
17.884754
34.278072
40.109962
33.007996
39.921097
39.086914
31.59897
34.22102
18.18622
29.01031
19.710405
34.881767
39.105705
21.746746
23.554129
40.530384
33.20172
15.082528
38.05976
22.977709
19.6348
31.621428
20.360874
39.083233
39.30446
40.7614
27.606344
18.843977
19.599226
38.466503
17.03652
25.28486
20.084087
25.095125
30.015469
33.260212
20.42289
37.57086
15.37652
36.20777
23.655762
22.520477
19.916872
17.140623
39.586163
27.653606
35.16802
30.719173
34.479557
27.621801
29.67229
35.11443
26.53546
29.869976
38.911823
19.555403
15.666821
37.581074
22.764736
15.947762
25.005527
36.715305
26.904387
36.75729
16.25005
30.358057
35.91104
26.471033
31.481016
20.116125
20.031303
18.380556
36.3928
17.139618
24.499224
20.175873
26.023897
30.497477
18.123936
24.895311
26.016245
22.097275
22.452265
20.145674
34.193283
35.11546
28.23072
28.188673
34.818916
30.992033
38.119812
38.48383
33.284237
34.444107
29.654678
24.584614
18.166193
34.66558
24.299425
28.903713
16.61208
39.905674
35.108765
19.795092
31.826092
39.95689
32.988876
19.644447
16.068823
22.733328
23.840546
36.2165
21.027973
31.083296
21.971119
34.37656
19.678242
28.25537
23.077812
39.485523
27.820633
27.025127
34.833447
39.26157
39.376183
32.390034
22.646683
25.708464
35.206436
22.952929
26.5224
30.829546
18.742634
33.639908
38.113743
23.278069
25.028
26.236343
17.036053
21.838749
30.912151
22.375057
20.303799
29.691982
27.083992
40.073742
40.355133
26.781372
27.389196
21.693897
17.544811
40.2868
21.450638
36.281624
38.214626
25.199467
16.994934
36.650898
15.491561
20.30189
30.485464
17.282879
36.817413
17.475119
26.672071
15.140179
29.879602
16.186922
15.489858
39.83296
15.091438
34.258923
34.37428
34.224022
20.06109
36.567303
31.507011
27.523045
23.592072
19.200819
18.76679
22.19543
29.674025
15.781466
34.231785
37.599213
27.651133
31.147385
16.96469
23.163725
31.296478
23.404125
39.509106
16.136763
20.874212
22.469587
36.03552
15.452296
24.43738
31.669582
16.39738
32.10865
25.587803
16.685114
34.49269
17.597546
32.715397
15.209085
19.273582
37.38719
19.337833
33.039314
40.50635
26.238087
16.577497
20.016367
30.9565
26.218033
15.041146
22.208828
38.058178
38.68326
36.408752
27.055367
35.324738
18.205488
34.891502
31.791937
38.766716
29.450056
19.384922
40.42426
38.406044
23.348278
36.62166
20.74975
35.60983
16.557434
23.919415
30.489782
23.414501
24.164759
39.223087
22.462238
35.270775
21.867218
30.056164
18.906006
39.71216
16.446676
25.72491
36.563206
34.334545
22.260506
32.659992
26.931522
34.171665
26.680546
39.133575
24.21825
19.060934
20.938745
24.756025
30.95919
27.916483
30.675673
36.134884
24.009789
22.961002
36.638493
36.869698
23.672453
25.915186
16.437908
31.659912
22.09319
22.903408
23.048927
40.71897
25.742308
15.406493
24.82821
33.916363
22.788092
32.97723
23.221203
26.110243
29.478987
25.631523
34.045033
29.986952
18.268969
33.83783
38.25867
20.38958
18.35242
19.849874
28.469643
28.596382
30.518991
31.762272
32.07704
34.30081
30.795519
21.116076
26.913422
17.148432
15.211268
28.140947
32.52359
28.602036
35.204372
21.792978
33.806194
34.63477
21.681503
24.631887
35.644375
28.292112
39.549408
39.278652
39.36466
22.517029
21.656166
39.70436
24.38865
23.798708
33.51156
36.923336
19.279997
32.18371
21.900194
40.79834
29.539438
32.979454
17.557543
33.613018
20.963701
22.08347
16.448336
40.826336
37.159367
28.287771
15.868262
29.99622
39.89069
18.136387
16.584158
16.24424
21.340836
37.95493
28.534449
35.8305
20.078775
39.52471
39.230804
38.41767
23.549562
34.539906
40.93355
21.425304
33.24356
30.464714
18.917559
28.510439
24.350578
36.698612
32.701977
38.65766
21.667795
19.061176
30.986275
34.62164
35.805717
24.524038
39.216743
35.537346
30.324282
28.846077
24.201735
38.398
17.331697
29.30887
39.00055
38.79802
40.291378
29.103056
35.430008
20.847977
30.307833
37.08218
18.964432
33.490948
30.000181
34.57919
19.548857
35.584225
39.222424
27.771694
29.90195
19.057844
39.352406
29.685675
20.254265
18.22095
21.646915
36.34328
25.149067
25.859394
18.248093
22.788965
35.927155
29.152744
15.8269
24.769115
35.823708
38.63603
27.562138
22.693914
33.224323
21.441462
27.178965
36.176193
20.559107
39.87753
15.108756
21.9205
21.557716
26.037668
33.48251
17.026674
34.14501
28.577986
33.63291
25.875704
30.12604
15.06326
23.05557
25.681664
39.990734
32.35271
32.367794
17.522074
17.66283
36.381805
32.70371
18.199966
23.82422
33.393642
24.197392
39.64457
37.56499
23.183165
28.731047
20.723406
32.541115
21.239819
32.963238
37.317238
25.565903
40.808945
26.802471
22.300232
28.617907
27.839478
37.95438
19.671255
39.617157
23.54538
20.946136
20.498224
29.003252
32.880337
35.11963
40.565964
20.142939
36.610176
26.485252
34.65901
15.901476
23.864632
29.041185
24.264383
17.331196
25.059872
28.188276
38.14521
23.362377
33.905476
36.20866
40.714844
18.625578
19.844318
21.42655
27.43189
30.091349
38.721073
30.632578
29.540215
24.082258
35.7348
28.628431
36.393997
23.39391
16.80339
29.33642
32.336372
35.755695
20.352373
31.819014
40.641254
33.6687
15.237828
27.766273
23.38143
23.77736
38.02301
28.534473
15.252078
23.362988
18.150434
21.657146
21.35727
16.291565
20.686049
34.900112
25.758162
40.80477
19.259277
20.395002
27.185005
24.912348
36.582596
22.16115
30.731176
15.825542
30.506477
15.413592
15.575871
17.865597
31.950357
39.455368
16.823244
36.58773
25.24751
29.665136
32.399136
29.480383
35.451527
28.11659
27.612696
29.53096
28.974306
16.703922
40.4686
33.193615
27.560265
35.298157
18.106682
32.85111
31.048742
34.42188
20.849224
17.73204
35.636322
33.205383
19.252226
24.426289
21.423061
32.975185
37.285477
36.63571
33.911404
38.726078
37.30724
39.603783
20.823797
32.941
29.85293
33.78692
40.1148
38.74823
29.423105
20.762005
31.375761
20.243343
20.434704
34.108673
26.964863
38.953854
17.29036
17.061544
23.142653
34.887184
15.124284
21.096844
27.252893
40.37813
17.19905
33.299362
26.560865
27.03987
39.15631
25.349936
37.746006
40.522835
17.365332
29.280207
17.243038
22.498857
18.466871
18.760635
35.63551
32.313168
31.875853
31.619286
40.127922
28.084898
34.48487
21.533146
37.757397
32.687035
33.10151
40.390293
38.453117
23.999668
29.256058
29.690413
35.311478
23.10582
38.93212
17.532825
29.527258
32.68696
20.501245
27.23525
33.30575
28.775745
39.683594
16.433268
27.7782
26.236462
20.7103
15.629491
40.452538
23.86886
28.029116
24.593191
32.053753
38.869232
30.873451
25.755165
17.74297
32.532715
37.80599
33.799355
36.651558
25.543856
17.951511
32.02182
34.426395
21.977812
26.049614
26.709335
32.05465
28.222425
25.68653
32.784
28.621227
22.43187
37.106213
17.266893
19.849262
21.835363
28.854477
21.73299
32.283855
31.24996
28.175858
28.861097
20.801455
40.484158
31.561508
23.42685
36.762123
18.96962
16.137358
30.643284
35.56911
20.921078
32.685352
34.622814
33.659992
23.599934
16.006557
40.915928
28.025877
28.844933
34.06343
31.576147
18.2399
39.93372
27.879639
15.007462
33.673603
32.051926
39.529217
27.969452
35.089417
15.17184
23.712957
25.54714
34.11985
28.980675
25.398436
18.636578
40.278725
34.64869
21.790993
27.553963
25.096998
21.690474
25.50667
40.745106
36.735554
33.94798
31.233969
15.253771
35.999596
30.811823
38.39989
18.601551
36.06402
18.197796
19.396725
32.038544
21.4164
18.50832
16.779533
26.743279
30.534046
33.834095
35.510357
21.481966
19.633774
33.988983
23.803621
26.481249
35.46787
28.621601
32.418247
33.82535
17.58694
18.610016
23.345566
35.557606
34.75017
28.221228
26.758
34.847942
34.235672
40.105152
25.812153
33.08222
32.688488
24.093079
22.44086
26.535683
30.841005
15.983569
17.622284
26.412216
31.950338
40.024075
38.7802
25.462517
17.119474
20.634497
18.948072
37.13855
23.80375
19.069277
19.12059
23.29827
26.751526
15.177518
22.819809
29.843706
31.387653
37.19597
26.319069
34.357185
32.220577
29.5977
17.196402
21.794586
19.238771
30.419563
19.930119
29.601162
31.459345
39.20454
38.102806
20.234623
34.801533
22.720383
24.445967
31.01178
25.279987
31.953865
26.436066
38.439224
18.147572
28.530409
22.443737
22.74515
27.06462
15.671659
21.541464
32.19855
22.6314
32.07901
30.991009
17.983673
18.692766
32.718987
35.160408
20.891764
35.708782
36.386765
20.161394
28.89876
33.182316
22.136974
21.851555
39.816734
25.644415
25.196404
15.011628
31.63856
31.02054
25.810982
30.48678
18.939327
40.335426
25.629965
26.871794
24.754808
23.661741
19.692993
29.92354
27.726286
34.977303
23.861187
38.300205
25.982784
20.16808
35.62129
26.455177
32.225826
21.798767
38.592236
38.554546
40.78852
29.470161
23.776491
31.14075
33.059933
23.592209
39.623814
34.93077
16.597248
19.223934
30.31301
39.615948
29.492506
21.266193
29.307714
23.821404
37.11721
24.74046
23.204964
37.486626
15.23734
40.146637
39.17089
15.844741
29.672861
35.96513
31.84565
24.906572
36.17005
32.2532
34.500084
33.896538
32.961525
24.982876
24.439615
34.441013
34.608
24.277456
38.176094
35.47575
25.14758
15.02594
19.726385
18.817482
17.322252
19.489414
37.546734
29.135887
34.70824
20.460789
26.074926
37.665535
24.945677
32.298946
24.627583
37.413525
40.944977
31.730696
31.487906
34.84697
36.94122
16.698677
32.419495
33.085575
35.574646
17.730585
40.554783
38.478012
30.794407
28.314924
36.632053
34.106823
25.314404
28.590689
30.892838
36.24513
30.59418
30.293205
40.601936
29.079372
21.874456
20.34557
20.115158
33.115948
38.666073
33.74493
17.695295
35.605446
20.272697
17.465105
24.86469
25.04689
36.421837
21.9818
15.983227
28.375244
24.885323
39.723946
37.953365
18.78909
39.08955
24.264477
34.479343
26.341295
33.147453
32.386055
26.14541
26.394098
39.488277
35.29213
40.72856
36.830944
23.317867
19.180866
35.623875
21.521036
20.511375
29.15935
38.036167
28.94851
25.221859
28.047634
30.679459
33.146652
40.482445
37.00707
19.126144
37.118668
21.386322
22.12453
33.660683
38.77992
38.048035
30.093985
39.51796
34.12265
30.4811
22.95906
22.724474
27.782715
23.771183
32.5151
26.410728
25.478786
29.48069
21.416355
38.426247
39.898132
32.089767
36.2939
37.363945
17.51897
27.46032
32.26189
20.688494
16.587992
19.803846
26.074776
25.563734
38.012627
38.440506
30.895214
22.187004
37.28114
33.755947
37.142197
20.963778
30.689709
19.194134
37.211254
20.693735
37.134052
40.86845
20.993258
31.089916
23.514317
26.430122
20.065716
15.415415
33.405342
16.20204
27.190113
37.797504
15.060487
22.26773
30.321207
32.866936
22.045727
33.1994
20.718895
30.770605
17.841707
37.415592
40.950577
38.318596
38.604996
28.778101
38.58165
25.05206
27.945747
29.969513
19.1741
15.356261
26.05757
40.436802
17.84788
16.393497
34.826332
32.2431
34.10702
40.593506
16.648205
29.038853
37.892246
16.714367
35.603252
40.545307
27.894037
31.074781
23.359377
19.437283
36.044968
32.459023
24.72245
19.318935
28.807283
18.408703
31.101973
23.605314
38.38154
37.140965
40.327656
33.554142
31.284384
16.170492
16.230766
23.43642
29.878254
21.863255
17.195143
35.89107
22.38313
35.612648
33.486317
36.878
24.660166
32.104214
34.583134
37.325584
16.629341
31.222916
25.96482
37.56273
19.568007
27.557411
19.847475
18.932266
19.734482
32.168587
34.21745
24.601673
40.77063
32.315067
29.175074
40.518635
30.159586
20.166254
31.080805
25.703184
31.649574
35.183887
23.286722
20.624754
38.00207
30.815989
19.339996
31.281675
38.682247
16.4224
38.460827
20.782192
39.181973
25.939112
21.825924
19.720331
40.55036
15.688876
21.729641
27.446482
37.404186
26.958536
16.048326
32.451797
20.200132
32.488888
35.599525
25.517076
38.873283
17.860777
27.966166
30.02095
28.080837
24.911535
36.14684
19.858913
25.237446
16.778702
33.996895
20.793743
17.288263
18.943472
20.840973
31.739613
26.738073
19.734062
28.866186
24.476282
17.83964
35.14972
22.946165
25.5964
34.04167
20.57887
25.399675
37.108112
27.806599
40.01038
33.85357
40.046787
39.730537
31.674713
18.858278
40.693817
19.532722
31.702286
19.195202
23.55711
38.928806
36.34902
32.918655
29.136995
23.662266
38.614685
19.091322
25.682951
33.04047
18.667381
32.900383
28.640652
26.206575
23.387949
17.382782
23.295525
35.075874
40.560974
18.34138
19.238096
18.37481
29.76447
25.199924
19.708097
29.543278
30.848148
15.523174
34.618393
25.395494
32.040703
24.719603
21.116486
28.38205
23.189228
35.04756
21.910427
25.05549
19.409512
23.461863
21.267698
32.91405
26.513628
40.066204
37.58965
37.18293
21.981804
33.977875
27.770815
30.289755
17.958303
29.264765
36.17157
21.80067
25.776564
34.28063
39.964104
29.405704
34.85662
33.20311
22.856054
36.17688
16.468327
22.870049
24.752506
17.76982
36.8167
37.113148
21.786491
15.499238
34.181168
28.703964
21.329504
39.29117
21.428324
31.755888
20.087883
30.399374
24.118261
20.966612
18.19745
27.470722
25.637396
36.43925
28.347939
35.054104
28.316063
33.986176
32.400444
22.96967
15.327128
22.79822
40.70521
24.089977
22.312199
23.152918
21.383753
33.03188
36.1449
38.438873
22.208374
15.017765
33.01612
40.189514
18.393927
18.73703
17.113955
30.047874
31.610641
33.423393
36.571556
22.625105
30.833593
34.561
29.068897
16.068989
22.263483
24.641926
25.499878
32.824635
27.485048
31.220074
38.45416
17.548159
40.27359
38.141125
16.913382
20.425077
35.016666
35.275513
23.524408
20.248741
37.587254
23.34118
40.087605
34.53007
32.68622
21.475073
26.486006
39.63844
32.16614
38.097164
18.181702
24.51453
16.655159
22.308031
33.61857
28.849497
27.9186
39.570755
37.39595
38.790825
39.827923
37.750256
23.915697
26.213732
23.55047
19.717806
21.35546
25.388048
39.63032
16.675913
39.283924
35.47395
29.999567
32.11833
19.009142
30.695984
26.641073
31.912378
31.838964
22.273333
22.617805
27.375452
32.83299
39.225277
17.490574
23.414858
30.33831
27.02431
20.765085
18.809893
36.62676
29.735426
37.9409
24.537373
30.289234
36.75854
25.978977
40.67654
32.69307
23.58213
34.56119
24.876575
32.771294
19.059528
24.384285
17.62969
30.688051
37.635555
33.912407
33.66504
39.512337
33.679424
31.506521
34.663494
18.932526
16.621088
36.655552
30.190521
26.257166
31.941612
34.153393
21.254211
31.472843
34.23414
24.497414
40.21781
26.967798
26.530634
28.528334
27.930767
30.680408
18.880543
22.387922
37.889687
25.894516
20.770977
22.240162
18.000257
33.678974
34.394165
34.883118
29.08357
37.05667
28.996334
30.372908
27.654907
33.38873
20.583204
20.087849
28.700447
29.17235
32.11088
24.279896
20.187054
25.476318
36.956814
19.09226
40.862556
36.57596
30.944128
32.266125
40.53874
16.999754
31.483578
19.316078
27.496504
23.162775
28.50091
25.823011
34.91244
29.037373
34.733425
20.674837
39.27829
34.899563
38.70809
37.57959
32.669556
34.08986
22.2545
25.982042
39.41684
38.940258
17.75953
27.634167
16.243118
35.544388
20.5366
21.501366
23.2526
23.88584
36.660862
35.43057
33.291412
34.98997
24.41273
20.062927
29.14777
32.227432
32.0757
16.842972
19.818953
29.673069
28.250305
37.657726
32.6447
36.511677
39.07476
20.633448
31.491457
32.882523
37.78362
36.924282
34.36906
19.267477
21.889542
38.946228
26.87135
38.552856
39.93908
33.44155
34.65432
25.23315
37.27203
17.002783
16.80034
39.875034
18.504833
21.242195
36.364082
38.923058
15.5621
19.661766
22.655691
36.20374
31.996284
30.46021
15.888902
15.07276
37.064083
39.007896
20.706673
21.050198
38.56913
38.527058
16.794046
32.001812
37.83412
25.633821
30.297829
28.449656
17.331417
34.830303
33.09487
24.433187
17.479837
30.779047
16.085562
35.492554
31.906218
25.248838
31.636297
40.80844
34.07392
40.98998
35.05464
19.308441
18.59649
29.478767
27.552963
26.637663
31.783121
29.465147
25.541191
31.291737
24.003654
26.56398
29.286667
39.923298
21.31432
26.74968
19.988668
27.858349
37.45148
18.545523
40.137592
17.196854
21.779121
19.943066
35.663486
35.522263
26.066833
24.643805
23.825905
35.207607
37.07863
16.084303
22.05677
38.581127
32.86883
32.88768
34.04032
17.802347
34.409904
39.87847
16.198822
24.199898
22.71801
20.604527
38.450138
28.035204
28.995693
24.428787
39.6129
28.181654
25.47701
31.685316
40.157364
30.046675
21.639
28.138243
31.1348
31.214567
40.2344
19.038795
40.065437
39.75084
36.204018
21.444828
38.324894
29.884153
28.943151
25.148808
40.141167
29.869905
16.625051
27.55446
38.69909
15.239851
22.325352
32.148823
34.046402
27.355068
25.544933
29.835644
16.505358
40.204952
29.394737
15.327738
16.116035
15.732812
23.184517
27.039936
17.272335
17.61903
20.448551
38.481045
20.15885
15.41568
19.544836
26.012287
38.856594
15.201814
25.880358
28.021349
24.057844
19.516579
21.543438
28.055311
40.21512
26.227692
35.665318
39.26239
30.646526
15.205699
35.1865
19.611536
17.62959
21.199818
40.86953
40.79057
17.837791
15.149088
25.378279
36.42773
26.60898
26.31291
19.034958
17.338068
29.481913
30.067955
28.469429
38.865334
34.19709
32.99383
35.79157
28.071606
34.93023
23.957766
21.145813
18.521067
38.911526
17.308968
17.54816
19.710938
23.781082
30.006197
39.759285
34.8218
18.04072
16.52751
30.613537
32.391083
28.784554
39.74899
36.70209
16.757704
22.525558
34.629665
36.599487
38.68244
36.382603
38.502792
32.92638
29.417799
18.15215
23.04889
24.457249
40.68276
36.861137
20.614046
40.21045
21.4919
40.282314
33.43718
21.998898
16.595098
30.590546
32.562965
39.273228
26.403082
39.848362
21.742514
16.255331
16.705801
21.331362
38.461685
20.338606
28.23469
26.838722
37.387474
26.522343
39.17656
34.081497
32.98563
21.251152
36.11597
32.000957
29.838146
34.446358
24.56462
19.441685
27.27719
26.74479
33.230373
37.98876
19.352306
28.001438
28.485218
32.975685
33.860737
40.965973
19.110617
37.679504
33.196037
32.70904
40.33027
18.541777
27.108051
27.85296
32.38454
19.888847
21.11775
35.952187
40.457405
39.072147
18.29324
18.472729
21.635838
27.209013
22.368746
28.735487
36.763405
36.77672
26.776178
40.917076
36.543697
21.197308
31.059322
31.742744
36.05611
31.247953
21.353575
28.859499
21.965479
24.641394
27.139536
31.043505
16.138815
32.443264
16.316679
27.374416
38.126404
29.127913
22.79365
15.300296
23.021307
18.021502
19.254736
33.12025
20.580378
20.641035
32.537334
26.827993
30.171501
19.01017
28.143213
34.487995
20.106012
40.417454
37.806705
15.356948
35.221817
26.279875
21.755896
17.816774
23.201859
22.784426
23.328232
17.851389
18.044323
34.80258
23.939888
24.278
20.344967
16.207405
39.0586
24.234707
40.608723
29.170261
16.792595
36.529663
33.67681
22.273832
39.98358
39.37315
21.537226
32.35047
30.27974
26.742325
30.28064
19.83964
16.564957
26.169512
24.770388
34.155434
40.33349
36.09838
17.714321
20.065048
25.124617
19.118351
36.25799
38.401173
15.969749
32.366146
26.962751
30.5662
19.954811
28.174341
29.088987
32.233295
20.463669
26.650352
32.473866
21.409206
19.443684
35.285282
31.974598
25.595936
18.122454
26.920568
21.44235
18.17315
27.005117
28.44136
26.498638
29.320477
32.694527
36.419163
15.005075
37.80864
18.101978
24.59217
25.0491
28.810568
35.954094
25.550333
32.512352
31.518457
25.151785
39.283154
37.84508
16.800018
17.500202
20.351782
22.53905
31.386835
20.603897
19.362911
33.973103
25.160143
17.30933
15.150592
24.799637
27.983988
32.977283
21.613016
33.846912
24.23309
39.080578
21.504871
27.63124
22.67241
27.147913
16.651894
35.00478
32.667755
28.912535
26.032732
32.20872
28.841509
22.674833
29.964281
25.658401
33.23479
32.35085
26.230145
35.155907
36.797173
20.454039
38.407883
34.907455
24.597342
25.345623
33.879272
37.716976
15.532785
16.48912
35.04875
19.033852
25.513998
39.157635
20.148798
40.152107
31.10827
24.067837
31.676964
39.78977
36.45058
35.752476
16.987835
38.521423
21.863745
32.133606
34.854164
27.09353
22.077295
36.721684
23.914993
21.521292
25.194332
16.141006
37.844532
37.04737
36.62783
27.269892
25.804138
23.537085
19.112677
20.184378
25.280724
24.691164
22.59695
21.30711
17.768415
36.576412
30.325752
23.688513
19.916374
29.406197
15.753149
30.185135
17.744108
32.246902
23.052519
40.45058
25.316704
39.38299
39.942947
22.11722
27.875885
39.44263
25.308975
20.322298
36.838795
30.067318
21.663359
17.820015
16.305002
21.903204
19.887196
40.321404
39.753113
27.998384
34.879112
32.41687
23.462027
34.309586
17.75488
30.46155
23.857805
31.953327
23.061195
22.141554
35.465626
24.080753
36.102024
28.089613
24.437399
19.812023
23.923265
26.881428
27.72902
30.535194
21.76121
37.019524
23.917376
16.056303
30.832502
30.099201
16.375608
31.581348
27.228168
30.25167
23.066261
19.31764
35.37146
26.172247
39.56539
20.601046
17.009068
17.566935
25.096758
37.88734
22.02749
37.688614
23.333715
18.689985
40.521187
27.784414
20.517479
19.603333
30.486277
39.73875
39.043888
19.919348
32.273476
17.971918
15.086864
15.027621
17.50607
40.74201
36.05527
29.782581
40.5536
40.398277
19.720829
35.32842
36.84917
29.847042
37.708385
25.491434
28.348
16.516539
31.705706
34.781086
40.247223
27.445059
27.228588
37.28528
34.72156
33.767097
17.068056
38.30188
38.876896
39.835106
30.649899
36.41783
35.383434
33.48987
40.452896
24.928627
19.32248
37.580368
26.360516
23.985275
17.665567
26.734474
19.361914
16.66234
28.501999
31.594555
19.371618
19.259897
37.64054
31.257631
16.103226
22.583868
16.533398
15.497499
26.910994
16.693262
33.605225
21.496681
37.304256
40.65963
21.017332
17.27893
40.44303
39.253017
34.656864
33.80841
33.33928
40.1505
34.71316
15.809578
35.71672
32.25738
31.58811
29.76217
16.523205
36.037903
23.08469
30.238596
30.943098
24.371359
31.827606
36.776405
15.423143
35.381187
18.692213
20.816437
17.703846
26.928776
20.652657
25.887602
31.139364
32.020317
17.90746
26.182165
37.69248
33.244186
25.40055
32.940765
37.907146
24.538012
35.927944
32.654343
34.88975
18.078691
17.905123
21.990461
24.871119
38.895275
32.567356
39.5645
29.27485
25.923763
20.885067
36.201485
30.383677
39.65452
25.798471
37.172276
20.67388
27.267132
36.510628
18.03823
22.678968
36.204224
40.525223
36.201283
25.847267
34.504776
19.875168
39.03184
33.27408
20.899286
40.560444
34.534775
34.417618
39.663105
22.598234
21.91413
19.948946
32.531036
24.28587
21.110138
39.73958
18.595364
40.286633
20.407436
34.65657
21.04108
28.970947
19.55134
21.313276
18.816385
40.08011
22.4594
30.21509
27.892931
29.227016
24.578316
21.842924
16.639666
27.008184
17.211752
24.133266
33.01557
33.57345
28.732412
26.542091
15.780893
40.38472
32.492176
18.420979
21.732965
39.592255
31.456944
34.787285
34.091972
29.966743
38.1183
16.736237
25.593596
34.647797
33.07189
18.721317
21.589592
36.10414
32.802902
18.720331
27.514091
27.648094
22.681849
15.908097
19.442421
38.60674
40.949333
33.87264
18.151003
25.824322
27.55624
37.64036
18.080975
15.555368
38.12632
33.816666
28.914783
33.005077
38.02092
27.001928
19.094238
31.783464
38.511093
28.308903
25.540052
22.361942
18.400139
29.28601
32.07709
27.255741
38.090015
40.842022
20.626198
25.102936
39.04805
15.87121
30.09258
22.070538
33.905663
26.194
16.06237
15.090388
25.008701
31.156677
23.913162
31.312391
34.139526
38.774746
16.750938
29.859835
27.34365
38.658054
31.704903
29.481373
32.31933
31.121746
25.543478
39.016453
31.66626
18.865747
39.318745
24.725782
29.44002
20.396345
39.80334
39.485653
40.921688
19.967094
26.85291
23.604752
38.287563
15.232184
24.508877
31.594322
31.951708
25.033974
39.650448
37.6073
36.75452
37.787388
25.31136
30.459349
15.883335
25.777437
28.396067
29.154446
25.436525
36.35203
19.461699
39.659954
22.880411
23.470928
21.476233
39.310894
39.29871
36.362488
19.019981
24.670376
20.297138
22.143631
29.266666
17.932894
21.701138
26.174183
37.261917
34.029533
39.772667
33.645527
22.511255
27.478807
21.572296
16.444334
29.696232
24.72416
15.305783
16.685728
21.456465
16.208958
37.019737
16.476265
31.607113
20.761995
36.84875
16.445614
26.905293
27.00134
31.166914
15.376786
18.535715
18.411644
40.4594
23.868393
24.854872
24.509722
28.505268
36.37829
36.614826
20.085575
16.550493
16.226593
16.88171
37.89071
24.550636
27.17704
38.17075
39.342903
30.27544
23.069084
34.938717
22.826368
20.093056
31.639317
34.506443
29.988466
30.589449
16.149158
27.728004
23.068924
29.829
28.72685
40.28003
36.744797
29.025118
26.435286
32.31357
22.234118
25.665133
26.993238
18.392664
39.47351
39.72161
39.80604
37.137905
27.06978
15.482629
21.502813
40.79989
35.422714
36.746403
35.53082
15.106612
19.92621
22.65113
24.523575
29.160519
26.476967
35.2487
18.13786
39.905045
22.654867
24.081402
23.84572
31.737087
26.886364
19.483595
29.77119
15.211098
26.661985
15.105733
15.077359
23.461966
31.451326
19.245996
32.638
34.96817
18.343666
37.975185
26.768959
16.583185
20.639622
18.753433
25.648035
33.382355
23.628984
17.26269
37.718082
27.80403
33.612206
38.516754
37.846584
15.807952
23.857704
31.96113
30.305996
26.330473
34.634457
35.237804
37.742596
36.185352
17.719145
22.5654
40.217693
19.740517
32.849304
25.273167
38.13349
29.195326
16.478767
17.927544
17.396912
25.089472
37.888916
37.702972
32.528275
27.79384
26.219046
23.174046
21.587677
17.16529
38.3014
29.543907
29.77043
29.291405
25.321178
16.474293
34.313988
30.307972
40.269157
32.145412
17.962248
27.641047
29.914213
40.949306
27.64916
24.70711
28.595428
24.30821
33.292088
34.098965
34.518135
20.509802
26.626385
18.591667
30.435564
22.164164
21.866148
18.921925
37.607494
26.912617
38.642128
32.226017
26.749636
24.35654
21.146341
25.265472
30.322123
15.8246
15.70385
20.126326
34.95291
29.559786
24.095789
36.946987
15.051499
32.183
21.873669
26.41132
16.74076
37.877804
39.63353
20.237701
23.119364
19.641422
30.75951
24.701536
25.56459
32.159855
37.499985
20.347683
29.295078
39.390446
32.40529
28.481087
26.735302
19.773127
18.134771
17.767889
31.358358
20.141891
17.43172
24.33601
25.630915
39.871017
38.668392
36.13334
23.4439
39.565887
36.779293
40.98326
27.984844
21.696213
32.62938
37.771458
40.39247
37.969746
21.904972
23.50445
38.731464
35.957626
21.468464
33.599674
40.83506
29.507706
18.784224
20.698298
26.385447
31.82024
22.50131
34.536316
27.236584
36.710644
39.569866
29.965986
20.43151
30.546926
30.37141
24.088873
27.62578
20.624794
16.259375
20.643368
21.701086
37.33133
39.634674
34.283703
38.23781
33.34852
35.222153
39.194157
36.212494
31.360804
30.56727
23.601213
32.79613
20.256226
23.938353
20.178143
29.45118
36.64858
28.79833
16.080608
20.660261
31.698494
17.800823
25.408478
20.566574
22.674097
17.86901
31.258259
38.565872
24.467436
35.331703
28.212133
22.46215
40.370667
36.31953
17.103743
19.183922
25.81639
26.665274
30.207548
34.255222
17.499472
17.405718
30.617632
32.225292
35.323
28.648603
30.513575
39.08307
21.948986
28.046627
33.255085
22.317513
34.384747
16.411533
23.803734
18.731909
39.998867
36.10482
26.839314
20.380163
37.63596
39.75762
28.119902
29.06535
39.087387
31.600828
40.12897
17.725477
23.075447
17.227537
19.859417
22.72881
25.121485
33.9634
28.703545
24.610735
26.193712
23.18653
23.849764
22.106518
18.86845
17.917055
17.330782
35.469006
39.888893
37.787487
40.924793
30.007626
38.468365
31.108557
40.480267
19.544786
18.460459
34.161186
21.916618
34.05803
25.606321
29.073816
15.147143
36.16112
30.469723
35.68526
25.477234
25.274424
23.383495
25.64683
24.650118
34.344753
39.756233
16.683475
27.643875
35.79717
36.426132
19.412176
16.567734
21.035847
22.399128
20.40687
27.56224
25.258553
24.271515
21.302685
30.47703
40.60891
15.912476
16.648308
34.281605
23.762976
17.569965
20.943773
23.658632
38.931396
15.463704
15.84202
20.035906
35.955635
15.141955
21.846075
33.43233
29.686615
28.404163
26.999697
35.924824
23.156284
28.42938
22.047895
17.287228
25.187471
32.90087
25.33469
16.408993
27.034605
22.380058
31.309044
18.470469
32.407627
34.958527
23.92588
27.53332
36.80378
28.304516
40.457638
37.198704
31.456604
34.620857
38.272797
30.292542
40.40881
34.744144
20.991407
34.156246
16.225464
30.640316
25.093517
31.053051
30.686146
22.889742
39.5351
31.444073
27.42954
17.40526
39.21693
15.44505
29.97119
25.589561
32.255493
22.64366
36.774853
38.41362
26.920935
30.639116
21.130253
17.485878
38.835655
34.15978
15.474724
29.082142
32.568115
33.42122
17.493496
22.319174
38.109936
36.50627
32.843204
20.180265
15.890455
37.980274
16.665436
23.938978
15.961299
34.698868
29.191816
31.6777
17.774683
37.82226
31.689592
28.060438
18.582552
23.419155
31.756205
33.29476
40.89977
40.725025
35.543804
30.305677
28.703022
19.1137
28.879288
16.544521
32.07817
16.147758
25.44281
16.569014
28.882252
23.69242
24.1774
21.555836
21.652374
29.00927
29.924637
24.245089
24.472277
40.99026
18.916067
20.466352
39.798294
34.249096
18.197365
39.358963
39.35004
39.656258
15.321907
33.674484
34.087093
35.08551
15.722831
31.137281
26.02151
22.633993
36.05727
29.739485
19.15699
40.384468
34.513836
16.0595
28.199064
31.89759
31.584148
24.218637
19.846622
17.053629
31.121414
23.928312
30.453718
27.607224
21.643953
19.230658
25.641504
39.875412
33.78872
26.998291
28.043722
29.34827
17.579666
30.034348
24.785173
15.693229
40.748116
29.701815
24.521122
29.618137
32.726982
35.41156
36.906563
29.364935
26.138016
29.01135
35.217846
28.224825
26.600988
33.143566
17.515165
25.397526
32.516014
29.977158
25.212854
22.76131
25.104916
24.369858
34.215584
15.677201
23.44492
21.479462
28.88194
30.819786
15.487572
17.118464
28.99297
34.208813
34.128216
31.734169
28.631735
18.109827
27.275974
15.796825
21.420975
28.278769
20.571531
25.591187
34.919476
29.14457
36.909786
21.932327
28.143738
37.955482
36.246647
36.16441
36.160107
17.658926
16.30407
25.951504
20.483477
34.34139
19.734665
19.832428
39.62226
24.423927
36.066982
28.287012
40.525272
15.490616
17.324848
22.149027
40.914722
30.621243
28.5989
30.601437
30.530567
29.40638
33.0457
26.702547
26.16487
17.441948
18.799614
22.416956
29.030973
34.03213
31.104883
35.46315
39.49072
15.073589
24.610092
20.939974
15.453943
30.650562
24.214493
25.657063
16.868116
34.73963
32.115417
20.369755
17.631847
29.604494
31.77828
32.70687
29.994616
17.955313
40.43543
25.480127
37.046055
37.753742
36.41737
17.276896
30.251627
21.66402
22.12966
38.763317
29.157558
29.581991
21.811043
38.962765
35.366413
32.4182
15.343116
32.92499
26.6757
26.367771
25.329157
17.66418
17.875439
31.268902
24.41945
25.01955
32.116577
24.333567
15.432731
34.18
34.990726
27.527977
36.20813
37.014736
40.502686
39.18716
34.3193
22.064648
27.97068
20.067057
23.792109
20.074638
39.55536
20.969221
38.789585
23.284973
25.597012
33.317314
23.862617
34.35014
23.231556
23.621264
22.812025
28.716553
36.859306
17.634087
16.467598
20.565868
34.9566
32.187977
23.76175
17.01855
16.448807
34.190456
18.360361
40.19272
29.404371
27.068026
36.810566
31.926182
33.162914
33.063797
27.675028
21.495016
24.176565
39.227394
24.444504
40.499832
23.822092
21.679384
36.155308
31.241375
31.23256
34.789276
32.58547
23.369913
29.800589
23.275137
19.663206
18.368307
18.421452
19.914661
15.293613
26.516506
25.772669
37.551525
32.19416
36.38566
27.967827
35.3876
16.526936
40.62285
16.775833
40.170715
15.125265
33.812927
39.26284
28.819252
37.934704
22.541754
20.192621
38.269054
31.923029
24.435541
27.812134
40.884777
20.161251
15.913989
23.752567
23.64687
33.037346
25.67011
28.692202
30.50712
33.636715
22.477715
17.155842
35.79975
30.208143
17.827793
19.366722
22.401762
27.331264
36.107998
19.420174
33.45529
31.911339
27.564764
15.214453
18.896488
24.44941
34.125526
30.5526
33.779408
34.170635
29.308893
23.62022
34.44025
22.540922
38.913506
24.647604
22.91624
29.461704
40.951683
28.980598
19.715174
32.00495
31.381905
30.013205
32.0258
28.935375
16.59452
31.475807
20.765785
17.46389
24.31799
36.426567
25.483276
21.686327
29.638319
38.95942
15.059499
32.983543
38.16232
22.120697
34.404232
35.293884
24.005604
21.817423
16.89245
16.616205
40.249207
35.60376
39.159603
26.361471
29.784103
29.148214
37.054737
16.243124
19.050701
39.91263
21.044657
38.281284
30.080921
21.115065
34.1691
39.19302
33.463203
39.402172
37.765945
29.950756
24.376333
18.822641
27.617153
24.613129
31.67572
27.671894
27.910305
33.66734
34.166283
35.569138
28.467175
28.06939
20.658869
29.731447
18.059984
32.928234
37.182636
39.825573
23.317577
38.352318
29.813643
24.006618
34.717937
23.36154
30.980265
24.793848
18.47006
22.965124
20.819063
30.287313
17.707378
24.515493
17.179985
31.895056
28.34656
25.27066
32.217724
32.219128
38.20963
24.732252
16.156496
34.0397
28.564024
38.77372
21.778313
33.440063
39.104332
29.832863
20.460264
33.031303
30.581083
40.51529
20.17419
32.96395
37.776115
28.839943
35.762535
29.955013
25.330704
26.05532
20.01705
23.912123
22.051723
34.46464
26.612427
27.902767
17.752834
25.020514
18.784761
22.194927
24.431719
24.584448
32.795273
24.886534
16.641167
30.693785
16.682432
34.24464
34.280804
33.43841
26.581182
39.291267
32.718037
17.621881
36.97575
35.40132
38.140812
23.76632
23.652939
34.719078
40.351524
19.717772
34.835712
37.053185
16.830456
35.61842
31.002281
33.576187
20.828857
39.83433
35.23372
15.133059
20.495867
22.062225
19.583632
39.254276
29.600115
36.28592
40.92619
25.072474
33.276012
36.512993
38.014328
17.257719
28.406364
30.294384
38.06769
28.814974
21.74705
38.914413
18.110434
36.12834
35.706238
20.836073
17.491692
31.990175
21.809647
24.496061
25.547176
25.519186
37.31505
23.866405
40.19795
17.850159
21.183393
15.33424
25.433084
19.268927
15.670476
39.39858
18.085653
29.06977
25.172306
33.442688
33.086887
15.828424
20.638916
16.41294
31.471354
27.01235
23.865519
24.619766
18.806223
24.891037
29.276543
22.073639
35.43073
22.562492
27.43723
20.778706
33.917244
17.57822
24.45913
22.229078
23.503279
17.127386
30.709929
28.987404
17.894167
24.031992
26.794727
38.672737
33.798996
26.908293
34.64502
25.94441
26.837824
30.765816
28.733227
25.140932
39.046062
28.04373
24.924852
27.117628
18.10229
38.625473
20.286884
32.524105
28.618685
30.725914
22.290266
24.272287
22.358646
24.711477
16.275887
18.268127
25.084044
28.89205
39.79767
33.614765
32.884933
26.114613
27.512983
39.44228
18.307514
20.59199
22.659754
35.27883
40.371376
23.816126
28.841278
15.450383
40.655155
40.633865
34.83388
33.38083
24.029903
39.604168
35.43923
20.861704
15.332552
23.609226
27.022211
30.370419
28.297089
33.358025
15.30694
21.338156
30.399084
23.899258
35.247646
27.903412
18.9195
26.551722
22.347752
26.134394
33.496655
25.763643
27.669636
16.96324
24.710592
26.328535
30.959267
25.147331
28.831985
39.113632
27.8039
30.457672
37.76814
32.997993
25.547827
20.99167
18.451477
39.07087
30.810177
26.017294
35.44133
30.306936
20.880508
31.077988
28.347773
15.913556
16.011995
23.222345
25.83653
20.336168
33.688705
19.169952
20.437021
18.511509
27.312582
15.984452
25.15083
15.374303
32.437374
34.39723
17.94595
28.851656
39.670944
19.30984
37.622395
35.62032
28.67397
36.20062
24.24777
31.755571
38.302204
18.170572
37.38671
38.066444
37.871174
34.186054
23.686026
26.39057
15.76621
34.71039
36.027775
20.412872
34.177456
34.363914
21.42538
18.675955
40.608566
16.51169
40.11328
30.365917
29.989527
17.750328
33.86849
40.185966
37.718044
35.150265
21.502893
25.171148
27.760761
27.806944
25.677925
37.651
19.064514
16.764265
29.718655
26.733078
39.959644
33.69578
29.942322
29.65864
27.98142
26.864061
36.166573
36.172955
15.592297
22.825708
18.525703
23.656105
28.656889
32.10948
16.498482
36.176228
38.20316
28.667088
32.139114
24.855635
30.997494
18.28103
29.903221
25.981256
22.767893
40.311207
20.173626
33.144398
19.528797
24.171633
34.61619
40.360798
17.39253
32.750996
16.833712
34.60047
15.496654
21.625484
17.436377
32.447884
38.232994
25.359621
38.61015
26.716476
35.83343
20.450546
33.539837
26.757597
36.548996
30.54354
30.63143
18.932404
31.153116
29.431265
19.378822
19.256336
31.306395
21.046526
39.932777
34.579216
21.439451
31.16808
27.955475
17.830141
31.2421
24.881292
20.181843
16.834764
30.591097
30.970263
34.25926
25.003614
26.805538
21.3652
30.900114
15.793621
25.487934
38.528683
25.157125
31.261024
26.890787
20.236694
40.719124
26.252344
19.742533
29.59502
28.52553
15.821139
17.773401
36.328968
32.710506
22.311764
40.800873
19.394028
28.91329
36.21736
40.166042
16.777443
24.328962
39.39786
29.55637
21.995375
35.524433
26.534727
40.80691
18.23763
37.007217
30.802767
34.14126
40.37167
28.81002
22.655302
19.495106
28.089933
30.942013
38.34748
26.059422
30.369177
38.45807
31.363613
36.986935
26.107937
35.110188
27.267853
25.324703
22.317825
40.070576
40.663578
19.667246
31.56678
33.053944
15.925389
31.76878
18.507069
40.316772
25.15857
31.40985
17.268135
29.474335
19.44446
20.182648
19.254148
24.851608
40.84615
25.541096
20.45839
27.172031
34.877445
29.455793
16.791323
21.788584
16.179045
20.320648
33.11657
40.37445
15.999421
18.377106
36.69863
20.015942
22.743896
35.853554
40.58859
16.988302
26.333893
25.2616
27.108747
34.145317
21.4094
20.847622
38.04436
16.81661
37.5112
31.066998
26.410511
16.381895
36.295357
30.13024
16.734344
37.279266
16.561113
24.164246
32.67765
24.105145
25.414196
36.338608
22.522121
28.676203
16.241192
17.426025
18.549297
18.449175
23.336567
39.69753
31.6695
23.5322
15.00248
34.797325
21.788862
27.671795
19.732529
28.298782
19.350767
25.06247
39.694088
39.012123
40.2478
37.60133
32.13992
23.79613
30.87262
34.297974
18.608236
38.620235
38.460842
17.950268
31.811453
37.930046
20.076357
29.909643
40.967304
20.988457
15.599273
31.784767
37.99212
31.79623
31.89887
33.270473
15.454464
40.439945
39.008804
17.939142
26.478447
28.27194
38.569023
33.794632
40.88946
17.196012
24.05859
38.664326
32.81118
40.514225
19.415966
24.092573
26.651094
31.28435
35.527966
23.299429
30.952955
31.944141
22.765945
36.981274
18.947952
30.077711
20.257488
21.25542
32.8025
25.630968
32.904186
30.888645
17.539
32.627197
19.290794
34.100006
28.39698
19.490522
17.578394
22.691141
24.005539
22.454115
16.233885
37.032753
17.15398
20.211624
18.020449
15.523684
29.17613
26.964552
15.058368
26.539581
23.00475
21.324768
19.962845
29.600924
17.806036
30.150679
37.07524
15.51557
18.770224
17.327068
26.626448
30.588934
23.112728
21.742847
19.30577
33.645267
29.631428
22.27755
33.15613
24.566362
36.269054
24.47658
18.976007
15.329486
16.045786
15.776833
24.48085
23.114134
24.455593
25.638474
17.361555
35.94767
26.960918
31.745275
21.074697
30.572754
31.573792
31.555096
26.7091
37.744892
28.677496
39.913647
21.59556
30.006277
30.221415
28.18895
40.46128
39.132565
17.212696
30.44039
35.87787
28.912008
32.031906
27.505547
23.511484
33.69189
40.515835
16.569519
18.256046
24.214975
33.979176
21.775656
15.715093
39.669144
23.38773
40.743244
37.69522
38.58628
34.749435
38.47681
38.383778
39.251827
22.455372
16.083374
39.705727
22.624346
23.781591
26.95811
19.98938
21.414795
37.053448
21.655529
17.518
21.93815
34.07779
16.532393
15.803946
36.62536
16.364279
38.430286
38.49441
26.671497
18.385653
30.159834
40.702488
22.196478
33.667774
17.35526
20.254593
19.507387
16.853804
24.387053
36.855038
21.577095
33.052887
33.452232
15.49083
16.691555
24.762192
28.705755
36.534508
23.368637
16.44223
26.353338
28.950083
33.114243
15.428845
39.995007
40.767006
30.35681
37.281322
38.190437
34.559196
38.98925
33.894535
40.211193
25.051092
39.347687
23.744097
20.251667
35.16985
34.169342
23.486998
17.989689
21.872572
35.097202
32.8062
28.319283
39.89984
34.637085
15.866205
37.32239
28.241388
30.123068
35.037632
21.102835
22.54723
32.210125
21.652294
38.97506
38.977165
32.688225
26.466364
16.681747
35.053925
21.000048
31.237694
28.808628
18.969978
39.744843
22.36436
16.37135
32.495266
34.663822
21.885021
39.6685
24.142906
28.12797
40.307728
21.926445
38.57219
40.986897
29.7123
40.00588
37.342922
27.787876
30.362417
36.496452
39.082485
40.837048
39.66708
20.89525
27.886688
29.350138
28.747133
24.246212
37.347786
23.027998
25.091011
31.61203
21.987839
30.792574
37.824963
18.056484
36.07276
31.131905
32.976418
18.434433
29.792274
40.528038
25.775301
25.218246
28.613165
32.779743
35.516476
29.83369
19.248066
16.682175
29.797653
37.53481
37.12923
16.488684
29.05051
31.7166
29.536505
40.855175
15.198837
16.74583
33.60102
19.555506
36.006016
38.884525
29.290874
17.15661
33.215183
18.687313
28.182276
31.055107
35.93892
27.372885
15.329521
39.80239
30.921291
28.101595
17.86931
32.483185
40.273705
34.835186
22.12974
31.062927
25.076874
18.511457
40.961567
29.082146
37.8449
30.635693
30.769094
39.851555
32.263298
30.072363
17.29032
35.389297
38.841522
27.814768
32.56069
23.742273
38.16134
38.816902
22.692167
37.046394
35.256077
31.590956
15.108986
23.705858
35.321754
21.205542
40.703808
35.40962
40.43956
23.56387
35.012703
35.353447
35.280205
26.397675
34.954704
27.999002
38.864193
31.281956
27.941383
30.97661
19.36809
23.157095
22.2342
18.326427
21.695284
27.33918
27.312174
21.173004
33.0709
22.80592
40.709602
25.14119
30.273905
32.66471
39.293396
25.346653
37.285572
24.141052
18.271862
15.632269
32.111874
25.169655
24.361448
34.87193
20.328503
34.727207
20.485365
31.626291
32.50064
15.414917
26.137625
33.2103
23.04569
39.48061
38.118412
30.320307
25.335619
33.464233
26.731401
39.768875
21.87665
27.95739
40.730946
33.588398
17.257534
37.58646
24.316763
20.789865
37.2236
16.260765
15.296108
16.401226
27.712366
21.971138
29.1681
37.05996
34.977512
31.981043
27.332155
37.397533
26.031408
35.12148
18.8823
16.728731
27.55261
37.082542
36.521313
29.146706
33.133053
35.088715
30.013515
30.025112
33.280823
30.151459
37.29215
24.141415
23.947832
34.21201
23.847256
25.160992
27.517786
29.918762
35.34199
39.05945
27.168283
30.527859
28.540297
19.21102
25.311985
38.472187
27.57597
16.333755
19.425228
35.513172
26.353
28.257664
25.988539
37.071365
29.439281
20.569778
23.491972
20.325983
23.200619
15.590594
24.499231
21.980167
18.11915
35.849148
20.618053
25.207935
16.250114
39.249443
40.890343
16.230331
30.593151
16.45879
21.594051
33.212563
23.78908
32.699024
21.73984
25.730408
38.00038
18.0845
23.649038
21.923433
36.093327
36.92604
19.91548
18.634129
30.312078
35.00807
28.782246
15.326238
38.519672
18.746387
25.505424
39.382217
23.778246
33.34703
19.630484
16.498852
30.55052
28.612068
23.272861
29.33174
22.126827
26.875998
29.4729
20.283474
23.016798
27.706821
26.486284
24.387022
20.992018
22.468838
33.47463
25.604868
28.225777
20.619493
25.476904
28.546246
21.548264
32.70055
18.770882
25.598793
38.220375
18.384253
29.774817
38.777725
25.826506
21.64803
25.493074
38.21467
18.896503
39.17666
25.175468
27.139982
18.689243
20.428747
35.338524
38.45656
32.204983
22.454708
37.58798
30.559645
25.940977
31.516397
32.78528
23.926508
33.164627
32.83386
34.016876
37.181248
32.55057
23.372597
24.55366
35.83433
38.913067
18.485159
21.528833
40.703
19.462141
37.433678
17.416088
16.137857
21.521822
33.345478
35.555958
16.61257
19.970995
19.991644
38.9567
37.977783
26.802238
18.928953
27.38715
22.736967
25.141191
38.00836
32.382385
23.071087
39.828835
16.028694
31.199198
35.020557
16.241302
36.402046
34.986774
16.227173
34.4066
19.0978
35.479053
19.945301
18.674911
16.845074
16.368734
39.650726
26.208853
18.598759
30.188929
23.507278
26.38244
16.612246
33.006947
38.195393
33.812153
29.11031
31.525755
37.163513
16.19084
26.518501
36.292133
17.232298
40.354927
37.4808
22.626564
31.663242
18.087725
19.485184
29.618475
39.29755
29.046259
19.817114
15.071341
36.177612
31.896507
33.773903
28.63581
38.182682
16.25149
26.59824
26.53494
16.641916
29.329096
27.427078
39.264153
39.632164
38.38117
29.70253
36.43961
15.724413
26.892723
32.954174
40.5721
32.31207
29.309889
37.637726
39.95968
35.3358
39.627453
29.802774
18.120703
39.213863
25.551617
29.762796
15.229994
33.0934
18.15094
24.653461
21.874352
36.15748
24.91803
20.790665
15.109639
20.654099
33.987022
30.077646
21.28023
20.557686
26.886473
27.360878
29.352528
24.33016
22.654663
28.597357
38.617928
20.117817
35.40405
26.97129
23.536415
38.901905
38.49384
15.686071
34.22074
19.61494
19.354454
32.057816
21.601885
34.041378
31.704939
39.749653
37.670254
24.440514
40.414066
18.51131
27.352905
27.261005
36.57822
33.626457
37.565735
18.060606
36.523903
26.420654
28.770473
35.801384
28.38989
18.645647
32.969936
19.059723
29.70398
29.331102
23.490946
38.372185
38.941372
20.782835
32.132843
33.932323
25.436632
32.806927
36.3006
32.16028
35.218334
32.952026
24.594934
20.286072
21.345366
37.58749
27.997993
17.019148
34.14601
25.973022
37.271534
33.620914
29.395823
29.125704
17.475687
31.25361
22.917437
17.253288
27.619795
35.347992
22.345383
31.798061
17.372887
31.913975
40.871067
30.723341
23.489887
16.212511
33.66799
38.575195
40.15057
17.01362
31.394455
22.06477
15.761958
29.784595
22.680784
23.442074
21.940666
39.584137
40.830444
31.769894
26.370422
23.182196
33.099022
16.35693
38.020836
29.982037
21.862522
29.072178
26.817127
34.69012
35.745975
19.037893
20.266443
25.3611
39.355843
34.28641
38.775
34.439243
22.644249
40.366493
39.431236
33.72446
19.130512
21.597744
26.883684
16.809952
16.215137
16.697016
37.60835
40.470448
32.643665
20.83866
32.338776
23.723906
27.812607
38.860817
34.723152
21.846281
37.05695
37.292892
40.376183
18.488169
32.318398
40.154648
19.409536
18.223627
24.665932
39.06541
17.253216
30.355757
32.024864
30.102043
15.121156
40.610176
34.167995
34.05749
38.827904
34.466698
29.532097
15.276849
38.829254
32.311188
28.745325
31.085968
23.338188
26.333624
21.885881
28.977945
40.158573
36.155163
16.439493
24.185686
17.482462
28.536005
30.68308
22.044228
19.31296
22.19764
40.79425
15.6342745
15.403102
33.78705
33.37096
23.598911
34.642178
33.31722
40.243065
21.738249
38.674488
25.037348
31.467081
25.012215
25.201532
38.617847
23.217968
37.919548
15.897116
37.779335
29.926249
34.8715
30.155882
35.05146
24.456287
24.141533
20.999357
28.2166
20.38115
31.247892
15.379512
34.174995
16.481806
30.213526
31.848408
19.462149
15.483196
38.04853
32.103554
19.455889
34.736927
15.012966
15.272012
16.429638
32.07015
38.743378
34.962418
18.040096
27.342411
38.16422
33.09251
18.581682
31.387094
19.255785
19.290844
21.396687
38.961224
27.213118
18.2748
24.199274
39.08732
22.305784
26.023134
15.753096
18.743082
19.836283
20.789705
30.336382
24.239658
23.995218
37.046104
25.735094
30.826252
19.124321
39.29442
39.123787
33.068886
21.923737
24.35735
29.125513
40.37315
36.477905
17.231472
35.58624
39.65568
28.624762
32.880356
23.155836
40.616337
19.155863
16.447891
38.636967
22.322767
34.61044
27.288057
35.24465
18.891428
16.014282
15.936022
21.413633
26.933756
37.814686
19.686338
33.597115
20.133535
31.475733
37.797634
23.619768
36.831295
34.72334
39.509132
37.57938
26.813734
38.26765
35.03287
31.035767
21.64104
30.98053
33.476585
32.282166
30.792189
27.96894
22.255556
35.8635
23.668045
31.760305
23.967941
26.187454
29.06445
36.903885
26.936491
22.068617
17.112114
30.692568
28.660608
25.352379
19.877512
39.422386
17.276237
16.384577
35.828693
22.632408
30.787062
16.024431
30.192171
23.105644
21.30901
40.142494
31.86186
20.061872
35.861103
28.101965
29.968275
20.936296
34.339172
37.59085
25.475958
33.413246
23.225014
20.354124
37.2494
37.972103
20.311987
18.869137
21.912455
34.102917
23.26924
36.814217
22.523531
24.562233
33.220074
38.299488
34.598595
29.564842
37.676083
24.260624
33.336308
28.645224
23.147245
25.160374
15.034375
22.072752
20.539024
33.1993
30.633404
16.16765
16.05122
36.60641
16.084452
19.64008
40.70921
23.261894
26.808569
25.162607
36.88677
26.898355
37.901497
39.786736
24.220684
34.433628
29.933954
25.527021
36.170902
27.607323
26.207602
27.461742
16.145912
36.02491
33.14923
33.0369
34.591644
27.957344
31.160257
30.910837
35.733162
19.800797
34.68609
18.639528
30.761908
20.970257
21.529514
23.77807
35.177315
26.182373
28.504677
18.56175
29.720112
37.57706
25.412846
16.230488
36.875645
32.934063
16.018543
25.273308
36.279057
23.359726
27.214304
38.39492
36.520187
32.250988
17.884638
25.844364
19.824615
17.087605
19.11451
27.896013
19.87816
30.660406
19.334936
40.736267
19.665833
30.71241
39.758053
23.78446
31.612104
24.651297
23.026264
22.564573
20.537966
24.985928
39.384876
35.64461
32.991234
37.44616
25.884857
26.873459
40.360054
17.364418
15.132162
29.170427
19.845608
22.82908
28.922256
33.460514
20.848549
27.363874
34.733356
33.9989
20.614626
20.444162
39.49905
25.291029
28.088608
39.030106
33.3408
22.089975
16.841486
17.478315
32.013077
28.540829
28.664581
36.687786
28.698624
17.442038
16.965101
18.142532
21.488632
31.806694
21.45126
20.632463
28.392395
20.432049
26.761074
22.865698
21.04321
21.023458
37.66746
19.92966
27.402128
38.569374
30.283283
15.614951
24.7084
35.126827
22.293507
21.98506
32.685192
27.952349
23.65764
38.256737
33.58147
24.000988
32.45415
31.049887
32.01569
24.216703
20.579573
21.372538
19.78418
24.750074
24.868517
32.325546
38.806877
20.264837
32.866825
35.443398
15.205419
34.832542
18.968637
34.831528
39.14316
38.56506
35.919106
20.817276
24.504236
33.097538
24.788105
34.70073
37.748264
20.30983
39.436153
37.37331
40.349785
34.26227
15.222454
33.06617
16.116123
18.22207
26.245804
27.297018
29.374773
16.869534
20.762793
15.203215
38.531033
16.298622
22.59359
40.880554
23.818993
39.26436
15.304264
38.09135
20.20368
32.27988
23.745462
35.762028
18.339458
32.628906
22.130917
34.059586
30.249544
21.134706
25.255175
30.517982
27.96374
40.614643
17.678501
36.679523
32.736298
40.34964
26.747913
22.023096
19.663044
17.610891
23.176811
33.570175
29.526712
26.311525
37.571712
18.491129
34.521618
20.188759
26.77308
35.2786
15.143693
19.572548
16.168251
26.611237
17.979023
20.759573
35.23804
19.900375
18.383934
19.286812
19.514538
19.693666
26.121834
34.98685
40.856167
17.60405
17.90682
31.607466
39.487118
24.238916
26.501368
38.990864
33.601704
33.723534
19.525093
25.333473
23.500309
26.844429
26.453949
16.884874
39.20201
35.58258
17.423882
34.595085
37.270046
33.86286
20.400322
17.682089
40.189796
26.715385
36.03461
30.867048
40.054913
24.726004
34.100727
29.112421
33.545834
30.647343
39.79042
25.09867
23.225882
40.348427
30.342253
28.388088
17.033644
20.900072
24.489574
35.24972
21.51639
30.524874
19.034996
30.457136
40.827805
22.384731
38.49349
29.021343
32.80424
26.735527
19.193579
38.783928
25.537373
17.847708
