30.482605
21.523762
15.074068
23.50622
21.630192
32.762936
34.23422
18.73732
25.841652
34.728394
34.394684
22.047821
28.235247
16.01149
34.894855
38.99538
27.708063
26.345709
37.51683
29.493128
30.577597
32.26803
25.879993
15.143011
33.820515
25.339655
25.587183
31.736336
24.899687
34.015327
33.76692
32.109318
17.680218
34.775723
38.821968
26.973091
20.257586
18.975433
36.17318
31.081732
32.655685
25.009361
21.578438
21.158575
24.299875
38.86327
20.210203
30.370144
18.929893
39.889603
27.091003
39.81873
34.189735
30.737587
20.714863
40.518745
36.51643
18.767057
30.723612
33.628693
31.146786
38.988243
34.360542
22.329588
16.071152
35.595272
31.089918
29.672522
35.58522
24.498905
24.249308
34.961964
23.725964
24.914528
32.89282
28.798239
26.324833
24.024216
28.086693
25.771639
40.67123
21.00715
31.8349
39.98228
27.851492
25.320515
25.54071
20.054043
32.71342
19.013403
24.451397
25.117416
26.10359
22.069164
32.886627
19.355417
25.534534
29.297005
20.217165
28.138172
29.76107
17.131525
15.5390415
15.516056
37.87987
18.849337
39.77928
40.89787
28.51359
35.17467
21.572905
40.10963
17.4007
38.021427
37.666832
22.711288
22.284346
30.206882
35.834934
19.44272
34.378414
31.372734
32.32939
28.977062
15.88618
22.062017
22.747099
17.778572
33.05671
33.92584
30.855862
20.79382
36.086475
22.371765
34.403645
27.949175
32.808346
30.616058
18.225111
25.984203
26.557444
19.0649
33.063282
35.019695
39.863087
37.225082
27.440077
28.440746
28.688334
34.932564
19.638073
19.169348
28.823349
31.587679
27.39683
35.20774
22.73617
22.298658
26.28058
38.452755
21.694132
20.360538
21.840206
23.213121
32.29152
38.334404
31.670847
18.605862
38.65379
39.142303
31.257534
20.064423
35.535915
34.056107
20.10478
27.560484
39.292233
20.233862
26.062037
33.82291
39.267437
26.545248
21.985462
24.83151
31.543055
40.827965
15.917473
21.1699
28.171087
26.429893
31.819012
32.440872
38.036243
40.917217
38.555584
37.879375
28.310429
35.166546
18.316494
16.542303
32.097946
30.709549
31.937876
20.010921
36.31714
17.161451
39.703487
23.410976
40.123917
19.840132
22.113361
28.737062
40.254974
18.270462
15.838863
27.962067
15.553158
25.168934
25.623747
30.219072
26.63477
36.71649
15.244302
25.462307
32.168385
26.452866
33.807697
30.445297
30.556957
38.963642
23.646173
19.598604
24.949793
31.681639
36.8557
39.446075
32.45825
25.587065
39.13129
34.56777
29.208748
30.36638
25.967104
21.79929
31.438986
32.677578
19.518106
25.351427
29.22796
35.57007
22.460886
22.840658
33.64775
38.820194
20.04496
34.840176
16.134668
31.968851
33.19173
16.492773
38.69978
40.185497
33.97687
16.971043
29.233429
17.73331
20.12295
15.126991
35.605778
16.773058
17.232487
25.542316
39.52507
22.518742
30.407852
26.372223
26.187628
39.34584
38.632736
18.869808
34.63834
16.353493
15.831073
20.284676
22.457651
19.094742
35.87275
18.948595
20.900877
20.714449
20.96146
24.79263
22.93789
38.57229
15.818601
18.284344
28.775982
37.578705
21.868076
31.830297
31.39604
24.934551
36.230453
22.058218
32.39183
16.740507
29.750868
27.07483
31.97457
29.030363
40.51365
21.789507
38.389637
36.182495
40.337574
20.700542
23.189577
40.376884
39.599308
15.159957
33.817352
18.790352
40.398422
15.064408
37.77597
16.56058
23.556046
37.16394
35.295475
31.199892
29.2302
33.73689
29.855522
32.102676
32.034267
18.248468
20.181486
33.065647
19.461239
30.792162
37.40437
16.328163
39.144726
19.60716
20.959536
31.540043
40.02889
25.771828
20.4965
38.277393
16.872818
24.29218
20.581888
16.252186
40.681034
36.23612
30.299807
23.199339
27.630207
29.308239
20.988735
18.575369
19.853231
36.316696
18.301283
27.6656
21.045357
20.352732
39.53289
21.472326
28.273005
20.185127
31.737883
22.84417
30.594494
15.366016
28.535975
24.707304
19.142883
21.851025
39.709656
39.97208
16.174614
31.555984
31.70262
30.714024
16.25375
27.204008
18.951668
30.56596
35.220036
19.060896
39.619278
34.90859
37.88003
32.71347
24.74133
22.409536
27.464136
18.9146
27.064182
32.736404
26.808306
17.700258
30.917637
40.857235
38.947746
29.478193
37.35502
36.242146
17.350935
19.594315
31.488926
25.492823
27.375845
34.00216
29.46091
21.451904
22.696188
40.092335
18.80569
30.682262
35.424076
24.48306
16.105196
20.35648
16.446526
36.629517
31.77502
17.059769
17.096647
19.478868
39.585674
31.784973
24.69653
26.079475
32.09323
29.486156
38.737183
28.04695
32.538765
29.957674
39.502068
22.09633
22.973242
29.518555
22.794113
22.468817
33.37425
18.007345
17.092276
28.013117
25.343285
34.930523
28.942112
40.925663
36.607056
28.257942
22.675877
27.710487
26.99345
29.32165
19.661207
27.788792
38.812748
29.54986
18.193436
27.369844
26.64672
21.355692
39.875076
39.68895
15.433217
20.400728
17.867104
25.52493
15.430963
15.666309
30.750105
22.028671
38.159134
21.290861
16.899397
29.325918
30.728506
27.969484
38.256794
31.101671
21.115774
23.862385
15.172596
33.43013
33.879845
23.421638
23.59504
15.483356
20.578749
39.321144
22.30031
40.43336
19.718021
27.76257
23.084877
18.856525
17.446188
30.830408
40.882793
26.255947
18.41027
17.282219
33.62424
34.936295
16.193968
15.185476
31.317526
20.3976
20.583462
32.150364
20.315292
25.65835
26.540531
27.55823
24.016705
35.475063
19.209942
28.148296
33.360916
22.294542
20.547863
39.600674
31.383102
28.956694
30.230282
28.34151
37.832882
27.659952
16.38519
31.696583
16.395952
34.507973
38.389565
24.732533
28.41331
16.075396
30.481953
36.650246
25.158367
34.862087
29.263699
22.43289
19.710938
22.249538
36.296642
30.601427
25.257862
38.629543
40.952393
27.393316
29.253805
30.74459
22.428019
21.455587
38.291557
23.960968
19.415283
19.23124
20.75986
34.189693
15.295313
15.618418
17.407623
16.477118
21.927841
35.194637
15.787112
36.906063
16.113968
18.323761
19.2145
29.380144
19.633583
29.801292
16.364851
21.107912
16.393457
21.343975
29.909513
16.160215
38.669147
39.19253
37.707504
29.343266
28.683775
16.371815
33.978374
18.811523
33.838833
15.740504
36.612698
29.338697
23.797136
26.862875
36.317192
24.971764
39.315105
30.94807
21.645107
39.912052
36.231472
27.627676
15.12852
15.899127
29.341705
17.180334
39.707596
15.11724
30.022245
17.962435
23.44303
17.7009
20.415852
19.266932
26.101282
30.285126
33.74921
26.607609
39.61833
26.72768
16.926147
35.514088
31.676044
20.124632
19.9246
15.323241
31.666538
24.547346
32.722736
16.16553
21.173038
15.548044
24.489386
18.370218
30.76217
18.41276
37.59626
21.851324
29.36081
38.384663
20.644094
29.686447
15.781837
23.637337
22.142223
31.063684
38.06653
15.646788
29.740816
40.04705
15.227417
40.792503
16.987251
36.198822
35.70394
29.512167
22.462908
34.997635
33.384186
35.141113
38.85389
34.203896
25.399591
29.686903
28.018991
30.849705
38.065495
36.220894
20.440445
18.368128
40.31885
39.312946
17.577793
24.52724
19.79558
39.991974
21.592457
32.297142
23.293377
20.084187
18.670383
25.553566
34.782013
26.462574
37.74236
15.609618
32.35147
24.735239
39.786407
32.96753
20.52942
22.206894
28.093897
35.395256
18.253016
23.566954
40.890816
34.458054
37.44597
39.689274
38.527843
21.973188
38.630444
20.17276
36.087723
33.506157
36.294235
17.80871
40.70561
31.989864
37.83736
38.02985
31.157898
38.823456
25.83799
24.577747
25.347275
40.395454
18.1064
34.119312
25.19649
34.876263
39.53646
27.349857
36.16064
37.337894
30.117786
36.239243
26.077524
36.78431
34.637653
24.509312
19.397823
16.513542
15.5802965
27.174934
35.971756
27.38316
19.522282
39.037678
20.51599
20.013626
34.926052
15.390161
21.644426
22.73938
35.649864
26.870924
17.918774
21.205423
15.720806
36.40365
20.759476
24.907555
16.958565
19.461283
16.254951
31.68733
35.891228
17.514803
21.916807
17.218151
24.07031
20.45784
40.25092
18.85683
30.370773
17.042727
16.64914
33.885357
31.15281
40.919994
40.55355
33.130444
26.26569
29.742615
30.105011
30.223911
35.789948
39.977814
15.560001
40.35472
16.142736
38.56357
21.644508
40.264027
20.712198
38.35333
35.711002
27.44733
15.540162
37.411915
21.07428
23.053406
30.738575
28.656885
19.22423
19.807318
25.303513
16.084087
40.748383
27.435507
36.781685
40.87255
24.74428
19.533587
15.8478365
35.033096
38.261555
37.59302
19.26747
25.946701
38.885857
35.990685
30.947838
30.132717
28.961443
38.145706
33.821163
32.893795
37.146694
22.760918
21.157549
34.103386
38.006363
38.09157
28.57107
17.33343
37.166805
35.521904
37.46108
25.763927
30.195156
33.380543
20.921684
29.872744
25.810589
21.888584
18.25601
28.773148
40.295723
24.40961
26.147736
31.248209
38.048386
38.758785
21.270998
22.02534
31.098738
29.228558
20.66074
17.64088
22.114048
35.20139
16.519121
36.363796
26.923176
39.74533
21.299562
28.079182
15.915041
35.426147
26.888592
38.776382
36.80018
30.720085
30.496624
28.343273
22.171705
28.874252
31.472324
17.737217
16.061817
33.837017
19.671259
36.28507
16.26218
24.968666
15.237985
39.858532
17.56134
35.64299
25.701826
27.977964
33.24959
34.56333
35.140038
28.516787
40.251434
36.642063
25.828096
28.610334
27.068062
32.630276
23.275383
35.617085
25.347103
17.334957
16.835518
18.536886
33.344063
15.223707
16.184135
16.159943
40.799683
31.49254
28.8729
19.401884
29.82975
36.260143
23.897097
19.774517
25.308586
29.452366
18.755081
29.748362
38.924767
38.15364
32.83151
29.882309
29.597334
34.72736
36.102135
32.027344
35.26312
24.845198
19.136621
39.65541
27.180418
29.715698
22.166708
39.421154
33.841694
40.265377
37.59067
24.433403
37.347588
30.800951
37.701015
27.394894
38.66693
19.769224
15.650789
22.762907
35.592087
33.63153
32.715065
17.39009
32.39629
30.582531
32.757446
24.72389
17.209438
35.868546
19.477705
40.574673
37.950977
19.798523
25.494967
22.70677
40.293327
39.191082
34.612007
28.063236
29.57661
40.96402
23.709688
40.304398
28.855118
16.848003
36.63658
18.521738
23.32827
38.79413
27.187328
39.482967
33.29361
21.54532
21.804375
40.57064
33.45657
20.05456
16.991102
28.69591
39.941578
16.958195
23.590532
21.900583
29.671309
15.150584
30.062195
25.104853
39.915646
36.656635
31.680836
31.51464
36.759216
21.461737
24.184097
24.571701
33.996067
32.73396
28.812355
24.01123
30.532408
21.961296
20.91242
35.585884
20.76299
30.927074
38.3178
29.321732
18.584093
23.15963
32.571712
31.790857
21.715736
19.517632
29.725183
21.81688
24.82808
36.91044
39.920856
22.273909
21.60169
19.803144
30.264374
35.195995
15.298669
15.118995
33.58861
29.283333
20.681332
38.4271
16.632004
30.073116
17.187483
38.89141
34.880863
29.53703
38.156002
24.357162
25.866432
15.6740885
39.593803
30.164019
18.061127
25.7866
16.48494
37.80047
20.684214
23.558687
34.964943
28.351894
26.7059
31.801003
24.818169
38.84518
39.129684
31.781809
16.703295
27.055634
29.236383
20.433825
22.271793
36.117245
20.88925
22.407837
38.916515
36.365414
27.228172
20.938229
34.27226
16.241484
35.121853
23.7922
36.787495
28.801388
26.600464
38.193645
15.696148
17.396107
29.157291
21.544212
26.54063
31.429522
34.28633
19.008284
33.03207
40.749615
17.913877
18.585243
26.480967
35.191887
15.485652
19.161482
26.291214
20.069248
28.387003
37.21631
29.082792
22.990505
39.10224
29.350023
29.8931
24.289999
30.060225
18.609089
22.60422
34.563793
39.46674
16.702417
22.253149
16.33325
36.59036
23.634508
15.204339
36.69467
32.94683
17.025251
36.29856
31.964117
24.61822
27.442871
21.0395
23.789394
22.546377
15.445652
25.639126
36.976547
24.056513
36.709667
26.31527
26.366186
26.094967
35.613937
27.619486
27.495235
38.706463
16.961071
37.770653
23.492714
20.129515
32.130505
26.979446
34.683434
34.554752
33.89325
36.571125
21.711487
40.06942
19.361021
22.348867
39.645702
31.602304
31.09945
31.087038
23.49222
33.78688
18.303991
24.303726
18.814655
29.576498
25.119051
18.533953
30.750252
34.173893
33.674747
32.20988
34.61081
24.378372
23.222532
35.951508
27.470057
26.807535
19.869946
17.581146
32.66453
40.616364
15.846477
19.4973
21.972923
39.315083
34.976593
26.178167
27.389214
34.07818
38.092674
29.532448
27.867867
23.54049
34.489727
23.574757
38.19468
18.4923
15.205363
27.475298
25.224817
18.113852
36.902737
25.418158
29.12993
23.430775
23.440678
34.8999
28.00917
19.525372
21.834473
20.109856
33.244267
16.704765
18.242388
29.855803
26.316761
36.305412
19.85711
30.13349
25.455864
35.10448
38.137962
33.88571
20.448294
27.412174
27.688923
40.756413
24.216846
19.835007
27.26903
17.717588
32.36233
30.428608
38.915977
25.331469
24.763935
29.49966
37.970314
40.10777
38.545876
37.670055
18.9068
16.92557
23.24374
27.982355
21.311087
26.811613
34.84162
16.804249
23.084126
26.501595
33.501736
37.080585
32.0132
33.158306
34.27093
37.085194
40.217754
30.380209
30.824003
20.240612
16.659773
20.206339
39.391594
26.802496
32.902576
22.208153
23.420784
40.24633
24.60861
26.956242
37.229465
20.047724
29.885874
27.15956
16.940931
18.213495
23.524355
15.597125
19.322983
15.39933
27.40788
34.596867
33.8063
39.740753
15.943517
25.263609
35.919685
31.627726
35.219757
19.917894
17.655148
28.56914
15.786374
28.279676
39.863766
16.022062
37.442963
24.815619
31.68359
32.601532
22.22985
33.366035
36.213726
21.440268
34.934143
37.67727
22.17423
33.633663
30.855413
24.78755
20.129196
34.68392
30.319551
20.349216
37.000942
18.648254
24.486055
34.917282
24.065979
15.299524
31.363108
17.994328
27.398933
17.023796
22.626436
30.193739
29.818392
34.407703
24.832136
35.26824
31.78913
22.509592
40.92022
24.947853
27.447958
19.661955
35.524826
18.541193
38.94594
37.318577
26.53869
38.076298
15.637501
22.938463
27.623526
30.391949
30.297455
40.189514
23.914732
34.037663
30.509743
35.858543
36.037884
33.100376
31.64719
24.770103
25.736158
22.148058
36.449413
22.745306
37.90194
30.365238
37.106358
27.172579
36.612553
26.652761
38.96798
15.116088
16.889174
22.973787
38.52579
16.05335
25.329592
36.550373
32.15004
40.312202
29.509668
20.649675
36.21658
19.068268
20.104996
24.646143
23.72044
27.367584
37.05333
20.805796
17.248444
34.055046
35.76009
27.810957
23.271173
21.717894
27.343319
27.428583
24.114922
33.79442
22.221111
26.922588
15.687154
32.851635
20.963737
33.820343
27.054476
15.701618
30.26426
21.465761
26.309877
15.504844
31.125586
29.426193
21.81651
28.29968
16.918608
24.267586
26.878086
23.500942
26.835115
19.472136
27.161417
34.826202
19.440907
20.344934
35.78446
35.83726
33.528606
26.640871
26.883684
26.825058
29.276346
18.340317
18.6874
27.119867
17.837633
24.511885
37.64714
27.074694
21.919336
17.522825
34.01701
28.948185
15.648886
18.99238
22.4214
17.704502
33.088398
31.830692
34.41426
39.351036
33.122616
32.46562
25.808563
17.850895
22.12917
32.93206
15.6424885
33.87562
36.833763
37.883232
30.049229
21.704584
24.059658
18.78047
15.010212
26.431015
17.699806
26.528055
24.996916
34.300694
32.171745
30.641687
39.844387
30.487757
15.859453
35.67408
37.849895
32.903202
21.60303
26.068405
39.05312
37.735058
26.16617
20.870035
30.92957
26.335325
36.793087
15.799366
37.31694
33.797234
22.460655
36.073204
24.294388
27.10738
38.238167
21.059502
37.947662
25.110895
33.2863
21.360016
26.478426
17.69369
16.458431
38.237633
34.95392
31.564468
26.211708
38.440006
39.143635
24.81011
29.591776
22.418291
39.352413
32.001606
40.424343
32.699635
17.934875
32.043724
35.528297
37.74423
31.26397
38.19006
25.759325
27.00263
16.326744
39.686264
19.999483
27.086193
15.833439
37.35755
22.827517
20.973328
17.751308
15.122847
18.536154
37.996487
29.51251
17.89624
25.406876
19.989607
33.79578
29.62756
26.70927
32.422935
27.744509
39.337337
16.761189
26.612013
38.759197
25.91747
33.567616
26.159775
33.59022
28.197397
28.050245
15.67556
19.357155
19.316616
29.68646
36.512035
23.333836
27.7979
21.495493
24.770844
34.863728
33.881557
29.74123
25.150015
19.608051
24.659653
31.465248
30.34099
33.47952
17.340027
26.02028
29.63034
37.077396
40.57359
15.143535
40.12101
35.215023
37.194256
29.790808
33.560253
26.218842
15.949515
40.946598
33.14612
24.07827
26.840542
25.931974
15.88163
19.23879
30.54437
19.35115
35.055607
16.855888
21.056593
36.749317
28.251305
38.66545
36.17158
33.29845
24.918785
28.276585
32.70827
29.38448
25.994297
37.655704
24.49304
17.838224
26.309587
22.846153
29.027218
31.734352
16.606443
17.555502
25.495306
15.17652
39.856415
28.14304
30.31099
22.293676
30.283064
32.752888
40.751545
27.791574
26.993734
18.863556
22.397234
23.835161
21.450169
33.362648
22.070837
32.781715
31.142046
19.405775
30.763474
31.341194
24.774792
22.781727
38.636337
25.109396
35.042736
21.281199
34.60407
35.101215
37.63103
25.654413
28.233913
15.905394
17.474422
20.143234
29.735912
16.388773
17.498322
18.286373
16.6728
22.497272
29.077307
15.721567
35.684418
33.632378
25.268522
32.046616
31.999817
15.326133
35.512142
32.45146
30.801382
29.494194
31.938396
22.796425
38.60874
27.415745
36.680355
17.087103
39.76625
35.770607
30.664013
15.884329
40.84639
40.558094
15.231877
22.087963
32.322388
29.528778
36.653652
28.746181
18.216942
22.879442
28.08726
24.06735
26.599876
26.393217
31.87578
33.649406
36.786125
30.950928
33.200645
33.092117
16.876448
15.396434
22.05865
21.620453
29.886768
36.107788
38.290146
37.122654
28.12807
22.307743
15.958074
27.09458
21.727312
25.14126
20.762161
34.38218
34.22077
22.854284
29.36998
31.32694
40.004852
22.02724
36.55628
22.944437
29.095274
31.748314
40.86425
33.104126
36.124237
21.855724
32.137226
31.328817
26.79597
23.934835
40.71645
35.79517
34.124825
16.625132
24.360495
20.39201
32.695843
26.973627
35.013985
18.281076
33.91645
39.065563
19.438198
39.305214
34.768845
27.969732
29.413286
15.8019905
32.92613
27.155039
36.73169
36.905983
18.261358
20.96647
23.52452
27.260992
16.757116
20.492802
37.59753
36.21376
39.614235
33.21505
27.400455
18.023647
35.96186
36.193737
34.013382
34.3982
37.987022
27.234802
40.106
33.752327
24.530388
18.467968
34.210346
36.98927
31.235931
24.078169
40.844997
31.314398
36.195724
28.549702
35.03834
17.618273
23.697088
19.714413
23.620846
27.303318
21.157879
16.13938
17.291094
17.07879
25.626652
26.94621
34.907463
27.211704
40.327995
28.023184
36.71726
29.996649
18.64936
35.77312
24.307226
36.79546
26.694174
26.034
15.944275
35.897953
20.067062
29.616018
26.672382
21.667978
29.910587
27.017843
19.041506
17.964254
15.378779
19.316559
30.666548
25.663538
40.711414
35.96986
28.94921
27.263905
28.863897
37.32572
39.24281
15.008902
32.251163
30.003939
22.499935
18.748693
36.580032
40.995506
28.01504
35.842224
29.972952
23.320015
26.258877
23.804783
30.627104
18.387848
33.998936
31.1183
28.106306
15.8330965
24.909761
34.64703
30.02925
24.514788
15.699393
21.43923
19.396038
24.628109
16.412828
22.345772
22.086065
38.424004
16.020748
34.849575
21.163761
39.904617
20.661482
22.775097
32.544773
32.043728
21.976456
35.13503
39.30361
39.57546
36.864143
23.271706
35.444897
24.201126
39.674774
26.663712
22.313742
21.183376
29.37789
39.293396
17.986954
29.728195
25.557
26.309126
19.965126
16.29972
28.220453
22.866247
28.276787
28.069273
23.364855
15.493836
39.709282
33.069252
20.987114
31.109558
40.297043
30.304161
30.813536
17.89293
36.426434
35.06513
21.399052
23.627617
22.957407
18.001
36.44702
38.836346
35.615677
19.118149
30.209759
16.057344
34.575127
27.812872
23.652212
24.949125
32.628757
27.284275
26.696024
23.56089
40.63739
38.232292
31.308407
35.0686
19.048956
38.61456
31.46008
40.55224
17.197138
23.417547
29.048761
39.97767
25.816704
30.89146
27.769476
23.446867
24.753857
25.505049
21.610216
22.993155
27.20345
40.995697
29.161226
31.723577
21.970919
25.321661
23.248505
19.94831
24.235353
33.06761
15.536807
39.08748
27.081028
21.91115
17.694782
29.608593
34.66839
40.127197
38.47456
25.023264
19.331352
35.78877
25.630438
18.059685
35.11639
37.316765
22.986055
27.527786
19.319872
17.338062
18.15667
39.106895
37.433598
25.430378
21.443014
26.31103
39.574547
38.263924
19.235361
31.22497
19.953323
29.894093
17.901293
26.254522
19.226831
32.516026
18.577843
28.097372
38.684216
38.86105
25.548544
15.416259
19.131107
23.596615
24.958082
18.284113
18.065754
40.585514
30.502096
24.371199
24.281614
39.666794
24.426891
22.057173
27.384504
40.739902
17.683609
26.176386
32.87843
16.36531
30.403675
23.942604
35.4527
24.838861
34.997078
20.74978
25.894037
19.753942
29.12233
30.00834
40.650723
19.434465
24.53674
29.951843
15.492097
36.30353
20.40781
31.436823
23.935009
22.246601
40.051464
22.15893
39.149933
39.334732
22.259954
26.421444
36.91303
19.892593
20.392153
25.617584
24.836319
33.82752
18.221134
24.925945
15.586787
32.380123
37.168762
20.368782
31.096134
22.013546
15.004255
19.34576
34.866497
26.02755
17.343447
37.03116
20.393429
20.665415
20.357727
40.610416
35.455948
36.975605
27.986464
39.23233
20.564495
33.496872
17.643902
35.766033
37.211147
21.954641
32.921333
30.977348
27.73246
18.588066
20.107609
37.576977
39.573784
25.471401
39.485836
30.743332
24.535006
27.249866
34.311287
37.185772
38.181076
37.07941
26.135456
28.58938
26.016764
21.241346
28.713322
17.37026
21.2536
36.89705
36.115746
23.070795
20.037933
25.754467
35.86613
38.437145
23.862608
32.037388
22.930264
33.246685
39.550713
34.08005
29.210556
15.290945
38.67844
23.113794
27.830576
39.57003
38.595066
22.36908
27.943144
26.717405
30.301567
28.485432
28.054937
21.949236
30.36545
23.40338
31.932858
28.420483
20.77785
40.40669
23.042181
35.770264
16.199984
32.78981
19.163776
31.851894
38.39955
27.744587
22.347393
39.16842
20.843704
21.491928
36.68039
23.37237
40.3937
28.42826
21.485926
23.338799
35.83741
23.113276
32.51199
22.783604
30.599312
17.294546
32.432335
16.174515
17.383677
36.8463
18.552757
36.770004
27.735098
21.493746
34.000763
30.021755
39.541626
39.50098
16.874119
33.289303
40.35917
26.119656
25.833382
30.840693
34.10197
16.527248
28.44589
17.451073
29.12233
25.22787
38.223396
38.561375
36.99394
32.44523
35.742805
35.922226
25.416508
33.906487
34.49925
32.923595
21.575603
29.597387
31.213
21.398544
36.01989
39.563206
39.19649
21.589867
17.65922
38.636635
18.08496
19.181324
19.84033
33.09296
25.743996
35.820488
25.623081
34.66446
40.489582
18.39818
21.358566
33.090076
39.890957
33.499844
21.461508
31.433159
20.373816
20.907076
31.87286
22.76906
27.601334
33.802948
17.12451
24.526184
17.182508
25.422644
40.14657
37.758057
38.64227
34.291298
16.998661
24.930744
24.785023
26.903862
38.56023
25.429071
27.593
21.727142
29.880802
40.916645
38.62314
33.742146
17.369753
38.92898
40.500904
30.395155
16.296082
28.63549
40.556835
33.78891
38.172215
35.575413
21.911188
26.220654
21.511925
20.354263
23.384539
28.761673
16.18089
37.78157
17.496782
25.473372
23.099503
21.737387
27.51433
29.067781
17.411032
17.174026
20.015047
31.345865
16.39422
30.091305
38.762745
37.584766
37.377987
39.06759
38.817795
28.195623
35.706844
37.985634
18.757698
31.436453
28.409206
40.9613
17.641241
19.739925
23.63678
23.164986
33.922077
35.30386
39.171696
29.219568
37.902405
25.992533
39.339108
36.165493
39.51461
22.309925
24.5165
28.602602
29.228567
38.231255
29.096893
35.550106
25.704529
35.017193
34.241756
35.810097
35.446293
15.785463
27.050367
37.176735
17.156624
15.577421
39.875893
26.702335
36.756645
40.932625
22.434542
32.413277
22.103222
36.57228
17.082531
21.362679
25.323078
26.692883
36.17679
20.71362
33.379677
18.584131
23.788647
35.66558
23.99866
16.810804
20.20598
40.46867
34.399914
29.03595
20.637579
40.514137
30.419088
17.713287
31.324738
36.546455
21.548618
27.339527
18.868404
30.41128
31.188168
24.732761
19.996351
33.435383
34.96658
33.890915
29.223297
23.528606
29.382208
27.384684
36.897938
23.404715
40.205822
16.952244
19.984375
29.937008
35.09998
18.98843
28.591393
25.596313
29.731035
19.958954
20.741642
31.163055
27.284775
16.420633
38.1637
24.461721
17.74386
18.291502
20.99357
20.735285
31.545084
24.290031
21.188175
22.458641
24.306654
15.050617
21.181883
31.8844
23.200548
40.322872
27.858189
32.420887
21.242218
33.875134
28.262106
33.061466
21.279644
23.247978
26.64493
23.515837
26.786116
37.34152
28.41145
20.438166
17.695742
36.970474
29.330795
23.20351
22.4681
39.98411
27.97557
19.053177
16.328062
37.323315
39.76993
38.11125
22.199238
15.475164
26.255814
22.768713
21.234102
22.18559
31.227531
35.23816
32.041283
36.00371
24.23844
39.701332
27.720098
24.256746
33.64942
23.403273
35.63486
22.39238
23.867456
26.29103
24.496073
30.275742
28.713509
21.351593
16.763035
23.991167
30.962576
19.672709
21.642056
20.974205
33.01464
17.432026
37.026802
29.88726
29.383884
30.51408
21.612003
20.552683
28.234474
32.261253
29.109095
35.469948
30.544775
18.98406
39.002026
24.968998
27.647867
38.28766
38.603855
28.889711
22.874712
23.015717
21.30943
22.827826
28.817404
16.669321
15.886716
36.450546
16.333384
20.527834
23.409195
17.16051
24.827566
22.380169
34.003883
34.47455
19.577808
23.769167
32.97441
40.88422
18.910172
30.958338
21.055775
35.67788
27.883968
26.44942
20.567228
35.22947
19.812574
22.810806
26.051945
40.597137
28.424501
28.82106
40.626938
38.925106
27.760263
39.488377
15.71393
19.105204
36.004063
34.375973
34.081684
24.42978
27.36535
30.845037
26.20249
15.555632
22.853851
22.321047
29.810396
23.999018
36.33257
20.4958
18.24587
35.594635
28.586958
36.496788
18.681524
24.876902
31.314304
31.48706
38.64563
29.179743
40.915985
17.90294
28.39509
29.40146
20.766233
26.593546
23.636593
30.844193
24.234587
28.495264
23.854671
32.312817
21.155159
20.155905
16.077467
30.74609
37.664474
38.417465
18.29584
38.053146
37.370552
30.873014
40.94876
40.541443
26.669422
15.332395
32.897633
39.34754
24.691408
19.463066
34.134464
18.620102
22.837831
21.016533
17.103626
40.85479
24.15996
39.607483
17.964132
27.743675
36.935486
26.881851
30.37917
36.177197
19.713814
31.09173
21.491909
16.62449
28.829979
24.589102
30.631317
35.018456
33.928062
16.557106
29.989033
27.484655
32.3884
26.416607
25.018066
35.77866
23.718973
39.77754
20.626425
26.134281
25.949875
24.548588
19.373432
27.37551
27.860735
21.875471
17.823896
39.60794
29.474485
36.947136
40.974922
32.58077
36.666946
30.390923
30.242538
18.898405
31.970135
35.97184
21.879992
29.661074
22.688274
32.617714
23.89688
20.826752
35.29895
30.411177
38.55803
37.61208
31.777954
31.121017
40.363327
35.58786
38.964745
32.089687
32.044422
32.775093
32.376633
29.850203
29.561523
15.010417
30.983131
34.715042
37.343304
21.125198
33.368126
39.76111
39.085106
39.07043
30.435835
35.12903
33.305504
25.01994
25.357697
27.361767
30.558487
18.697367
25.810783
29.626518
38.708286
35.697674
34.724327
28.095654
29.996199
29.411955
23.729507
28.506512
20.76343
15.31458
40.298645
28.976522
25.641346
36.834698
39.163452
34.51929
20.780207
38.809452
29.018015
37.38889
21.259766
17.604193
20.740728
15.37375
24.209862
22.385313
31.410345
31.468227
35.366436
29.744299
23.244896
36.96897
18.798086
25.896893
36.258213
39.974953
25.36068
27.019215
35.907303
28.514112
15.07211
16.933073
28.294838
34.076214
34.04678
24.315542
25.594582
35.200657
17.888943
18.883339
35.28349
21.949617
30.516485
31.59038
32.492863
26.591084
22.271334
37.777287
25.331865
15.622883
15.870069
38.42453
32.390224
25.388063
35.258022
27.186274
21.793037
39.96355
34.752407
25.719858
40.158993
27.748169
27.994822
26.976282
29.604477
22.232754
26.180706
39.579903
25.539415
24.804232
40.793118
20.20101
23.416796
31.117157
25.640423
30.91274
24.826328
25.560375
20.382336
20.924301
20.363682
40.65309
40.92591
28.795233
32.560284
39.823776
15.082935
28.260962
32.824654
38.956978
22.702406
26.137676
17.8248
38.337257
34.12651
34.42502
15.032176
34.17608
19.265879
28.687937
26.251242
17.77671
27.849531
21.074478
27.87469
36.573654
39.477318
22.91411
23.332888
18.777502
35.987324
40.74167
20.74713
24.162565
38.34803
40.8048
25.14979
29.653822
37.794807
18.638222
39.800495
35.801434
30.252483
38.12605
29.10595
26.975115
32.220615
34.62372
40.44203
22.167358
29.245293
37.17402
17.780378
20.66363
24.86107
31.627136
22.437565
27.519287
16.458895
29.562422
29.493628
29.777132
20.920685
35.31009
16.467604
33.666115
37.058456
25.083845
35.691326
25.640886
25.905651
26.260954
29.488716
26.053534
15.7306185
15.1839695
21.746302
15.492914
36.276947
16.50896
36.75177
16.383747
30.182596
16.08776
24.280825
30.306648
34.789593
30.647274
36.828613
22.682056
20.628235
25.116724
40.6106
20.954998
37.744633
36.354145
36.4987
40.22443
25.73755
16.236235
18.411972
37.379913
39.88039
31.60121
20.847319
17.240088
40.026352
29.372046
36.213997
31.931515
21.129583
34.337982
22.42689
37.80316
24.162466
24.535028
37.8169
38.540817
29.968817
38.941586
19.832941
36.82753
34.16518
36.293198
24.238453
29.89016
26.587084
36.220844
26.546343
16.578852
25.974403
26.630085
27.289936
35.245373
33.59977
18.263712
35.39331
24.617867
16.366173
36.728527
27.383108
16.113737
30.534761
25.917183
36.474785
17.589039
39.691006
22.71895
36.669865
17.391825
22.817223
17.188698
20.916739
27.768616
22.41172
40.931168
29.116076
26.167265
20.479563
17.358124
19.292946
15.786112
15.917229
24.688791
29.611208
16.838505
32.32322
30.089363
22.071835
21.433361
38.588917
39.18532
30.71526
17.716629
31.758766
27.330658
25.938911
34.975117
32.596134
35.48094
36.144596
40.77329
39.05093
30.292671
40.34639
31.87533
31.397383
29.159117
16.598248
34.698822
29.195087
40.29336
25.141535
22.353127
16.423748
23.682041
38.0262
27.934607
31.151775
26.758762
22.625315
25.682552
39.921154
18.984001
22.94128
36.843727
36.66582
30.168703
25.892908
15.650174
27.427977
36.341713
15.876202
22.684006
19.396603
28.236525
15.807641
20.084562
31.864626
19.060715
36.587265
31.547466
33.586056
26.111897
33.4599
17.871742
27.711588
21.016827
15.106373
33.93029
29.990944
31.895731
31.462595
37.370678
30.252573
35.591824
23.242851
27.097324
21.305971
27.256329
33.934746
34.64282
31.359257
20.042294
35.636665
33.905216
39.80432
23.435753
23.524721
20.409834
29.794222
26.840813
19.96459
28.248217
38.42215
39.435543
20.324724
27.153515
24.508665
22.02846
18.400898
31.790745
23.013613
27.670815
18.028078
34.271988
27.911385
17.117748
18.934128
35.150738
34.002995
38.881786
21.180864
27.706245
32.58568
29.585035
19.641493
27.197876
18.16049
40.591835
17.879492
38.951077
27.43066
17.491482
19.52249
32.630753
27.728203
31.901112
40.76574
40.864468
35.703575
18.271595
39.99328
38.497013
20.622923
37.904804
33.67087
26.18953
23.9397
26.22845
27.643398
34.820568
23.942272
15.525068
27.760317
29.202995
31.226334
33.774643
15.356352
36.999924
25.500723
21.045752
19.530586
39.40438
16.807524
17.95801
15.395677
16.141666
30.622112
34.138916
15.50986
22.659859
22.495996
24.311234
34.558002
33.99324
25.915176
35.672253
39.01392
37.714893
30.868923
38.56434
35.99471
27.638977
40.258686
33.08644
30.80891
26.489735
24.724077
19.259172
16.803709
21.623535
31.722727
19.63151
24.032553
33.07178
31.772894
28.804924
38.99295
17.666742
37.65272
16.251295
18.225315
26.818943
23.04706
17.01375
31.91718
40.633953
17.642715
39.404995
23.823153
19.487988
33.995155
39.65557
22.78952
19.925934
21.624506
26.614943
26.963337
28.802006
25.745924
37.071068
28.369473
23.952404
21.7992
18.029646
20.954988
19.371008
24.514729
20.382011
17.428837
19.853218
27.63771
40.791122
23.265804
36.37975
17.62976
37.337902
22.097174
27.131323
17.676817
33.495647
29.376625
25.956804
27.154566
24.33806
40.688335
32.361504
34.337296
24.536915
17.355331
38.639004
34.58344
21.668158
31.109632
26.638996
40.490723
30.620745
19.501682
36.845257
34.586258
39.49033
40.455227
39.932045
27.001484
32.240334
23.914623
15.773832
34.27933
38.62585
28.885262
27.002432
34.970585
25.401146
21.333652
35.637184
28.998793
28.669508
18.392342
38.058094
22.907782
25.38451
25.105799
29.64834
18.053123
32.47468
33.556904
21.801819
35.558643
34.838963
28.629766
38.67295
26.43138
36.548218
35.89302
19.040152
19.613071
20.988426
27.128819
21.961046
26.94365
27.394163
33.886257
29.516531
16.02184
31.246244
29.103954
37.87258
27.770336
38.345406
37.325066
37.132732
35.14776
37.024208
15.3189535
35.010803
24.89682
33.9223
25.02736
35.22269
19.477978
38.025536
17.668837
34.677513
19.410042
37.257324
23.563768
30.042728
19.124
29.810986
28.78332
36.064304
20.133608
28.624846
37.079155
33.14231
35.836002
15.927038
31.716799
22.09383
36.577946
33.615055
16.81399
33.779324
37.757973
18.385326
29.576473
34.32513
21.682083
19.991112
39.427086
27.043993
29.650282
20.782295
39.440113
31.837132
16.323639
34.76861
37.721306
23.85547
17.80621
18.848202
21.415077
35.50436
26.073524
31.55635
19.873783
27.495174
27.388998
21.714476
32.190136
25.578909
25.172003
40.697582
29.772215
19.840927
24.416016
35.68855
40.931625
28.992765
21.202585
15.250677
17.558804
32.965958
17.116566
16.825188
21.875563
33.29452
16.440397
18.34837
29.983404
24.266857
19.889921
19.083378
34.467216
20.634546
20.351522
19.97459
18.667429
33.784492
37.590137
17.357878
34.399742
31.712706
40.21993
33.697956
26.880087
16.882004
26.364216
35.174435
23.403418
20.102634
35.378498
30.401018
39.928524
25.943914
27.770164
17.337784
34.13706
17.866682
35.02077
34.544254
38.763397
17.260408
29.401539
38.32145
25.033163
21.875565
28.069925
35.003956
22.901482
21.760868
21.74501
39.68845
26.448364
30.746786
20.081562
25.023008
35.266846
20.760704
25.497526
38.33193
27.970732
18.815903
34.65689
24.313648
20.052187
18.385563
26.069641
37.824802
39.2355
30.054686
25.342834
20.85127
27.20184
28.836962
18.501537
25.667503
35.10079
35.35024
34.49564
36.398335
35.618084
15.163414
34.51837
29.722801
22.534853
35.05916
32.08455
32.297432
25.692263
30.701113
29.95142
31.626877
31.066471
37.250748
17.912113
28.572578
28.262291
40.848236
37.25167
35.465626
17.14998
16.553421
15.227662
35.87781
39.59813
27.336926
32.322357
24.505287
17.29656
17.01829
32.21056
30.332123
36.51676
21.667007
37.397038
39.266457
33.32331
22.914036
22.29975
25.779816
20.228277
32.865536
26.18977
18.73056
23.571693
33.867115
36.84619
18.51534
24.014545
23.236176
36.043934
40.9678
16.446894
33.261368
16.064728
28.011662
26.342155
40.262554
40.306286
19.975725
31.129663
39.31109
22.76194
21.691236
29.51107
21.32956
24.65278
28.01738
16.812222
18.721611
39.8166
38.278652
24.440643
16.426737
15.592755
27.248184
28.309755
21.351498
18.889221
24.773998
36.69451
20.49778
23.87801
36.920578
30.399103
16.790367
16.337296
26.586021
39.345947
17.600206
28.043358
26.955444
29.736162
38.26643
24.812807
24.864138
18.785227
39.53928
25.805204
31.169472
17.703608
23.797808
25.518536
21.56835
18.070568
22.14024
31.544739
17.947416
20.040457
25.001688
38.599743
17.316162
40.924232
28.822887
34.60226
24.648401
35.60507
30.475374
33.647804
27.545519
17.975307
39.64262
17.60924
28.535275
17.123127
35.163296
36.79233
29.03284
17.350765
18.461948
36.584652
21.51611
27.272156
31.624058
23.358355
21.305254
30.216356
15.416561
33.022163
34.486885
33.954174
21.61155
23.565159
29.986008
20.368885
16.340029
16.694725
19.564445
37.107994
22.884235
17.243273
15.612217
23.481443
37.31117
16.403124
24.998775
29.912775
26.65663
32.046227
21.963938
36.10316
32.988167
34.395084
38.053642
31.734364
23.607063
34.133625
20.44366
39.01504
25.893496
38.681442
21.644705
20.666004
40.855785
38.802097
31.54529
38.04341
38.3137
33.97601
27.024126
16.014957
34.82745
17.040663
18.951649
37.93263
38.97813
24.485619
37.30075
21.586618
37.412083
38.48714
20.299603
27.37849
19.180643
26.276974
35.08492
15.117683
23.338564
31.762072
23.151834
33.82403
33.508373
33.44685
40.046993
19.70991
39.174698
31.656816
37.21436
27.11917
20.84163
30.822182
24.6786
39.616062
22.867935
21.152304
40.338814
29.64582
33.788956
22.416634
39.045753
39.229603
23.240797
16.745043
28.348614
17.010048
29.221437
25.370203
23.822803
20.629656
27.355095
38.05696
15.22802
31.902758
17.07033
37.598408
19.39638
27.532848
40.15896
25.205599
18.713177
30.23056
19.052038
19.877653
29.328306
40.00358
27.330791
33.91125
20.824203
25.118324
23.484528
17.593279
24.966616
16.774242
40.73417
30.81762
29.37737
34.885006
24.859243
33.87694
38.493675
36.527054
20.397764
22.002499
35.016457
23.594301
35.332565
26.359787
38.200523
27.98893
21.434374
32.15513
28.802332
29.281683
39.800903
16.268078
40.276463
15.191068
34.813072
30.396708
17.899815
31.459415
28.723434
19.087753
33.90296
16.744766
33.3986
35.220657
35.4009
26.001049
15.3566475
32.524544
30.940968
18.48503
23.172009
39.529217
16.823402
28.007042
28.564623
37.986183
38.000633
29.33354
16.046644
27.242899
20.324053
15.752969
26.86923
30.313238
15.182582
28.732548
29.193544
21.459387
26.165167
17.321983
23.904232
18.985226
22.27971
36.501255
40.29029
32.638443
39.473892
28.023012
19.937393
28.52845
31.728664
22.46624
16.607367
15.789368
30.833141
25.196295
16.624634
28.352213
38.099983
29.717487
38.346138
30.13758
35.74323
15.507817
34.66032
40.73994
34.416004
33.84161
23.142454
21.24692
38.493313
30.334185
34.487705
32.22174
30.08561
28.983786
21.149967
30.074146
26.48169
17.339521
36.733646
32.05505
31.74483
32.09
28.617235
27.932306
35.524002
24.84596
17.531607
18.03982
18.792412
15.181151
16.372658
38.83944
39.18842
16.099243
18.397028
26.394894
29.909393
16.010578
18.131296
21.22924
35.696857
35.031063
32.81914
38.922096
15.351735
33.95657
26.037687
27.500212
16.43132
21.61964
18.23327
39.1846
26.305109
26.501423
19.358648
22.379892
26.584373
37.45015
24.537674
37.926136
19.090866
16.148613
16.740192
21.580704
40.992874
30.576519
20.81903
30.457623
40.51226
38.12964
22.942577
22.723976
34.69398
17.286215
22.450594
37.237747
33.13002
29.752092
33.46758
39.008755
36.24251
30.869507
35.227077
21.374105
39.756264
28.740553
32.992027
32.601875
36.32872
25.994833
15.700367
29.2714
32.95589
40.421795
34.0217
19.225965
20.735552
37.791805
27.380096
23.15333
31.844486
32.105976
26.67958
23.921844
39.17444
17.243402
24.963137
24.68468
30.971762
25.515259
29.042612
16.46194
20.038702
18.98897
31.256098
25.4202
26.579662
30.611513
17.940962
39.391277
35.613598
20.13949
21.954882
36.306828
16.024166
38.674618
20.633865
20.172573
38.782124
33.2068
35.945343
30.96581
34.649822
38.982937
30.276136
39.412033
22.76559
38.74822
21.289148
37.981316
40.90614
29.947527
38.589375
39.6424
27.938055
23.828238
25.55886
19.922056
38.994823
28.051643
17.651958
19.639805
24.25367
28.898733
19.68634
15.3225155
28.837002
32.447117
27.22186
23.751017
16.326002
34.19938
28.988514
38.35033
29.649418
39.559143
32.506382
22.207596
22.698406
17.279713
29.534567
17.386398
39.918728
26.551052
37.792828
18.903578
29.344484
25.74451
36.51864
34.24426
37.06291
37.00064
29.854225
27.61321
23.937723
37.82396
37.802063
40.255325
22.568869
40.639603
37.54412
32.12532
15.92935
39.870235
30.289232
25.94652
20.895332
25.507648
22.494526
26.270847
31.973488
28.382036
33.301155
15.536881
24.930023
33.37283
24.331064
28.320171
30.738655
40.65863
37.61072
17.979706
17.290247
37.769695
28.319422
22.726713
25.644678
38.684982
37.303818
20.776777
21.255907
38.50679
17.857107
22.69343
34.5641
23.349514
38.130276
15.291263
37.624046
24.995073
30.724623
37.538746
28.027088
34.59608
20.508768
22.78582
16.273945
39.248833
18.510096
21.338486
27.969013
37.611717
23.849691
18.912489
17.731857
29.910648
17.121433
15.820365
21.559616
39.651688
31.360117
24.880936
24.524448
27.151945
24.800062
30.987616
37.152954
34.603466
16.994837
16.031591
38.60999
30.800749
30.550333
19.448294
33.897114
28.891127
28.717617
33.040264
15.676356
24.548157
18.398602
20.92684
17.042795
18.8218
32.736668
29.4808
25.594952
15.585107
39.396133
39.934456
17.489784
29.975655
29.878445
35.97231
20.819525
31.52102
33.779793
32.074844
22.610434
23.74107
25.763792
31.637571
31.019037
38.935856
28.204683
16.961914
29.889156
28.596474
40.950542
38.09915
22.733585
40.41715
39.4627
30.225954
37.417038
28.240477
15.706598
21.739809
21.342457
15.433606
36.601147
23.584896
25.780615
29.171814
16.577553
28.453732
33.13338
26.896805
33.85542
36.457184
18.383862
34.820694
40.412964
19.615196
39.762047
15.762566
29.309841
33.092854
27.742495
23.833084
18.015274
28.491188
31.890934
34.523563
30.70071
27.69934
39.789608
36.60954
28.0755
40.824554
29.296534
38.94474
26.275627
34.538616
38.73174
38.700073
36.55971
23.814259
15.234004
27.89305
25.123156
36.47219
29.49439
16.156715
17.210386
40.21928
31.34836
27.613178
37.88688
15.9305725
21.296118
36.44523
15.326686
26.812746
35.921196
21.300697
31.277924
20.783697
20.390205
15.017618
35.487743
18.91284
18.742083
35.3243
26.300005
36.088947
34.51301
26.146975
30.38298
23.217052
40.393627
27.948626
22.60106
37.1933
20.07802
27.126184
40.413578
21.666338
26.239319
38.909267
35.865532
34.166122
21.65474
29.432121
20.229084
23.565758
35.90317
24.691525
21.661366
28.039286
31.771381
40.956833
38.863304
37.688126
19.53027
32.864426
37.655766
39.83102
15.5805025
19.907316
38.63347
24.58728
28.617249
23.321648
40.613815
15.830205
31.426613
35.47544
34.466797
25.84749
35.70179
28.780819
21.093979
17.117558
20.854815
30.879562
29.818457
23.495594
31.700186
27.39284
15.254561
15.800344
18.09956
20.879412
23.845043
25.30241
36.182037
24.812737
33.68521
30.937151
27.592552
28.365808
22.997612
20.2
26.371145
17.583632
31.677483
17.629274
20.528904
33.12677
28.698318
26.541346
31.16167
36.185368
25.848585
21.255302
40.03055
30.39158
31.264742
20.428972
18.938602
30.599405
26.532305
23.325457
20.946043
17.254354
20.745958
31.839128
20.491621
17.741474
33.851223
29.93223
28.82575
17.578707
31.83442
26.768053
24.811396
32.61362
39.884277
24.273914
17.111525
28.485043
38.51768
32.12689
24.057411
29.527151
37.843693
35.227566
28.079927
38.022068
40.634098
30.61183
18.486338
16.248087
19.675419
34.447956
27.578043
36.12406
40.996464
17.276047
32.63006
34.41664
27.997042
30.969118
26.090967
25.455454
34.24776
18.029951
18.512386
22.09233
22.787323
36.784977
27.180012
19.244345
31.112982
32.79638
22.193525
16.776228
31.741373
25.385708
26.830711
19.70643
18.211163
28.547226
34.43138
19.761992
19.705524
37.72631
33.74968
29.160969
20.091637
35.948135
18.748724
19.167154
37.106007
24.604036
35.14937
22.440321
20.658613
19.83777
18.695332
25.4963
17.785429
34.921146
21.059824
23.694633
27.64811
32.268234
18.59411
32.087643
33.161186
39.80965
30.706472
21.193216
24.321327
19.333227
18.560299
27.294613
22.119806
15.094514
34.993004
32.22421
27.038504
37.510483
37.082817
35.753963
24.561346
27.07195
21.62843
38.694054
31.87734
29.74504
20.956793
16.592014
29.007849
21.079325
31.937363
40.528362
29.960033
33.999924
38.85636
24.920551
33.18996
32.83326
34.892597
38.475765
17.652992
39.5008
23.336771
35.473972
39.02578
15.012478
24.409018
24.416227
38.30329
38.40117
22.554901
29.739212
21.905933
38.06197
30.437952
37.775494
38.675953
21.094639
31.497185
18.43006
24.699045
18.695028
26.900982
15.147139
31.756063
33.900864
39.00408
15.657363
39.391556
34.069733
38.002304
24.723846
24.079842
34.351704
23.380087
39.646748
21.776049
24.116419
22.958683
27.63944
30.258705
39.80416
25.878407
39.355366
27.102047
30.99273
35.68608
30.823244
35.860374
31.606676
21.849302
16.839254
19.10346
25.142776
18.482008
20.468346
36.311108
19.5453
17.841208
23.722887
29.316622
37.936993
25.242666
33.7153
25.983105
27.796373
29.443668
28.622438
24.10308
27.369257
38.25394
30.652866
26.13118
30.11221
17.161152
22.874357
39.29115
27.787794
31.095314
15.237296
38.842705
24.466389
20.106825
36.420795
30.850279
23.13648
26.695747
28.231798
28.664944
27.885202
31.80532
28.203466
40.512363
29.683086
36.080616
31.767681
40.07382
38.69182
26.893585
37.91748
33.75397
22.710999
29.848726
23.628775
19.448153
19.889723
34.008858
30.476732
22.053635
24.15103
22.918526
23.860672
34.71348
15.912028
26.652843
15.042402
21.838194
24.62984
21.582516
24.806377
32.319492
27.463154
34.32116
38.966125
33.032314
17.911556
30.408966
28.169888
19.7151
29.679508
24.687075
27.499397
18.625204
16.209126
37.02998
39.209316
33.985332
31.335684
24.128658
18.620775
29.168615
25.34201
29.354975
24.661064
17.81397
27.32276
40.388367
22.832445
24.620173
17.216726
28.24864
29.496668
16.436066
15.125245
33.654137
18.277708
18.446098
21.60685
21.212431
30.113817
23.744408
18.523268
32.851048
26.03095
31.397417
23.709
27.108673
18.063171
34.213966
16.246513
32.432625
34.91167
24.87367
36.451405
34.466328
34.91248
31.808392
17.806536
39.460842
19.674097
16.28822
21.031578
30.407482
15.349604
17.53265
15.233962
23.263859
16.92401
39.349194
37.659702
31.733631
30.125996
27.795807
39.947166
20.460615
21.61426
34.670177
26.984232
36.210815
18.942192
24.248087
40.47898
30.641281
19.47062
22.624622
33.176357
26.592669
33.876877
36.256218
31.28801
20.492668
35.19947
32.858147
22.149786
36.420452
18.46111
33.68116
33.381073
22.657637
30.828934
25.372707
40.89252
33.139114
25.999226
28.122238
35.973396
36.117596
15.034962
18.596733
40.387096
30.568468
19.238031
23.291803
32.913082
39.387108
28.804003
22.35529
17.095892
17.268517
37.98581
39.684425
38.096405
18.309711
17.283758
30.154339
16.488092
21.838028
19.782736
29.204706
16.600527
20.744007
20.173618
19.693123
16.584793
18.68538
21.224222
21.91778
38.760193
22.929033
27.50634
21.01879
27.998896
34.310772
34.038795
21.586555
34.91494
22.818064
24.172508
32.23727
25.4463
40.63884
26.522068
31.159763
17.053417
28.169827
25.03937
37.19451
34.204975
34.440758
15.428307
23.874868
28.081339
29.68624
39.015587
22.042084
25.498457
32.384872
31.921253
20.139917
21.93969
29.985718
36.91347
24.101274
35.28038
29.754951
33.685688
20.858374
40.29969
23.701117
30.460276
18.939697
17.396524
29.375078
29.801311
22.361017
18.061104
38.491364
38.31008
30.07449
40.601036
19.780296
15.48055
32.60895
38.38048
15.25586
33.407883
20.216146
15.403308
22.172024
22.27179
40.831802
18.455833
40.34069
24.557364
39.46709
15.22211
20.197334
23.829626
29.265152
23.79436
19.02573
15.544036
20.388998
26.823551
35.09115
15.853719
18.151274
23.189774
18.081688
33.665173
20.352959
25.519405
17.2204
23.29775
37.667255
35.13578
15.686164
36.018208
28.086561
29.102377
37.56924
28.450127
30.94453
36.902267
39.48777
28.399097
17.831905
24.99487
21.204365
27.987915
36.843914
28.000786
16.107407
36.162254
31.02867
35.587807
39.259468
17.605625
19.650194
22.265875
39.8657
40.89356
19.936241
21.246113
24.477957
21.320381
19.35034
35.278793
33.02573
29.24807
26.109016
28.957333
17.852953
29.055048
28.659388
36.36022
38.340065
20.803965
25.13889
39.10004
32.403625
24.600863
23.458073
22.858482
25.191185
26.284266
23.579046
35.308548
30.62696
32.561165
33.80627
16.95989
21.11434
23.99794
38.463062
22.910494
24.663996
15.37775
19.196293
25.747715
34.991936
22.851923
38.333424
39.91386
28.719597
30.041445
20.210136
37.7364
24.708483
26.78561
35.193504
29.020004
15.774848
20.58843
25.244705
31.60754
38.55516
33.97942
29.297054
17.639244
37.131092
32.983902
37.469093
31.374222
16.173115
28.688948
35.1893
19.385572
19.824701
33.494633
27.677992
40.700253
15.324484
34.0563
33.913673
39.027065
37.451653
26.151974
37.205273
33.600876
25.280254
40.75018
40.79825
23.368526
36.440926
27.406874
25.56181
29.251513
16.114008
22.786224
16.735989
23.04297
34.31586
34.578487
25.961624
25.131088
21.690609
24.379267
33.37278
30.68845
18.982437
27.197926
34.40037
37.226532
34.638893
22.178965
17.117401
33.486847
32.58365
20.848684
26.45028
34.52499
18.097445
27.740442
15.387448
18.54115
19.95894
17.605381
34.435574
29.520317
33.52249
17.581478
37.005272
40.06781
16.24783
15.672289
16.152452
20.960413
22.347
38.6778
33.158005
21.880707
32.67675
39.32327
32.79769
37.561977
33.780045
37.74804
19.835758
15.143307
20.068188
26.744667
38.26992
17.91922
33.535473
35.179955
37.161995
25.865582
36.111164
17.882719
18.50764
22.333109
20.77897
22.949417
37.53022
15.122231
20.932138
24.89703
30.028063
30.787714
17.082571
38.38378
34.960953
31.46878
22.005394
40.32171
31.330797
17.800209
17.675673
40.12115
22.59317
25.532131
25.94195
20.535696
31.330475
39.371094
27.78162
25.11718
29.724134
21.25209
17.196081
26.643862
19.482378
21.761189
27.328938
26.050854
20.31181
24.750479
32.228516
35.370434
32.76511
40.32199
25.826235
24.98094
17.353825
20.304365
36.165344
31.066317
19.18439
37.105923
37.68989
33.604584
38.057106
19.39998
27.491716
34.431858
21.962025
38.48306
22.813555
24.969643
29.212214
31.34389
28.81941
16.056646
19.074135
16.49088
25.668516
31.992313
24.68645
38.407974
18.267302
39.377872
33.302666
26.143623
24.724043
32.631634
25.449812
38.984795
18.493807
22.158848
16.464289
35.427795
24.476717
28.072403
19.04785
20.72988
20.920383
20.089209
31.980715
15.210396
18.87784
24.768066
15.935459
18.167534
27.185108
18.6084
18.45452
30.786428
33.44798
27.695187
38.58573
25.7367
28.365452
19.553991
35.41451
31.292257
17.867699
28.670986
31.787868
37.753437
35.009247
19.736368
26.8947
27.711365
17.333563
32.085594
33.048252
25.266611
17.512978
31.041397
17.011011
30.699091
17.468452
36.90051
38.508743
30.283308
38.886395
38.16259
20.199654
35.95289
34.07527
30.264854
20.296213
18.340588
36.442566
30.564358
21.281363
39.354694
37.52308
28.601025
37.717464
20.900093
15.452394
17.777905
23.015482
18.611925
36.054775
26.511227
27.213512
39.542107
20.302673
21.631325
35.307976
32.623734
24.8053
32.356506
32.487335
22.435614
35.196762
19.515461
16.737444
24.299019
33.819515
37.85984
30.719172
22.060913
24.936895
27.287107
19.56319
37.052784
20.858755
35.58483
25.283373
25.661367
20.827255
22.91108
15.879405
27.707413
37.285145
22.641563
15.880926
22.400837
33.236805
16.442766
33.079525
25.025408
35.812737
39.471214
35.501686
19.703367
20.860992
32.452675
37.294846
37.60016
21.414541
39.060947
34.13037
39.751686
23.221361
37.49457
23.971437
31.331316
31.174488
38.440674
19.610407
29.621078
23.442142
33.718754
27.249426
17.211306
33.373405
22.81323
40.57967
15.025197
24.842882
26.232025
26.308702
36.64958
24.59807
15.169556
18.892178
28.150385
25.386175
20.305954
19.345129
20.06114
38.162384
28.7404
17.43983
22.555042
22.51957
29.034935
22.341307
20.94591
17.629768
16.13615
27.788212
20.61064
31.45068
26.545668
16.295948
34.185505
35.72578
39.526333
32.54055
17.460907
28.39461
22.359568
29.075941
17.783993
19.430092
34.710342
37.843903
29.97577
22.832726
23.009714
24.55515
15.7791605
20.536818
30.430977
37.951595
35.67663
27.321827
17.513857
32.204025
26.5509
23.472313
26.782333
36.256012
21.109451
37.89282
25.80508
20.794088
21.25323
30.65947
17.063614
19.705782
27.64239
40.577904
21.721666
40.381325
29.59655
28.21758
19.930433
24.021416
37.16432
40.10539
16.657719
19.232601
34.706684
39.286854
21.195166
17.623487
40.660995
35.30116
24.476128
38.859108
23.287237
36.766594
17.127903
40.687393
15.145292
28.23586
24.785416
18.820942
23.811907
39.756176
19.609585
28.238747
34.91818
30.656898
22.182035
37.466866
23.973217
22.487825
19.988869
26.70351
21.636896
37.74427
19.559708
25.273294
29.11432
25.040266
18.99429
37.82689
22.166996
23.729319
16.087303
17.946615
35.87037
29.622341
28.553293
30.375048
37.69471
20.415462
16.95689
30.952848
39.746063
30.715631
35.86967
16.533758
20.076286
34.139973
22.503479
27.63875
19.855904
31.865137
30.611012
18.417982
33.900826
31.215837
22.798044
17.60842
32.553734
20.407114
20.55766
16.60649
17.243166
20.392809
30.315342
16.51944
32.17814
29.923077
19.564829
31.115559
36.58341
33.376663
33.778168
20.962658
31.640215
16.70909
24.189352
23.725834
39.869617
18.945759
22.779528
28.589626
26.08035
37.049366
27.832685
19.07639
16.20029
36.70395
31.284348
36.151802
19.32052
22.583239
23.751707
16.44007
21.10312
25.008896
24.612251
32.615547
31.338667
17.554607
32.78887
24.594154
26.886646
36.114887
33.002995
37.017
23.491756
32.232864
16.173296
38.70045
32.041348
18.06916
31.366074
29.220856
22.714037
25.29441
34.24432
18.608824
38.16672
23.400856
33.316143
18.247185
30.417095
40.453796
30.449125
38.498253
29.400938
15.141628
16.095728
31.330263
36.318253
35.13356
30.465954
30.269482
17.82962
33.216976
27.486834
21.373539
21.923853
37.46183
18.804508
31.603325
16.85031
34.747368
26.313025
34.964783
26.894049
26.38675
35.73509
36.098675
18.969177
28.298233
28.633507
27.615482
20.015596
28.196764
29.898016
31.404278
35.006557
36.61784
20.230797
19.38852
25.009253
19.235886
22.444921
37.75836
24.187859
26.902182
38.49352
16.578253
21.898335
37.102947
27.06347
17.850163
19.096395
32.125874
27.29593
15.607005
35.16499
25.12394
34.73705
29.417395
27.964752
17.47818
36.975685
21.802044
20.420763
33.38646
40.591022
36.493767
31.281172
40.443188
22.011446
22.217134
25.817982
28.125378
18.67708
23.72057
32.187607
37.56321
29.501886
40.16269
18.928577
23.748772
17.047276
24.636433
22.645943
33.42449
18.047636
15.608625
24.316862
36.29314
31.969284
19.35926
19.848951
39.904247
35.137756
16.123932
27.532835
39.59705
28.634476
27.574478
21.852606
38.21814
31.64228
15.517072
17.752598
33.982193
40.210327
27.243586
23.906235
26.807209
28.512413
17.841236
27.792404
31.730967
23.588774
37.947136
35.457115
20.60336
31.289911
36.928535
36.72295
30.149632
40.682045
38.276154
18.306087
23.712444
30.527262
20.117176
22.810442
23.506086
40.617535
17.18609
36.89072
30.054018
16.720152
19.33571
19.010996
33.63136
32.683296
23.72737
34.1726
34.996803
22.85386
35.20838
29.744968
15.473832
16.375715
34.066563
31.105312
21.528975
32.1651
32.345665
38.177727
20.395319
29.400883
33.212303
20.159678
21.002262
37.220848
32.484043
27.733484
18.497993
30.981316
39.359955
25.882795
16.988993
22.9158
16.639107
26.068697
35.771294
20.319504
39.26912
31.967464
39.291103
16.489925
23.935987
30.23165
20.347807
16.569881
17.588064
26.808546
21.640196
16.167753
35.281258
16.234737
28.65726
27.170805
35.53907
36.02282
17.127682
32.520912
16.540304
34.766037
28.767603
33.888058
34.87886
16.90892
19.904112
15.155501
34.38426
37.266735
28.70232
32.421474
37.54805
16.32387
26.18672
15.825859
26.470549
19.10094
22.022995
37.926235
39.923817
37.95283
38.11426
35.576275
36.12114
33.044483
29.466179
27.300402
25.089712
33.4486
32.488197
24.012228
38.162495
22.819239
27.923662
29.590237
29.03681
22.417389
26.939312
37.3027
23.091373
30.899559
32.555187
36.3649
21.210146
40.727535
18.55878
22.015127
25.230463
15.317338
32.322666
34.41206
16.314585
39.11759
18.532804
24.384565
21.03797
24.692318
31.734972
27.605993
34.794132
16.580465
22.819826
19.118608
20.23519
31.214167
16.092354
25.299717
29.898777
29.500092
25.40943
40.339653
28.91614
27.802904
28.019579
33.092766
35.75293
36.017242
31.201946
29.76604
38.30329
40.174236
29.576796
36.326096
17.339495
35.601025
32.04787
19.73365
17.31352
23.036346
36.737236
25.155767
27.813662
34.302628
19.986126
27.159527
23.598259
32.14475
31.52081
38.5569
37.060474
22.667892
40.220222
29.049076
34.221977
30.441706
21.572628
29.109497
23.910229
29.78523
32.87142
32.6484
39.643032
19.006811
25.475548
32.91768
20.925785
37.445515
25.047937
25.843334
15.160938
20.0453
28.585775
17.513924
15.175818
38.890457
19.26921
15.906768
40.494137
17.640644
38.680622
35.099854
30.908115
39.126038
22.784384
33.195774
38.65232
20.497972
39.207443
40.9751
24.536945
34.277584
18.823988
34.900135
15.767377
27.40492
34.42282
17.505888
34.85859
39.963017
25.32392
40.443836
26.047007
20.636436
23.211124
36.484814
23.909079
37.160854
29.160765
30.641066
28.515093
15.030125
30.87137
29.233452
20.378191
22.54954
32.437557
33.20828
16.702873
40.958683
22.661604
28.299307
39.993816
18.794632
37.858994
17.73394
28.954983
23.92599
23.389753
39.098686
17.790695
36.76044
40.73519
35.707428
17.514412
24.013432
19.840054
32.357075
19.677631
40.122658
23.653065
33.70874
29.050488
30.902987
35.32412
34.698524
19.21722
21.358557
34.35436
22.360514
37.793877
24.703674
18.145706
15.235701
40.032177
18.591322
17.859385
16.143927
26.942734
31.307898
24.268227
26.512058
40.7523
39.265053
16.3756
23.680075
36.504017
37.50426
36.974094
24.64778
17.916155
19.127031
31.029987
36.57835
32.234047
27.573423
20.804956
22.040995
28.741531
29.493803
15.964371
23.453407
28.842373
19.593542
33.57185
36.475876
24.178738
16.277624
39.832726
20.212255
23.123013
38.181877
18.724398
34.989147
39.160793
24.749853
32.23949
24.213083
27.177116
18.899101
24.868053
25.346573
19.464577
24.517849
21.158024
30.39732
30.391123
36.042923
19.718487
38.48101
27.097013
15.691922
31.86819
33.996544
37.334476
30.057518
32.28217
37.743565
38.62034
37.718918
20.452194
38.915775
23.24096
37.285393
37.552208
31.319397
39.33051
20.858982
39.387703
39.39473
19.237707
33.288216
18.508518
20.659813
30.702837
24.782093
33.277306
27.048582
25.98596
15.463159
22.711363
22.282104
17.018887
37.26089
21.253418
29.889807
32.897633
21.181364
37.27734
16.78878
17.588713
20.43638
25.097626
40.43267
36.59174
18.175053
32.526897
23.4577
27.4825
40.633095
18.613604
34.481915
36.754753
26.399843
37.09239
37.254707
38.185665
38.200237
24.292616
28.707232
20.068966
31.098879
35.775795
39.620316
28.091476
22.355398
21.810686
27.60502
27.372894
33.29527
33.94511
40.88197
21.245268
26.507385
15.396502
28.949095
15.717813
18.439468
40.758526
40.64353
33.2543
24.03477
15.609096
29.331795
39.48445
20.438093
16.005383
33.003468
15.777332
36.996647
35.564396
29.897146
33.223965
22.790798
39.853065
33.95333
21.507967
26.752245
26.149672
22.867582
19.387173
17.061739
35.2888
36.808132
38.065838
19.965881
19.26498
23.965818
36.606194
25.412176
17.545479
16.020092
37.70969
19.973873
26.630632
40.33342
26.692503
30.420832
31.300549
28.227428
16.286425
39.989956
28.199772
26.047644
29.015478
21.91849
34.93705
23.88965
35.330173
29.12573
26.71511
39.83811
23.42551
39.063473
23.655819
29.36098
27.72545
40.70279
21.448914
20.104864
17.38572
40.38451
39.727993
39.753445
17.848457
36.832985
20.66524
28.839382
17.476362
39.017574
36.676792
35.441208
35.60061
29.743467
36.843567
28.550114
25.935982
36.863266
38.67772
21.557693
24.248306
18.823044
15.202816
30.794085
27.403355
25.891272
28.96619
22.337069
22.483097
20.866396
16.564848
31.416151
15.52432
19.31849
21.541668
20.651659
23.616177
29.492752
20.09652
38.097458
37.587524
29.887379
22.957382
21.596836
39.32139
32.215546
17.96932
34.314663
33.853165
22.971088
39.48468
35.47496
17.840736
38.139652
40.475693
16.31148
34.738804
34.731922
31.441061
16.029942
27.066496
23.76274
16.641062
38.184128
37.52627
28.059729
34.970978
30.283955
27.413958
22.857311
31.87068
24.68224
34.75377
27.516733
28.068472
32.8279
21.898884
20.910006
16.670294
27.82675
22.957216
15.015438
34.130665
27.917173
25.33376
23.0947
38.979748
23.946415
34.9249
36.45609
26.831219
31.224268
29.056858
21.256
39.15856
18.23443
37.12948
40.05031
38.6028
29.599834
40.108223
33.879658
37.16254
34.42678
34.50145
39.557446
23.517612
39.693687
20.26659
35.52649
27.950493
15.703834
29.208069
32.16022
19.855057
34.787403
24.861364
40.706387
35.66012
33.41679
32.60186
17.206198
20.145603
35.689983
15.773653
15.668895
23.592106
36.740498
24.002726
26.541674
28.97991
18.04823
25.54047
26.087044
39.54155
20.854233
16.477736
31.664534
15.372265
22.923323
29.976145
21.110886
20.515686
15.752007
32.282673
15.422645
18.967413
31.985228
37.225
38.767365
39.37707
32.283928
31.129377
34.484333
25.879833
33.176437
23.659372
38.183064
40.451225
30.530233
22.942947
27.307528
16.454517
33.19664
29.537039
26.606373
15.637806
34.1095
31.272894
38.834126
21.738325
39.659904
31.832088
37.705685
19.064417
26.522638
22.022268
31.636126
31.950972
16.275856
24.153334
18.120132
22.822039
26.134212
22.658861
19.740128
22.744707
28.906515
38.1643
23.73946
38.821228
40.89264
39.5725
