19.856718
33.541767
26.85028
29.418869
15.689583
28.30807
26.39086
37.74255
23.241333
30.73863
36.20466
25.026634
34.5004
37.079014
29.36902
19.37964
15.913169
23.066166
40.659283
27.062023
29.43242
38.933613
29.260729
36.705715
29.458658
18.89473
27.570808
30.131271
30.43875
16.40422
36.88445
32.536415
29.146126
19.773266
33.671207
24.011278
30.739046
34.301773
27.881617
32.82995
24.578161
16.99148
31.26106
40.774437
20.481947
16.11662
23.003
25.86639
40.608257
16.45415
22.23942
26.313486
20.472582
31.81357
35.84491
39.221596
34.74832
19.656624
37.821728
24.680449
23.441689
40.060127
31.136786
22.19968
35.793564
25.050587
34.297466
26.153717
16.832945
36.427044
17.181738
31.888227
30.89138
16.589148
19.678997
32.44735
33.585026
31.600191
38.551624
31.5002
18.78075
16.740301
24.593237
40.976654
27.884987
18.142895
23.638172
20.166685
29.428741
27.757843
31.26766
20.594076
29.369526
38.847706
20.161781
23.84449
20.790659
29.498796
32.962242
35.709545
21.750683
34.21672
32.2395
29.502678
37.920433
26.5764
38.698887
32.2092
38.34252
37.109528
31.113777
29.252096
38.15777
40.13775
26.63991
27.08674
37.46541
15.097785
16.143555
35.58195
40.61865
24.055096
37.9671
20.201252
37.204388
19.565544
35.159237
39.36752
16.715748
29.81996
37.612984
19.075779
33.498253
33.094368
27.783117
18.813013
36.935314
40.929012
32.69584
28.150555
38.035896
31.172281
37.81683
35.99372
25.597082
22.050877
36.009953
16.405022
32.936417
26.765667
21.297365
22.161419
15.823772
32.76285
40.42279
39.762688
35.68966
28.793106
17.323248
29.47719
35.446762
28.146666
20.53056
25.192883
32.333652
34.04028
25.252398
17.33563
35.074467
15.032283
36.423775
29.923466
37.345573
22.55497
30.373268
15.944588
16.050013
17.178854
26.914366
27.678585
25.222773
37.061222
28.650816
34.32443
28.52474
37.181866
30.075878
22.355488
31.230398
17.431726
37.648857
22.390932
28.374125
27.395536
15.448383
22.05451
23.292244
29.757519
35.23037
21.285881
30.182667
18.659544
26.759588
36.876263
37.50133
28.054
34.137344
18.619362
38.02431
16.119135
40.513767
36.400097
36.226807
35.142384
39.051666
19.7879
22.26496
31.927683
18.300035
17.257895
20.293705
23.74563
29.23868
21.032454
35.113644
33.12074
39.171566
25.717289
23.212177
33.33791
38.374935
18.40033
18.148924
31.450686
40.94727
38.68831
37.932693
24.786673
19.66171
37.27511
31.547054
28.470985
31.787542
29.067575
37.10382
21.326376
22.825863
17.638615
29.238506
29.659163
27.89561
27.834072
20.309122
24.902956
20.109564
20.729
26.71939
35.867516
19.69605
27.810568
28.259758
35.42807
24.850496
33.259026
32.74436
30.890669
15.342056
22.504755
18.419317
38.98221
34.754063
29.858574
32.627537
16.438995
34.90298
37.944153
23.037476
19.50571
40.459183
24.90546
31.378025
22.306997
39.083763
21.918863
29.069025
29.016756
34.499218
33.40863
15.396602
26.025686
16.82776
33.546204
39.95485
19.89541
40.25961
23.107773
35.960114
34.78804
20.654573
38.571323
31.74139
33.27276
31.03378
24.453442
26.22016
16.936592
23.08442
26.317844
16.51518
18.064213
31.77887
25.631712
35.94261
26.802214
20.000614
26.702555
16.629007
17.686033
26.672852
40.29747
40.71456
15.183163
33.301723
28.228302
19.696255
37.99417
30.074617
40.18038
22.845213
20.253443
35.694965
38.369064
16.830015
34.48442
34.988567
23.2276
39.687317
36.18956
34.982372
40.2613
25.103487
21.293028
27.635275
26.447287
27.605711
33.304707
15.691374
22.115646
27.708275
25.036737
29.229822
29.116985
32.319504
37.979477
40.401237
28.263012
31.787115
29.031418
28.569296
36.520943
28.844482
31.178143
39.617046
31.249117
34.4176
33.928257
39.53109
16.88041
34.762295
28.83955
21.542692
28.89159
31.72347
29.30665
30.083506
20.64102
31.042997
37.931736
35.604492
22.713617
30.590042
15.26279
21.910269
37.78125
17.14749
30.45929
36.076984
34.668262
28.960299
37.533066
16.250488
39.306095
39.636425
32.212536
32.66244
39.567486
15.188256
24.191301
32.055622
31.589968
40.012157
39.547607
37.375687
35.12996
17.426138
24.458927
29.065054
36.732918
24.020275
29.98646
25.585798
36.061687
32.52191
26.6671
40.90176
22.5942
21.137304
26.925898
31.56619
19.083548
34.40378
20.909899
17.78975
20.667288
37.47112
29.244661
37.40471
34.319798
34.42818
16.42759
28.99469
26.460377
29.800636
39.09767
22.625278
28.96159
16.667795
16.259075
25.589445
37.54644
38.981365
37.68644
28.372633
27.61958
19.61627
36.202576
34.64593
18.946917
29.44335
25.294764
18.511755
20.279688
18.286062
27.623579
24.454983
34.01305
28.008099
40.37873
28.493515
33.276073
21.176048
38.14916
38.875698
31.469
17.751022
27.000103
33.338135
33.195377
23.085457
40.78771
35.41588
33.78075
37.13599
24.392157
38.588
22.126299
33.250687
38.51315
38.145123
22.514874
31.148533
40.94703
20.5814
39.16859
40.78152
17.852667
27.042091
18.851248
21.654255
21.41363
24.898737
23.615488
19.873407
33.51708
31.877575
31.913742
26.70906
36.595196
36.332813
21.723684
31.772234
36.612835
21.234863
22.082983
23.047682
25.33553
20.234703
29.484888
18.96828
27.474771
15.769019
32.955215
18.47715
37.083015
21.586803
18.31302
37.595837
28.658628
29.306606
28.111359
21.401722
31.821438
32.654633
21.061138
16.515068
30.132454
19.88743
15.360306
39.20583
16.656689
22.568901
32.28212
36.052715
39.20589
39.349865
33.62052
35.72165
30.848433
34.68948
29.147192
19.878145
36.236454
22.5613
26.104013
18.507793
17.575764
30.102747
35.936367
27.99136
33.651867
15.89533
19.96673
17.165766
17.225948
20.10396
31.514812
31.299488
26.32745
39.057175
25.089455
32.42065
31.495293
23.016155
25.70929
30.758366
17.857738
28.858936
33.15325
16.192686
32.091206
37.19715
38.99863
38.55571
27.761272
34.046272
36.673546
27.386227
22.324528
20.586246
38.4324
17.312515
17.157717
30.777985
20.156855
38.622677
40.38118
29.64214
19.191751
35.77917
40.9563
34.860165
38.044285
19.643953
25.562191
27.02364
37.706577
22.002913
31.094698
23.336372
32.605835
19.613056
21.28117
17.86476
34.742954
35.443142
25.867376
16.535507
39.449547
29.03828
25.108301
36.995705
21.375044
36.011185
28.88248
28.178844
30.809624
32.54766
24.64989
35.961372
37.255413
32.511047
39.686325
39.64785
31.27749
20.24019
36.552567
37.188877
25.097893
17.457743
24.594553
31.014338
29.139961
17.84038
24.421154
19.155708
31.787022
37.74974
18.76901
29.934494
18.988485
20.382744
19.939333
16.910042
35.028152
29.172106
37.07943
16.008377
23.763603
32.652733
23.9821
18.794792
26.952244
37.20688
23.788954
18.706417
28.898628
36.110714
25.009111
26.726974
30.589455
23.127287
25.60257
25.464518
27.726633
20.525534
36.527996
29.883904
17.625557
20.852322
25.117533
25.049269
19.814817
17.044258
35.91664
38.147842
40.355247
38.53825
22.21483
23.794888
18.390295
23.9246
31.393595
16.160614
39.246437
15.383634
21.430727
34.813416
25.52138
34.656673
22.425547
33.339775
16.029549
20.624413
31.847511
20.779749
18.21842
20.700535
15.361062
15.707891
20.725916
30.19561
36.54243
37.39306
21.118267
39.566196
28.579529
25.886492
31.52931
27.036226
25.133945
25.11616
35.9164
21.462559
27.944454
28.106256
20.954702
33.51389
33.464325
29.294407
20.210817
16.241894
25.850136
25.584995
40.16829
28.945812
36.957657
23.255667
36.921722
24.866426
37.650772
34.125004
29.912855
23.692627
18.692327
23.492922
25.951078
28.123571
37.761097
38.281322
34.942535
21.801664
19.72707
22.531092
34.246086
25.816381
38.217564
30.952496
23.381035
26.676218
37.719578
25.57961
30.93068
36.15579
28.989199
35.745365
26.91739
16.7474
36.37681
15.572346
26.669046
37.581184
19.827105
17.965496
24.253298
32.62509
22.776009
15.696394
26.925291
23.735909
39.94176
38.584747
36.7161
29.704603
26.095526
35.01134
31.283258
36.824207
36.297127
24.0376
27.451475
40.705574
25.794476
27.260534
37.490623
25.076227
33.81063
39.19777
34.109932
29.119698
39.78032
25.475937
15.391258
26.547588
17.248117
33.38669
35.441093
17.0438
17.603432
23.478119
30.41
17.980148
15.102777
37.765408
20.70992
37.374893
22.217695
39.872963
26.753819
21.950441
40.247177
30.961475
35.348873
38.843697
20.346195
26.64662
34.993496
32.03244
16.647417
22.282383
34.760117
34.86322
37.9911
18.960308
15.189859
24.201132
35.928455
24.367102
34.68179
39.66902
40.126743
19.246498
35.228626
17.203531
20.079737
35.6273
39.032436
17.727577
18.11502
25.208054
34.52793
21.123629
31.09011
29.3298
38.647667
26.889479
20.882109
19.821888
15.782604
31.867899
30.801144
30.671825
16.823051
40.26388
28.395636
33.948692
31.909246
27.797895
32.76788
31.700611
34.077393
30.29088
40.481297
34.650326
17.856173
35.236492
34.416103
20.428944
29.05036
20.988276
32.518036
22.816387
17.44229
24.07436
34.28518
16.998173
18.948627
28.849382
34.0508
28.201565
35.888973
25.203224
29.645523
16.240282
37.4545
27.368372
20.860004
34.475315
29.208979
36.00245
26.279774
28.49057
38.51114
24.669767
19.52666
29.385431
28.1165
40.605545
20.716715
27.00249
26.898445
38.218594
24.032366
17.637058
36.622387
36.17316
25.707022
32.816242
33.013645
17.087814
32.433086
22.588745
27.978613
40.899055
34.2299
28.432665
23.770649
28.75955
24.14589
31.367054
29.136045
39.975735
31.81966
22.143963
30.032257
19.936707
16.887646
26.50132
31.379593
40.246185
17.501303
19.37288
23.489256
27.341497
36.80476
19.680122
17.304777
20.768364
26.124176
27.871862
18.400476
30.977518
23.833017
35.731007
36.799793
15.018952
21.382774
22.133738
22.107882
26.83184
38.8266
27.425053
37.19713
20.962967
29.313719
32.86554
36.740738
18.493757
27.495306
20.207813
17.258814
39.715763
30.55801
39.876995
35.022934
23.666714
40.689087
38.458237
15.159335
30.02403
20.177593
29.23522
21.597528
16.04997
23.068913
21.377075
19.13029
40.29229
26.31531
36.037262
37.782536
15.566615
30.703081
21.106388
25.930868
32.38151
15.487299
26.651966
26.172085
26.41441
28.627974
20.181692
36.80818
35.90639
34.796906
26.782764
23.996962
22.916111
37.91237
37.918304
21.111532
30.257814
37.85915
24.20298
16.658611
33.645767
30.26436
31.833443
40.224674
24.077133
17.724855
39.515144
37.350677
16.807592
40.719933
16.705698
28.980133
28.408792
36.593437
36.785942
39.182102
32.343964
39.45225
24.373333
38.219627
16.257826
34.603497
28.408344
34.71592
26.749104
20.24079
27.873102
32.6647
19.778864
34.490173
33.04243
16.337706
35.065014
15.639245
38.02103
34.761566
28.82315
39.398457
19.986559
35.36785
25.036224
15.381419
15.0368185
33.66428
37.070156
19.641378
31.830374
18.331648
18.899927
31.064053
24.313353
21.020267
16.470354
26.692247
33.74123
23.301268
16.788029
36.64571
31.932941
27.722288
23.225716
37.19995
32.235615
33.723732
32.217712
40.80075
16.03181
16.29089
21.034483
20.316381
24.787113
31.64887
36.647087
33.6675
36.614437
36.051422
27.826792
26.125078
24.122484
32.771393
32.572407
25.029594
16.91924
40.769665
28.717697
21.460098
17.557411
32.201103
39.143543
33.469677
35.93729
22.91014
40.404175
37.904236
40.22348
24.375315
40.774174
22.53439
40.18546
33.18116
16.732645
33.255615
27.537966
33.027554
33.723267
20.449825
21.335714
24.530697
19.663603
18.251728
28.767975
15.626604
26.124489
16.42643
22.802015
38.2571
20.359892
18.839972
18.040508
33.19992
35.44002
39.092453
20.886423
34.39875
27.625217
22.783789
27.650013
16.955545
29.815369
23.095005
18.585987
27.066736
25.419418
39.893402
35.01498
29.61652
26.31176
38.40777
20.661951
21.884527
39.6771
21.67027
29.135153
27.881895
19.49265
33.384457
33.07285
39.198822
37.15618
16.6543
38.900913
36.928387
18.340927
17.097029
28.373062
19.22554
15.54287
34.262867
16.106382
16.366755
33.98336
26.9978
33.17839
35.795086
26.539732
32.410736
18.517862
29.566925
23.198858
40.444435
32.3002
29.86089
36.163307
34.699913
26.849085
34.766
33.187126
21.126926
40.649715
22.435333
26.977905
25.468529
35.994926
26.873106
19.574223
37.935623
24.514011
31.11711
25.492107
31.487753
27.37508
17.38527
38.13166
36.30934
36.305283
38.874058
30.444563
25.595894
33.7393
22.328253
35.18554
18.60267
23.384928
32.24558
32.205627
22.058647
20.285723
26.63653
28.19231
18.511478
26.064032
28.628649
34.0214
37.94464
40.443905
29.886375
18.45775
15.095716
30.381807
18.811514
18.326742
17.305271
39.17406
24.796185
24.47565
16.438581
21.763544
17.419144
15.853822
29.447945
35.134098
26.408064
32.862858
29.481092
38.159645
30.43448
25.762747
19.091753
15.566056
16.364756
34.367157
29.071136
27.767298
15.459553
35.520874
30.694668
28.253405
37.19596
32.924625
19.766064
24.936348
20.880524
31.757317
15.741294
25.400879
28.028128
26.242947
30.427876
20.360954
20.60074
29.819244
28.280264
34.78834
39.63177
40.887337
18.150093
26.158554
33.50582
26.256533
34.500328
18.050247
17.220354
25.345554
28.555336
36.937733
31.324873
18.961311
24.634212
30.432302
35.914856
35.048622
30.0027
36.45654
29.051899
38.188984
29.97927
28.876839
34.28802
31.823803
15.74399
23.972832
30.591423
34.187283
18.324053
33.788498
21.902393
30.756355
38.56786
40.88818
28.792444
19.659908
37.5698
30.331772
27.256187
33.936718
30.97093
28.786922
31.534744
39.791355
21.835953
15.611959
21.051062
29.06958
24.394968
32.471943
40.03164
17.059416
32.838734
32.59113
30.195856
25.421501
35.569126
20.098688
16.013205
18.561993
25.831852
38.0906
40.46034
28.083548
38.496387
29.009016
36.954082
18.084757
29.898434
30.731562
20.193058
40.02559
31.12322
26.366455
39.009876
25.636202
26.883167
39.16535
40.01733
31.91877
30.231524
24.194405
35.826263
33.676674
15.753811
19.444958
27.919445
34.20274
16.591927
32.91885
17.884806
15.767931
27.681057
28.88935
31.643158
18.37418
40.9175
16.017172
17.549608
37.8698
19.625856
36.292145
20.804487
20.97322
31.656952
40.87456
25.478819
29.010489
22.723248
34.826202
35.64094
34.244305
22.16636
21.449694
22.565071
38.557117
18.251757
38.495705
39.8092
25.948025
39.298504
40.851116
34.068916
19.813042
34.47743
17.487288
37.145306
15.300552
19.948862
38.426003
15.109309
32.1685
28.161568
16.271788
30.801466
34.517174
24.59735
18.462763
33.175217
18.531185
31.02121
28.808146
33.673477
19.93652
35.38482
20.109161
23.822403
37.263287
33.93145
17.701054
33.53289
21.202063
36.763443
30.607388
40.219463
40.351547
24.158625
28.663914
30.777922
31.477388
17.259998
30.44775
25.707151
38.03694
25.413462
20.138628
39.21723
22.171892
31.391119
27.542503
17.035093
40.630486
23.01322
22.42384
24.800571
18.15337
25.269604
22.021364
28.439917
32.741783
26.941921
25.163141
23.71041
29.924143
19.940828
31.750307
17.228876
33.646835
38.097694
38.544838
37.728584
29.73722
30.9883
29.1752
26.033045
18.02173
27.516335
26.064825
39.292034
35.129116
19.447468
36.591793
31.394106
23.768703
18.860102
37.20413
35.151684
31.845816
19.566805
35.443707
22.84884
26.161179
32.960865
16.872683
40.048546
20.63854
23.455246
27.749914
37.175354
22.034357
23.706612
22.970919
26.321074
36.905785
15.155049
22.263294
34.965107
20.247875
19.060404
29.920696
25.857887
24.658249
33.179123
36.461845
33.184807
31.147148
37.50085
36.51717
21.30987
24.783213
17.051899
29.974094
29.89225
24.2499
32.673157
32.95313
23.975742
26.084898
31.892813
29.540268
17.77013
37.884514
21.53978
38.3674
40.275154
30.077404
15.581433
36.1108
25.641935
33.006687
37.819828
36.768856
25.223352
29.006767
19.543343
39.18373
29.633924
25.92103
27.006159
35.687584
31.821533
19.078707
22.695786
27.98256
24.147324
27.134111
39.749355
36.404797
17.776867
21.368618
16.592184
25.576097
29.304735
22.065544
20.897552
23.113064
25.466318
37.390396
26.304558
22.541931
26.03486
27.843658
31.98121
32.858364
27.558294
28.800604
24.082933
31.275005
24.459614
32.912346
35.43192
36.615585
37.206203
17.214624
37.330784
20.542908
35.74762
22.675615
39.32425
18.349016
22.227974
16.61126
30.93557
16.38944
36.098263
40.90642
29.929747
21.409351
27.185572
37.30244
34.49346
37.987995
18.02023
35.146366
35.872135
16.118849
29.778646
16.944536
29.467266
37.546345
22.568724
20.822767
24.172752
20.89614
26.466301
34.567856
27.816656
19.864363
26.705334
39.30973
36.975334
31.772263
16.731068
26.100916
26.139757
29.646286
34.44464
15.659745
22.239159
23.649519
29.899185
20.365992
19.865139
39.16904
24.95165
18.232359
40.189655
33.154675
32.931183
23.022575
34.53329
35.408203
15.254076
24.946533
25.815514
27.438082
32.09689
34.43526
33.706627
40.223198
33.733562
23.383202
36.201363
23.770308
37.94888
17.94262
37.547115
37.70321
15.059895
30.464617
19.985086
21.287775
37.50847
31.503653
38.600548
23.275478
23.732277
39.937042
24.728838
40.73905
20.078278
40.198368
35.826553
31.677446
23.891714
16.383345
22.492813
28.583275
31.595459
25.55904
20.413393
33.394386
31.568573
34.992073
22.400835
38.29235
30.939617
26.208721
39.41662
37.66402
36.029408
22.809551
27.48683
16.208422
30.109526
36.783577
27.760626
18.649748
19.387064
19.70157
23.611256
33.8082
18.68267
36.615574
15.64221
15.883986
20.138178
37.751247
38.73653
20.72574
37.47168
36.152138
24.875143
38.583233
36.792072
34.319588
31.350527
35.385166
18.791744
35.58929
40.21486
33.936398
16.25519
26.495352
23.32722
36.59499
31.253038
30.694849
32.202312
29.96794
22.135035
17.160746
15.0135145
23.955488
39.492237
25.298262
40.566044
24.077427
34.62777
33.399525
32.831326
17.430805
37.757175
16.423637
21.721567
26.857027
36.153473
38.47407
16.184006
28.937243
18.758741
28.5425
28.407066
27.28853
29.403152
31.09801
36.95614
29.299383
25.704012
19.922886
21.994556
15.92144
30.961546
28.230898
25.395767
24.425558
21.92475
36.551304
28.515484
27.133703
38.169815
24.121593
28.668163
23.054237
21.015282
33.604134
29.939878
38.076664
25.392145
24.826832
32.87014
22.922915
16.89387
38.94501
28.748116
36.405766
32.350357
29.931587
23.794008
18.711021
39.701553
39.624825
28.334341
29.398575
23.690557
21.69778
32.23023
15.608479
19.952648
18.860765
16.280607
33.56173
37.445934
28.367891
20.097826
38.861393
33.85082
31.471142
18.040827
38.32831
28.559696
22.850042
16.19162
32.14652
27.184933
30.242384
35.07355
21.947233
16.132288
22.511116
32.83534
38.12598
19.718636
20.204899
25.962687
26.166246
31.556892
34.304462
29.22969
21.033884
30.4878
32.29428
17.565174
16.810024
21.207302
15.958766
37.78442
23.646353
36.91985
38.374477
23.724716
17.855013
19.842236
30.45464
30.223467
31.486525
27.189054
40.09944
27.590595
25.102509
33.390133
23.515486
16.752228
15.616122
29.721857
24.589853
30.080679
18.051577
38.278503
38.339214
20.076042
33.865112
36.266273
32.40147
17.52763
31.073368
16.971916
24.297367
40.55891
16.851053
27.439451
17.761658
20.047415
17.488379
33.88263
40.828205
31.311562
15.639678
30.167435
19.550686
22.66917
26.648233
24.318018
26.250328
38.497875
30.398258
38.931213
24.00432
17.76548
24.623549
15.628748
23.723404
18.648773
27.89335
29.233091
24.614305
25.822123
21.59943
24.221863
21.082535
21.272614
34.18445
38.197475
37.203274
22.086378
31.580177
22.602785
23.772858
27.551142
39.365135
33.720116
16.650665
25.13291
20.504768
39.110306
24.610914
16.410099
29.703264
28.079857
18.246208
37.886337
31.374643
17.508636
34.59938
29.753508
27.031767
40.427006
17.147518
32.139526
31.495417
32.100582
33.521698
15.150731
21.741634
39.06233
27.9184
18.106657
21.43401
30.52589
17.543158
36.765335
30.228617
26.920753
28.624386
39.050175
15.792825
24.908833
15.545049
21.81486
20.145237
24.173876
32.462097
15.520612
32.402485
20.519114
30.418379
36.350502
25.309664
20.365267
32.39898
20.248442
25.034712
17.61014
24.04375
36.645855
24.622993
26.99271
18.799973
37.22692
39.236935
38.59871
19.183975
24.983665
23.846535
29.951376
16.517685
33.025066
19.390118
35.250195
34.01595
37.129765
31.590635
37.75204
16.422632
30.869785
27.591473
31.033318
39.528385
19.283176
17.366604
37.928375
20.8501
40.536232
29.463514
28.308477
32.51196
22.791492
24.053335
18.547405
38.94019
15.585469
20.491106
22.513819
37.3684
33.420567
15.630144
36.237152
30.347637
15.988457
24.987991
30.01301
38.46514
32.46759
35.527405
32.64558
36.29791
32.675476
26.294436
16.768845
33.26206
35.50661
35.44656
17.744862
15.466207
29.050022
23.307482
37.50669
38.93684
17.05557
15.001041
22.895037
26.655895
33.006245
24.945429
17.531898
21.73562
25.953909
27.029675
39.081165
28.752932
15.488979
34.64807
19.865171
36.77536
22.7398
25.934145
32.237957
30.932865
26.135454
31.51426
26.860016
40.524593
16.816084
36.89206
30.076042
32.59695
23.037714
39.178364
39.966297
40.689056
21.693958
38.2972
21.323835
31.013968
36.164852
16.02719
33.803986
32.72882
29.1035
22.278475
38.799156
17.14427
36.484066
34.858902
35.211124
36.733425
27.26005
28.64922
24.224611
16.622671
33.319668
30.585537
32.430145
34.88163
17.075571
32.138313
15.200789
31.376684
18.989021
39.080658
24.096489
32.21231
38.603985
37.25475
31.251396
29.856716
36.254574
36.773693
30.193731
27.933065
18.509611
39.637157
30.354322
36.354755
26.630955
31.092585
23.639133
28.993135
35.847713
39.23992
27.87274
38.388126
34.08624
18.356205
33.6638
36.14714
23.946266
37.207363
34.3003
35.62486
19.176458
30.21823
28.651411
17.236225
38.677948
32.787613
20.734463
40.327274
27.152391
28.263916
24.599688
18.913197
19.91149
17.137732
23.492048
27.790283
30.077702
36.861416
39.868538
28.538166
33.431396
19.371607
37.781063
23.751036
17.497501
26.86918
17.37907
36.471306
37.1151
32.702225
32.84285
28.24641
32.69638
31.300976
23.927422
27.489246
15.656631
19.029858
37.478672
27.894976
40.084984
18.55013
28.777554
26.551722
34.625877
40.82775
17.374697
17.079931
35.754204
17.274544
26.19703
18.644953
31.152447
29.67682
26.139582
33.009617
39.735996
31.544008
25.099838
36.928425
23.023249
33.301018
26.468578
34.132156
31.009975
19.351442
33.460354
17.911528
20.48283
21.454811
32.34833
29.880764
22.794764
32.08956
15.662452
16.886702
23.525518
27.514442
33.716366
18.22635
40.163208
21.094585
15.447903
31.345589
25.968472
31.12446
29.489355
22.013885
28.520502
19.8585
19.628035
38.604797
32.094658
33.75112
33.37423
27.559177
39.984306
39.011482
28.222786
28.367817
20.15485
31.494215
27.376188
25.48257
37.20588
31.676018
23.19119
25.449644
27.517683
38.00887
26.417648
22.256157
38.67133
33.29428
28.41734
26.390705
18.756863
30.888905
33.982254
27.441036
36.022045
40.530373
18.11591
40.18662
36.464554
39.363308
39.19794
28.09122
30.433302
32.348892
35.321316
39.86036
23.080036
25.657368
30.273184
20.300707
21.59023
22.87153
30.62453
28.103395
34.52268
24.870045
31.700409
18.370317
23.300077
16.113142
29.821657
36.71237
38.918297
26.71915
23.14073
20.570845
30.279907
25.198885
23.638298
16.047853
34.207954
25.005878
20.403994
20.979078
23.158789
39.16404
19.193806
19.241768
28.928284
17.150257
33.438225
33.36326
27.233498
34.938007
23.36945
26.38003
34.95237
28.649094
38.74254
21.59455
39.016846
34.614067
20.744587
34.386982
19.48026
35.807964
32.11759
27.561056
31.117662
32.606495
15.264887
30.838154
30.068192
30.598808
26.167585
40.060986
18.491499
39.79653
29.306664
22.427937
36.985554
35.994705
19.46795
38.651478
19.601141
30.268856
38.301407
35.318737
31.688688
16.633383
22.812735
28.929703
38.525955
24.740011
33.584534
37.09815
16.70057
26.161013
26.455755
22.22277
18.559166
31.280476
22.632479
22.570724
22.685429
29.107891
32.759594
23.163004
36.33209
38.431828
16.352108
18.110918
35.007385
37.647514
25.1665
17.12516
24.004423
28.320633
33.58661
25.803717
30.56215
40.09066
36.90525
34.002155
29.559656
35.870605
29.50184
39.099583
20.170874
36.466007
21.348013
33.29584
29.74459
26.71458
25.017252
34.21023
24.32517
35.038868
38.43134
37.999424
32.69215
22.907888
18.945425
29.971815
20.572418
26.119593
30.05527
15.248058
17.76643
28.04469
25.004284
29.402067
37.330376
34.013206
23.874664
22.214197
20.66914
37.878807
36.366055
26.678001
29.420177
16.461851
25.396809
24.224253
28.346436
39.050663
38.90704
35.760685
35.106777
37.431587
34.799362
20.573141
30.735235
35.021828
18.822243
25.393673
28.935907
27.595112
33.382687
28.013252
36.888073
40.8188
20.76893
15.701681
35.1566
39.36196
25.070658
24.394434
25.515566
20.687542
33.2032
26.116005
33.01836
37.807766
16.873997
39.431534
40.48554
35.260334
30.073586
38.85332
23.731987
17.354126
36.73017
40.07606
24.317863
39.33654
36.535793
18.674374
37.38323
18.550638
33.63397
18.468552
29.214119
25.878817
40.8526
36.149128
20.588196
15.810673
31.472769
20.948166
21.661072
22.326334
23.143034
28.154974
20.179682
17.452442
30.480602
19.096123
37.14709
23.826588
40.14481
35.83452
18.713428
23.896936
40.725018
24.289476
18.03054
32.487347
25.654171
24.739515
32.083412
16.374273
40.540894
21.741877
26.099197
40.250294
38.80715
36.387547
20.035173
24.990042
23.325161
34.507782
19.859783
33.48796
34.866314
22.957956
24.866308
19.503181
16.606596
36.426773
31.096666
25.925459
33.677074
23.353659
24.103136
22.666994
15.804672
37.48447
21.738775
28.988634
33.45762
19.35532
29.442638
20.4848
15.591567
21.566662
34.57382
31.180143
38.086517
39.094543
34.748714
30.23185
16.271385
21.083149
35.848843
38.58508
26.552069
15.572561
20.391825
17.595032
19.090658
21.437939
24.296217
27.107645
37.727455
32.451035
19.721064
36.78193
30.894167
18.822296
25.62409
27.540497
30.135773
35.841507
25.957767
37.950813
27.040184
15.307233
40.010387
25.06827
40.868984
21.320074
18.29968
40.81311
35.98916
27.712006
16.63941
37.30688
30.324862
21.893847
28.524744
27.759928
21.479939
37.22517
39.820103
39.480164
27.926
35.14574
19.883602
34.364174
24.707579
21.254772
33.725044
35.835377
30.484932
34.28419
32.56985
37.609875
21.41679
33.484207
15.289224
36.899204
21.379429
32.324337
16.557123
28.700209
21.325108
18.610352
33.307693
20.675722
17.202053
19.127209
27.092033
39.795834
33.789825
16.740501
30.271107
40.387978
29.048002
39.523552
34.6321
30.535095
24.132792
40.924675
25.97824
23.864708
40.105335
37.248783
37.517647
40.687645
17.537064
35.799877
40.464573
38.173763
29.711618
31.915668
28.166805
33.793034
19.929558
19.82284
38.285954
31.603765
28.54107
32.751286
20.082619
33.135887
29.76372
26.067835
26.69644
21.59565
40.086258
35.324837
37.461365
39.909145
31.116257
35.06613
30.759348
39.725548
34.098415
37.992863
27.691133
35.917015
21.012056
21.663614
38.93062
35.340664
16.150452
21.288424
27.52972
15.669129
26.391285
36.37316
19.153522
23.949629
27.98667
21.980824
36.25091
25.217533
20.632778
40.198345
34.00377
18.968977
17.823332
24.032413
17.548197
35.587994
20.047764
24.405
21.924118
19.927225
20.264072
19.17907
16.485027
31.157267
23.257986
17.217237
40.087513
24.728184
25.99423
24.360874
20.280602
23.82783
34.872284
27.914442
28.927816
40.075012
19.918203
31.729591
30.220314
22.35167
31.375706
37.305855
36.877228
18.656628
22.903835
29.459478
38.479893
18.654673
19.645205
20.059269
30.349398
22.19798
30.797926
30.088018
26.1523
33.513203
33.005978
16.860424
32.507374
31.9758
36.87693
23.613102
27.266436
36.4344
20.24253
20.879631
40.855366
30.901358
18.396889
39.073257
24.086744
29.091784
31.478502
21.522236
38.193424
25.771791
34.406673
36.83747
17.482767
16.167715
19.339338
34.939445
27.974138
22.791603
16.4886
36.33116
24.657694
35.954285
36.31185
35.27609
31.600313
27.96582
36.59046
32.42488
23.024986
39.56418
29.71476
19.131891
17.702803
20.466463
22.613066
40.212284
21.522144
38.1031
28.194239
26.2128
25.937477
35.57381
30.917328
16.40397
31.150658
33.6553
38.158554
23.648945
26.340424
32.294075
33.414978
36.063694
25.031229
36.433777
15.0658655
35.955784
23.780447
33.25503
29.406937
17.91357
36.763306
34.946712
20.979216
25.11499
39.547913
16.98115
24.833471
39.934826
32.378
26.531712
36.302814
19.75168
24.619005
37.14982
26.100111
31.490595
29.673456
40.109386
18.11365
36.884483
25.634476
35.93021
20.143461
26.697437
35.221733
37.507893
24.002504
22.225075
21.13191
21.006334
22.900938
38.272015
25.836248
28.209911
18.838425
15.503691
22.070616
34.385887
24.848501
21.579596
25.788853
36.873726
28.370726
25.797234
23.188168
23.5964
32.770435
15.11088
25.565613
37.47986
36.082577
18.336472
22.22768
18.370295
23.425251
30.113737
40.45035
26.454918
40.210224
30.76895
18.574879
34.42039
21.271776
22.606417
15.724993
23.624172
18.341965
27.354141
39.344006
16.40744
24.919472
27.498789
19.775824
30.344408
21.510841
16.06742
39.451656
34.701206
33.46708
21.048176
28.894657
32.668663
28.195219
24.089392
22.71759
21.036728
40.393604
20.376352
18.064047
39.894375
27.141235
27.657196
35.531578
24.667265
25.165762
25.274248
38.51555
25.346527
24.421223
16.754267
29.125355
27.115503
31.225895
38.02095
21.350117
32.747314
40.64215
17.6152
34.98873
24.12461
35.524452
39.44354
15.00971
16.023954
40.718166
32.52221
38.46895
23.910666
23.261097
39.944336
36.889145
26.906149
31.121258
18.869795
34.092304
33.31805
37.998474
18.722118
25.877275
19.164785
20.024168
35.97416
24.647135
31.97935
35.812733
38.913868
25.116545
26.843437
36.249546
18.603926
18.56723
19.08135
28.644865
26.883617
28.770004
24.334232
19.439455
20.70874
34.65471
15.838656
20.5169
36.38494
25.084831
30.649624
24.359287
37.322315
25.68143
17.276525
26.777012
30.82369
20.541405
38.74167
18.750109
27.116468
28.908024
23.424463
31.03767
17.34748
18.377039
33.22035
16.643568
36.58273
26.059574
26.522156
26.970787
20.988548
35.273396
28.322481
21.55336
21.318062
15.797036
19.339283
38.624027
17.586502
38.496662
38.482838
40.457363
32.391296
28.223436
18.21079
19.422283
28.717546
30.279549
30.358967
19.984468
38.26679
25.463936
22.889187
30.518381
16.356739
18.73417
15.661334
30.720196
37.26191
28.858797
23.815403
39.657112
27.499842
37.08488
34.640316
18.045145
30.014894
39.80834
17.909803
40.21663
31.471323
15.510094
20.581614
30.42034
25.939653
29.808914
26.484907
26.591248
17.145098
18.382214
36.16165
22.533545
30.144064
21.719023
37.38136
18.579792
39.804527
40.194656
27.014538
27.220598
15.788334
30.794554
33.928745
21.943438
17.868275
15.965106
38.362118
40.57583
23.359987
30.532267
19.832796
26.79722
22.208576
32.40399
27.058699
37.165638
40.84205
36.860584
33.590534
21.999193
39.288464
30.637325
19.902042
18.759275
27.250956
20.7167
22.534952
36.201344
15.844527
39.772892
23.562101
32.490894
32.520817
15.549136
25.110762
40.726315
37.341785
37.0989
33.979168
22.86696
35.21052
38.78475
24.482792
23.933987
30.927189
19.204147
31.582916
38.533024
36.010296
24.799314
39.078575
33.242
28.108364
16.808735
37.183933
21.214003
15.52425
25.430655
34.166718
39.464264
26.884129
26.59444
23.889305
22.741938
21.30552
30.573492
25.072594
30.631517
33.553352
21.823772
32.893814
38.585373
31.62049
15.894998
21.132925
20.958017
38.92873
28.03679
15.498293
30.794373
29.918745
25.210136
37.990818
31.118412
28.18202
22.61474
22.206741
17.77525
28.485247
23.555864
22.332829
24.49883
26.047312
21.499577
40.25371
36.80906
20.25133
17.503237
33.669582
24.586315
29.608904
20.858437
35.413574
25.727959
26.241089
35.74651
20.26156
21.160591
25.400312
39.98211
32.443203
40.66342
22.62968
37.508255
40.791573
33.452286
34.041027
24.206598
23.009638
37.280464
31.890142
30.799614
21.885511
28.931633
28.137535
23.146784
16.454296
35.411854
19.005268
39.074673
20.082914
26.891731
17.675184
26.03132
35.24531
37.506428
20.221117
29.318104
39.358948
20.490429
31.627466
38.427765
19.469519
39.805553
28.318703
25.105074
21.799314
33.41488
17.009264
29.147041
27.2157
39.66181
22.88043
36.672512
37.529694
35.832844
21.100632
32.616276
32.200603
26.91393
20.527864
18.540804
30.501265
22.794813
15.067666
22.509092
30.489351
31.732079
26.607357
19.724934
17.233856
18.750967
23.707045
36.922405
30.661737
21.847553
36.300117
22.074198
30.11832
38.34709
36.540764
27.8888
28.276043
20.58092
31.633282
34.779507
39.379642
40.163483
39.987694
32.513515
19.981876
17.582685
31.368555
31.587347
16.302425
20.560894
22.838432
21.525166
15.133633
30.700563
23.24497
25.75949
20.820213
37.297623
21.760109
35.529182
35.25613
33.887367
30.552338
38.31746
21.070314
37.081757
20.05763
29.753101
20.213964
18.563648
25.511944
33.610886
17.01561
17.722677
39.417973
24.572721
34.436195
20.349068
32.44107
32.748753
32.734962
22.04586
16.864063
21.608221
29.047848
27.576647
16.177887
23.932629
16.483747
39.235058
27.644817
35.679264
34.259876
32.503887
15.743265
23.230934
32.12611
25.765884
17.287899
27.408203
24.869087
24.634863
27.71613
21.833324
40.040462
30.594936
32.54176
21.760395
34.21963
18.06734
34.298836
30.32422
28.09984
25.76842
23.433535
28.310719
32.47758
29.278982
31.549194
21.01458
37.82863
38.11444
37.16932
35.525356
27.570213
32.266693
23.755684
17.870947
27.337238
40.18294
19.103449
19.847902
21.641489
28.453194
34.432404
18.080868
39.13633
27.09741
28.503283
20.878824
34.375366
37.274853
34.91034
33.793713
29.43208
36.48236
19.3361
28.437416
21.038448
27.86487
36.001534
29.07597
22.004107
31.13072
32.80464
31.79522
39.59357
26.74584
22.71265
27.6201
34.26761
38.57511
16.857887
15.870046
39.735863
18.945805
16.484571
23.24597
35.62125
38.227158
28.403591
33.669613
31.20286
20.451801
35.93455
33.733967
22.682379
29.248825
20.449188
22.773882
17.210241
30.415024
19.577484
21.028828
16.511162
16.819883
34.897583
28.14517
21.36471
20.021608
40.502884
31.353275
27.425133
24.965557
16.224438
18.055052
22.90563
17.443151
31.484087
31.270494
39.505795
16.608418
27.763456
20.417177
37.62697
16.780993
39.49629
40.234516
21.398773
24.00857
20.826292
39.315014
16.331066
17.418339
33.119957
22.667608
28.509129
19.256227
29.383608
24.013613
19.165869
38.694275
34.806156
23.103664
26.19337
22.980694
31.533836
39.244427
38.697117
39.31376
30.48042
20.436739
32.04973
19.939857
25.48625
38.052284
21.067093
15.4076185
25.46163
23.813713
37.90826
36.654232
16.28486
22.993555
17.091482
37.65666
24.172583
29.210205
36.622353
40.74962
31.999722
35.97455
37.6459
20.393883
29.618689
34.22877
17.26317
30.172447
34.612213
21.519274
26.193657
36.098976
35.111454
29.15845
32.81863
36.94186
39.320847
30.755554
29.806322
19.19901
39.21328
18.834723
34.998447
36.602596
34.494183
17.9086
32.52865
23.589529
17.380108
32.33897
35.246815
21.042768
28.997381
21.591091
39.43941
20.789999
24.27853
32.076435
39.564312
30.840528
40.118988
21.678816
18.25976
26.147749
35.2539
30.27183
17.240557
27.803774
23.824503
17.060968
39.86057
21.004416
25.925985
25.421558
40.099197
40.86686
15.563287
18.054127
29.520452
29.238987
15.388779
27.741716
33.356792
37.008484
28.355375
17.76898
29.285912
37.10149
38.99096
33.15085
15.697146
15.3546915
15.38477
39.218906
32.28524
23.751385
23.17364
19.826565
22.66266
23.131187
28.82576
23.459408
16.34772
38.414753
35.341908
21.87509
31.964262
32.628902
37.128822
32.547497
30.77967
32.574303
36.24674
29.152752
33.811485
40.846943
39.492714
25.610104
40.64894
20.10627
36.853874
40.778557
31.864233
31.977
30.749233
32.81055
19.429358
26.77831
34.176167
34.376835
26.907839
21.393194
26.387321
24.502144
33.35676
25.022388
17.046017
35.589058
15.85292
16.311537
25.942965
27.357979
15.348086
30.396753
27.304409
36.893883
19.161652
20.782969
33.48152
31.766008
24.835217
22.65109
34.38317
15.274504
26.301987
37.184093
26.399012
21.278414
28.364964
36.808853
37.756943
18.77233
15.331384
22.869648
30.268955
19.404371
36.31692
22.18089
38.241493
38.46609
27.211624
27.150799
21.961287
29.535267
33.59065
35.724396
19.614897
38.915432
21.956268
38.263275
39.759926
36.291412
32.61378
16.661285
36.538155
32.608013
30.212309
38.489456
27.705595
35.079338
37.522633
33.769985
17.2518
38.449257
28.37761
18.098444
39.890377
37.14872
26.866835
31.264801
40.025105
30.833729
37.855644
17.268188
32.93066
29.937988
16.689596
29.676828
28.834364
18.337254
19.54915
37.653744
15.34496
34.99773
38.33513
28.650549
30.246906
33.568825
25.19424
35.765682
29.063217
22.280869
27.834812
35.070114
29.987337
30.221373
33.636497
34.82277
16.794147
18.088762
20.223656
22.429405
16.162605
27.860418
24.650694
34.242954
25.477156
22.462225
34.63862
23.859945
40.622433
19.489754
17.40561
26.436691
32.54543
34.30658
30.550362
21.730696
36.431694
21.433115
15.175589
21.066732
40.226746
21.039755
35.97996
31.233824
39.9313
27.570984
38.400345
35.438385
23.608553
40.05254
35.052208
27.87049
16.36412
26.471552
18.69459
16.184345
26.69391
23.770025
40.73698
25.250717
28.542572
38.454903
34.90908
27.908133
31.174828
20.6033
31.130312
18.121426
38.534355
32.12949
26.844582
36.950214
35.14957
26.580471
32.126686
32.036663
16.842976
28.439976
26.720387
28.940878
31.510506
30.946075
37.83413
33.58411
26.059544
30.765467
30.99888
35.303886
24.22904
21.517925
38.583664
33.58195
30.462488
24.107244
19.667768
40.375046
19.26421
40.090473
16.884703
20.160093
21.541685
32.90502
38.581497
33.29964
37.321495
20.673738
38.177883
15.139886
15.923586
25.520815
32.96346
33.37293
20.188429
33.85688
23.737
33.626366
34.67392
31.92947
36.670486
27.98764
28.873512
33.085453
21.571518
19.22706
23.454517
15.654925
28.321291
28.85263
20.275087
25.141426
29.68127
15.811471
17.510828
35.491257
19.890314
16.646683
29.606638
33.615032
18.514883
37.225246
29.966677
17.047573
39.868618
18.771582
32.305153
36.657486
25.983503
38.873142
32.40284
20.65585
17.593346
25.36847
39.649055
40.80366
22.88139
37.584816
39.19601
26.6807
23.847315
27.261595
26.812325
17.153767
33.064922
16.677517
27.594671
33.770226
29.330341
23.993464
26.5813
30.703102
37.24159
39.629738
30.008505
24.08694
39.103806
38.615513
26.460793
16.108944
27.72055
40.279907
39.48784
32.057888
37.610054
26.398308
15.396033
37.683624
15.976271
37.96413
25.869728
39.682945
17.368198
39.125397
38.83703
31.902876
35.376858
24.507137
28.567234
25.94047
32.947865
25.134798
23.371881
39.218487
31.928617
24.48038
38.478436
36.329247
20.322458
29.772285
22.65566
40.46435
36.388424
30.641449
37.991768
15.085885
38.203503
33.420425
34.861343
27.644974
29.595434
16.968815
28.564236
33.116688
34.457634
22.76752
30.379423
35.395443
37.373726
30.205954
37.84906
17.18305
15.207794
39.480473
28.99275
21.902025
35.857433
29.32896
26.849325
16.379457
18.720177
34.945625
20.253136
40.572365
34.589924
32.85166
40.074203
20.443169
30.678518
16.241686
21.286304
32.244392
35.24858
22.382338
38.174282
40.934612
35.947285
39.008747
26.751768
30.222967
38.346764
19.346071
29.0326
28.827568
18.42529
25.3775
28.184153
16.93338
16.764503
30.286829
27.78792
40.54822
39.09135
15.622681
26.442564
29.480715
15.4595
30.663305
32.76683
31.00211
34.843513
38.704826
19.494553
25.904146
23.20997
33.55261
28.801205
36.628063
27.233427
15.364416
32.261227
18.415285
22.740923
36.17584
35.907616
36.018166
32.69741
35.932404
27.750084
24.409554
34.085423
33.659637
19.805239
30.142857
38.3858
35.52129
39.202152
16.539713
24.532402
35.947758
33.24883
32.720142
24.192108
27.760715
37.479927
33.640594
33.012573
30.276722
27.653305
31.76809
18.083591
36.74168
16.42276
22.794079
31.274029
20.129616
28.98656
15.87957
22.334764
17.333462
31.396196
29.323387
38.699066
18.082123
26.406971
35.25838
18.76543
34.53725
36.76185
32.005787
26.11381
32.454807
20.622269
40.05577
33.584793
17.04061
24.494358
27.292706
34.442204
16.185741
35.446255
25.046438
40.943203
18.63679
36.67203
36.82639
30.55591
38.837547
32.52997
28.183077
36.793125
29.672983
21.067678
31.0421
17.171722
39.152863
39.74386
31.06853
23.160849
25.191576
25.566242
28.144978
36.147984
30.072388
30.187504
23.884598
39.43055
32.928436
37.635765
36.25057
23.031658
22.629457
31.30347
35.816578
19.742222
36.83234
29.578281
32.978138
23.207542
33.63531
40.071857
16.512587
16.105095
32.269577
22.787151
27.285791
38.501236
28.569048
28.7621
32.616756
33.328026
35.57777
16.73745
20.83647
27.587402
21.58637
20.218557
27.915327
28.368504
39.13305
24.935944
30.68392
18.054867
15.061148
36.156517
40.13471
35.20179
39.594563
24.557224
29.567648
34.480186
39.573902
40.445107
31.930616
18.811737
39.490406
22.992552
30.605953
21.361156
15.761243
31.853724
34.10727
30.404926
32.809086
35.038006
29.67609
24.261894
23.940313
31.238514
31.605787
20.449568
17.760498
30.948454
19.270645
15.021024
39.92235
26.645496
17.300793
24.640852
34.370552
26.083939
34.11914
27.37453
21.929392
24.306852
21.144312
40.394215
23.073467
21.37504
39.363995
27.844856
18.028152
22.006992
32.696026
35.96815
34.965797
30.333761
24.579844
19.247795
21.995234
39.79491
27.578947
20.818068
30.886284
18.836515
23.425303
22.668732
40.027637
37.51943
28.89955
34.28282
20.985573
32.40576
19.216269
32.259834
31.212685
23.16388
37.171463
20.205435
28.949846
38.216866
15.20976
17.709702
15.171388
38.45679
32.781765
29.589579
21.542461
29.556757
34.88741
29.737072
22.789371
26.735125
27.538925
29.893394
28.627644
36.96089
32.02764
28.460144
40.449352
36.53665
18.341482
36.062206
35.340298
34.75517
34.855625
22.993069
26.679293
24.898008
40.506527
36.901684
40.565987
24.229284
23.060028
25.12117
34.630238
38.83501
30.797016
28.893005
32.395187
35.168133
30.965668
28.406477
38.297955
25.981771
22.687014
34.051647
27.7158
27.967793
40.651108
22.5751
28.902409
39.86521
32.903896
36.931255
17.608078
23.062681
15.300258
33.538044
18.339102
25.791492
18.786633
16.374271
30.70596
36.890427
39.57704
29.897
35.11642
17.820944
32.49911
20.110788
39.188892
34.121002
20.312218
37.28668
22.69297
23.808088
28.637686
28.80726
36.56823
34.376747
19.291374
28.405273
24.629034
25.983253
36.27191
38.66659
24.93222
24.169739
34.43319
21.084574
33.466137
37.0524
34.957603
18.18118
19.813717
33.283195
28.147024
17.25133
30.748865
28.29168
24.761206
25.140482
31.344582
39.32336
20.158886
20.131407
24.102919
20.613325
32.834618
22.494661
38.86093
20.66851
16.594837
35.548306
23.783543
38.079403
39.579475
30.175858
34.62324
16.541605
21.61093
21.667591
37.608326
19.840015
21.939972
34.478683
36.815372
33.43317
20.358686
18.038841
39.68847
26.972488
31.863295
19.10148
30.486603
33.60096
36.57524
15.286593
30.87259
21.198141
26.466705
20.449896
35.6007
39.872948
36.58715
17.301947
29.317104
32.953167
30.950378
38.30436
39.85614
33.480244
30.01699
26.28631
18.097256
34.79022
25.794996
29.453014
34.441463
30.146477
21.981747
25.498896
39.272858
38.587208
22.28322
36.391663
33.389915
24.160206
24.072117
15.059512
32.322823
31.539988
16.884071
15.69228
15.697377
16.656923
25.90173
32.658207
35.362503
22.415323
15.539274
29.141705
21.867651
38.837227
17.515404
19.52335
22.057959
34.04088
39.39067
37.25198
19.049198
35.34769
29.445448
22.49968
31.65117
40.50865
29.987703
23.244017
39.427357
25.551048
33.705124
33.587917
34.010277
36.068504
20.514086
38.106033
37.03612
30.912195
23.508272
22.797485
18.118908
39.188305
36.072693
23.828438
32.65353
17.226604
24.004236
24.663887
18.918665
23.757254
24.567747
32.416626
30.944756
28.91772
26.817072
15.282339
37.9188
35.908974
22.223337
34.783306
32.51691
23.129873
29.678164
25.20919
27.487192
33.44091
36.277386
28.121923
28.049677
35.843304
30.941273
30.082712
37.23664
31.306597
17.89006
38.86269
24.165802
18.73782
17.269108
25.314789
29.420565
25.157372
18.80575
40.81285
27.205519
18.031708
15.280454
21.705124
20.752176
29.410086
33.80763
22.582693
21.568962
21.022392
24.446947
17.329472
18.561155
26.81739
25.503887
28.898905
37.79064
24.555456
19.028534
33.55349
31.701925
23.017126
36.484703
32.906815
22.010036
28.148577
31.336697
23.523756
27.127584
16.037418
40.38899
23.063072
31.00236
24.996912
23.114496
39.98753
21.543528
35.234028
21.919985
18.720377
35.43358
18.586529
38.32251
15.79281
36.05487
20.636484
28.348795
21.005762
24.503727
21.142433
19.119692
24.920242
38.221684
22.179646
19.544876
16.094023
19.642609
22.637745
25.32827
26.398468
28.436144
34.797142
26.072573
24.477852
27.421898
29.590595
18.171694
23.95444
18.035643
39.853367
39.392754
40.33625
20.347761
19.375317
39.574726
20.750296
17.065918
23.890488
26.708632
23.602747
40.69803
26.274462
38.814724
39.058346
26.108267
38.167137
27.494772
35.835037
35.067966
35.99824
34.81319
39.225716
33.084927
30.96523
35.248432
19.487541
21.788765
21.897926
34.856632
20.780256
22.45664
23.141586
24.502234
26.688517
29.882723
20.599787
21.03582
23.029207
36.726524
33.900833
21.63724
20.123219
34.71928
21.28612
36.192463
35.002266
24.66425
28.266188
20.535538
39.124718
18.0359
21.349932
17.66243
39.09055
23.164642
34.224705
18.611334
22.573923
26.487875
35.649864
21.604528
29.23305
30.154732
38.023487
39.259674
16.71036
31.391142
35.091858
31.203896
33.002148
24.463326
26.59348
39.261806
20.455292
22.82214
30.764212
30.539118
17.439714
23.067177
32.577396
22.18629
27.34872
23.738796
32.352512
18.402096
32.99541
20.6278
17.938316
35.32489
23.701849
28.286686
32.06104
32.859715
20.418701
26.732994
36.625553
20.20231
21.066559
30.954435
15.767223
29.846436
37.95619
32.757137
31.274311
39.19887
25.623466
33.742435
35.635677
37.576794
34.705772
32.75434
29.415743
29.325132
35.590115
29.008919
20.918396
27.06693
18.479282
21.29846
29.17393
34.687572
34.25088
40.157467
24.167662
37.554184
17.025036
27.68412
40.92637
29.684372
30.710142
22.830027
20.58825
36.103832
17.962006
18.402716
29.904524
37.470356
24.970276
33.769444
22.755472
37.191994
27.277046
26.307535
31.211002
32.73017
40.436043
15.015661
31.425623
26.553844
28.736822
39.382015
39.229916
34.298744
35.446934
29.59957
25.665403
20.08609
23.065968
20.525204
33.90699
19.66809
31.939024
23.398602
20.026861
23.092886
20.243029
20.268524
18.876017
27.91956
25.837927
40.318146
40.99445
25.66415
20.765793
38.837837
30.908121
18.12053
30.284353
30.462824
37.43073
20.475418
28.237513
28.474937
34.660545
18.724657
37.29391
35.461678
32.247284
35.798264
38.125637
17.43249
39.201355
18.014732
27.952648
33.61138
23.027431
27.010338
32.04457
31.556496
25.286776
40.12719
37.74994
34.001507
29.827272
22.394121
39.414074
15.870356
32.86761
25.697357
30.150246
27.285866
18.88165
15.513427
22.844788
17.074568
36.801373
26.664476
40.005356
31.264086
35.441574
38.95673
26.102554
36.376144
25.246645
35.275597
40.908623
33.937393
27.469679
28.736374
16.002977
34.56181
25.716276
21.82738
37.092777
33.202724
18.420286
31.132727
26.087883
31.72901
38.26594
34.184864
28.9729
40.84919
19.830605
36.27235
20.435186
16.588861
23.794641
36.616295
27.936083
29.020967
16.949669
29.229227
20.453743
36.75503
23.93371
29.983044
16.47937
37.81072
29.13155
23.938147
30.014761
15.932642
27.500866
39.823685
16.297514
19.147503
19.219416
33.709255
28.771303
20.421284
36.995922
33.37131
17.422132
38.64338
30.64699
16.632887
24.017483
39.84616
15.114654
15.043151
22.013817
33.562634
27.483995
22.66372
27.938875
17.531454
21.75743
36.4415
20.908756
21.577772
37.152115
21.673286
15.605748
40.429943
26.509157
19.405117
39.521446
23.476324
32.038055
16.259972
29.560635
33.023006
32.06711
25.15005
32.205025
35.482502
32.73027
35.60548
31.351835
22.104967
32.593174
23.039036
34.670837
29.357798
38.105892
29.166908
16.864412
17.865944
39.46712
39.01849
28.568739
16.944572
17.994453
23.493422
34.800213
19.187202
23.417418
36.26216
18.829744
40.316704
28.644962
27.956648
40.158535
33.563103
18.506182
31.06052
24.872572
33.201336
23.722868
39.683823
15.068926
34.56369
15.944824
17.494919
31.275625
25.835842
32.0635
36.48276
15.827747
20.252018
36.216927
34.935627
28.016006
27.923994
27.908552
35.04769
19.490028
30.470203
20.484959
16.902779
16.877104
22.85546
21.852144
38.23507
21.868172
39.408363
20.757338
28.329277
23.126316
18.852667
23.223057
39.69838
39.289097
36.370434
30.792456
22.764757
28.064491
31.209091
25.129667
26.67101
36.96135
16.15094
28.216202
25.559656
30.54862
32.283035
39.89419
32.18626
21.30379
22.936798
24.829533
17.568426
36.089367
16.410982
37.10275
34.52355
20.087345
34.148224
32.582684
22.410997
38.624996
21.404533
32.997845
28.169895
18.741486
23.132748
15.192563
22.831518
40.573227
32.795063
40.43982
25.08568
31.676897
26.126492
31.879904
40.193447
33.26265
15.490099
37.163837
37.563835
25.975971
19.396677
32.202717
15.650076
22.345182
38.005493
38.558956
22.471453
19.302649
16.979502
15.462628
22.029505
33.291176
18.937504
29.695871
33.162918
30.383188
25.927393
26.660656
15.973182
38.56874
35.838753
37.82986
25.8536
34.909424
22.479734
39.478985
36.367027
40.608826
37.162235
35.105526
21.743183
34.21606
15.071123
17.265305
19.604229
31.157627
40.43732
17.689873
32.6777
38.58359
32.591194
33.49627
20.71878
22.117897
34.341934
16.060303
22.63931
33.51837
38.810116
27.696663
23.928774
37.480694
30.834883
31.674068
27.852917
29.861458
40.38378
27.290789
40.628582
40.449154
18.01242
31.745764
18.798645
19.077703
38.352783
34.3627
29.368933
36.35586
38.853146
36.359413
29.919294
25.576754
25.549221
30.801788
36.86397
26.475315
29.515245
26.641706
23.31177
38.41744
30.82541
15.81031
29.564363
40.33315
19.350172
33.222973
25.191614
27.24716
35.518555
22.24943
35.835484
38.613594
27.29683
16.712412
40.41965
19.827831
36.065437
38.80031
29.27979
31.266762
35.820297
16.414196
36.87983
16.999914
39.1812
31.416834
30.242428
33.917336
40.05917
36.010956
37.997337
21.436142
16.516283
30.046522
25.039097
38.176216
20.345608
25.441256
30.18603
21.036469
34.20556
19.09619
36.9453
21.956669
30.762085
38.697582
22.514233
34.31582
25.223757
26.61892
39.485985
32.39657
30.898985
29.771444
30.37801
19.636206
30.961208
33.69892
33.06469
16.488262
30.47704
29.472124
21.470919
28.634756
28.934011
34.01081
40.4712
17.017672
30.998703
22.345644
24.839363
28.699238
30.042639
34.02991
17.30681
31.914118
35.092533
19.420519
38.31255
21.842615
17.293076
24.870106
17.866291
37.612514
36.714596
23.006855
26.096163
27.82824
32.394554
15.225812
27.51553
33.529434
15.871033
28.275354
18.818798
25.897194
21.147926
39.394653
23.103989
23.25462
20.025774
30.842787
22.820198
33.949375
17.03875
34.857384
23.451023
36.559536
30.857502
16.090496
23.970388
16.529884
26.949154
36.391613
28.445086
16.824484
23.529932
16.442507
39.80876
21.47226
29.402534
22.19592
37.794945
28.985863
34.13945
17.329771
24.292154
15.550158
34.25516
28.000908
34.971912
27.605124
31.504189
19.06716
33.941017
39.988995
29.248726
33.643734
36.382187
17.161015
19.958584
22.369713
30.672695
39.189148
35.337944
17.082743
26.308372
39.166634
26.317503
23.734745
29.110924
22.512272
31.207209
31.328691
20.659193
25.212875
20.673983
35.416367
28.660572
29.482275
33.890423
36.269176
15.066535
29.539848
35.19465
21.218952
35.136715
25.252537
30.908041
29.862822
21.36882
35.23778
23.576878
35.836166
15.23708
15.69093
37.835354
15.679757
39.01979
16.679043
24.331764
29.962069
23.646948
27.934196
15.716153
26.264992
22.461794
37.282764
27.556961
37.900875
21.065567
24.763243
39.235767
38.30122
16.002575
38.213703
17.363443
40.90195
25.943117
35.65093
21.067574
38.047623
36.2347
20.116846
18.620272
27.946568
27.217337
39.83389
20.307018
34.031254
16.536638
26.489359
35.181404
28.213032
27.83882
27.26
37.40724
28.467506
30.694553
19.791412
33.25864
25.946693
23.374092
19.762972
24.53035
17.386326
31.183907
33.897476
26.104723
38.961437
38.475494
23.31571
40.72838
17.94063
34.14991
30.98963
36.670704
24.499205
38.506958
18.713964
19.868057
23.873566
25.625877
15.494426
33.401604
36.674118
34.11472
26.541836
29.713402
30.621126
40.028572
28.16494
18.83446
26.22774
27.032059
28.770714
35.080193
18.026718
36.46959
39.909485
15.162759
31.822079
23.907076
29.843187
30.47644
19.14423
36.92183
31.468613
35.431423
36.59686
39.442654
26.593513
36.142845
20.106153
34.780155
31.541937
31.526297
18.217648
16.637558
26.856194
29.907377
40.533337
20.855268
22.466352
24.6223
25.141369
40.417847
29.11422
23.76797
22.462938
38.339867
19.047205
32.254215
40.325817
31.447569
38.038567
32.617462
20.271105
28.786161
34.64398
36.674263
24.109678
37.407856
15.270457
27.024784
20.566986
17.633825
19.112066
37.66044
40.489655
35.533466
35.298027
20.486502
27.534618
24.327389
15.70217
31.439756
39.521248
38.69583
38.778866
32.062744
15.69924
24.562195
36.51892
23.89041
19.069757
29.821672
38.160088
35.8116
34.59462
38.697952
20.640253
36.6869
21.638073
35.936253
24.947418
40.93605
28.307945
36.878952
37.499115
19.552269
26.49779
35.62034
30.474903
37.05746
31.378817
33.900024
20.629076
30.28141
37.850254
24.169886
18.5268
39.52975
31.02897
25.357256
39.37536
36.699577
26.244062
21.247591
22.66318
34.208256
40.199215
21.122593
16.672932
27.220127
36.97561
20.315289
37.600857
17.587378
22.370201
22.681335
17.49315
31.165592
31.699198
15.636321
38.50115
22.721058
17.643559
31.371628
29.060549
20.516079
23.97336
15.136901
40.516087
27.840164
20.059978
25.064972
32.441334
35.249138
35.969837
31.915552
39.44459
15.080829
20.630793
29.326849
27.60514
22.935112
34.07189
27.68968
18.850216
37.237816
39.059616
25.59652
18.561644
33.752018
33.58842
21.96835
33.491966
26.95698
25.630621
17.425028
23.673517
40.584095
23.310535
15.240306
21.419834
25.280853
15.2399845
36.310513
26.747385
38.367977
17.137032
30.966324
17.586536
30.961483
38.047108
31.16987
25.004267
17.350664
26.495466
15.664945
18.32707
30.454502
25.72213
33.985813
24.531115
35.423252
39.785286
18.880655
26.557611
21.00856
36.76634
38.668446
22.314987
23.194561
23.56962
15.323579
34.045357
27.764156
38.88199
24.670332
20.461424
27.96868
18.742313
37.969727
15.600829
18.275917
26.86816
17.394201
20.698593
23.290504
21.396702
23.410902
16.544247
40.37241
39.019146
31.932308
31.768768
29.223345
20.62278
25.24328
31.2975
31.767551
31.501976
39.17651
24.808683
21.022633
25.959234
27.783766
27.453293
30.337639
18.689651
21.83816
38.320366
20.369822
27.726974
28.903156
34.173027
38.478123
35.926594
38.41681
16.833956
15.830524
21.970684
27.2652
38.264984
23.45414
33.702927
37.656883
39.864143
15.700959
30.234966
23.760592
35.79437
22.158882
26.714142
30.531275
18.261703
22.906761
24.90165
23.42499
21.57676
39.193863
21.782688
37.29103
21.561771
40.11823
15.3148155
30.630085
17.406576
31.68516
35.118065
39.620087
40.430367
37.746063
36.4201
36.83682
38.372063
20.749664
21.891985
18.43423
22.81074
31.981647
22.144857
32.699806
33.108402
38.02543
15.605156
34.36323
40.87114
36.54598
20.245697
30.811975
22.340488
38.180157
27.222256
28.455297
36.3555
22.311241
15.850036
39.87859
16.566948
18.811914
40.551662
15.142878
28.43866
25.459154
15.418145
15.609607
28.236952
23.656101
30.846476
20.008871
36.68767
31.340101
35.35231
28.119492
32.27139
23.51278
18.103456
31.392323
18.230734
21.697147
35.979645
34.123558
21.279966
39.808372
17.03635
33.37265
20.73533
33.418972
30.135122
26.719872
22.325775
24.205864
38.200268
38.171482
31.297146
31.485811
30.071388
16.045769
26.588942
28.177483
15.243583
16.511164
21.841307
29.27243
22.92192
28.598097
23.780855
32.953995
33.76398
20.968967
22.137514
37.872242
15.4441
33.506207
27.660578
38.76466
21.745192
23.866125
32.030617
30.60659
39.26875
22.546753
37.505005
30.781853
18.050974
37.73069
32.988228
37.38328
40.382687
35.189404
16.884295
17.684511
35.952908
26.873325
27.566896
22.068419
25.070904
30.462458
29.594193
33.25439
27.168562
35.115067
15.898431
34.535603
35.044888
33.92752
29.096745
23.919224
16.386614
25.206121
32.797928
17.556568
24.983652
32.55221
26.321022
19.656843
40.755455
23.97477
37.595066
33.19732
34.21406
32.770008
15.175377
30.17434
29.311867
29.745445
27.290224
15.883799
36.757
27.51632
29.62282
24.776276
23.826319
29.065027
22.137001
37.801205
30.465952
40.529778
36.671066
22.836094
31.041462
34.27642
21.252676
24.790956
22.484539
32.707882
26.128807
16.284697
24.780369
33.97851
32.358196
25.409437
16.749596
33.806004
40.479805
24.03032
24.90108
40.911503
26.24925
36.312508
37.76635
37.26884
24.726313
38.723743
30.574043
38.306767
37.099953
31.629925
23.382236
34.483418
32.553455
22.782896
33.858974
22.240204
38.20077
18.49365
23.785963
25.242588
31.666067
39.090923
34.057735
32.02822
35.232197
25.38419
32.45833
29.708233
39.649582
36.281784
31.819754
15.205377
19.675743
40.458965
29.301394
29.66313
28.206545
37.02742
40.47659
30.12274
29.463858
27.52681
16.672586
33.340572
28.120298
28.240604
28.582182
21.706057
24.470253
23.832651
17.550224
22.620838
15.797379
28.60746
26.135347
24.412754
18.942295
18.31643
37.557125
15.883501
26.740242
35.363796
35.461086
40.92687
35.476925
17.510319
25.068764
18.304735
37.80183
26.729244
18.227274
21.630949
23.641777
36.73833
26.132627
27.88859
24.573563
20.913319
28.57329
38.393997
22.842941
20.782333
35.42526
38.02136
34.758324
17.107433
22.827139
24.714514
23.54104
16.678572
38.973595
35.83807
20.87999
40.37693
26.787643
20.757715
27.417116
17.808737
22.867168
28.19018
40.181057
24.867218
22.048256
22.325958
33.5899
22.949667
40.687664
29.503527
32.059967
30.238028
37.339077
21.301483
22.48606
28.445715
22.882517
30.315596
27.899643
18.73992
27.363592
25.600483
15.464931
16.167862
31.80897
23.781178
16.63884
38.84703
38.10676
35.177605
34.799366
32.42365
34.675285
17.93547
21.937847
29.860184
20.090935
35.11992
29.114193
17.48195
15.105576
20.003687
17.290112
28.39437
35.55628
21.369436
17.883894
39.87671
28.554876
37.546246
39.931362
30.164717
26.04212
29.113226
39.09105
36.15365
21.300983
17.728567
38.89776
40.984978
29.345919
36.380188
36.6471
35.22403
19.23965
16.504612
39.084667
25.392588
25.336332
37.883564
38.67702
32.98955
25.209684
38.003128
39.65761
39.8144
26.596981
18.648247
22.269424
15.402413
36.074512
30.905752
33.66694
37.687107
22.377457
31.461912
36.793713
36.624634
25.286783
15.1059885
22.2178
36.44644
40.828163
16.6891
20.385761
31.45065
29.16256
32.438126
33.047005
16.79924
28.995497
23.487253
24.703804
35.657326
39.591675
37.765167
29.858252
23.192366
36.554012
15.963797
35.555965
38.445347
36.410805
35.21484
21.267403
30.89262
25.752054
40.31333
39.501102
23.636148
31.165806
16.852718
34.70926
35.591675
40.547455
27.473976
31.024448
34.788357
26.489943
21.581564
17.15747
21.950087
18.40988
20.341959
25.389658
27.8979
35.824467
40.555923
17.009113
19.994455
16.766338
35.083473
18.76881
35.845745
28.708208
21.90102
19.9855
22.781809
20.566467
20.582903
25.751925
31.257421
37.362675
26.025074
40.400795
39.24526
37.9441
22.566463
18.837557
24.93833
16.799261
17.314024
35.64997
16.634972
27.451733
15.440307
17.006025
33.548916
19.175106
32.497795
24.267723
23.468576
38.844437
15.382186
30.976866
24.683794
27.624165
16.477104
40.40983
24.405005
19.889742
28.725702
21.252028
32.018837
23.290087
26.899933
32.108585
40.955864
22.180105
20.176231
31.546417
15.690343
33.787403
33.27667
25.153837
16.448402
37.424503
39.89757
16.707325
37.57032
21.817661
24.923014
22.951197
36.154118
28.195707
31.008379
34.724297
27.601929
25.166985
30.519732
29.20898
25.997084
21.60982
15.527468
22.931053
35.859203
29.811705
22.578249
40.80546
35.756035
36.914604
37.307007
23.000944
25.495043
26.358574
24.60123
20.687956
35.17432
40.463215
26.992706
35.837585
36.2416
30.546116
17.227133
23.155365
29.891716
24.049849
20.550053
19.962175
20.627071
37.03373
26.147867
26.375683
36.612236
23.083906
25.395617
33.49908
39.57302
38.20505
27.088564
21.49005
35.421944
27.579212
30.672562
32.361267
28.536205
38.21217
37.638542
30.154924
23.670858
31.434862
40.70935
39.737095
15.8590765
24.98725
18.222557
40.87393
16.333017
29.984253
17.200768
30.480103
17.492916
25.448118
17.001335
16.970936
26.258734
16.288885
38.150265
24.503263
34.75774
37.624393
37.990517
31.555912
38.233154
33.15345
26.112757
31.779373
16.303001
29.930696
28.187048
19.335188
23.255114
32.338806
16.776854
18.049032
15.93316
22.31354
21.992056
19.617607
19.950445
26.949404
21.425678
40.83786
30.462183
36.498405
19.719322
23.368158
30.533691
15.471692
25.315245
35.884468
22.261044
