15.054887
23.945929
22.91241
33.828777
33.098915
36.105988
25.127352
17.624365
33.577
26.35215
37.2899
18.61947
27.593237
31.444483
34.167847
31.746748
34.958984
17.068508
39.018738
21.133646
25.20255
25.511461
32.693466
32.062107
36.031796
35.37278
31.976156
35.605465
16.560995
38.03083
25.24997
30.888182
17.373068
26.3632
37.994522
36.595665
20.060549
24.305874
15.849124
17.355568
35.273438
37.23693
33.01701
29.918625
30.499311
16.88329
22.63933
28.686176
40.810913
38.474457
35.433598
38.063225
35.63859
24.205141
21.369864
22.35999
38.25984
25.718868
18.44892
40.52152
34.145374
33.2878
38.75024
40.834183
25.561003
24.639198
26.833553
25.939323
20.896742
27.966925
25.306286
22.97869
24.079487
17.566813
26.910265
33.502754
16.122759
18.747517
27.834484
26.892242
17.376776
25.193937
39.12683
15.4748125
39.364468
34.79818
18.056137
23.262983
15.2237215
37.123375
17.06695
35.296024
39.723465
35.12859
40.572933
36.937683
23.580925
37.558495
35.250835
22.163258
34.379707
40.489243
23.725456
16.863653
19.773067
40.92253
28.577055
25.500734
37.854034
40.032574
33.456223
17.06738
38.583786
32.696262
22.75714
21.237326
20.992018
39.274483
40.778786
29.833994
39.497646
29.263163
33.594574
18.304178
15.145701
24.39534
21.954489
40.75157
37.815758
35.05103
15.45972
24.266748
15.529756
40.419525
20.97843
23.784409
26.871635
19.75919
37.812187
33.505283
20.228645
15.312586
18.476173
17.039248
31.073805
18.960367
17.122295
25.857847
27.83136
34.535034
29.612806
36.388584
38.001797
25.866215
28.043114
22.139912
31.170267
35.091904
28.115885
32.61509
32.282013
24.545607
40.184692
15.454619
25.140661
26.617062
28.013824
26.241205
22.470072
27.384779
39.342022
19.707733
27.077555
29.531399
37.191322
40.707985
36.66621
38.078323
16.52829
15.2413845
36.666283
18.813936
19.363348
33.06725
17.09023
23.940151
16.665005
20.000647
24.863493
38.42488
33.56927
27.851097
18.34266
39.82344
29.28053
27.147003
21.805073
33.919754
24.788715
16.282846
28.578588
28.438684
30.068617
24.532787
16.177559
23.29361
19.78065
21.49349
39.320805
24.358852
20.658474
31.95064
35.029636
36.594402
32.74733
34.90768
34.13878
39.50075
24.447962
20.572063
25.500246
15.344614
31.92462
29.46334
40.920055
32.371643
28.851442
27.489109
24.439892
25.310144
38.700283
27.82897
34.9606
31.870209
26.81387
30.77329
16.401686
24.655567
21.36177
28.282679
32.600697
24.930845
30.942696
40.965767
30.978722
22.024792
32.075096
39.41702
19.632921
29.800465
18.109104
39.412865
22.96431
35.58622
28.196352
39.33372
15.208794
29.236763
28.8702
24.360985
21.311666
24.581413
21.51745
19.492304
32.470634
16.417078
28.563658
16.225
25.369583
23.4164
35.54758
19.876745
15.6352005
22.846874
27.426435
35.944153
17.370686
38.834618
33.432053
16.644144
21.755692
30.05693
27.589096
24.839544
24.648794
31.21059
37.609997
23.919546
37.88862
37.37828
21.297285
18.887285
15.561987
21.503405
18.812517
23.90093
26.892199
18.583967
37.21197
38.82134
17.597912
33.90903
22.502893
21.938437
21.58272
26.686712
30.139965
21.98016
20.637907
32.75056
19.360317
35.751915
15.475559
36.681488
40.046295
24.311152
40.856506
18.645424
38.90881
16.450819
28.837318
32.522133
38.700035
17.447035
25.232868
39.48864
33.892815
17.520557
33.275696
19.121012
32.805073
16.268171
37.15073
34.29118
21.501078
24.439318
22.593636
36.660847
36.967464
30.864918
26.063387
32.412487
40.04034
34.08945
30.134325
27.007696
30.350893
19.314058
24.700354
15.226226
38.160435
17.62748
29.343597
32.514233
17.371769
24.1834
37.79215
27.758333
28.232334
30.976786
24.7763
18.002323
33.28561
32.178562
36.789886
16.336391
35.980705
15.60703
23.273207
17.213993
20.016184
38.846066
39.556145
18.78946
34.97256
34.764397
23.53501
37.519844
24.079042
26.746717
26.503733
40.237335
35.063534
32.81669
38.81998
21.173985
30.950941
40.013443
23.158875
20.008408
32.40337
31.877365
17.991848
37.904503
30.73678
24.707554
35.625423
15.725056
29.102188
22.37256
30.64445
32.128613
32.48557
20.887537
25.926603
35.095764
25.159042
32.71518
22.52974
40.58148
37.007015
24.804438
16.700914
18.45294
21.754423
37.75008
40.015705
34.64779
36.54028
16.137903
31.228691
39.575512
29.508167
22.134468
34.80073
30.185158
38.12646
27.686913
23.265944
18.835403
29.804413
27.317514
30.611036
22.128431
36.036407
37.42931
35.66198
17.206919
25.785116
17.283283
36.107647
35.663902
21.105331
15.364147
27.23744
28.178078
40.113728
28.721037
30.7296
20.262566
17.325916
22.050945
35.89924
37.10303
27.110554
37.786957
18.699797
21.361425
38.551357
28.259912
26.469019
32.034546
37.361393
22.121365
22.920183
30.981947
20.65997
15.647186
26.20168
20.575682
17.401018
27.28551
26.982758
17.074703
25.032906
40.869156
39.470512
35.789673
37.57301
27.28195
36.02299
39.879276
27.696547
30.04994
19.595535
16.707106
31.66758
25.322638
17.642218
32.088474
18.981127
39.016094
26.29158
27.46947
36.438908
15.508737
36.62554
22.105955
27.047152
31.212543
27.712687
37.648083
27.60353
30.586245
19.681873
26.186268
23.131186
25.713917
34.569378
26.777536
15.421411
39.441486
22.93258
37.746426
36.862553
18.245222
38.295376
38.642654
29.46117
36.50054
35.375397
28.638031
36.50254
20.62602
37.740295
25.358063
18.651125
21.69666
22.050089
39.669056
19.457613
24.552113
29.364952
29.779423
37.217625
18.169724
33.13247
28.164291
36.918293
40.12881
24.415733
39.28539
27.612303
21.361856
29.683338
30.85359
38.975155
28.069855
33.054714
20.469376
26.029755
39.67318
19.278862
36.876892
31.063602
18.976067
39.921974
26.780136
36.617268
29.341837
35.249016
38.19517
25.088915
17.607737
28.106781
17.650303
22.978102
26.712301
19.750593
29.196299
29.08316
24.564884
37.004097
22.15188
30.069914
33.556076
15.4014
19.784924
39.74554
20.289402
38.03306
38.71777
40.09991
23.608812
36.702145
28.745441
34.717716
22.803158
16.69395
30.968422
30.51824
28.987915
38.97262
30.667074
19.945663
25.096134
31.940235
22.182634
32.711224
37.65471
19.028736
18.220154
37.979683
40.57864
30.34221
37.451588
22.495981
37.585236
28.32695
36.072678
23.564022
23.511686
31.018866
39.055157
26.018007
29.813713
15.802671
23.236155
23.367796
35.829556
29.814474
33.099606
25.153269
21.012741
22.129196
35.129875
29.208656
24.268677
17.69651
37.95565
33.016373
38.774326
31.623737
19.152588
32.620842
34.21679
20.851433
27.536049
40.676384
37.25576
16.527117
40.050716
31.119162
29.196558
24.454924
20.951696
36.68184
35.35443
38.88367
37.872135
35.010433
25.397615
38.593105
28.585333
21.496544
30.07564
21.74793
27.794567
26.104008
35.17114
25.311335
39.12193
23.447672
40.25745
29.944675
19.617697
34.172867
21.901018
36.267124
30.574776
25.287783
18.316685
35.108864
33.20804
35.51692
23.165667
32.96375
20.846384
28.972275
24.180075
18.232038
20.685616
34.480022
33.60455
38.0411
23.863228
24.753864
22.064669
21.441782
32.64153
19.272308
25.403479
24.600357
17.823402
27.195642
19.271551
27.240751
36.175476
35.949352
22.812757
23.039034
38.59626
35.204273
24.656908
17.931871
21.042278
32.89979
23.612213
21.372969
23.813093
39.68489
38.944546
28.456251
22.696472
18.692904
34.93719
21.521805
27.687908
26.919273
35.543888
38.370384
35.524036
16.637749
29.379587
22.534538
29.107376
36.268833
27.037542
23.189184
30.05032
33.90542
23.777945
20.231703
18.028997
25.30401
33.00247
23.821444
34.413235
35.565956
21.610727
15.240725
37.72657
29.96162
31.328835
21.324247
38.890747
24.391504
34.40678
27.901045
22.922003
21.831701
33.700626
34.702923
34.771782
21.777273
40.08707
21.015541
34.34255
15.175463
16.40205
33.983097
37.359547
37.63184
28.651796
27.924839
40.7425
20.77586
16.1138
21.28138
27.39638
19.588404
32.12683
35.88105
17.928457
22.222385
30.86327
15.10131
37.69917
38.388485
16.183695
39.197517
22.827162
26.731607
22.792747
17.581045
20.294403
36.78971
37.347008
33.151123
37.13501
15.105066
39.909676
24.919415
19.841913
35.849194
36.20356
38.113724
31.588316
37.926033
38.483013
17.706884
15.636376
34.93409
21.526999
15.889267
32.393314
35.596737
34.24979
30.387974
22.975649
18.310867
28.732248
40.733173
29.855078
32.317616
21.095915
15.581726
37.18497
19.664919
22.573715
28.030518
17.744287
34.61013
38.37526
31.48675
34.086124
20.401993
24.501299
20.109585
16.441036
37.484726
20.531137
39.09744
39.200596
36.083065
23.588326
33.16738
17.394625
27.855509
31.184206
32.457905
24.475819
23.844194
16.445438
35.78363
26.9385
37.303165
34.350853
35.680183
21.823532
30.152933
34.03451
37.999844
29.99933
16.787737
25.956146
26.953293
17.259361
16.75283
19.796637
16.440006
38.73932
40.412773
29.305412
38.26971
27.932634
31.147621
28.0083
31.44946
33.670815
25.84244
36.678467
36.09579
16.83553
16.47665
21.779718
40.72853
27.282251
37.473133
37.710617
26.712748
34.480606
18.133091
38.60948
38.437477
18.71454
34.9612
21.724459
30.454706
21.335781
16.976522
15.909541
37.249306
30.526903
16.208273
29.676533
17.570425
37.305817
29.491434
31.414558
15.327039
35.091263
28.405828
25.882927
34.935238
27.049377
29.743216
29.889753
34.70196
26.654238
21.240498
16.187868
31.33977
30.42071
34.483185
38.05126
16.02945
33.60579
16.861708
39.739353
39.58201
37.825043
23.254246
30.11308
39.19893
27.993622
37.713234
32.035927
28.089273
22.776733
21.8487
16.874655
17.774498
33.82234
19.83017
31.408615
15.296656
40.449215
33.969795
27.7632
19.742825
40.17647
23.702961
37.602116
32.508503
27.505875
32.448597
25.744772
17.544844
33.70643
21.309969
33.61929
21.469477
37.000828
19.86768
35.518185
40.86784
29.516418
26.42021
38.493015
19.37179
36.638733
18.943272
17.905832
22.174463
37.99338
15.767791
39.14949
28.52515
17.182673
15.517378
17.855469
35.445244
15.61608
31.1996
20.027008
40.415985
20.299156
39.511448
27.96701
23.111172
36.28331
27.397844
29.614296
40.38252
39.629333
29.693144
29.958426
36.652912
16.200361
24.278961
21.57248
33.632256
15.375454
18.607813
32.98478
20.843187
21.862751
37.670498
20.604715
35.82842
19.191658
36.526154
38.224476
24.10894
39.17633
22.367502
25.737577
29.971954
30.668154
23.75972
21.646801
33.989777
38.252796
16.169992
32.178238
27.805588
39.197815
21.195744
33.37477
21.169313
30.919664
30.003065
39.411526
16.466572
15.514336
31.402925
24.5574
28.05595
32.48382
15.721212
23.700924
19.614632
31.690897
15.159677
33.16543
40.389637
27.78764
15.698407
15.657521
40.76171
34.888523
26.75642
40.624573
36.851223
22.096775
32.80551
40.041077
27.03005
34.643093
29.923508
39.70035
20.150915
29.858698
23.87658
19.457159
24.065166
39.980133
34.736298
28.548582
21.572441
16.871006
36.265617
36.114475
23.330328
25.146423
32.348984
16.345577
25.449436
25.898582
19.595346
26.30646
23.50903
27.247494
16.908707
28.412111
26.550674
20.278685
21.299576
16.781147
28.242088
17.58005
26.501528
27.245228
23.85066
26.553007
25.060675
16.66343
20.925879
26.94843
37.481842
36.37196
20.662155
19.665768
23.743788
37.093735
15.798305
23.754114
21.036758
32.438988
29.607222
40.766922
40.929287
15.2472
31.039034
38.14739
35.33703
35.452335
35.403305
30.159523
29.645077
23.897406
18.110588
18.030178
25.126104
27.581161
30.940962
34.43032
25.400274
36.18872
22.066849
27.199162
21.098837
39.43968
40.629784
23.302639
27.121845
29.781328
22.055513
24.418196
33.92145
21.2613
25.489042
40.250618
22.09577
25.03301
25.7411
28.709131
36.244278
32.87906
38.959667
39.413864
31.51427
22.381712
35.875034
26.650068
16.558878
18.926369
20.914103
15.851579
33.730694
18.592995
33.739407
23.970121
17.251064
28.172157
27.840601
28.675234
18.823587
28.036411
26.69094
26.229757
23.701431
26.404501
39.678505
35.098835
18.57155
15.654876
31.53174
25.875769
19.784916
18.776758
24.281101
31.945864
40.44041
18.791088
27.933392
27.459944
37.62098
34.030296
36.982613
19.651937
22.68429
39.53508
26.64097
19.310488
35.925953
23.507866
35.245857
38.302273
38.162132
23.756937
39.683506
40.445274
19.819126
20.37169
30.867163
37.74298
18.97124
15.488769
32.317493
30.015982
15.434126
26.940332
38.71512
26.3053
22.499386
35.81998
20.930006
37.07216
39.18717
40.558384
15.47967
39.181793
37.99709
21.969912
19.627926
22.934324
26.053722
36.913082
40.408165
19.99358
29.271559
38.701916
38.73995
28.96512
25.705156
22.211842
34.504913
27.58769
31.603943
18.742916
32.957825
33.027603
19.856943
38.134872
37.17079
16.603563
23.491375
37.372536
15.343484
20.419731
20.67997
35.976833
37.75948
32.847786
28.315435
26.845821
39.928528
21.574114
24.626518
36.89165
30.0269
33.016117
23.538548
26.81369
22.132719
31.312082
26.522488
39.654568
27.950375
26.801868
21.529907
19.405064
22.727999
16.941137
19.277407
27.855433
21.894136
23.929686
16.622477
16.134851
15.574595
20.984846
15.063813
18.93736
16.597681
29.153833
19.502636
30.301786
37.855785
32.83426
26.31755
25.99477
38.963585
22.759995
16.534025
17.04019
16.037876
38.109875
29.410557
17.744886
36.121296
26.60969
36.117153
25.689735
23.281988
37.023266
18.34769
20.58678
32.743526
24.26635
16.686348
35.64726
40.534157
37.527378
28.339184
19.161978
39.09172
30.242125
35.445587
19.364698
16.02035
35.5446
15.6002445
20.33073
39.767273
37.904476
33.444794
28.657206
36.372967
27.061657
32.229424
27.977995
35.644928
24.081623
25.098118
28.98551
39.115353
25.380375
23.51725
20.563183
39.965054
38.905914
18.745852
18.876575
36.730915
37.313404
37.53675
29.827755
40.06126
25.934158
25.361431
16.146633
35.04341
36.613945
31.36737
35.574707
20.699957
38.084007
19.005182
19.09065
31.13492
31.428553
24.803907
21.934023
21.508429
39.42544
31.1263
31.302282
40.52813
17.062061
32.901962
27.028154
25.467949
23.366417
21.314693
37.288376
31.859463
27.843716
21.211515
24.451574
27.948547
40.271736
31.604185
30.54212
17.76959
40.383564
30.050194
27.478498
18.261944
20.054226
19.928688
20.238829
37.237946
33.008156
22.667728
33.412804
28.209244
35.77724
22.832901
27.218521
31.08774
18.664654
32.653255
29.99423
18.599945
22.807598
30.039068
34.41926
34.888096
31.082344
22.436954
32.274914
31.218824
28.558002
25.971382
19.42539
27.97982
24.480717
15.237604
20.88032
26.217247
20.357983
35.839607
21.294697
31.851416
17.61306
29.307646
23.068645
27.405504
27.492449
20.383455
18.328547
17.591858
39.434723
25.827274
38.502735
34.422688
21.946915
15.879288
23.949108
20.646729
38.185066
36.29915
38.148598
25.260708
40.898434
38.510723
34.347664
35.60424
26.17217
17.795269
37.214546
15.118987
20.491344
32.704685
40.06813
24.237755
37.049355
30.907602
15.545084
40.066414
38.93686
19.534481
34.189793
38.531315
24.872606
15.753993
37.383545
18.487118
35.475555
35.791435
34.27336
24.914776
22.727928
33.89093
18.917568
21.786589
28.241873
32.826706
37.734406
26.435093
27.217709
30.484764
28.521486
36.33477
40.569626
40.76475
18.808199
24.090338
17.595165
23.592863
35.109657
21.122644
17.77762
26.190115
29.770061
17.052984
30.835917
21.906372
28.514845
32.10886
22.974459
21.909002
33.57527
38.00904
38.43575
18.806036
38.305656
34.73301
18.921543
21.88727
37.58258
40.339607
27.223648
27.082718
25.957155
20.57209
31.49339
24.966362
38.525414
16.371374
16.979147
21.174154
21.788677
36.616714
40.774273
19.45876
23.394812
36.422672
40.143055
24.269497
26.582912
28.143616
18.330324
19.224518
17.398188
34.871616
37.410652
38.13322
36.300335
26.661068
15.696055
34.330437
20.657942
33.972897
19.49636
39.999958
34.80303
24.90371
33.61447
21.89344
19.814009
20.649805
19.85901
17.39181
40.001976
31.35339
32.069756
25.209719
33.194397
23.988018
19.676739
18.209715
35.341866
23.262556
31.651627
39.77121
24.717794
37.65776
32.860573
17.950422
15.037495
17.6568
29.290428
35.27095
22.192276
35.99084
25.395779
36.40064
39.975815
18.293055
29.902002
23.198917
28.1742
26.939182
25.80004
32.6599
25.697691
19.050077
33.981426
40.129837
20.051357
39.64137
35.9875
23.843779
30.373444
16.727715
35.684647
27.304625
30.514402
28.823797
34.327766
21.318892
23.186209
18.731575
40.437103
35.606922
20.080679
22.762981
31.188921
34.82139
18.037216
37.619606
39.608402
21.536375
39.834454
16.035576
39.7536
37.31039
33.987022
18.987204
16.292065
40.280148
19.047665
24.782682
39.397213
23.907984
26.346758
19.667368
36.729458
36.484283
26.8452
26.715008
15.417337
18.777334
16.833492
23.72248
20.416965
25.826462
17.578823
34.58541
35.4034
20.290462
33.7037
38.20429
36.43542
36.99168
26.07375
38.355446
17.035667
37.33726
25.27899
25.158619
30.040905
22.1525
17.412
25.782412
18.602615
38.12731
20.77807
38.851433
22.055979
28.555319
32.416523
37.65351
18.025751
29.336048
38.869072
33.69272
36.10035
20.314323
28.500212
38.39367
24.680943
21.946857
30.856262
36.834858
29.20013
20.014637
18.043846
39.273552
22.805319
36.64067
21.91522
33.921978
29.814644
24.226217
20.967014
33.9444
31.778801
22.084576
22.29055
40.96686
17.819954
37.530106
30.656118
40.526173
29.069342
33.971073
40.870155
35.831993
23.488066
30.158552
16.91346
30.97562
34.1309
15.159477
20.050188
27.291306
19.00096
20.850609
22.091543
28.960825
34.043274
31.77107
37.304695
26.149128
40.538456
25.024721
23.076597
39.96876
36.182762
32.58955
33.374046
27.393017
23.478992
30.869913
18.285414
29.872469
19.71284
25.618324
23.48619
40.856907
35.752403
16.457113
25.339548
18.68436
32.183784
38.146255
38.524826
32.371227
40.8837
27.472178
19.580961
24.722275
34.0304
39.17337
37.558517
33.87652
18.767
29.672182
32.09314
16.914793
36.25689
35.548115
39.644844
37.47709
30.708574
36.666546
34.39178
39.47241
17.097876
39.667732
27.323633
22.911339
29.778156
32.124542
23.449093
29.651098
19.944738
29.093311
38.71335
32.415237
30.007528
18.010777
25.215792
25.83487
35.326225
24.931065
39.624687
31.455563
32.47546
32.95016
27.304798
39.663837
30.232485
32.3314
31.605442
28.309454
22.818068
17.323973
40.000793
16.434397
26.571507
34.957386
26.330713
21.966848
23.203638
32.19858
23.259613
28.498043
33.047104
33.774075
17.25252
30.332338
32.311005
19.688332
21.861565
20.885431
31.247463
23.01037
33.92286
15.203057
31.350534
40.854237
25.382767
20.882198
15.233293
36.644936
32.90431
20.999092
32.666744
35.739983
38.148518
39.783142
38.414722
15.267679
35.6822
18.723055
23.961693
28.646814
18.832792
19.551306
20.005909
29.668434
20.492455
19.125326
31.678118
18.248894
31.86793
27.608524
31.84651
26.004383
17.47911
37.551556
39.581463
20.65067
23.328539
25.48401
24.879002
31.897764
31.095655
19.448961
25.079798
37.987816
18.45374
25.547539
15.070966
27.315437
18.164173
24.008041
18.320711
17.673323
36.471745
26.55378
39.07138
16.581888
26.506393
33.916172
17.604269
29.890299
38.890896
35.224346
28.389984
38.377205
33.560703
39.699757
17.151049
39.433014
25.921171
19.594147
17.388765
39.0716
18.899193
39.631397
19.764353
32.4978
38.19027
36.348564
40.874653
35.24807
31.058775
18.678732
17.425653
17.525312
35.41829
26.878033
19.582476
35.764668
15.600465
28.471418
33.36231
23.695791
20.215124
31.276619
16.337225
32.208084
35.81086
28.762907
39.626656
19.178787
27.66455
16.0111
30.184715
35.089985
15.959903
15.363497
38.725487
15.739003
23.859175
25.487156
36.27968
35.637707
15.528989
30.02129
32.339054
34.79976
23.050201
22.239206
23.820385
39.53088
21.323448
18.22757
22.668549
32.56567
37.57617
34.970486
24.818815
39.435566
18.883514
27.42319
16.45124
18.306086
27.234663
18.16988
28.995483
33.687393
19.107807
22.582514
34.182247
34.40087
21.26107
29.532124
24.58794
22.975336
34.5034
32.65151
29.582045
37.250046
20.578485
37.907898
21.362055
27.377666
31.976542
21.816477
20.84877
36.648926
22.482767
33.010384
22.615093
16.601624
25.578093
30.080101
39.734367
25.730244
22.426851
22.60489
23.45971
16.778397
37.11772
16.12125
30.983654
20.074858
36.068375
29.408024
15.177849
39.664955
23.060959
37.91519
23.175367
37.092613
35.244648
24.423048
33.933697
32.60432
28.623129
35.090733
40.504246
35.274895
36.03908
25.93796
38.634674
28.095806
30.474266
17.500858
37.543213
21.42046
37.603092
27.91284
33.229557
28.326803
27.969036
40.98344
15.524735
20.436079
36.897568
25.983051
23.232845
24.517698
39.315754
33.788567
17.180393
24.813585
39.017944
25.804844
26.764315
37.431446
29.598543
37.649067
15.677753
21.384884
15.26698
28.969936
28.892952
19.899368
38.066727
29.970785
31.693592
17.456451
27.63925
24.215612
34.574245
40.71479
24.60547
34.11915
39.162525
20.924946
16.88147
18.156935
17.969921
31.745985
27.801767
35.27865
32.74013
39.475426
31.792667
16.267601
40.439205
24.620077
37.51983
31.861729
38.519592
40.463814
19.928299
27.33602
35.99064
15.829429
31.399946
38.94369
38.040966
27.585085
22.37235
15.123173
17.483534
35.612053
33.194843
22.700155
16.132092
32.928806
35.7415
39.44883
33.368126
40.457657
31.35765
37.323647
37.62025
37.523567
33.085396
29.432653
17.253487
35.59085
18.79552
36.395878
30.4536
21.971872
17.847109
16.116781
17.092258
34.283092
31.20294
33.192284
25.271465
17.277018
17.547846
20.196451
23.271267
39.344936
15.888831
16.89535
21.962543
32.463585
34.359947
19.085201
25.397085
30.65012
19.511482
26.193348
38.250095
28.093058
28.232264
34.04125
24.065601
27.04311
19.63539
34.24098
17.843163
33.27614
40.731976
20.581556
16.40467
37.4816
31.524042
33.458534
36.192898
16.283346
28.26687
31.910233
32.67888
34.76558
36.08275
39.146126
26.393051
35.355434
19.852219
39.58772
21.745523
39.704487
35.36554
23.389523
22.263697
32.815193
25.086233
24.167429
39.65085
20.074078
28.560225
31.234192
24.157238
20.08223
34.49823
19.026323
32.155586
17.214476
19.865664
35.60409
29.52577
29.692234
18.933525
31.116049
16.4789
35.621063
20.175303
29.941755
22.788858
22.92235
23.139135
28.86115
18.049772
17.37972
36.981056
32.046288
37.54079
26.124172
39.21435
37.93094
34.554886
21.797976
27.411592
17.085766
20.636364
21.36595
28.090235
28.111605
20.072086
35.083645
29.81906
38.260654
40.194305
33.48557
21.702124
35.005074
18.578495
37.422543
19.82836
20.094803
34.05731
30.155846
37.01917
30.78124
36.622288
25.306763
31.263002
15.830526
17.74783
38.06372
33.595016
26.710104
31.447243
31.465172
22.861603
36.904415
39.458683
26.804916
22.803646
38.70035
33.35913
35.247604
18.199091
24.98038
34.117447
28.595583
27.424469
21.571001
37.62295
26.814384
38.72671
23.516497
21.063837
32.40256
38.740726
40.282623
35.68016
26.982683
32.34483
40.34226
30.379011
29.59375
20.815254
16.85472
15.974855
27.081324
32.422672
35.222733
33.405945
22.710213
18.107681
36.19584
31.178076
27.665539
34.679005
30.886251
29.49989
23.461515
39.09712
16.572954
19.099218
23.443317
21.837843
40.492126
31.54802
20.545925
19.074404
26.946684
33.073647
22.264824
26.473253
31.015038
37.29728
34.39698
15.76797
17.898945
36.115562
36.526516
24.957293
18.52256
28.029533
18.458021
17.967386
27.379553
31.625198
17.841476
33.925175
33.82249
16.62308
23.086235
27.808645
30.998356
35.939407
24.32757
33.171696
15.456439
17.539555
30.687788
17.88526
17.089478
28.514668
32.364933
21.393013
31.516346
25.77534
21.18559
20.849222
15.2742
22.031626
33.1744
23.687801
16.26039
20.31648
27.421265
17.665897
21.74908
37.210197
21.068419
32.231895
34.004936
40.136246
24.59289
25.186909
31.025839
33.624313
32.726006
24.040442
35.26902
23.274307
24.330061
36.20508
26.349602
36.305332
39.343304
24.23164
26.647978
16.03669
22.507858
17.655485
21.522045
28.423254
20.01134
33.706135
22.392748
39.85548
28.401255
23.12671
19.356
18.834724
31.172493
36.656124
36.171436
27.8474
19.281546
40.346313
18.48812
23.78693
15.507265
23.81823
39.98969
15.610301
35.05636
32.80463
24.776094
20.566454
36.10292
25.884216
31.746435
23.296621
36.054802
17.180914
30.007078
15.382109
16.255545
27.983608
21.401596
34.5029
37.559322
24.735943
31.143782
36.270878
21.75708
32.652264
38.232246
16.014368
27.18583
35.335083
39.834896
24.315971
23.018917
25.200972
34.15389
32.943752
35.71364
31.265945
38.41632
18.966063
30.883606
17.898148
32.58332
26.303242
36.46681
38.514614
27.129824
25.744825
24.47622
17.880667
20.81971
22.548798
30.848461
29.6646
27.785664
27.139751
31.946962
30.206911
26.420406
17.135794
34.129562
37.082523
19.595745
31.959372
29.456585
31.966095
18.548079
28.625074
20.093842
25.554579
23.403866
38.947926
32.256145
15.857924
35.765717
20.378483
19.6403
16.0379
37.039623
30.946526
30.212694
26.156662
38.256077
17.38295
28.944973
22.690851
25.022549
18.389912
24.63247
38.47364
28.942146
24.242159
39.283417
21.84628
16.342999
27.427818
39.733093
35.232315
32.485126
32.874897
39.11554
22.091867
32.546425
38.460052
40.616432
37.26989
21.636585
24.95913
27.53435
25.121576
16.847532
17.374338
34.093575
40.479614
16.92129
36.66085
32.680103
37.522274
19.500898
32.275948
37.213604
20.90776
20.127262
21.686794
31.221525
40.15961
17.154646
38.998257
20.847614
22.219398
20.579687
35.20009
35.505566
36.327206
24.4137
17.18323
20.179619
33.94701
33.675163
19.637823
23.47733
20.323177
18.339195
27.220905
38.45588
25.43598
33.652924
39.96973
16.971685
26.61814
35.11062
24.83696
26.844198
38.901073
39.07952
28.436909
22.478163
36.278664
24.577219
30.61741
21.754793
17.507929
18.023611
29.309752
22.980661
17.810305
16.925274
36.259514
33.47425
38.893623
40.397343
16.70408
33.973557
22.084257
18.187752
23.837908
40.464172
19.04041
19.44094
28.994583
35.255775
23.511667
19.822954
38.875095
34.17604
37.91666
28.827038
17.864586
38.604355
38.12971
20.088688
30.505297
39.733906
26.799072
30.361322
38.531265
37.929108
15.763461
39.438522
36.52076
18.336401
33.690224
37.756065
36.185314
37.009933
23.927645
40.66672
23.589575
31.729717
27.745523
32.453075
24.184168
18.4183
25.632298
35.028378
25.43405
15.603029
30.12362
19.972677
26.037813
35.72453
15.756446
38.06134
32.258736
23.257988
39.174343
23.765211
17.726278
19.592386
39.153824
39.336487
27.21714
39.403824
30.378223
28.04171
35.38784
38.86258
36.15471
26.862892
26.206205
30.429615
31.951672
17.560228
21.917034
22.226694
39.62795
35.374477
35.777596
20.005302
23.531857
34.844437
32.511497
32.593163
32.267235
38.22469
32.454876
37.36298
35.855366
25.811028
21.706741
34.746796
27.26565
29.115778
21.245651
26.110079
29.844707
31.282492
26.937904
27.403477
32.04262
22.389214
29.637676
15.925936
24.016703
40.361847
36.167534
39.261536
29.187296
19.10385
29.868084
33.993385
35.626835
24.145844
29.61847
15.151406
37.282383
18.628347
22.75471
19.516874
31.463652
24.753271
16.15091
40.88511
34.772587
31.974455
28.87863
37.178688
38.707214
25.144846
21.322683
35.90712
30.541641
33.59769
25.406961
25.884865
26.765722
33.711323
16.67183
25.3482
25.362019
28.891996
29.34497
15.65233
35.504353
18.10634
20.260511
29.583748
30.881397
31.104927
40.506573
35.98884
17.780352
31.300583
33.019367
19.898205
33.309925
33.899925
31.992277
37.617268
40.698483
21.333822
27.931314
31.357136
29.472347
20.292263
26.463652
25.895844
40.50087
18.741394
33.593925
36.488487
35.38908
29.185204
17.003328
38.78585
22.505297
24.131676
22.199368
21.87463
26.050262
21.232927
17.84968
24.71837
18.00603
16.89113
20.471035
40.256718
31.546867
20.25683
16.795168
20.211668
26.551243
18.493467
36.595905
17.252947
23.222937
24.941715
23.537458
19.590715
22.511078
20.389513
26.691675
34.292267
36.012993
24.038439
24.772358
27.660467
33.350414
34.9543
26.84776
21.865103
17.628696
38.799625
27.317629
38.684437
17.520424
40.468002
37.279198
39.692665
19.758795
18.87494
39.056763
29.520119
30.382957
39.607227
31.632544
38.916397
26.946468
22.392542
25.991747
35.26285
29.081833
15.42325
28.98279
35.909122
25.308077
25.453243
20.193914
18.249653
25.77508
17.283749
16.560402
21.809467
35.75742
38.76397
39.941925
27.774609
31.142214
17.754604
37.74751
30.381105
24.899536
19.637037
35.835934
36.367367
16.580599
19.898333
38.382324
39.2984
29.25814
36.08186
31.177036
40.98631
26.00495
16.965689
32.91087
36.459988
29.000729
28.215622
33.401012
35.977966
28.66406
36.95704
40.425022
17.431906
23.82542
26.71947
27.855482
17.15421
20.888794
17.030039
27.126009
24.62176
16.173622
30.566816
33.709473
26.838816
33.185417
39.230183
20.25236
33.28557
29.43255
26.750294
26.284521
22.234962
17.588335
35.5208
19.011402
15.968791
35.291687
17.233925
30.59635
31.965195
38.686275
26.58906
36.553368
29.483131
34.91722
28.857077
21.396154
32.135445
28.236023
15.404503
15.527145
19.020668
25.108566
36.416763
25.500603
19.77467
33.7777
15.006748
16.25679
28.506872
29.100964
21.654856
22.699589
40.00164
26.165749
20.49886
17.077795
30.794088
40.1783
33.37675
28.030813
33.770493
27.429575
27.722958
24.872229
27.797022
18.760149
16.428091
16.710241
29.54656
26.878
25.594677
30.341784
37.171818
38.127117
15.756061
35.507507
38.764072
17.86154
25.572954
25.05781
30.640263
30.448574
16.281849
18.855331
35.417274
26.106571
16.241798
17.827377
25.560713
21.276789
37.810833
30.482004
16.636522
33.035484
23.480534
20.414452
17.84727
31.171585
18.707045
19.856009
17.600958
15.986835
21.199114
31.155222
22.838797
25.619535
16.558464
35.23184
38.639248
21.7496
16.11507
25.506672
29.219326
40.911777
38.559753
21.586065
30.870035
40.325577
38.548637
21.067425
15.591411
22.144512
16.838928
28.232748
15.233605
24.333994
37.712627
31.109957
29.804007
34.00625
34.454586
19.407202
26.26636
15.9724
24.473637
39.163216
25.636421
29.515848
30.290201
21.607225
20.469639
37.94788
31.06111
29.684713
15.939912
32.37543
37.572113
21.980844
25.624477
35.292683
35.700844
38.361168
15.838485
35.102238
15.237707
26.549616
33.903847
31.47831
32.649513
36.07675
36.090466
39.60346
27.880379
17.556559
32.133938
18.742107
18.606716
39.08798
29.212387
23.358124
28.49786
23.7278
23.05605
19.040483
36.981205
38.444363
35.466785
36.870125
38.770435
29.736977
27.940674
30.542736
37.987747
24.193815
28.315432
20.556402
20.095646
29.66143
15.405286
23.079618
21.051287
22.41194
31.439602
27.734385
35.10599
15.719332
19.78745
22.46067
22.494875
17.594213
19.928902
38.87273
31.896278
38.076714
16.924791
18.074379
37.98801
29.450163
34.740257
40.769436
19.687075
36.013535
15.693362
32.685257
27.73191
21.638561
36.028584
36.821373
33.150917
31.237791
24.156033
23.841866
28.858263
28.482752
15.450747
25.049334
17.127789
32.636803
23.672398
20.809868
16.018068
34.205116
36.044334
39.04261
29.95644
22.254644
38.82181
23.444172
15.637098
29.719782
30.782835
15.487208
26.14812
34.784878
33.49108
27.914225
23.81453
28.52261
29.40875
38.441727
19.629284
37.367588
19.978413
30.696507
38.341354
37.717552
33.64624
35.025
31.279814
24.97979
20.465145
24.748312
27.815083
38.7184
15.394848
31.679539
36.993355
25.208315
20.706842
34.276863
31.327326
38.665028
25.005857
32.67481
34.986298
24.694174
36.29531
33.017826
16.700825
26.093184
39.24286
19.014503
19.581984
18.037508
28.343103
39.43728
15.752478
34.896847
17.028074
26.411745
19.196688
22.452173
35.942078
38.771214
21.558922
33.122295
39.57604
33.496384
24.75396
37.959015
15.247544
38.31662
23.201252
35.632874
28.016132
21.9184
31.253847
17.406895
25.53962
22.888237
39.965427
40.18354
20.10559
30.511477
31.72362
21.110567
31.113276
25.85497
23.474924
16.944319
18.13454
32.180843
17.2765
35.39441
24.348724
17.670145
22.732191
32.011597
38.62459
40.679394
17.505003
32.831104
37.813637
22.309542
25.545511
19.946453
38.92258
28.936193
39.935425
26.464348
35.7488
20.53137
40.317776
26.878996
26.291033
27.10142
33.77006
32.80461
19.788738
37.37218
26.673767
36.217827
37.596855
20.971762
35.643692
20.887037
40.268925
37.792812
17.902504
29.503645
22.199898
31.96043
37.620937
35.180546
18.97105
40.88842
30.691214
31.446102
31.142885
38.275734
34.160984
36.63719
23.658003
37.57666
40.127502
24.682926
30.244307
27.472366
35.276318
26.670835
29.250072
31.17809
18.44625
16.300423
39.195812
35.039433
21.61196
37.354206
26.99394
32.80281
16.497858
24.654358
31.265718
30.189268
31.671816
19.623407
23.476051
31.957506
39.414326
21.530354
22.710115
36.511143
31.91868
31.778948
23.831898
21.286816
20.449816
27.182798
33.493214
23.653887
32.97445
19.07231
22.002775
30.863214
21.47217
16.291376
23.418425
22.701498
37.647125
15.667182
27.391615
29.939405
15.082034
27.374247
18.271809
40.405838
37.011166
20.764378
33.769405
28.577286
39.83608
16.696962
23.079378
29.940409
17.267738
29.179506
24.783789
16.067585
18.550913
18.216173
28.079872
26.33934
24.611437
27.162476
38.921402
29.554193
18.164272
33.597187
29.514553
15.285593
29.83005
30.747873
37.27551
28.777277
20.129984
18.84443
19.835567
20.412497
16.863901
16.42529
25.970493
39.34923
18.82333
28.583921
38.434456
16.78263
24.051365
16.418663
33.594776
19.477531
23.933352
39.536728
16.492373
38.70815
29.28709
33.363686
18.493708
29.54853
17.318644
21.22259
40.053562
24.576603
18.81951
33.672333
21.274044
16.486305
25.303217
22.432652
23.923672
39.8463
39.914196
25.37363
26.371473
39.30058
31.888985
22.510471
31.494448
17.875294
18.109632
24.719618
17.032877
26.737791
36.861443
30.980272
38.096397
36.74807
36.291927
34.34569
38.56478
36.449375
23.265097
15.561585
21.98095
24.763935
37.315086
32.27429
39.199627
15.591325
21.225199
25.109287
25.533726
29.751257
24.393387
29.55106
18.431406
19.269083
19.592371
22.518122
17.820412
35.871536
19.992363
26.802498
31.172192
29.741838
29.386654
15.130757
20.06687
34.077435
38.445065
18.504183
18.58119
33.800285
37.51757
36.68845
26.174988
18.888773
22.020073
18.248648
40.91782
34.231895
37.75674
35.363373
36.87589
32.650608
34.66785
32.801926
38.2704
15.787788
20.439627
40.911667
38.622
20.937416
26.172028
23.237867
19.512014
22.565258
16.87298
28.486301
24.819603
23.267448
19.932127
27.939297
26.335125
16.219988
40.924507
21.148745
33.503372
33.791355
24.104343
30.755014
31.716454
22.92206
36.771378
17.618605
26.054533
17.119081
38.326912
22.10177
16.663757
17.469799
26.284103
40.300198
36.06411
24.949165
40.756634
31.300253
33.596
39.475502
32.022354
33.125195
35.942932
27.664436
28.643103
18.934124
19.20853
29.03715
34.319252
21.250345
15.379857
17.558235
36.167255
18.521208
36.17478
19.810127
19.430775
15.149376
18.249863
36.855164
33.77072
39.28587
17.53611
33.893036
26.226744
32.13812
21.07351
24.19047
35.702614
28.321651
18.131292
17.441662
27.40002
16.871927
36.62935
29.712109
21.01027
40.933235
33.91726
32.42514
33.67045
20.854443
26.820889
29.469545
33.70054
20.446781
16.532616
16.438414
35.960117
19.496773
21.399578
32.25336
28.29814
25.27772
40.955555
40.98501
31.01648
25.766165
39.64549
34.54973
21.527716
31.545046
18.607658
29.14423
18.45994
21.96319
16.607164
35.773834
25.346064
32.02119
18.755194
32.0368
19.732418
17.666565
20.00226
20.446264
23.051186
40.70653
31.559475
38.00303
19.923483
28.384602
36.380497
28.476463
22.694654
34.817574
40.62781
36.90758
25.950619
35.95241
15.650498
25.217318
20.523901
28.477922
31.416645
28.484873
25.070173
24.213905
37.57212
17.454903
25.68098
36.901062
36.338413
34.139202
24.195555
34.0276
28.315746
35.997486
17.884348
34.35401
37.923714
22.11363
18.999258
32.135395
21.690203
28.027826
28.320242
15.690943
25.890339
26.441725
34.27524
18.93331
16.140795
20.88286
20.470228
17.745789
16.470705
18.596184
19.538267
26.683228
19.11905
15.424785
34.10146
15.372937
30.849304
33.24842
40.33672
30.204794
18.925734
35.66767
22.146212
29.425062
36.061676
16.053196
16.25551
32.58644
20.62869
39.823612
38.697273
36.45713
40.206497
37.87231
31.085588
22.954666
29.157068
28.432486
38.84574
30.445684
20.322351
18.35146
37.136658
29.84057
25.173517
15.7394085
39.587776
21.312449
17.78073
32.264297
18.169624
32.182785
37.825882
30.983942
19.526905
21.541306
40.546818
16.537783
17.925379
16.505787
34.98
36.765076
33.59841
26.677725
16.159674
16.372843
19.726442
33.312695
34.035095
22.146101
37.54237
27.999704
19.783283
35.374462
33.128044
34.231625
36.923447
40.663418
15.351937
24.149282
20.180143
17.105207
22.095228
31.954615
23.39575
21.903313
21.423378
31.01368
30.958874
23.976297
17.682482
39.50826
35.19385
23.810814
15.634472
17.645132
26.947437
35.89025
36.69253
31.895014
26.212378
39.39466
26.077808
40.508503
32.043537
19.549185
32.290802
23.644354
18.250776
37.99244
36.675564
22.845692
37.393753
15.842817
31.052126
24.31273
16.457432
17.759977
17.402298
36.445942
39.25297
25.23026
19.416288
30.471474
29.067308
34.54905
27.342354
25.611088
24.375666
23.529642
33.02892
37.221664
22.534771
22.837416
15.308417
25.604822
23.290627
31.029617
24.944347
32.77504
39.66309
36.875343
15.247788
36.375015
20.31065
34.33686
31.166939
24.140017
38.832214
38.712574
36.162933
18.83819
35.628784
34.873573
40.507515
18.451868
32.926388
30.269875
18.772898
19.515165
25.352692
36.439064
22.231382
20.986122
21.063147
33.119198
29.642107
19.806997
31.828674
24.74951
25.474546
39.394268
18.725258
24.136524
38.00314
22.7002
35.10694
24.369904
36.904705
38.2008
30.397205
19.69144
31.000061
38.19038
28.899675
38.95228
17.603529
28.100695
23.307728
39.53754
33.578796
25.213303
18.883446
25.194283
26.646814
39.096325
19.380013
26.067677
21.751226
36.37248
37.697563
31.432146
33.359104
19.012968
38.991085
35.09815
36.459442
38.252296
17.489916
40.282097
40.719273
17.431883
26.641977
32.84589
31.766832
30.605833
17.361834
23.244331
30.893715
33.580055
25.140205
18.262707
37.602474
28.206306
35.563595
19.683538
30.373613
31.215675
39.396164
26.390623
27.785465
21.65134
20.792074
33.100094
26.692942
32.048412
25.434946
16.902433
34.5557
39.909
27.442156
38.10596
21.203684
23.733526
30.72521
22.491474
17.337688
27.894762
24.163414
34.019367
40.884884
22.9789
24.4266
28.274706
39.96398
38.86838
15.573681
35.492313
16.662067
16.804066
28.657322
21.873177
17.084732
25.939808
25.481022
27.084988
40.213608
31.490242
24.383423
36.3339
38.98998
31.473148
16.465696
19.201136
35.74057
39.260494
22.031326
40.557236
28.571234
19.677776
35.173676
37.29846
21.67666
17.229061
17.425213
32.39382
38.64889
34.17563
21.173267
38.7881
37.81475
37.658886
28.150776
20.075117
34.39205
16.833761
23.726398
18.537285
15.826647
15.066476
21.94695
26.141655
40.05732
34.65124
17.32616
24.389153
33.652546
16.213068
23.227139
20.533003
27.773132
29.989408
21.352133
18.613886
22.736868
17.521254
40.33152
34.00354
24.59617
35.934574
39.695072
21.705166
31.586916
28.95605
34.612022
33.52812
36.56645
37.082256
18.702517
19.436035
23.63101
27.90953
28.951462
31.86164
18.98761
40.531963
28.2969
30.588203
39.852596
37.12804
17.818485
25.916622
24.658998
18.381622
19.617682
37.2689
29.176924
37.221096
23.459814
15.12283
18.286097
39.51069
27.03911
32.229313
34.086872
34.790993
25.3314
19.433031
21.795853
30.941046
24.915148
28.098637
21.444433
15.722231
16.370012
23.13891
39.783478
19.564692
33.903133
35.9479
32.99446
39.66975
30.206873
37.161247
26.81729
21.527325
38.21775
27.097507
36.527233
36.285126
15.924837
36.978397
34.828133
27.056885
35.666843
28.582653
35.176395
40.21971
15.460741
33.85713
35.30997
15.02608
28.820663
15.190619
36.82883
22.443836
39.25444
23.549889
35.55819
16.038008
32.166096
21.484041
38.123035
15.921096
30.246119
31.1226
22.672192
15.323897
20.59744
19.724194
28.012566
18.17682
26.823425
35.076958
29.548817
39.24205
37.09531
26.108366
22.371098
17.799755
17.820007
28.431381
25.593191
21.667036
33.94517
20.235394
17.615683
30.41604
29.166992
38.92464
17.373539
15.0582285
16.347158
23.213383
17.824759
36.174545
26.298985
15.006223
22.946516
17.496693
23.768658
36.32373
36.327465
29.282606
28.916147
36.77749
32.07966
19.479551
36.891266
16.655472
31.240835
32.63126
35.20393
17.547733
19.097467
22.76083
34.50367
20.624023
26.931437
15.049004
35.111973
18.169142
29.577724
24.027908
15.192002
28.788395
29.878
19.223148
34.793827
40.814762
30.624586
40.702564
39.179264
37.880924
29.911625
34.827873
20.808952
21.363518
26.945036
28.655758
40.165333
24.463589
20.310091
15.897957
33.18864
18.056349
15.455215
16.12513
21.519165
15.124995
28.722885
31.987352
28.96738
28.587526
33.643257
30.624357
35.674725
36.63204
27.403454
29.15157
30.28123
18.295223
17.415125
26.133377
28.082209
37.950375
39.725285
35.29299
17.634802
20.615368
22.650063
24.358557
23.56613
38.547707
38.458366
38.908184
23.438341
21.462889
19.192194
40.35187
21.44184
35.893974
17.782564
24.77621
29.416548
21.704374
32.50485
19.278162
38.24201
17.572521
29.514524
32.62708
31.990652
28.38624
36.714157
17.619518
15.404679
39.91626
32.524628
33.329338
22.235312
17.882435
23.268507
36.60586
17.774426
29.582943
34.82057
21.635908
23.511906
24.625776
25.940405
40.160778
37.268166
36.98358
26.274141
29.027203
24.37979
21.586966
19.397285
20.151697
22.557232
38.97807
38.467724
26.69059
40.887062
19.165342
31.067879
30.233421
34.117233
32.752083
24.637156
33.175293
28.842398
35.65545
32.530666
38.07413
40.497265
25.28932
39.18742
19.76174
23.16955
40.95346
15.15098
24.25287
22.160069
23.353148
32.75781
19.084475
29.946033
33.66754
37.193344
34.617638
15.744645
31.391685
15.313062
17.047665
35.227573
28.29621
36.13558
29.39308
24.102938
19.280443
20.237091
20.572271
33.25991
21.638737
38.411255
28.82689
35.96212
36.31652
36.905807
24.213942
35.179462
40.101677
27.307068
21.663988
15.5640545
30.378487
33.715668
21.19071
25.804464
38.065586
36.24166
19.237484
15.133481
29.665926
18.044428
28.85953
24.618109
21.975958
27.152496
20.465553
23.526524
24.93281
34.120766
27.18073
23.545286
27.322495
30.217308
23.543243
28.91103
40.628666
32.27922
27.20946
22.624445
24.170727
39.636734
18.618301
25.830353
31.86166
17.577124
25.153147
27.176167
15.410072
24.704638
32.24007
15.502113
30.59766
34.249992
20.03409
32.57001
26.382381
31.892736
40.8705
28.703508
35.00928
16.982008
19.49619
29.191168
29.055048
22.176064
19.24638
25.09473
26.389055
40.46811
16.794918
40.70855
32.402725
30.32584
31.881826
23.332058
36.54074
23.24428
32.509586
33.24577
31.161745
17.396318
22.500076
16.822187
39.062828
28.262592
35.016953
33.556698
31.62124
16.132147
28.683674
16.46935
16.438345
21.187542
28.26524
20.80707
15.615121
31.52285
21.532106
22.266815
15.344971
33.89029
29.887653
21.063723
22.378885
23.230946
32.615944
18.084276
35.099583
23.117325
33.19442
34.09307
40.435375
17.12029
15.016558
38.502766
16.651226
20.810118
27.082434
26.570312
32.173508
35.611217
35.74046
25.048582
24.036655
35.052364
24.401567
24.300997
30.2841
37.088985
25.297348
27.677853
40.712406
25.121334
29.816717
30.556454
17.716766
35.09219
32.73091
39.86325
31.677572
20.619917
40.704628
24.124697
37.322025
28.507578
16.891447
36.134468
18.80125
19.165915
25.124577
37.178345
21.84265
30.49796
31.239374
33.42395
27.26879
31.61515
35.401966
33.5611
37.418297
22.389664
27.968678
30.069546
27.560858
26.294954
24.363903
16.594398
28.267548
29.246183
21.739382
20.825523
29.879421
24.224586
29.765818
22.005735
28.71133
26.354515
33.808075
32.73361
26.434677
31.799162
20.948172
22.08028
21.201881
16.350811
23.845581
29.205564
29.507019
23.91363
34.262344
33.63731
29.521225
25.211843
23.230816
30.168863
17.698072
15.003395
34.30475
26.933035
28.8133
31.838905
40.109917
22.62705
25.284904
27.978119
36.49822
19.09137
40.613743
34.460655
15.009689
22.48635
18.091425
37.52527
19.059767
40.164246
33.541435
21.581514
34.29442
31.000029
37.79107
22.759989
16.893764
30.422983
36.81585
37.702145
27.255157
25.682178
37.054825
36.69783
16.449566
19.982296
22.264238
20.538591
25.120506
28.04237
30.458641
24.526947
31.082706
38.358532
26.98281
28.966656
38.77796
36.992817
22.564314
39.15627
40.958687
40.063644
33.315834
31.418013
22.494904
39.279587
39.087894
27.016254
34.038425
34.83653
39.31686
16.954725
33.428288
28.789421
21.569681
27.588745
27.184443
19.613213
31.355997
27.74862
27.212078
25.083717
28.459854
24.64254
30.926823
17.83753
19.037432
30.19216
36.41151
36.011265
22.03384
19.651205
31.928041
18.213797
39.09114
16.367344
29.133257
19.75126
35.051434
20.36969
21.685707
27.50307
15.402943
32.099194
25.58049
38.138203
35.573757
34.046333
28.512272
16.464556
18.846897
16.3204
16.842014
19.620186
36.852142
31.2468
38.330784
38.5437
21.084145
18.973701
16.704422
38.702206
17.70294
34.766518
34.325752
27.408579
36.99224
19.178524
37.776405
23.225996
31.282377
26.608181
27.98817
33.93607
22.88904
27.888481
23.714268
17.337969
28.675497
22.500889
38.593754
31.749474
22.215199
21.76628
35.837673
28.496857
22.21324
19.937445
36.6535
38.90905
16.839363
15.502586
36.924744
27.372557
23.931751
26.20644
29.375565
35.85707
40.650097
40.30544
25.475515
25.987793
33.087944
15.395628
30.677576
24.218971
26.598612
36.78674
32.23286
35.954136
15.145425
33.843185
28.788427
31.562134
34.85638
40.972412
17.249907
27.15394
29.144783
30.013403
18.97859
29.713873
34.25166
34.662785
24.293032
39.719765
16.872377
31.273392
19.458052
26.740189
27.649012
33.869743
19.869493
36.662857
21.741634
22.547335
20.980904
27.186848
18.435907
33.55723
20.668753
27.002232
25.800919
32.32488
35.195667
29.684364
23.780401
31.411669
27.706554
33.745922
29.782074
28.000206
23.280396
29.518425
34.824024
21.868828
19.960835
33.57597
19.603664
35.018364
38.90165
26.267334
38.473915
40.12374
32.788506
27.588741
15.242998
16.805403
16.036364
17.108038
39.958233
30.350222
40.912197
18.942036
40.390976
20.958893
16.695713
40.892296
31.80896
20.856514
22.26599
17.760693
39.803852
37.675373
18.089998
32.59454
17.436144
29.403683
39.489235
18.15213
37.765953
36.89131
15.273657
34.233025
21.957603
38.41328
26.357502
28.683466
31.577402
33.114124
25.809414
40.865788
29.448204
22.290865
38.939728
36.17172
30.480978
33.41981
31.49068
40.762997
26.272772
15.591901
21.770613
23.138704
32.942062
16.593807
28.661238
35.35728
24.666645
35.25666
17.827347
35.782166
27.695848
19.891542
27.17126
39.073544
25.228016
40.640648
15.599719
19.814688
32.4758
26.395357
26.508776
39.63988
39.486034
17.567099
37.042675
32.021984
34.837452
28.44427
30.145582
35.98112
40.20882
19.128166
36.70038
37.892097
17.991604
25.113186
35.636723
17.296576
25.615377
28.461306
20.790842
20.167099
27.060997
30.218113
22.512545
39.423576
26.155502
35.22745
21.540201
37.668823
29.674492
17.823942
18.502447
15.088304
19.021778
22.017534
36.55568
36.25021
33.31284
24.731339
19.12933
37.145542
34.05764
31.413914
23.526304
26.223846
18.320112
37.919346
36.213844
32.408863
39.22567
22.933266
21.040462
25.119202
31.994833
29.420214
37.32751
20.172846
32.300095
15.577511
30.809322
29.12019
15.674887
39.603065
38.733727
20.02886
17.947605
30.219345
31.085209
23.034597
35.230267
34.342926
22.855762
38.076
23.860565
28.548912
29.563992
19.146906
31.87772
22.05168
33.810806
21.128729
30.106606
25.80821
18.560535
17.806124
36.731358
39.04756
31.049093
39.022766
30.358747
15.0397625
39.74629
23.100157
31.003279
34.239674
23.637218
25.620823
34.170074
23.076159
26.23808
19.468288
18.268303
28.604155
26.224663
27.619741
33.957005
26.996979
32.327137
29.603338
23.706823
21.428526
34.23262
18.76055
18.855276
38.2797
37.637486
16.495047
27.7399
31.800789
40.304165
33.543068
20.11264
18.371134
27.002668
22.966272
29.970608
20.319841
16.55485
29.046581
23.182383
23.90595
39.849957
38.553528
29.845728
40.503765
27.662762
33.95815
30.18171
24.298876
19.381054
26.083464
28.951841
39.872555
22.337137
32.41013
16.879059
36.937096
26.33836
26.796816
36.359886
37.18184
27.204575
24.728456
28.874409
35.69944
36.645893
35.371414
38.932217
30.784184
17.651896
37.693268
18.136644
31.028925
30.713894
18.695799
35.006298
39.5945
20.66476
19.413395
15.562026
24.285194
22.696177
16.745003
28.368994
34.63616
23.201056
28.41634
19.717869
39.603424
22.489334
36.41008
15.9355955
19.64435
20.138136
15.055233
28.435436
26.986275
33.76279
27.632929
35.047638
31.703228
22.332985
33.834408
22.416151
34.85542
15.808823
29.697958
30.80352
21.393496
33.834354
15.755081
28.51518
16.789255
29.501593
36.03221
38.336052
20.426865
39.78594
30.282772
32.86644
21.6733
40.154232
16.365444
37.450943
23.244051
27.059664
23.037952
40.5131
40.989902
26.563076
21.601763
39.540333
29.552822
40.158115
23.811558
38.70764
15.473787
38.028088
17.25438
37.1854
25.28267
21.425226
32.00687
17.545528
15.859988
29.638544
33.795017
25.362116
23.932682
23.10423
15.109361
26.09658
20.950787
40.613045
32.76959
23.664223
36.789154
33.281982
20.28605
40.69805
22.72815
38.9829
38.03162
35.457474
28.989508
16.258682
15.715949
26.573557
24.738283
36.40795
21.945099
16.379217
28.909119
20.382092
20.753134
34.44183
26.474833
17.413948
30.90818
35.097378
18.847532
30.88527
24.524038
24.279436
40.987305
39.84044
27.04943
35.742897
21.49073
31.766935
31.060493
24.901474
17.441284
37.788326
21.44809
21.929712
23.125927
19.253475
29.57012
22.524319
40.856964
34.856113
40.729946
32.7763
31.0855
27.881685
32.945595
17.974504
17.752617
25.953915
21.390406
15.84288
23.396622
28.741308
22.114365
22.707767
38.919525
40.484276
18.696259
20.398344
23.113127
33.916416
30.330416
30.30235
17.054924
22.178885
31.517786
22.930933
16.3062
19.66471
36.009567
32.59059
37.479576
25.38023
24.942698
29.316772
37.190434
15.3738
15.209955
26.092915
32.666462
38.05726
37.023502
38.560295
22.361835
35.833527
17.35918
38.918205
23.807236
22.34413
28.509863
31.520632
30.62433
34.863365
30.32976
32.794724
21.142912
15.891063
24.9175
24.538027
27.38132
38.834034
31.464382
35.39554
33.28544
39.816418
40.785202
26.374334
25.068878
27.12229
29.652555
32.62261
18.256666
33.549023
36.471523
29.381674
25.607128
17.03804
40.060234
15.013519
31.471268
17.3498
34.34269
16.31328
23.346375
37.2628
17.613916
32.934975
26.390219
39.801826
33.703327
22.690653
21.484552
18.338543
15.84088
17.727104
18.071354
20.05779
20.321535
15.141024
21.432537
25.246084
38.167004
16.462612
26.34359
17.133974
34.899902
28.619226
29.103912
15.611937
17.273829
38.484886
27.831354
35.039825
37.34398
23.928032
24.605724
29.582819
26.61637
18.389082
22.555824
39.032143
38.179817
25.45101
30.30681
33.906807
28.703266
16.610262
15.339471
32.782948
38.97213
39.511974
28.760239
27.260214
31.240816
31.282665
30.740553
26.750149
32.094585
40.275078
34.456455
32.35927
20.742468
23.534151
26.744041
20.540009
30.70389
30.59961
31.88367
22.895638
37.705326
36.879875
20.935612
24.550478
28.269114
35.763596
18.872055
21.834871
35.95525
37.87929
21.385197
22.684507
27.507921
24.470196
36.69833
16.116816
33.26206
21.720514
36.966724
18.422346
25.081196
18.051039
22.927263
15.297076
26.826487
22.896095
32.34057
27.041918
26.89767
31.280493
31.466713
16.168575
37.740376
15.63432
37.32526
39.27634
19.38009
40.71497
18.812689
31.90228
31.0217
33.250046
28.885075
40.197628
36.544487
26.971323
39.961063
38.74616
36.32599
36.07916
16.460018
17.615644
27.244146
39.85837
39.962475
37.821415
20.9357
26.160702
39.86476
30.781414
39.42977
33.775673
19.59696
20.055094
35.129112
29.330776
29.48313
26.683775
22.777493
33.293537
34.14493
18.788094
38.53029
39.89221
30.98469
33.7285
39.536198
25.328392
36.731
25.097647
18.541702
29.524126
29.289968
17.08893
15.945799
20.827549
26.217247
15.373349
30.461037
24.595425
17.010921
38.517162
19.078
33.377422
30.122517
35.185802
29.383778
28.546255
23.09316
17.904879
22.451084
40.64929
31.544233
29.986898
20.493116
40.501564
31.88654
38.38289
28.270329
27.096611
33.559383
29.680847
20.83876
37.78074
15.370638
37.248405
16.6456
30.81803
19.08116
26.604992
34.20619
30.467443
21.761728
19.509142
30.637655
20.000067
38.64787
36.959476
39.177917
16.7037
36.227757
39.33333
36.484776
28.853584
15.120642
36.224823
22.988367
37.87226
37.937943
33.19463
36.861237
27.458107
30.766542
37.6065
22.273842
19.331371
34.173496
37.001095
37.51922
20.428017
22.703587
17.0455
34.319237
24.865944
40.72611
25.997179
20.165672
17.814735
29.184278
18.834072
32.903004
25.519238
36.31068
26.727894
28.925781
22.158915
29.69421
28.375566
17.34194
31.969078
29.218914
38.854153
16.24448
26.106709
40.342278
37.12753
29.837376
16.112722
16.940313
39.108383
36.57769
21.504225
40.519104
29.267103
30.724314
16.024372
15.977143
34.179443
30.724766
27.384146
15.300183
16.117744
21.725088
18.949455
33.579933
31.81594
36.153744
20.75866
40.570377
16.876389
33.809097
29.4997
15.6300745
39.937
27.170954
24.63271
32.34625
20.680073
18.760187
34.71308
19.396057
28.039509
25.286558
16.151648
36.27286
23.55111
28.05322
26.142704
34.389954
25.690968
34.62756
26.297354
15.771568
32.259857
29.14143
37.63866
25.050667
19.396963
39.749886
29.046867
27.815365
37.64415
15.7561035
33.986965
21.480522
17.632334
23.70105
30.407623
17.80837
18.42448
35.32014
38.06959
38.961777
36.325092
22.685007
20.243322
31.545998
17.053932
23.077084
32.709713
29.479595
23.582176
32.18074
28.304525
36.732372
23.642002
15.03715
37.866146
22.97805
34.946087
27.86615
38.378006
35.031567
34.491318
18.341856
16.341139
24.575731
40.97146
33.198784
40.96896
34.129204
34.286343
20.148773
21.665514
20.467491
29.410645
16.005014
17.430096
27.781012
21.473093
24.637995
20.325232
35.738937
30.797386
26.92919
18.951706
34.324875
20.869022
40.241863
22.993458
37.82018
40.71759
37.09433
16.326742
16.632935
34.041985
23.699537
21.932192
31.805447
26.556334
30.825935
34.904987
32.98034
40.497494
28.037935
18.227495
24.365088
31.010094
31.790482
29.650389
38.80716
39.213253
28.080637
39.02242
33.476562
27.153328
33.400124
27.71558
39.85008
22.560009
21.586323
25.411661
15.7009535
18.348425
18.835217
32.447693
29.620375
15.147867
22.618256
24.162043
31.231565
24.788094
28.536198
21.239498
34.704792
30.63705
38.246437
30.922832
37.441208
20.959288
31.51638
38.13996
25.865839
40.052208
22.183945
35.090027
34.154667
24.817665
39.34724
24.638237
31.41811
25.63934
39.459053
16.988604
16.372976
25.961714
24.167747
26.535202
15.857137
18.804354
24.724676
18.536839
28.67604
18.595556
40.56931
17.316574
29.217398
27.172396
31.306688
25.05674
24.030138
21.569515
21.707891
40.941685
21.136
22.306925
28.592731
26.394667
16.226923
26.2875
26.494858
31.46194
20.098608
36.12767
27.863008
34.016182
33.680443
27.770292
31.218134
25.383102
32.844204
30.566492
23.164669
19.23922
38.808754
40.663742
29.445202
33.185352
39.405197
17.500223
20.331335
30.269617
35.7267
34.48102
40.559544
38.91529
23.759506
28.499544
17.749334
24.203072
23.476398
40.8679
23.782055
31.263895
38.57111
34.432976
16.972189
22.65761
30.522024
16.180199
39.029007
28.044483
22.995678
25.46502
17.784948
36.20058
30.735422
37.16239
40.45813
36.484787
35.027824
26.487532
36.819904
15.234304
15.599144
36.01653
21.054358
28.247162
32.366554
37.5234
39.325253
39.504368
35.853436
29.650412
37.106804
40.591
32.275448
25.141542
18.188303
28.89468
32.31377
36.394207
37.928562
27.59145
31.414185
19.422367
18.814716
32.673344
36.085484
23.974482
30.670832
27.828428
35.1179
39.512653
18.965439
28.853365
24.902037
31.03474
24.582985
25.460073
32.101036
19.309029
21.152798
17.832327
28.813532
38.99156
37.57013
32.094635
17.062136
15.309001
19.697393
30.97503
18.95199
35.51534
38.399693
39.374893
40.16625
23.16869
31.047293
19.303204
29.599981
15.42473
16.40864
18.689167
34.88143
36.00627
18.461143
35.95633
34.289154
35.28387
39.062847
20.922976
40.145958
21.990204
16.656717
40.58765
39.155254
28.491398
34.220226
19.66541
35.34276
25.251331
40.526485
38.359413
31.276148
30.150373
28.449137
31.78426
17.05769
28.657873
18.52177
24.701427
24.219461
37.50813
19.253654
15.784019
17.098183
29.492418
23.807028
19.496988
33.52637
38.255142
17.557281
16.86075
27.748808
31.56993
16.78585
38.860226
29.358107
17.471981
23.296621
20.067928
40.740364
27.835882
35.10023
15.168959
24.03175
20.513367
15.476609
19.507309
22.909021
27.98355
31.704643
20.517088
16.671865
17.618446
18.538858
37.958885
22.022085
36.12951
24.116535
37.250626
17.704548
24.536325
27.394672
19.863977
30.746964
20.086464
28.444761
33.751385
18.420431
29.955917
21.974295
21.075573
23.239864
24.272388
38.29753
18.132437
37.333237
15.029168
22.643953
33.289886
39.330826
38.79511
29.171455
35.00935
17.560411
18.776749
40.342274
35.573303
15.781618
23.751356
27.423199
25.011312
31.952429
27.665232
15.787605
39.898705
32.593067
26.279345
29.42538
19.196182
37.1973
20.144861
30.60784
34.105247
36.838406
22.403986
31.008204
29.033527
36.626877
35.436935
39.744274
18.19568
36.99916
32.213734
17.788435
39.11972
35.951496
38.359913
18.981092
24.385242
25.280201
23.408169
33.48727
22.289158
40.64953
34.483242
23.95199
17.816212
35.880432
34.755386
33.83865
33.285656
38.2384
38.39804
27.475588
23.352161
25.695772
21.498222
20.189598
27.658089
19.153652
24.393654
32.571087
24.366
24.430935
23.248383
17.394142
21.04433
18.462574
21.329147
29.005821
17.93584
19.596582
39.40759
39.102364
40.50758
37.13902
25.988817
17.72622
19.362768
36.368416
17.654716
34.046154
28.08909
20.125935
39.71077
22.023756
23.42458
20.78478
29.538078
21.423254
19.241411
22.912153
19.57764
36.787437
40.27953
25.259312
37.71184
31.981106
15.30619
28.850058
35.9585
29.694424
18.434185
31.885237
17.85569
23.902098
15.700567
29.940632
24.691017
36.6903
19.689417
29.507832
34.81677
27.09177
31.976282
28.312496
36.692963
36.610588
29.4786
31.041656
35.01298
21.971533
16.415499
38.121468
22.292072
24.295073
40.512096
36.009094
33.63671
27.37746
34.32745
18.097202
40.063374
32.04646
40.142075
27.776747
29.69801
20.66674
27.709948
35.46353
18.463013
37.78499
32.361717
23.466318
28.44632
21.633308
32.439816
32.458977
25.047647
16.750494
23.852915
19.016441
37.209824
28.33426
27.656324
29.184065
28.568497
36.103558
39.996445
16.372107
37.19144
19.428595
32.501686
17.002
17.72906
38.277225
35.258785
40.278202
18.260546
36.12984
31.882654
25.219223
20.895605
31.430944
36.869534
32.653748
40.279488
25.374144
21.417309
18.27244
19.54949
33.858192
35.203575
39.02337
31.003973
16.30537
26.231092
15.148703
40.770348
35.699425
24.78199
15.982609
25.09633
38.678783
32.76614
23.265072
18.539225
39.811893
34.305832
25.173584
21.290787
30.28487
39.267986
35.53443
34.15074
16.147865
16.636778
25.747599
19.249765
38.994865
21.113703
33.84403
18.523302
26.49284
22.138756
17.791264
24.15029
17.529541
29.645517
26.673302
33.696457
28.915316
19.294592
21.692663
21.539557
23.55284
25.674004
25.077549
21.304447
21.77965
33.011745
34.924156
35.498726
32.191875
17.314886
23.763994
18.315022
23.67362
29.531197
36.21837
25.654016
30.584911
38.32351
34.486843
26.822556
16.102196
23.353529
35.61393
35.074146
30.558838
29.591078
17.48784
31.18458
34.299118
30.096317
19.347532
19.59318
32.03774
30.966679
31.208973
38.29073
26.007845
15.696828
35.06886
17.597866
28.284101
31.069185
17.003761
23.253227
40.5834
24.874119
19.35494
25.818506
20.574215
25.25308
20.073835
33.307907
17.266735
28.264616
16.00054
19.16244
16.409353
32.392284
16.357256
33.2149
33.983116
22.145206
36.06108
39.129173
17.86428
35.64604
29.595182
17.94801
38.516125
37.157913
39.1247
21.846247
39.17465
26.870892
33.30347
40.96183
40.408855
30.950233
27.789995
31.26491
17.16484
28.84288
22.875708
20.825703
32.44381
36.145164
19.82603
35.554604
30.617846
27.953955
25.544315
27.513554
35.05311
31.555037
32.991146
35.235416
29.188707
16.546703
30.426208
40.13867
39.51058
25.053154
15.987138
32.08746
20.963097
38.55144
35.37965
20.422504
22.257238
37.017353
29.525387
36.376328
36.262627
34.589745
23.89879
34.686504
27.211775
17.759512
25.981491
30.433638
23.79839
17.208464
29.772524
33.65614
33.417576
24.855093
38.61495
21.131739
23.774359
21.408293
37.734158
23.866081
33.877872
30.786762
37.830486
34.291653
33.042164
36.13097
20.8285
18.955652
29.930536
37.816174
18.457542
40.56331
23.908827
24.869152
31.722939
23.643595
16.014145
39.497944
30.524544
16.817099
38.699
20.063019
