46.584335
45.151123
46.053276
54.065228
49.88244
45.62533
43.6215
35.13294
41.858414
52.159893
52.191204
53.131134
39.704178
51.517303
55.71848
38.729076
44.06041
48.168617
55.099728
46.96069
46.46015
39.33306
49.15537
45.698265
50.218613
40.28903
50.888092
50.879345
41.503284
39.171227
50.33032
49.91098
38.143593
46.614258
50.073772
44.899258
41.72075
36.15458
53.008648
36.48178
36.6162
37.260983
55.8907
41.07705
46.99095
54.227737
46.101665
50.306923
36.118362
45.935314
48.37168
41.197098
36.099274
44.660183
45.291992
36.51537
40.7512
36.698204
45.162086
48.268566
51.382168
48.555508
55.087368
38.94646
42.234974
39.85614
42.271866
48.574543
50.61913
36.917545
40.135082
46.017532
38.135433
47.152985
42.22282
54.261475
49.942028
55.07427
52.87894
38.594795
53.71106
43.6886
46.298317
49.707264
36.781406
43.51018
39.890873
43.73069
48.025764
55.240192
39.852303
47.156273
40.119198
35.408012
51.459217
45.38108
52.221546
52.91206
46.88481
42.35948
36.567467
50.45045
51.26563
49.465515
53.095657
45.289528
41.34087
44.208145
48.042645
38.682774
40.23278
38.883804
43.37682
42.522926
53.839916
42.599197
36.05482
44.487072
37.874737
42.35232
35.344982
44.017296
40.792698
36.020683
42.88164
51.96891
36.732162
42.17315
49.6892
38.653675
54.112755
35.595486
48.146286
49.307186
50.724304
39.29947
54.748123
53.71772
36.979443
51.571686
43.569096
35.86793
47.499836
53.31043
46.52767
41.961433
46.359577
52.497765
35.912415
37.13294
43.118553
50.158775
45.140366
52.4738
49.244713
39.570984
50.38809
50.743847
54.64599
47.804535
40.560913
44.2861
40.811092
47.897175
44.047234
41.212612
52.492954
46.09802
51.842545
50.887684
40.959293
38.650284
42.921764
43.099045
38.582054
41.525433
49.188606
44.077988
55.940598
50.369896
44.937225
38.706257
45.67319
35.6804
39.524014
47.83057
55.027153
37.885044
54.866455
37.59473
47.43008
35.574646
54.461014
50.094982
38.432877
50.60258
55.843613
55.465893
47.05987
49.151108
36.803852
42.712162
46.94224
42.1484
42.208103
52.215855
50.607807
42.612835
46.986843
41.869267
52.953873
36.59977
54.69793
41.21021
35.23904
41.43085
40.090378
51.76961
55.89606
37.797096
38.261986
41.08059
49.089584
37.144352
44.329414
44.44355
38.221176
39.473343
41.01086
50.59381
38.518456
39.316456
44.15895
54.87606
52.436035
37.18946
39.07566
43.39436
53.843033
50.25885
52.39107
54.876835
42.87525
53.314026
42.394363
47.671005
40.889656
39.38851
41.96802
51.368637
40.174618
44.53543
49.695274
45.04836
47.941513
41.329933
43.285904
41.019714
48.651478
49.644894
35.197083
37.25409
44.915817
45.12599
46.213497
46.39604
44.049244
37.578556
49.795074
46.362644
47.852356
40.17082
44.20073
44.0592
42.352947
54.95694
41.753025
50.66621
50.045372
43.727962
38.121365
41.285637
37.633003
38.610096
36.170265
52.473724
43.40089
45.14704
53.74438
38.333103
53.12406
49.826656
36.74354
38.38871
40.85143
38.142292
42.978622
38.430073
50.996136
54.315117
47.593094
38.8667
36.910236
44.746178
48.285244
41.913895
39.524902
36.11564
51.17257
37.103054
37.696957
39.801407
48.902454
50.193455
49.618294
41.950603
35.532257
49.551933
45.01689
47.104626
46.777115
47.462162
35.90638
51.752247
43.455173
54.62723
52.325756
53.565056
52.347725
38.337017
35.85157
38.35564
53.235573
39.386234
52.66209
43.991383
55.5733
35.84954
43.586174
38.59528
52.119347
40.246754
42.879227
44.370136
51.85272
46.464355
47.434345
42.2936
38.67592
38.03861
55.75896
45.748886
50.72902
41.051212
55.325447
35.879673
52.621105
55.94012
46.838882
43.08752
42.5232
52.986183
42.55587
38.62636
41.86049
37.1005
35.03543
50.690865
50.292088
45.80792
55.606327
37.74425
53.772877
49.99885
40.394688
45.08595
42.754723
38.1046
38.97167
48.82058
46.003292
51.840588
39.552956
43.457222
35.081882
54.55751
49.210213
50.341503
45.285137
41.542053
38.739143
48.00292
37.693222
44.316914
55.6697
50.285957
44.06095
53.104115
54.400993
53.82597
43.456573
39.13604
44.596806
44.029373
37.92137
54.425503
48.78717
50.222626
38.933926
51.939
35.587315
48.045574
45.131794
52.856724
41.067276
55.482166
51.568657
40.74835
44.58396
42.1451
38.766277
42.045258
52.82177
41.560925
39.958485
37.148148
53.878967
36.23824
42.2182
38.872875
55.98387
51.24391
48.60875
39.708225
54.828312
41.861084
35.107258
44.535824
54.56546
38.657345
45.810448
55.0455
45.23476
48.952854
35.85224
42.068718
37.748997
40.24535
44.53769
44.448086
36.606674
50.622784
39.429226
42.86282
51.17751
49.5741
40.508965
43.237984
47.749695
37.89485
40.084618
52.979584
50.524654
45.576717
41.80689
53.298164
45.398216
38.668644
38.02265
45.310204
46.676926
41.102158
49.700817
49.439766
49.84379
49.384617
39.33684
49.881935
49.11
44.881424
44.566994
46.53525
40.767433
49.13205
42.704906
38.862007
54.29126
45.274334
36.050682
53.59327
38.7329
39.18797
53.616737
44.059875
37.190548
45.41016
52.86481
40.20098
50.0479
35.225323
46.154896
46.978615
35.23116
37.58541
36.869728
46.00971
50.950375
49.678677
49.597206
47.716217
41.263107
41.03203
52.32851
44.189598
45.326786
44.005745
38.36096
52.267582
36.390717
38.419292
50.48245
36.02915
46.41948
45.832985
44.05826
38.02802
36.736526
50.702717
51.841137
40.10532
48.23017
43.223602
52.682056
46.54895
54.473602
49.183197
38.831806
43.7001
36.576565
50.556183
53.192364
53.846718
46.708218
38.889713
53.70236
52.38918
53.009136
52.75228
42.022243
50.815144
36.04498
43.648865
35.82264
42.97865
36.045094
43.84121
45.27304
36.542747
45.916447
43.45451
50.77854
50.215412
51.42663
45.100365
36.618423
52.585335
45.009186
46.00081
35.903362
55.94712
37.360363
35.259285
54.186764
55.494717
37.368427
38.4919
40.14108
47.65741
43.945126
45.50581
47.94137
39.15442
41.013214
54.0916
51.385944
51.55225
40.24506
47.28257
44.32812
46.72309
39.144184
46.62625
42.693016
55.623135
47.715057
43.112095
44.210033
53.23644
35.27596
49.40417
55.004154
37.36293
40.9356
40.938854
41.358276
41.168438
54.876186
49.264835
55.28393
43.060146
48.864025
38.726448
50.01917
50.50261
46.34326
41.221165
49.210117
39.847443
55.059216
46.298294
35.32671
53.114174
38.40478
41.30819
50.813137
43.93009
35.5868
50.660072
44.58017
52.513817
55.26872
50.501305
41.70913
46.67025
37.561844
46.29216
44.65622
38.25387
52.109406
51.817505
36.821117
42.452763
38.5361
47.150433
47.075245
38.54769
54.720287
43.962788
42.732754
47.50831
46.18681
44.36362
36.491226
36.90305
41.415558
36.13905
36.069294
46.11968
42.014145
46.86556
42.62486
48.8202
55.51265
38.873745
52.55021
36.886917
50.004257
53.450577
49.909348
50.85558
54.9776
48.98561
41.608044
41.977196
49.465004
40.990356
53.368446
47.601753
40.065395
53.04969
49.71803
52.53509
44.49139
37.800488
49.49627
42.384518
39.037266
36.974987
40.832985
35.679153
40.76771
41.395008
50.15841
39.727856
41.28695
36.558018
53.568016
49.76047
42.663486
49.11727
44.78387
44.887554
35.458027
38.1255
35.02959
36.809044
41.83017
55.385334
51.367397
52.004295
42.38429
47.629543
40.433464
42.34376
36.755688
42.540215
45.051655
38.67695
37.935196
42.808533
43.90604
42.97172
43.983833
39.535255
41.30888
53.006863
44.09847
53.277054
39.11366
37.45271
45.95556
54.95491
48.991455
43.414
41.881817
51.658115
42.61437
54.154625
35.679173
53.101215
54.770985
52.775578
36.86588
37.120914
38.076683
48.075592
50.686478
42.136227
37.73541
38.688087
46.490345
46.937527
51.759903
43.858574
51.981926
54.518707
39.163624
35.903473
35.40534
46.92167
50.90047
46.474266
54.941742
36.223335
44.747234
38.240173
40.470097
55.862934
54.898964
44.498043
42.370125
44.480766
50.778893
53.51991
39.230927
45.31971
35.452175
37.156723
35.1695
46.026726
40.076775
55.330902
44.96051
43.38407
48.024876
42.570995
50.331898
41.09854
39.66477
43.6684
55.59061
36.281967
55.305782
49.869186
38.208447
46.667286
38.477825
53.753197
35.120132
43.92193
42.542217
51.09826
43.26406
44.643875
52.61208
41.578995
48.33067
36.755615
42.898045
42.10774
39.774307
48.047394
42.889233
41.98938
44.891453
38.563488
53.22939
54.8324
54.1715
44.37391
45.75474
55.33516
54.185875
51.028828
35.922665
36.64948
35.997093
42.654064
43.779316
48.01287
45.44146
50.21349
39.689457
48.73617
36.667313
35.937748
52.28331
37.435234
35.99547
37.298553
36.462776
42.603226
42.509163
53.19409
42.853497
48.234352
48.77802
47.203236
42.78925
54.230434
52.773746
38.865116
43.77177
46.74838
50.34491
44.945324
49.361702
43.479713
53.584015
38.561256
48.625294
50.092518
48.042015
43.856396
43.586773
39.711674
48.023903
40.63709
41.617653
44.365067
47.133423
50.01511
37.331985
41.781364
55.825924
46.635544
54.350525
44.78932
35.97527
51.511883
38.24689
49.839012
43.364254
45.838825
48.09539
47.84212
46.567307
45.408176
55.30273
44.611565
43.910313
36.414406
50.824844
50.669785
49.064266
37.503735
45.44527
50.090744
40.357906
51.89432
38.52299
45.342266
53.079025
39.274998
49.505184
42.803474
48.874924
51.976048
42.544525
47.74629
37.85962
49.598034
35.76065
43.09042
49.188663
45.88325
46.041958
37.16821
52.6721
35.119198
45.796623
36.068394
42.46177
44.77473
35.730556
44.86746
35.97135
54.386864
45.555332
47.20248
39.965862
53.939762
55.510525
47.191273
41.19177
46.107494
44.72253
51.66361
43.009857
47.768154
50.715977
38.03154
50.239956
46.13929
44.844017
52.897366
37.83
43.73336
53.01015
51.674538
52.02141
49.086735
53.81702
41.079826
55.398705
39.876804
43.196533
38.344307
39.583214
37.60936
52.650867
51.38621
36.359135
47.531815
52.46529
45.99052
46.704796
35.807888
36.641586
43.248104
44.542645
36.275383
38.844612
54.121517
35.018803
48.301174
48.35489
41.025047
54.77607
54.34606
46.87648
49.7334
35.994064
45.85713
41.0621
36.76631
36.935883
37.01625
50.786407
37.63588
54.362717
37.690945
46.52357
42.98854
55.456306
38.65719
41.666656
39.725742
42.82353
44.79392
55.264095
37.645157
45.748352
54.484898
42.44245
38.00859
53.103416
45.906105
51.73483
52.713245
47.23682
52.225403
54.640797
52.4198
43.709232
35.996136
43.00634
54.073696
39.972366
41.187447
51.231335
45.74534
47.9518
48.36145
50.887196
42.61042
49.025555
53.481068
51.05883
46.193302
46.0743
38.712227
42.612705
55.704407
52.12003
43.370205
42.636795
43.416912
45.566944
38.85231
53.49833
47.54836
50.211754
51.997753
55.321804
38.03979
39.00007
47.820393
46.20227
51.95779
35.971428
44.971214
51.13801
41.984272
38.957603
36.60475
43.491787
49.604237
41.37704
53.54732
50.771378
42.153507
37.90299
48.794807
47.65776
37.84649
51.873627
37.403866
51.50323
50.268215
40.05954
48.7828
41.972065
50.585514
41.80729
47.23703
35.10256
51.908775
44.637333
35.378857
38.832226
48.81895
55.09042
52.672516
53.94667
51.063522
53.988586
40.95272
39.487953
48.820858
50.305283
45.228695
52.88973
54.733944
38.523647
40.465435
48.494034
41.122612
53.702873
44.320164
55.64866
36.397655
47.469517
52.00429
39.28415
35.720604
55.804146
38.53986
47.72598
48.379837
50.803032
43.684246
45.510117
49.186634
37.56065
46.70814
48.139114
49.434
47.940685
44.02916
54.041138
43.606724
55.281555
47.42701
48.475677
48.08277
39.017143
39.196136
52.767506
42.52413
45.784134
35.12783
49.044273
54.519604
47.83446
43.65617
45.603394
45.312366
47.47474
45.8508
49.14036
53.122055
54.814045
43.194485
41.33317
38.65398
47.317284
43.244423
42.696697
44.8775
39.533424
39.343765
49.19584
52.0509
54.896255
43.523342
54.837887
46.272064
43.679783
51.6136
35.352104
41.542114
44.031326
44.37272
50.108585
41.443493
44.50237
44.129414
51.62858
42.054474
37.650547
42.03751
52.394875
36.648823
43.095768
42.54416
39.18371
47.06238
49.8792
48.08492
44.808342
35.34754
42.096058
40.336052
53.989914
45.482162
45.551292
43.578247
42.052414
51.451126
54.621944
54.855663
49.276466
41.976913
40.60078
44.6505
40.04044
52.539627
39.54279
47.73557
35.32768
39.097576
52.03951
38.71597
35.78508
45.096184
41.405727
38.52595
35.280884
48.936043
52.4789
38.808094
42.828552
36.06017
41.603714
52.66932
37.818794
39.21606
47.402473
46.781925
53.733204
51.24981
40.616722
54.17772
47.90071
38.997734
41.646137
36.36938
53.401997
39.45499
35.407955
39.625668
47.92716
46.421383
44.793392
51.325657
45.248436
42.25113
44.30723
55.32209
43.982456
37.16656
39.442383
36.15505
36.485416
48.834778
42.9635
51.774574
41.049778
41.551987
51.55188
51.154434
39.052597
52.43183
37.198544
40.809193
48.343178
53.452206
47.323215
37.762764
42.95177
53.079094
41.843895
38.959187
53.151207
43.456738
37.32519
48.45476
50.009796
50.829937
54.892998
41.985794
53.83654
38.947495
38.819016
54.667183
51.338608
36.68493
37.550667
49.644493
37.886257
50.02025
35.490257
47.49588
47.011845
35.79811
42.01182
39.059956
48.157192
45.425957
37.044903
38.151974
43.727608
52.75977
46.051594
42.322987
44.710995
40.957684
52.376495
53.415356
55.476933
47.006485
45.758778
48.172718
51.883366
52.95893
47.261425
37.573906
53.48741
50.659187
38.994713
40.87737
35.482006
52.879143
46.78939
39.586617
47.961613
42.340057
41.409565
53.67681
52.257824
43.052177
43.986042
40.45893
48.379723
35.769005
51.098114
35.400272
43.043953
43.123535
53.33488
41.068607
53.386032
49.190563
51.227005
48.122402
53.207035
54.80206
44.15539
48.930332
37.528713
46.931927
40.215538
37.97104
52.305412
35.862015
40.044495
48.637424
54.372486
54.642925
42.302025
43.449894
42.09865
45.5712
45.838314
45.96887
55.75368
46.01876
35.577724
51.889507
55.302998
35.97094
35.801292
49.899982
40.19721
44.05621
54.820404
42.889706
51.737278
49.68374
52.999706
51.00498
35.765015
45.144146
38.709568
48.866848
38.753754
36.174343
55.06659
38.989735
36.855488
51.539116
46.255325
47.06915
55.098503
36.640053
49.815105
44.343002
40.723423
41.026794
44.523037
48.673397
40.595825
43.955967
40.40743
47.34441
40.740017
43.82002
49.985657
41.826267
39.301216
46.351067
40.036083
43.917446
48.662445
39.994305
46.085884
38.743584
55.01744
54.740803
43.324886
38.065792
55.43257
47.0115
49.840096
41.23077
38.318226
44.892048
35.906414
50.88125
55.274265
37.13247
54.56614
38.23781
48.474136
44.846165
44.883114
52.36151
53.10894
43.769466
43.067005
49.31194
50.92512
36.27596
49.12902
42.526127
43.558765
44.079132
39.85237
44.061424
55.19429
36.702324
35.63918
51.568882
39.057137
50.34674
50.230106
55.99363
43.38745
41.74634
52.383713
44.034904
40.83591
49.962585
54.349735
37.340714
47.67292
36.84263
50.37369
53.260773
40.80892
48.041233
40.529896
35.736237
47.38616
41.08971
47.89569
37.565903
42.621372
51.984463
46.45182
39.855892
54.653774
46.16319
42.122204
46.9335
53.38455
52.538612
35.05089
43.385742
48.681335
54.467506
43.554844
55.169346
44.865456
40.1472
46.18826
41.931156
54.099693
47.95208
47.007404
35.77675
35.15086
37.649517
41.434616
39.72978
55.014175
39.267567
52.085823
46.035824
48.05531
51.626026
40.548103
43.281776
50.651268
47.18808
41.372055
47.02555
48.792618
38.94132
40.478394
45.260704
38.747322
53.47511
39.768894
53.576736
43.680397
53.285442
52.979023
49.318184
54.073765
45.60893
47.712776
37.39426
53.89712
48.764362
35.15992
44.64575
37.74341
45.06329
45.211586
40.83683
35.56128
40.840298
38.56226
54.407112
53.192333
47.049152
37.91454
40.09257
54.652134
49.172813
46.587597
51.404137
46.981915
54.90326
37.67109
46.738705
43.541645
50.161335
46.36335
43.58978
37.815502
40.547356
43.285995
38.923584
46.157047
46.239967
46.376667
49.291313
47.414295
45.693752
50.427475
53.659416
37.043648
49.22531
50.458668
44.257088
37.14695
55.723118
40.895565
41.963886
42.847363
53.26813
45.95114
51.89013
35.55741
39.410213
53.70766
38.839043
39.98652
36.209618
48.137703
49.28184
38.18557
48.923363
46.708298
50.325657
52.532448
54.39302
38.271454
38.9091
43.325203
48.773468
39.660183
52.12135
39.568447
39.231464
36.78116
53.108025
46.613792
50.6383
48.023537
37.500824
48.546555
43.08269
54.487976
52.68769
53.598686
44.237907
35.880737
36.526417
45.411766
49.23156
47.91481
43.297092
48.67421
38.686867
37.71335
54.78725
55.513138
41.03101
52.02024
45.408615
53.03419
50.999203
36.9885
53.155357
36.571392
43.502357
38.93915
42.031296
52.534473
51.67172
55.76173
53.29692
44.222454
44.945633
43.561993
54.51719
43.609924
50.52156
53.753235
38.927036
37.906567
47.360794
52.034813
40.074047
51.64048
49.20375
38.60462
42.0462
45.12242
37.73055
36.511993
44.8477
44.410767
54.084515
38.273182
52.646824
42.315876
55.465607
41.743782
43.687294
46.557816
54.396145
53.770676
46.628094
49.9228
53.56312
45.330635
36.956802
52.151398
43.849224
52.703724
53.90738
41.335545
54.279125
53.726387
35.00595
51.801525
43.127945
48.3228
46.966564
47.812607
55.365692
40.322308
49.16397
54.937653
43.94434
41.03684
44.321484
48.601
51.173656
51.194057
45.369354
35.154102
52.577183
45.60053
51.65285
38.790848
55.17168
53.343563
52.798958
46.766212
38.07136
54.431324
35.586864
42.67176
36.682354
50.517883
37.109726
51.971825
36.523495
44.763126
46.363842
55.610516
46.886253
51.93705
35.156284
53.26253
38.12956
37.593815
43.883114
49.719555
37.394623
51.51295
45.297714
38.979324
44.92033
53.633488
36.86248
36.83587
55.9415
54.391254
54.656788
53.157074
41.36041
47.71058
37.100555
40.57975
38.996094
45.898453
43.944916
55.05246
45.236626
55.34282
50.080173
44.512993
43.34614
55.225986
46.71616
36.999817
54.511566
55.43008
55.401234
51.66605
41.953083
51.433575
51.163464
55.489464
47.06806
45.276127
40.781258
38.95365
52.62978
44.60367
41.820557
45.61304
48.520363
52.396347
53.611855
36.24849
50.341606
35.229183
42.78263
50.270367
36.517822
43.818436
50.3095
40.13241
43.181664
48.166412
50.309223
51.7824
43.216843
55.833103
42.94881
44.5947
46.32092
51.73528
41.922474
47.804726
45.84689
53.40183
39.91662
35.197025
50.484016
50.79885
44.36413
52.68627
38.54633
41.678684
38.575203
50.474445
44.751595
38.904232
38.024494
46.667595
53.89389
54.353256
39.172817
41.592163
53.73985
45.816788
47.706673
47.563408
54.811523
47.771736
54.48993
43.52746
49.458126
39.029808
39.839348
43.823814
42.76444
50.04313
52.95938
42.29635
44.39535
52.08159
49.501392
37.118813
40.434116
37.58771
51.248764
40.994553
47.636055
35.761963
41.871582
48.84056
53.29004
45.83468
52.5433
55.67222
54.056774
46.54038
46.96671
55.167973
35.735966
39.026104
36.01751
50.312008
52.90364
47.79743
40.78138
51.588177
39.756508
35.33412
40.233913
35.430042
47.30188
53.69202
38.19272
54.01932
36.23978
43.748516
52.457134
35.06924
39.498066
48.746075
49.243378
37.92931
38.40193
46.44159
51.12157
52.204563
46.885883
45.47887
38.66599
53.094986
48.98933
55.567474
49.940994
41.829765
51.116158
38.673054
54.762478
42.89628
51.184155
47.702835
39.398354
53.24507
39.84197
40.1043
48.001408
36.28985
37.389217
46.38603
41.60403
36.315426
53.89964
46.816727
38.946712
41.856777
54.31778
40.461746
37.76083
50.71877
52.976303
53.276024
40.381058
49.568844
38.064137
40.188156
36.724045
47.453903
48.06494
54.982376
46.73713
47.167835
37.08075
53.313606
54.394794
35.12746
51.257587
38.3752
52.200123
47.302578
40.23772
41.579906
51.934975
41.78953
49.677513
41.111687
43.094715
42.818047
39.390396
49.35917
54.042095
44.33746
47.601166
36.05129
41.41981
43.841213
37.13085
50.38137
43.772232
42.757355
37.070667
48.52802
50.644337
40.5581
51.649067
50.759483
54.649467
41.72282
35.54762
39.74275
54.127342
55.826607
49.87956
46.7694
46.05002
43.320496
40.40899
39.357456
53.77574
37.019592
39.359264
50.091522
35.09938
54.92184
49.33593
49.623447
36.802925
55.742794
50.47243
41.471138
39.57074
37.470802
48.896225
46.62564
36.701557
50.3221
40.008327
55.00459
42.522957
39.70683
46.871174
52.47489
39.793808
52.204685
46.207542
54.508274
47.6664
55.092766
40.127747
47.53039
39.972343
36.66856
48.722626
45.67749
47.69489
46.467194
46.086708
42.984238
45.49532
55.485077
42.168926
53.99216
48.072056
42.69072
37.087536
51.390095
35.948666
54.4289
39.191303
44.57651
42.010395
48.805756
42.20093
54.968082
40.738968
43.77997
39.222588
54.469646
47.63128
41.479324
35.28967
55.767868
53.730198
35.212
46.359535
36.014156
50.544216
53.748398
52.368565
45.022007
49.887577
45.712093
36.032024
49.31971
36.333668
43.337345
41.56439
49.27154
39.041874
54.42587
48.391346
40.008686
50.69164
42.066963
46.226444
38.095947
55.137417
55.5728
45.5933
39.700897
41.184395
39.12468
45.98865
50.529377
47.577053
40.826157
36.401928
35.94441
37.891537
43.21543
45.833866
41.49531
45.527416
43.802174
52.789635
44.5495
38.405754
38.862713
42.46125
46.841595
47.29771
48.55292
51.459503
40.532787
38.931477
40.37941
48.507458
52.807903
37.15535
52.207447
49.465538
39.12855
49.470787
53.27789
45.422436
53.00768
54.191685
52.15569
52.35671
35.5743
41.33481
52.13887
35.05058
46.256588
54.10112
48.41971
52.52046
42.627575
53.468887
47.20865
50.218086
48.829453
44.98693
52.106785
44.651546
50.02109
38.32983
44.24418
52.877243
52.977795
38.557003
54.088867
52.52198
50.313145
41.303486
43.375557
52.608418
36.78994
35.322826
39.30296
40.477806
49.840427
52.90096
39.005413
48.530594
51.72575
36.664986
53.316917
50.338543
51.730194
54.221725
51.014786
53.92119
41.408016
39.878483
39.055267
48.625072
45.17888
46.42194
54.794956
48.0959
37.502525
40.561096
48.82947
45.2917
40.454132
49.1762
39.87484
41.349476
39.76884
50.958122
35.067272
42.38824
47.327347
37.37109
54.163376
45.00806
47.613846
43.126774
45.385586
48.32788
46.893715
42.518707
54.076565
37.893974
43.73005
46.03345
35.901493
41.68656
53.98681
41.628563
37.06857
46.753693
50.650696
42.94728
54.92586
46.709732
36.644737
38.526024
35.336464
43.4498
50.303745
55.743084
42.434147
46.952213
52.334915
54.855663
37.71821
38.96769
44.896683
51.977142
49.958836
35.726948
41.894466
47.257744
38.053253
45.53784
38.71428
50.849
52.798176
45.28844
50.3933
45.45617
35.52546
45.424362
40.661224
53.412594
43.68562
43.92665
53.376873
55.246113
48.757732
47.180676
45.631794
36.650013
52.314556
36.39716
42.19571
52.6197
42.67799
42.42308
42.03846
46.271107
55.362877
36.3633
40.37865
43.51792
50.425934
38.422955
35.081554
50.352306
40.911873
46.776165
43.256912
42.947132
42.82023
53.06845
38.59199
40.177887
55.40403
42.368134
46.295994
42.448402
48.155525
47.99636
35.529068
50.896957
45.534203
37.68582
38.84238
40.15799
43.348953
53.94504
38.46539
52.85947
47.718777
35.33813
55.2422
44.947193
45.705532
54.62909
50.64097
47.74453
44.03725
53.38529
44.538746
55.379936
41.822113
40.686615
48.418472
36.844284
47.79087
37.04453
39.20599
40.476288
46.399307
41.49985
48.22171
38.116665
42.072773
53.13832
37.625053
38.520252
42.98098
52.93991
53.289364
39.870285
50.9942
36.960842
49.26068
54.40007
46.890816
36.336433
37.825996
36.194736
40.46132
46.48853
42.744793
50.21936
52.88552
43.222954
47.38236
42.49962
43.647144
52.110435
46.324078
35.167328
55.29415
42.658737
37.54705
36.775517
50.553185
38.304237
46.378704
55.88637
39.663113
41.17788
44.281544
50.440285
46.30519
43.933613
48.969177
40.82533
39.176395
40.666424
45.480618
49.88386
42.077713
46.09283
44.61836
45.316673
39.370506
35.718327
54.590206
53.074883
52.79186
38.67426
41.785664
42.36593
44.913715
47.271008
47.364758
48.84247
43.980846
53.08466
45.74054
47.39156
39.46907
47.57131
42.096027
47.696335
43.4679
41.78598
53.792156
47.403687
36.91075
35.77256
49.895454
52.29863
51.75095
54.586456
38.082405
50.359844
49.413315
45.71367
36.862057
55.95068
41.23876
50.857803
39.39925
50.68605
55.183292
40.680874
45.21795
35.70802
45.732937
40.104282
38.717396
48.201572
53.852734
54.20304
37.74346
37.986877
52.800365
51.559395
55.42336
52.935524
50.804226
38.18122
43.093914
39.775528
46.930668
47.736034
44.431973
55.57371
47.94686
39.903324
50.830074
50.813656
52.623123
49.10582
51.651302
53.523907
39.712776
53.74459
55.244347
45.35313
52.797634
49.333447
42.503098
38.837894
39.293682
53.604736
43.314686
52.36338
41.17427
40.741806
41.455696
48.47855
39.387024
45.382492
42.368305
45.294743
52.515903
54.933647
49.776524
46.6702
47.971252
47.03835
54.287174
54.762955
40.878468
44.745583
53.96113
44.320637
50.8797
35.046276
44.337383
50.76818
48.263382
47.96023
43.545853
46.752945
52.192677
48.28519
52.954357
49.31177
40.31668
49.452217
46.26111
35.23552
54.71725
36.670982
42.065983
42.52409
50.969334
55.693886
46.73236
46.04852
37.074287
55.07985
37.78567
49.666656
44.16335
39.79648
38.185783
38.075035
52.162228
43.36373
44.557365
45.62192
40.058167
50.51252
41.865643
43.155254
52.01718
55.50864
51.08459
53.733894
50.361828
48.875267
39.120464
48.69192
36.33889
42.236637
54.62548
44.112976
44.681545
49.40094
39.364986
54.24533
35.201977
39.60228
35.485886
39.76823
49.038113
35.02954
50.374924
35.10621
50.722164
46.384262
49.792583
40.18041
41.938744
44.23006
37.62159
55.084682
45.696877
54.323097
46.87859
49.178955
53.65285
35.945797
48.603443
41.00367
51.489822
49.505577
51.86263
37.236343
39.585293
46.305645
53.381496
38.63497
52.679035
39.44679
36.254807
51.542976
48.891632
43.277058
44.77571
53.066303
46.237972
39.670498
43.670452
41.47595
38.729923
45.686554
43.92936
51.737587
48.26915
42.838673
50.984272
43.324955
54.79356
49.283424
40.198414
41.634815
36.559834
40.7309
37.506714
50.388607
55.019753
42.772568
46.572956
53.379646
53.479397
48.62452
47.014698
54.804462
44.61809
44.992115
37.08769
38.203182
47.98777
44.876213
53.718647
38.726055
40.813805
36.6617
41.928516
46.042053
48.77461
37.755875
36.49791
54.710155
41.950188
43.377098
51.192307
50.24521
47.79863
35.83351
40.986576
36.42761
54.84477
43.777073
55.506786
49.6296
49.74673
39.46994
35.341747
36.060993
50.543716
54.05818
52.96766
54.873127
55.182343
50.21215
42.776226
36.00238
38.869057
52.263298
46.09993
54.48306
44.402596
37.143963
52.187763
41.714497
37.40316
41.01969
36.800518
39.82823
55.273827
35.492935
53.466785
54.868553
51.805134
48.6524
53.469154
47.97334
54.564938
54.044167
45.314697
35.12202
42.603565
41.848667
39.78458
39.303535
42.54815
40.161827
36.65478
48.14967
47.860153
43.299286
48.833153
41.177677
37.8867
51.46923
46.967712
46.79107
48.34884
38.99256
36.546783
49.098473
36.07898
53.488155
53.133728
39.42796
49.144836
42.086716
44.657333
43.13782
39.978653
48.78827
45.61347
39.954628
37.768253
55.536507
35.62443
41.60561
35.160328
51.447384
47.04955
38.9547
51.276657
37.899834
54.243797
35.200287
40.15025
55.873356
35.620888
51.947548
43.95129
45.000107
51.893055
49.12942
51.79157
49.288406
35.73178
53.817608
50.47131
53.3702
37.622116
39.93863
47.26378
38.4266
55.8678
54.78994
52.72073
47.653725
49.545105
53.03706
41.52572
45.245365
41.70056
53.565243
55.622448
35.3894
54.240917
43.15775
36.20182
52.70171
38.7733
49.477627
42.64404
35.85436
55.11939
46.241177
37.18103
54.894012
50.34941
48.78848
53.869705
52.89212
44.96018
52.480206
50.44796
35.12013
47.255898
47.479595
46.783035
46.901
52.0813
48.514782
54.915844
36.65258
45.80377
41.158978
45.155006
52.408813
51.8444
51.01461
40.280773
55.281673
49.117477
54.94249
36.681828
46.90955
45.453827
43.138123
35.16674
54.92721
51.455334
44.4247
51.26714
42.88788
46.256462
45.606007
35.08112
55.86973
37.353024
49.10217
38.093052
40.20725
54.99937
55.377583
38.949947
40.401897
38.672176
39.862465
46.87465
48.28734
47.75234
52.1683
51.252712
55.95096
44.8861
41.402233
47.942375
35.746662
47.452282
47.296646
38.026047
39.97296
50.18463
44.687508
54.046955
48.436104
40.276558
49.59873
40.255947
51.16954
43.23017
48.81964
36.031273
49.039173
49.302254
38.39885
44.42797
42.828068
44.646976
51.920086
53.763805
44.664734
53.158436
38.774326
55.255035
41.33594
50.575634
46.897316
41.978123
45.10802
51.62842
42.602814
43.852257
44.169765
39.874886
41.209152
39.912975
50.70572
39.409107
49.13048
37.878418
48.910244
39.80269
40.983818
41.897537
42.96086
53.484318
42.049255
37.41359
42.083557
40.258675
50.11298
37.276268
40.363342
44.819347
40.32146
54.59243
54.879967
55.919956
35.180016
36.31801
35.08186
44.333546
50.240078
55.262653
41.0505
52.852318
43.33689
52.003777
51.453003
48.35815
45.463
48.188293
51.53243
49.428894
35.492805
54.83782
47.44333
41.036266
44.009457
47.567207
51.60435
55.638245
52.427986
49.07645
36.51015
51.372105
41.456944
38.882362
54.62167
45.113987
55.69586
46.019226
35.53688
42.88647
47.82697
41.356506
54.633224
54.467922
50.426903
51.256924
37.76867
48.085545
39.897842
50.529644
43.42987
47.758724
52.39742
41.020958
46.924114
41.200005
44.932777
48.728954
45.82579
50.178226
54.97661
55.02864
45.90886
55.90148
52.061676
45.450615
49.223312
52.28734
51.815083
55.46896
51.806835
51.953415
40.80479
51.923073
44.76201
52.383583
50.38824
47.023247
36.07492
48.003323
43.47655
46.371326
45.60288
42.83236
37.757668
55.065434
40.116825
55.973534
37.457916
54.751717
37.14838
45.44389
54.163944
47.43627
44.66196
50.75737
35.575428
35.97677
50.249084
54.22793
52.314064
37.436165
38.625095
46.17788
55.07531
42.899612
49.69775
43.10823
44.47678
43.931087
45.372547
38.41609
49.9309
43.57753
49.56161
54.42887
36.749165
51.716118
37.57073
45.365826
43.471645
52.584133
53.153614
53.334354
53.107635
36.53116
55.042797
55.622173
52.572002
51.38973
50.693428
36.35562
53.106773
40.37332
47.30921
42.060535
50.888462
43.07939
39.958992
47.78396
35.33917
36.000557
38.737972
53.213387
55.88304
45.92825
40.47938
35.664837
36.019596
38.77103
43.480312
43.901714
51.621487
45.603592
35.06979
51.49372
52.30681
47.212776
44.617638
35.828186
52.58446
36.013226
50.75937
42.945866
51.22622
49.968178
42.195496
49.0891
51.98004
53.069683
50.412746
48.222157
41.306755
48.007805
54.070328
48.812107
44.295742
47.88982
46.596
51.84297
42.29516
46.2581
42.744854
51.376774
44.078426
39.199265
35.487846
47.972206
45.561028
37.03751
40.617756
35.924976
49.180313
44.96131
46.88683
43.603325
42.055897
44.945534
37.32358
47.11822
48.959393
54.499794
44.615322
54.18965
52.939552
35.099266
38.08854
40.348846
36.17254
55.63541
46.871082
44.55079
40.237
37.861923
35.27799
54.862198
49.549595
52.605083
43.327156
46.137276
42.13924
50.45791
39.56148
45.49677
48.286694
36.783897
47.03094
35.985497
42.811222
37.118973
49.371014
52.999363
54.947113
45.479053
36.40313
49.944836
36.820168
39.655926
52.57837
54.1223
42.507973
50.315525
51.88736
42.00919
39.547672
37.600513
54.5673
55.95969
54.54098
51.98278
45.051376
35.834785
52.19871
42.311954
48.126293
38.229824
44.765575
49.362225
49.190384
48.77636
37.27099
53.69263
55.83779
45.460686
40.46275
39.304832
48.73351
51.0238
49.597767
38.407562
44.88952
43.285645
42.48776
40.578537
43.00403
38.671143
43.32757
51.75208
44.483856
40.306347
45.870102
35.754868
49.13424
52.80009
35.45398
42.5623
45.270874
37.229836
45.238968
45.0544
46.185684
44.910015
51.758816
40.812965
42.480953
42.236935
41.562477
47.42054
35.775555
40.276466
42.282
46.797035
43.682674
39.78892
50.938984
36.341164
42.76004
48.070274
42.681393
38.03175
35.34181
36.329525
37.428726
41.18766
52.775402
54.31921
44.0958
53.285557
54.607178
38.58929
54.164097
55.0909
35.687553
40.04429
47.374573
45.370487
55.999153
35.449314
42.226818
46.623653
41.25093
35.152718
47.786964
39.594505
44.926582
38.57142
44.030315
48.809002
43.52744
55.919533
37.574554
48.018368
52.207954
53.251743
39.19555
51.224285
55.86624
52.139935
55.960083
55.91152
54.022522
45.204865
44.158607
35.22006
35.495193
37.284397
48.47585
45.05154
51.967216
37.235374
50.998318
35.523693
47.024685
55.23854
37.72512
44.76172
50.14513
55.00405
37.222176
53.747017
46.41467
41.4598
41.93967
38.831223
49.461296
45.345562
52.498894
53.567673
38.20569
40.63297
43.94685
44.712444
37.551624
42.84481
36.575764
41.603603
41.064636
51.15656
45.409386
35.64006
42.020725
46.6289
35.869247
54.250263
36.94609
53.042145
36.451283
53.566265
46.914406
40.581745
42.46697
44.00006
42.41992
46.058548
52.032974
47.056816
39.602623
49.43845
49.529404
42.01359
46.966045
35.203064
50.68917
44.542305
40.498707
44.46633
40.329636
54.96214
51.287045
52.831642
49.492527
39.569305
36.290577
42.689774
53.41931
41.411037
44.939434
39.030106
51.356518
40.945816
36.60977
55.86583
51.659233
45.26338
40.834415
37.05844
41.040775
52.92562
38.314087
54.66769
42.102757
44.03363
37.40881
52.950153
37.47212
49.826046
43.80955
55.782967
37.970303
40.97067
36.517036
46.598774
48.244656
35.723648
54.087555
45.883884
47.203316
53.299774
40.34487
43.913494
50.412132
54.1224
46.40294
49.6764
46.335884
53.103107
39.895752
49.87599
42.935894
38.738846
35.768757
45.485245
50.672325
48.60822
54.850483
35.580482
53.4017
52.798843
51.693554
46.08197
40.00904
36.904102
37.85102
46.58901
49.86865
41.49032
55.836906
37.712997
50.388885
47.354332
49.509212
44.18401
49.963577
54.46665
41.509026
42.534718
54.62636
38.226803
44.69122
41.350185
52.58413
52.545174
36.190197
49.912643
36.5919
44.30964
43.878403
50.567734
52.82381
55.99536
48.49583
50.291706
39.493523
54.53276
40.655495
37.748928
48.98232
53.061153
48.26291
53.59464
36.644154
48.86466
51.626774
39.90011
39.77443
37.612072
52.683643
42.35559
45.45287
41.00392
48.31111
42.341114
36.100674
46.06754
39.662037
46.04588
49.628387
41.635014
40.816563
35.564175
53.993183
47.989002
44.819252
45.299015
55.83302
51.26787
42.34538
47.064285
39.59987
53.984367
47.823444
49.99197
49.27545
49.93082
47.83018
53.723145
39.32031
53.819298
35.969955
49.389744
37.980537
40.23636
39.25206
42.578613
51.45658
53.87988
50.18755
41.81026
44.724472
37.589348
35.44142
52.061775
50.992325
47.381184
44.896538
41.516613
36.87358
53.557106
41.412342
52.03365
54.36331
49.9663
49.394558
49.793682
41.615017
39.67099
51.53119
51.203503
54.332848
44.590332
52.69575
45.41622
48.31764
37.178925
35.07034
48.760883
38.335205
41.83388
46.999203
54.965332
40.011353
48.518494
47.94774
40.303364
35.900463
47.040577
40.212322
53.70046
39.22324
54.53006
52.703102
41.392025
41.023945
45.92319
42.205036
40.94388
37.658672
39.67947
42.011505
55.31672
38.593613
41.532833
55.720516
51.184753
41.465763
39.809875
37.285194
42.903133
54.23864
54.73576
45.118244
35.359722
49.07141
43.1922
43.164383
41.443726
47.2125
47.592377
50.37521
35.017147
35.82721
42.893776
43.947765
39.084484
38.17378
49.282917
52.02099
48.32195
45.953533
39.7347
49.263615
35.249622
49.978065
55.474342
37.932507
42.10814
35.520042
52.351418
54.532173
50.93622
53.844173
54.273
35.164276
44.436054
39.450916
49.13709
39.020153
46.96077
55.50795
54.15755
43.23987
47.361294
43.79307
37.078236
45.538136
49.489803
41.226986
36.53676
41.58039
42.87246
41.7357
43.75724
55.081596
52.436478
54.74951
54.826572
38.995808
37.20465
43.11932
49.040203
46.96642
48.55525
51.61073
35.19112
54.41481
40.98581
43.422718
54.219685
52.25961
42.316635
43.36988
36.34211
49.27908
37.92291
47.465977
40.631897
55.556038
49.8941
41.65135
51.041164
47.277683
44.985035
38.31794
37.017822
46.40194
54.845093
52.103027
54.19964
52.34742
46.290386
39.146347
37.147846
43.916016
40.318245
37.635303
41.720432
53.114845
50.15422
42.998947
39.479404
49.408882
55.86884
48.553875
40.476345
50.205822
41.004776
52.753845
44.867165
55.051643
51.214462
50.449703
54.069496
48.098324
44.124233
37.727417
42.59531
52.894367
54.512974
35.959423
40.266335
42.444317
43.42167
38.678
41.25144
35.785297
38.994774
45.759434
42.252796
39.036438
43.69515
49.1937
38.211582
49.991497
45.031414
44.40695
55.10411
40.845333
49.08986
41.702545
36.755928
49.571777
37.972576
42.89138
54.113796
49.803364
49.70944
49.59335
36.08475
42.802666
37.33345
46.009182
49.876377
51.26052
50.587437
54.18546
50.75404
39.20817
50.164555
37.925613
40.268375
38.288277
35.47597
39.535748
53.30046
45.99419
39.686024
35.536537
49.722065
54.257187
36.158657
37.32111
54.075058
52.93826
39.518368
55.493656
52.436543
48.364014
42.244747
52.28472
54.555344
55.035484
46.091812
35.006397
43.420677
37.034176
37.651604
36.98439
35.6552
41.45144
41.066124
45.783756
43.5124
40.375248
35.232464
47.83122
42.80221
52.582745
38.8431
53.729393
39.768925
45.10736
49.256603
47.65691
35.80191
55.2762
38.50363
36.2532
35.872406
40.646225
55.698833
43.297985
37.758484
42.50718
37.751427
35.312733
35.44559
54.264606
37.545464
54.935177
51.571465
55.068108
40.695442
44.54765
38.42192
53.508003
49.57368
49.1763
36.777943
38.067783
38.552994
54.120564
51.86474
51.290302
53.311443
36.12087
55.75984
38.29234
52.605656
36.127514
37.88001
40.345245
55.134846
52.894737
52.58574
35.728615
39.989895
36.691357
41.517166
39.959404
35.71006
55.39308
35.00687
51.800728
35.154537
42.101368
53.802567
39.162533
46.23684
39.219936
49.376694
48.12062
44.067085
47.61233
52.300137
45.80101
54.200623
44.06265
36.5137
37.80336
53.500874
48.766376
36.84368
36.1702
50.59029
36.989437
39.77688
38.64799
39.985165
37.350895
51.335423
46.13148
53.78858
53.40846
44.873474
48.734695
36.25015
47.35576
40.75531
40.889736
49.592194
55.67652
38.168465
41.23905
45.248928
49.543148
48.775593
45.857086
38.068653
45.59584
35.515366
43.514206
38.08848
44.493294
48.62522
39.278664
48.206905
48.287086
48.87787
55.74167
46.45168
37.23937
49.0986
36.54616
49.56872
52.17695
47.26184
52.70158
50.342342
43.85485
51.853214
45.375
52.397938
37.08858
36.727192
44.463203
39.23538
54.60659
50.390663
38.27083
41.89452
38.67318
53.499226
51.04641
41.96407
51.53694
35.365646
51.961216
48.61055
55.670925
37.448895
40.354984
51.9265
36.588146
39.117405
45.718227
53.175095
52.73966
41.46156
51.932453
52.443146
52.632324
47.568195
37.74775
37.805073
43.839497
40.463795
41.341324
37.34773
38.0203
53.883278
36.07128
40.30905
36.41171
37.127705
35.216404
53.143265
53.51261
50.53696
41.576027
50.54108
41.840134
53.522346
37.293068
42.305428
39.70588
55.679283
49.159004
35.511585
47.933384
44.23176
54.961197
49.56519
53.317944
43.947784
41.141037
48.61229
43.416172
44.709156
54.145638
35.252846
45.94494
35.118965
35.37632
47.662292
42.668007
54.886753
54.56385
36.035366
39.153656
53.24391
45.73342
38.732254
43.19752
45.310844
36.661667
53.62917
43.022465
52.162674
48.873432
54.953754
42.59078
37.3216
50.777824
44.32034
36.494015
55.541878
35.501102
51.77086
36.921753
46.047134
42.338123
51.374294
39.15311
50.83013
40.51471
36.340908
53.86336
37.231373
46.129948
44.666954
36.29294
42.775738
51.73045
40.041576
47.987236
54.165253
42.95797
45.11944
49.38297
47.401264
38.107124
52.291206
36.990562
46.2408
37.23181
45.768322
40.30181
43.579502
49.64695
39.139507
43.8383
48.897587
37.286377
44.55348
35.948338
51.605316
52.39819
49.335552
45.058975
46.98111
45.485764
47.15556
46.09427
51.407936
49.23546
37.83021
46.68243
55.782658
44.411427
50.465107
45.591587
46.29825
55.343456
49.919994
36.557716
35.280117
54.6854
43.515358
45.298046
37.395565
48.579914
49.48931
50.039494
35.349346
51.2294
46.960766
50.333984
36.12843
41.143524
45.05825
45.281155
50.96558
55.01056
49.433266
45.53385
37.454018
46.222656
38.592865
45.62299
37.66441
50.57455
40.35833
48.205597
49.690586
54.55061
41.284973
45.813675
38.781883
35.91693
50.062805
42.561283
51.107616
36.043224
48.75856
45.05334
45.243267
54.49344
50.256622
35.432205
42.66805
49.944595
41.409798
50.096508
53.919956
43.420094
35.220352
37.13174
35.567265
48.1567
38.837646
43.90321
39.82411
51.163773
42.280674
49.57927
48.463264
53.678673
53.5722
46.576527
45.660503
39.274166
43.40578
44.048416
47.54261
36.33159
46.557667
43.574852
51.50521
41.957798
44.002758
42.152897
40.81663
52.194458
55.097115
44.437145
48.630493
55.54495
37.24893
40.933273
39.29249
42.42724
39.215973
36.50949
53.745617
43.150227
55.539257
53.15786
43.913548
36.406685
47.65132
44.411198
36.172955
46.077602
40.8818
35.20109
54.41365
39.350758
49.92402
49.22874
50.729042
41.77066
38.323242
47.11264
38.479805
44.857407
46.200653
51.675865
55.330025
54.35886
45.736576
49.74052
35.867783
51.033504
42.902435
43.708042
52.59108
42.10059
55.55289
51.021515
52.365234
48.139725
54.267944
36.329655
44.939304
36.273785
52.2694
37.802166
54.746773
55.92709
43.32688
44.582138
54.009674
45.314903
49.815647
37.803646
47.11562
42.09106
35.99178
40.951363
40.34348
41.25703
48.109955
52.59373
46.276295
41.518887
38.224697
40.682575
47.65891
35.76791
45.388187
48.679237
52.03293
45.255966
42.486023
46.74111
40.213215
48.33865
38.136787
52.082146
50.557667
52.367126
36.922287
49.407253
41.026035
47.42393
50.712166
40.0127
52.22379
53.11843
41.00013
49.743404
49.98337
55.584442
52.978466
42.502777
44.54797
53.15547
49.543365
39.42198
45.091812
47.932396
49.54572
53.112835
40.13628
43.603767
45.38024
42.652203
39.40245
55.430817
41.44046
46.07563
47.77847
37.267162
36.057896
37.194096
45.374107
49.84748
49.290775
45.4901
52.084972
44.34998
54.331036
38.698044
55.695343
53.414196
35.35786
50.428604
50.31131
55.378654
46.381878
49.858063
49.834793
39.49227
49.99613
45.070847
53.264267
41.248714
38.9784
43.11719
40.839382
35.794933
51.37384
55.227764
46.434494
48.572823
37.027885
45.91317
35.149918
48.967457
49.53633
49.868626
38.75001
53.7557
53.23286
45.702805
35.453632
43.575806
55.143898
37.514664
37.59514
42.47168
46.80639
46.253197
53.843155
45.804573
53.46629
40.612507
45.989414
51.470722
36.453796
44.938164
44.801502
48.41498
40.46591
35.250675
36.07101
40.88862
49.077854
42.028152
50.78255
49.76374
37.051735
53.83245
47.2792
37.487175
53.914425
51.211887
39.406605
39.93355
44.83595
44.568375
37.880356
49.500214
37.05564
43.838036
50.540516
46.27598
37.975403
52.90168
47.732094
36.01108
40.567604
37.615223
37.781925
40.917595
48.929855
35.22993
38.429993
51.037525
37.65967
41.758606
54.117153
43.030014
54.219044
48.536114
42.23154
36.749676
45.612362
37.821342
50.77226
39.914764
43.51065
52.792553
38.4017
47.496937
43.420868
54.69922
54.52681
49.203636
51.621166
38.250813
51.874752
53.569534
43.36126
44.546684
45.00991
40.725395
43.261673
39.98096
50.376873
53.870552
40.93639
48.59266
55.74795
50.83958
49.61061
48.273457
40.403996
55.9242
55.908504
55.0943
40.983723
50.288174
37.04553
38.766872
53.699486
53.896088
41.37565
48.91705
42.5363
55.865955
43.61587
36.414867
36.126186
35.551353
52.098846
43.47927
41.22134
36.4603
53.08882
48.65554
55.077305
54.326317
39.5371
38.04972
37.601254
51.261185
47.65022
44.396557
49.820755
50.939545
53.297276
37.636127
51.08478
55.19222
55.59264
55.679302
55.4214
38.21805
37.955822
46.953197
46.645584
50.86347
36.57258
43.13529
51.13579
50.064404
36.459473
39.20831
55.679268
53.596844
40.268856
53.598186
38.423923
37.740612
41.56185
52.693153
48.768444
55.32483
50.524216
48.484695
55.972485
48.894413
44.003067
48.419655
47.375362
52.41336
45.30219
46.80754
54.37421
43.003906
54.389343
49.288406
42.7316
39.709618
52.041203
55.93392
41.357822
46.166214
48.97966
36.527924
51.444378
46.365505
46.23805
45.452656
52.713097
51.405968
46.836487
50.392982
54.589016
42.23761
50.34264
35.763287
55.30559
41.929436
48.047626
44.36035
55.30706
52.91442
39.296177
42.250484
40.825573
37.000042
50.976185
55.31016
54.17964
49.671593
41.29469
41.156982
49.16565
44.361053
35.74572
39.431232
40.895546
46.906017
50.61004
44.51834
54.571686
39.381237
37.417564
51.838593
42.983562
46.849514
46.55036
40.772823
51.961475
54.349277
38.56743
46.141533
46.628635
43.61288
39.89203
45.90966
35.05575
46.59267
46.21821
45.450413
50.841354
51.861137
52.365116
53.26899
46.21602
38.34699
51.33614
55.560543
38.5003
46.670696
45.024445
53.35676
42.13381
39.55116
36.347225
41.301414
52.036785
42.369255
47.588207
48.287834
38.765797
46.994682
54.38107
40.28955
41.781525
39.409218
53.076225
53.720665
38.159397
40.49244
52.199055
52.57325
42.242752
35.57539
45.329838
44.396706
43.063313
49.012966
38.01397
42.907547
39.83536
51.07776
49.245506
35.647953
50.46759
49.935925
45.658077
40.64763
55.830517
38.33009
35.804092
36.485813
46.46772
36.86457
44.806644
54.49898
49.54535
35.465218
44.22793
35.13462
51.0973
50.668983
36.214012
49.612606
50.04223
45.887688
48.84763
36.123096
36.023796
36.685886
51.1692
50.763515
47.857136
55.41464
48.51073
47.296986
47.25192
47.250755
52.628075
41.60085
44.526707
36.805637
42.61417
46.366177
51.22918
53.988075
55.729134
49.207836
53.93343
48.732296
46.092632
45.84962
35.99815
46.535496
55.649925
52.45996
43.738544
37.48838
48.94479
44.53127
43.289894
49.627655
49.011143
50.919495
41.42222
46.991314
41.1295
36.790337
43.703213
52.71546
41.285408
48.25483
46.700443
35.875706
39.913944
46.419205
55.364143
40.54665
42.91778
45.422752
48.338272
38.72982
41.005783
51.792168
50.710274
45.38331
41.115055
39.102016
49.62887
48.77568
51.05131
52.498413
41.294422
41.78227
44.510822
47.1165
54.05792
54.543625
49.331726
49.802395
42.75217
35.114033
51.163383
40.836163
51.92296
38.3421
46.73941
54.544983
47.327854
49.246105
47.593483
47.794174
53.927105
43.573437
37.366405
52.348618
52.603428
39.06645
46.81897
42.00842
55.016747
45.196453
42.286987
50.239746
53.324867
52.77288
52.59335
42.745712
47.98275
55.886597
51.36647
40.051857
55.47054
50.104187
52.3053
49.716953
43.594635
44.69445
52.178192
55.222363
50.95611
47.938705
41.24616
35.941563
38.28736
48.253372
46.360752
40.84664
43.620537
51.936222
44.202423
35.76943
43.67015
40.837048
42.997543
39.102474
54.38765
36.148876
42.580307
55.79868
45.37695
37.817745
44.85058
42.408207
38.74785
48.776947
35.51935
45.677544
37.028015
51.326035
48.530663
47.92788
53.954494
44.49522
48.702156
45.028595
49.322205
47.16277
42.93593
54.286648
52.57944
36.025772
35.817257
39.983624
36.52945
36.264122
37.54079
40.60972
49.322346
49.882935
42.882137
55.067493
54.90298
40.27042
52.36732
36.24815
48.218204
48.46623
44.883476
45.419186
38.780807
53.99959
48.721092
37.80472
46.63766
48.927002
45.44161
41.58834
39.396027
48.876007
37.023525
39.323242
38.724674
44.484657
48.45625
38.395603
53.665443
45.615456
36.322742
47.75447
51.16599
53.118103
40.940517
48.595013
45.47604
37.717106
48.315018
45.062057
39.437008
35.808376
47.500275
54.326744
53.238895
35.563152
45.958775
52.581673
44.91858
40.758064
49.16583
35.59848
51.72996
44.177013
45.013245
38.496666
52.52922
53.26342
47.533028
50.283676
39.487347
44.940777
38.083748
44.543526
43.7673
44.164867
35.420746
51.375027
51.284573
35.822754
38.00567
52.31041
52.307747
43.05177
39.50187
35.48139
52.449345
42.915848
41.649155
38.742043
55.547787
46.64714
48.6147
50.806477
55.047382
42.33759
45.476555
45.71426
44.74625
40.048157
45.711933
39.097557
45.20083
51.79258
39.434635
51.791454
54.650948
35.748222
51.654133
37.30248
51.06077
47.3481
37.0136
48.530247
43.758728
40.616364
52.3048
51.923306
35.203415
38.223732
36.554962
35.942627
46.602657
55.259747
42.63405
37.304794
35.46943
49.645737
45.14029
55.981876
37.7109
47.445087
48.78792
36.346058
38.515987
42.06694
49.642826
52.164516
44.13182
35.504745
36.330364
43.373646
41.60108
52.30298
55.774082
41.69161
40.669857
44.903286
38.114895
36.164364
49.369553
49.385612
48.20736
41.682648
49.22665
42.390285
42.493023
41.356075
51.66049
53.183956
45.110317
36.385353
49.89202
41.415127
48.816425
39.73479
54.60538
40.09434
47.668495
46.47463
51.67927
52.729656
51.439903
48.136337
53.53672
47.34965
47.43197
51.80399
46.049374
42.354385
54.682167
47.950836
51.476425
52.74886
49.567055
49.222694
54.618576
43.334072
37.451492
44.468338
43.223732
51.857594
54.345142
49.32194
46.693947
47.95845
43.49325
42.55386
37.312027
45.9805
49.450672
52.223297
53.53138
47.3739
53.466366
44.390087
46.354187
37.456123
49.94034
47.772766
55.46063
44.76181
35.305687
54.276077
44.545902
50.075226
38.935444
48.753685
42.27185
41.50944
49.577415
38.72019
43.346603
50.673153
45.379555
44.981766
43.508232
43.04908
39.78446
47.315556
42.607407
52.197166
54.443405
44.39557
35.55921
52.291214
55.828896
54.136364
39.665745
53.79947
39.409107
36.50566
36.698833
44.82758
47.08847
50.64324
53.17608
45.756683
52.115746
54.81578
55.46375
51.3298
46.814224
44.336
39.696327
39.266598
41.29827
37.079258
46.015423
36.819427
41.806236
42.642048
48.29948
44.422974
39.40186
48.50398
50.38107
48.73519
44.574566
43.77874
39.729965
50.91914
40.70368
52.26918
40.71781
39.97316
50.44236
40.57794
40.874283
50.281216
53.824123
54.96737
50.99467
38.325695
50.298214
48.5111
50.565434
38.681698
39.959538
52.834606
37.736824
36.994892
43.954796
48.403088
41.990685
49.634228
41.418488
49.88249
48.72676
36.10635
46.320744
54.573112
55.222202
40.120293
54.29357
46.29506
44.806774
40.399017
41.842903
41.390987
42.64007
46.948666
44.350834
47.70398
48.17739
54.51689
36.925926
54.486996
38.267246
48.39834
48.468796
46.205204
35.83623
38.57841
50.28625
40.103695
51.28596
42.445755
36.209133
55.23044
52.051846
43.949226
54.44748
44.327885
55.255127
39.127117
51.351048
54.636703
53.017056
40.394203
54.83424
53.19104
50.798252
47.83654
45.47135
43.627247
52.07633
43.034447
36.171524
51.87654
37.781395
40.610832
38.902298
47.367085
47.171715
39.785046
36.146492
46.52187
53.250732
45.7017
52.649178
54.406483
36.40191
44.199406
44.53989
49.35416
37.649216
47.98614
37.09975
35.27564
54.83889
36.895927
40.283997
54.147343
53.081882
50.01584
49.6075
50.86384
44.996784
46.99277
43.15417
55.239143
38.649334
43.75626
35.280735
44.446377
50.597363
42.226536
41.051083
42.59626
36.118942
47.31636
40.55967
50.472553
52.526794
36.680637
37.08055
36.66595
39.453274
51.219566
35.41334
46.477962
52.128162
53.299114
45.88814
43.00239
54.965286
39.016857
37.238575
44.73442
46.224224
45.611694
41.955437
42.90596
40.119843
42.292767
37.79289
38.500748
47.515038
35.345882
35.815132
36.563877
45.251045
48.365005
37.743454
52.98778
36.244892
55.851868
39.39186
55.43036
47.714924
46.22857
36.664124
52.400776
49.283157
42.51598
43.925888
44.834637
44.247047
39.545036
41.56251
47.67259
51.013515
47.58855
55.186657
48.055088
48.544525
49.7279
36.269245
40.750854
54.676144
49.101917
46.93318
36.347797
45.34201
53.42469
48.271317
55.552464
44.05737
35.80433
55.828434
36.667778
41.501137
55.946644
55.821674
48.94864
48.671333
47.285603
37.264584
38.071186
44.88303
45.446754
50.40698
46.39382
37.828197
42.720245
51.806316
45.036762
38.02334
39.896923
49.905636
54.061768
39.23338
43.903862
55.20909
42.19483
39.879345
45.165077
52.018105
39.601997
53.012444
37.50861
40.219482
39.202084
39.16872
41.74291
48.80149
47.880005
51.306072
50.7335
44.614567
54.750492
50.069386
38.925163
39.39053
40.314423
43.82973
42.775314
49.187454
50.94856
42.30007
51.491142
46.236877
38.674442
48.0425
36.79591
46.635914
44.563244
48.851093
48.18926
40.448856
46.45082
38.81964
40.311714
42.561203
38.860844
45.884842
52.575424
44.06361
45.16369
41.773434
42.181183
49.034073
55.035053
44.57555
36.006004
52.333733
53.220455
35.616768
43.616
52.43502
43.46057
41.907887
45.836205
54.360386
51.18715
48.214058
43.891792
47.52578
48.260437
49.703846
51.124584
36.654953
44.586372
38.214046
53.684147
45.959156
37.925484
48.39752
43.394524
48.461246
36.58528
41.40892
46.205746
35.68411
37.974102
53.327267
53.253433
55.920307
45.186714
37.21439
55.570335
40.95327
51.890625
45.5648
42.920456
52.409832
52.786922
45.91519
49.059345
38.889793
38.83065
49.55074
38.963463
36.640236
54.213028
48.570564
45.21697
39.820644
53.831524
36.056145
55.796127
42.339424
38.60362
40.72422
51.949417
55.833336
52.5163
48.239574
37.73583
51.608253
39.745644
53.313385
55.054184
44.263157
43.52946
50.8192
52.673225
49.278755
37.731007
42.42135
40.855095
44.067894
38.19265
36.62948
51.654205
39.857143
46.046043
37.768173
41.868885
35.2971
50.118732
48.08199
46.92506
42.88361
51.457214
42.083996
52.679146
44.11295
45.77245
49.299847
54.241627
45.790974
46.306293
39.7595
46.443344
55.069695
46.215942
51.94536
53.493164
45.594204
41.0783
37.41807
54.7088
53.608753
39.52743
42.01034
37.941826
42.99284
55.3555
43.3042
47.4633
43.97647
40.63135
37.0887
38.628387
46.718346
48.520718
44.63261
48.596157
40.02157
52.528164
41.90076
36.74513
46.208435
50.823273
47.29269
45.195595
52.579353
45.16223
53.088932
39.026566
41.940376
46.670807
37.55274
52.358055
39.399662
52.415916
38.55417
50.45887
39.00536
49.26026
45.65855
49.43538
40.825596
51.968273
52.852814
40.858704
40.755886
54.911343
55.470894
54.895542
36.680115
54.006584
46.423332
49.122334
42.608265
53.715683
55.536392
45.22278
52.06744
53.029003
44.662476
49.19568
52.332233
47.36507
49.236332
37.532833
37.04639
48.22663
55.120403
47.06624
42.409725
51.271908
35.907993
51.82916
37.382595
49.18325
53.334282
43.32749
39.29482
42.34532
43.082916
52.075813
44.836693
51.88106
46.06992
47.116745
55.656918
50.036064
43.23676
54.512867
54.69548
38.250633
47.990944
38.477036
38.93915
47.513622
55.69519
50.890068
44.503098
36.75342
44.025066
54.444
35.814087
40.08868
46.5904
50.544567
55.199245
55.73508
35.946945
54.408413
42.36871
39.244354
43.012726
46.498466
36.12148
42.537857
45.947224
44.555206
44.10078
35.88935
42.751945
52.00203
44.578598
47.61039
39.207207
43.42976
41.05855
49.696438
41.27276
44.19823
51.9522
43.103146
47.748787
42.932224
47.705868
42.639435
40.819008
55.83453
41.53337
47.6878
48.07907
40.290638
41.344734
36.09205
37.79111
52.197582
38.5516
38.588837
53.399296
53.81371
48.17733
41.101803
52.791344
54.69671
54.10291
40.06563
46.397545
40.473907
36.33951
46.70237
41.98137
53.771885
55.934258
47.833355
55.8948
37.62178
46.48787
43.37758
37.646683
36.052025
42.291218
42.160896
55.86384
37.382175
50.7723
43.040363
52.112373
35.939358
48.286022
53.63417
42.590553
52.533215
44.27624
41.139957
40.404854
43.04569
45.492897
40.82301
41.997173
39.918762
38.256435
39.760597
54.303974
43.156273
36.72785
37.34
35.396957
45.69518
49.764427
45.82502
53.680172
55.64716
44.219845
44.02948
49.19987
38.963177
40.4817
47.766064
43.261066
35.531715
51.630413
50.27502
50.338787
39.585487
35.85054
42.279587
53.222134
38.56216
49.62878
48.663654
50.435738
38.241173
51.83265
41.02207
54.24592
45.06187
45.979477
38.49513
49.977734
52.017384
49.87754
55.366116
49.944363
40.41423
53.3495
39.874493
47.021717
55.08927
40.932716
41.577145
48.788765
52.383835
52.29206
40.376236
46.198162
54.28889
44.577724
46.024616
42.941868
39.6958
37.113934
53.518368
51.03283
38.613873
55.614063
39.290962
42.636692
35.54897
47.583416
53.53458
48.85623
40.97663
49.692993
46.291607
51.996544
51.988808
52.686
39.182903
44.82038
51.74487
43.81328
50.76931
45.440807
54.315758
40.884724
43.579067
38.79223
53.874233
43.7709
39.776096
51.071007
46.954834
46.592228
38.292835
54.143482
55.683796
51.89278
55.0061
53.681686
44.462242
36.811626
42.195667
38.706207
44.575245
40.636497
39.092583
44.290653
42.59479
49.153133
36.797905
51.41381
42.246502
54.88808
47.232388
44.333084
46.617935
53.68352
51.063824
40.396927
48.200573
44.03992
55.75113
42.914047
51.278114
45.31544
48.942802
35.553696
41.60039
38.18075
53.472427
42.76396
40.115314
38.693626
35.104893
50.864044
48.770473
48.97982
36.004406
37.79155
35.0415
41.78502
43.619102
46.96743
36.89613
47.097233
53.306786
44.378765
43.360806
47.629837
36.562614
36.773605
50.721043
37.202507
46.15183
40.81227
48.65718
46.960636
38.79928
44.12593
48.293957
46.93339
52.342438
52.495995
50.225334
48.64637
42.415627
50.786797
52.06529
40.37693
45.800667
37.83926
55.97072
37.1685
38.552708
51.26462
39.88446
44.90487
41.889942
53.965065
43.95437
53.586174
35.622005
46.252014
55.698673
50.445393
36.584248
52.63301
39.00834
45.697536
54.143734
41.694626
38.00395
43.523216
45.34762
48.021435
36.09754
41.354134
51.695816
41.760174
45.349228
39.6501
50.83713
38.263237
53.353783
49.13552
51.711746
50.22724
51.44428
45.897797
51.792767
54.880013
35.95775
40.84105
41.115734
37.063328
41.6722
37.735443
53.72735
47.508915
51.294724
39.50591
47.033295
42.211693
35.057304
39.46348
36.279907
51.56687
45.05984
47.8984
52.065662
47.85656
38.989197
45.82608
42.345676
41.74663
50.23865
40.70552
42.866238
53.68615
54.25376
52.634125
35.34608
55.489204
45.13877
38.86388
51.0074
38.92314
43.1719
49.48081
37.251923
41.827194
47.898376
37.742954
50.375927
46.142044
51.89677
42.881813
36.22313
51.24359
53.147366
49.13774
42.585335
39.14301
53.1703
36.422195
39.978252
43.44053
51.746967
39.277813
37.143406
53.401676
47.089798
46.7419
47.25707
44.162544
43.783527
54.309868
37.363167
49.864483
38.685417
50.442028
50.98955
43.468872
44.24231
52.96069
43.255653
43.109077
41.35921
35.24383
45.034443
41.09932
44.03706
42.337696
45.892662
51.13928
50.48665
39.9825
53.600807
40.82822
41.321133
47.07396
55.97786
49.334167
41.73131
52.267735
39.715733
52.951027
53.25595
35.27486
46.61445
53.320816
53.87355
36.8932
37.351543
43.298073
44.662586
55.97332
52.50773
40.7902
43.203938
37.326797
38.075787
45.420006
51.23224
50.050663
43.090816
36.5258
41.782207
45.863895
50.33725
48.839462
45.22138
40.83016
53.311802
39.16447
44.112576
36.27544
40.75131
37.51349
41.807377
50.800274
53.0706
40.45906
39.03611
54.033073
38.997887
53.90125
46.53038
41.174637
49.543842
36.062332
41.891018
54.443237
42.195328
43.281555
37.497158
50.245773
39.88602
37.10172
50.241577
45.272278
52.863388
36.21472
55.272835
39.739628
46.04521
55.064457
40.72654
45.69466
43.838745
35.29335
37.63613
55.62793
48.68163
37.76259
45.827713
50.646217
47.756195
48.576454
49.62404
55.10538
41.427315
54.397415
39.60961
47.91457
48.958893
45.351597
52.541595
37.688778
53.975235
45.992893
38.730854
35.548664
53.950867
35.11945
40.862602
52.644997
39.736053
37.717514
53.278145
55.41951
49.755127
55.94539
37.197083
38.204975
54.050884
55.864235
52.223618
54.01413
47.790646
52.572594
49.751186
41.270653
41.198303
47.50792
50.55628
37.79476
38.131443
49.94125
38.955406
48.571934
44.68386
43.109886
52.388416
50.70532
41.261127
46.00833
50.186825
51.480667
43.550457
51.589066
51.587658
52.6572
50.68613
40.012497
44.76122
47.938744
50.69774
43.629307
44.73554
35.076378
43.02092
50.578686
37.62075
47.207268
43.448963
48.242344
37.463306
42.843925
48.408478
46.30687
42.393105
43.393875
36.853436
35.855995
51.465763
50.2119
48.389343
52.739532
43.747753
54.965218
48.462925
43.447075
39.743965
42.52667
40.582466
53.852436
54.22522
38.701653
44.57031
36.48859
42.877476
51.841732
47.79117
46.46313
44.96507
37.801155
47.148693
36.730743
42.37702
46.751987
43.397526
44.201805
49.008434
47.08951
39.979313
42.08525
43.41834
44.03157
43.158375
42.93898
48.10082
49.543774
52.706528
47.13255
42.50792
37.90723
51.76632
48.814587
36.17103
53.586067
50.808125
37.021355
44.881508
41.0493
40.788944
44.26294
48.91194
49.854736
41.71928
42.78021
49.686127
53.612297
55.84955
45.678165
38.138924
42.409904
35.598377
36.310425
52.246338
54.90716
52.162693
54.61461
41.851704
41.580402
50.473087
36.580055
54.96564
54.53718
49.7878
45.666725
35.17542
36.909206
41.75485
47.788372
41.663654
35.07966
50.214134
