23.27418
30.033253
16.634626
36.886463
29.494646
16.295477
37.948833
25.013985
16.13226
37.65938
31.872736
33.320908
30.05925
30.220524
38.50955
36.049095
37.42122
34.747997
23.900988
28.16242
16.424213
24.135525
34.124905
17.377327
17.706339
27.619627
27.550095
19.10563
29.750263
38.96385
32.678276
17.24
23.068348
33.724102
15.184917
25.784874
37.480072
37.43872
25.264624
26.220339
25.701746
38.12779
25.193548
15.183717
23.681492
38.839806
25.14035
38.563446
15.6377325
35.14989
24.68892
29.422024
19.597464
24.492071
32.280186
28.299616
17.380848
34.999332
20.836998
33.39716
31.441648
17.128607
25.2052
36.897556
23.748367
25.763836
31.725634
20.255869
36.97885
15.718845
36.246002
29.674084
21.70152
17.602709
28.188114
35.173428
20.929293
19.863829
34.905174
16.686844
31.457592
16.494972
16.495491
18.416588
25.735815
20.360043
26.483002
30.33664
34.671963
15.394303
22.331758
25.166903
18.733028
21.033398
25.630602
26.4059
37.97917
19.142427
28.965912
34.080997
33.257538
33.444912
38.994453
15.759878
30.68204
21.992489
33.034985
19.064335
33.738243
18.569656
15.616433
38.437138
17.877934
19.093971
23.852093
29.235054
27.30582
16.050537
16.253405
40.35586
30.811218
35.790718
36.653587
28.554409
40.96043
32.12846
27.280432
31.362604
22.740978
35.08365
20.699333
33.100437
31.836693
17.85047
21.341654
25.849966
33.11305
38.109688
23.640224
24.461338
38.60506
15.657368
15.412933
27.669853
21.325438
18.988487
30.066946
34.22519
30.548553
38.95245
39.44028
15.56878
25.876202
25.888548
20.654097
21.042532
35.35402
35.752865
39.218166
21.871876
37.18281
24.66422
18.813702
26.238398
15.156901
34.025173
29.671759
39.64207
18.862097
33.915215
28.272186
34.450333
32.878616
26.806686
15.20714
20.041098
24.759846
34.820137
31.48487
38.268982
35.39561
19.71412
32.29361
20.118814
27.51906
29.595684
17.302063
32.357807
16.57913
19.941158
25.942078
21.757442
16.976004
30.932941
38.800797
33.028492
29.744781
38.34645
32.24365
40.99728
23.173061
31.262476
22.696262
17.7486
19.550951
26.733637
27.632442
35.470448
37.27747
33.199696
20.24705
23.558025
21.885138
16.92496
34.036743
34.169197
18.195015
21.022081
36.068195
25.870855
38.77726
32.729996
35.58249
36.275444
23.167727
19.529835
33.766144
31.639145
19.879004
28.41111
23.013203
38.27795
39.14464
29.141516
21.809662
21.355196
24.54828
35.747173
20.490417
35.103825
34.21471
22.576225
25.550797
30.868916
21.077835
32.2971
33.938663
29.49087
26.890886
38.973904
17.809893
20.49677
34.107098
37.96479
22.59905
38.32732
29.534494
27.805294
16.938782
17.398966
31.75631
17.467014
27.955572
39.18557
40.7089
37.42315
21.776173
35.70135
16.52202
30.805822
28.698103
40.776405
33.751575
23.606226
31.409319
39.338634
36.472984
40.34703
32.886242
25.55036
25.3536
15.947654
40.15602
37.095505
21.785536
37.606346
40.978
39.172707
28.435684
34.439213
34.681034
15.822158
34.15752
15.344696
39.887432
32.098686
38.10976
39.103107
26.660929
22.300838
15.139798
19.07433
38.735256
26.975508
24.015192
20.022776
30.911486
34.73995
23.924454
24.577246
33.456524
22.097689
38.818703
29.624329
35.39167
25.37227
37.628693
18.537506
27.929424
35.642315
39.167053
17.560139
15.998257
24.133898
31.613556
15.889013
37.78925
25.910769
35.881527
37.04618
29.565168
25.900396
23.876469
39.980293
35.591614
27.30347
26.683327
20.004671
34.981594
32.25679
34.056725
20.157877
36.488976
16.25425
29.238894
40.86355
34.842926
31.277914
18.092918
35.86979
36.08454
15.850839
18.81425
19.364399
18.548622
37.295727
28.071457
16.890783
38.62756
18.368103
23.327406
29.23036
26.261011
33.130093
21.305132
17.770811
30.214176
39.440556
37.08789
20.045563
35.639126
27.759655
23.180891
33.108334
18.157763
26.100704
19.012514
28.1977
29.761627
32.909325
28.815813
16.750027
30.19294
23.40983
39.60634
35.235252
39.152878
28.530941
23.060389
20.518427
25.677225
22.907696
23.498014
16.490963
35.326214
19.653725
36.888145
36.569115
15.454455
40.607826
22.818476
27.3231
27.758532
33.580997
34.710697
17.978958
17.544006
16.76487
39.212086
24.82608
20.710144
16.90981
31.657246
38.66701
28.319872
20.140596
30.769302
39.362026
38.804104
40.34999
40.357666
40.249603
39.34369
23.995152
18.669903
16.7648
20.778946
29.819214
25.268147
23.931211
32.515747
35.530064
32.82584
36.568073
37.328976
16.790606
23.078531
18.032642
22.70805
15.009612
32.312813
32.109035
21.446129
35.369495
22.24037
16.25813
15.543501
15.287095
20.879568
16.859259
26.177494
22.07586
33.154762
36.30286
40.48527
16.96257
38.32406
33.834286
29.21254
28.808989
33.059055
38.90253
35.900402
32.89862
27.025454
39.433544
26.214115
25.971003
22.151459
25.92649
19.261736
22.320736
21.4211
17.5621
17.307295
35.22572
17.992636
18.61601
20.15217
19.228817
22.71752
28.38583
17.640114
37.86946
29.72333
39.56926
40.235394
28.346434
19.624441
32.57161
21.430273
21.290382
34.137104
20.574558
24.85708
28.334345
24.400995
40.36401
37.41186
38.492844
34.147224
32.893448
19.440657
38.494873
26.003078
23.350138
34.096172
32.163403
26.686806
21.09516
40.34168
29.693676
28.621012
21.26412
29.760662
39.255024
25.581217
22.044039
28.324886
38.7255
38.396477
24.68285
22.580126
20.56602
31.43184
37.14148
25.328024
19.85045
23.607874
26.964514
34.814148
22.290285
29.050276
32.42394
19.67643
39.72738
36.11311
21.281485
31.464882
31.015467
21.481977
27.6186
29.412527
24.470913
38.338886
37.099133
26.31924
34.1455
38.158474
33.758232
37.904224
16.05869
26.605583
30.952131
18.789547
24.224201
35.217163
21.456821
26.39632
29.815413
34.076748
24.869806
35.466686
30.136402
28.527777
30.447525
16.668959
15.20022
19.1223
34.30209
36.799892
30.663202
26.464586
17.484522
17.467207
38.623966
15.384494
35.897648
27.817125
28.367924
37.96338
34.210323
34.865803
33.522984
16.335693
23.985762
16.300219
22.289314
21.902306
33.090088
27.23317
29.415865
35.61703
29.11348
40.32875
40.41856
40.345623
36.01452
29.9587
36.169857
36.947025
30.489647
25.60679
35.436676
26.689434
28.672909
31.607447
40.203377
31.889198
38.687355
19.486519
25.688833
16.248453
16.297882
21.66621
29.851303
26.267756
33.456364
29.102825
37.872196
29.322886
32.88341
38.54515
25.619482
22.520418
19.997108
23.532923
38.413807
25.28446
32.477654
26.998932
19.555145
31.777445
31.547754
16.39505
21.015104
40.7207
39.652187
22.631487
20.459682
29.9559
16.635996
21.800327
34.339645
33.176468
32.7492
17.648478
18.17041
32.65826
23.847036
21.071817
18.320549
24.531898
28.008175
38.52149
24.637875
28.164398
37.45939
32.14487
26.064272
26.555695
33.1737
36.728012
18.025229
34.306007
19.800034
16.06279
36.827267
17.672947
39.685875
32.231346
38.556286
31.51255
20.670511
37.481922
28.042051
38.486465
21.054937
19.864359
15.338796
24.817753
38.695465
36.600178
18.869314
38.090736
15.521671
39.281303
27.889475
26.115763
27.945278
32.42311
38.252556
19.71751
39.605118
35.641655
22.587414
40.455982
33.684284
23.78155
28.951868
26.752155
27.639194
28.690084
38.782375
16.665667
31.596167
31.014908
17.533398
36.659782
24.899767
22.396591
29.784567
15.089346
39.338093
25.734188
28.79107
18.860212
36.423737
29.82091
34.462437
19.73413
35.77515
22.578773
35.57711
29.090887
32.121696
22.365187
31.67508
24.609957
35.74662
15.381039
33.517956
37.296726
17.285748
35.079063
38.265793
16.553846
24.715712
18.652878
24.592096
24.586046
32.09401
16.181158
29.843336
29.32724
36.154247
39.808186
38.046425
33.291573
28.213388
29.461044
24.077515
34.27546
37.01391
22.035368
37.627644
16.67562
19.102194
20.725815
22.735554
37.338367
21.135609
38.23392
38.605293
17.318499
23.114136
29.955229
35.18593
30.701286
40.948505
34.9292
36.562996
39.72921
27.005268
21.329556
22.596123
25.875237
18.310266
17.579348
32.4344
29.2175
21.945467
17.79416
24.550966
37.495564
39.840153
15.188547
28.760496
37.56632
40.63598
37.324894
34.318012
23.628012
28.596415
26.640572
34.644764
38.543762
26.6346
36.558353
27.48662
28.871294
30.449661
27.666758
19.382778
32.79356
23.490082
21.951065
35.20723
29.04525
20.003675
19.862436
21.242825
22.143152
33.787285
27.13168
29.757431
22.753626
35.415302
31.665878
26.374043
37.868443
22.704666
25.610193
20.661362
37.610558
27.96494
39.713837
19.318739
23.954285
27.185673
36.508316
38.089043
37.41981
40.729195
19.487736
15.105361
32.88973
26.325558
37.47501
24.762146
35.095833
37.20729
28.664577
19.398727
28.037155
15.075248
33.451256
28.09283
20.615715
33.252747
25.0866
25.68408
23.114311
27.863768
38.44816
24.78214
21.791063
22.16196
37.76381
34.9615
21.828316
21.240808
20.002375
16.604586
24.14891
21.271158
15.823378
37.927265
33.200714
25.141016
18.473024
28.605429
28.710684
28.913382
38.820023
36.11873
28.622635
16.871521
35.844055
37.437256
38.958305
25.086987
18.321398
28.999216
25.179106
18.424318
23.196177
20.0624
34.776497
25.687273
29.182592
30.4596
18.281607
40.21503
16.51241
33.54776
23.660341
24.652779
23.423746
28.71303
39.1479
20.849625
34.98132
35.178596
31.977161
28.877806
26.124912
18.05942
21.168224
23.020645
38.462006
16.617855
35.57178
33.24276
21.252163
29.496258
23.696905
16.134531
39.274853
18.3376
17.50424
23.613829
15.82906
15.652277
16.308424
38.77157
27.982208
39.049076
35.209015
24.163599
23.3675
24.020586
19.057055
32.580048
29.322952
17.358019
29.864807
29.86415
25.972046
32.967773
22.77908
23.706198
38.96506
17.371729
27.263968
35.504204
33.031757
27.495607
29.976685
34.36143
40.240257
28.484497
33.97062
15.081884
22.913626
40.231827
17.32257
23.628496
20.524729
18.067945
31.056541
23.924627
28.571653
19.62665
17.324371
33.10808
17.43008
24.292816
32.203857
30.387867
36.48565
17.831516
29.187902
17.507418
23.468494
30.808815
23.463636
26.483984
24.843786
27.236652
21.418346
16.772493
26.356207
21.509039
24.459414
37.29313
31.383009
23.144007
35.1984
32.865383
26.619354
22.105562
23.324732
19.50747
17.801338
22.552124
40.082462
20.78829
36.66624
19.742735
38.163757
35.960423
32.156128
27.529528
32.045944
19.955854
19.990126
22.374788
18.324024
33.492428
33.162357
40.153152
38.428722
16.517292
21.666525
32.13425
33.270363
40.004833
20.805004
30.488417
38.811817
17.729923
19.809168
25.417795
33.349125
17.053469
32.179577
31.587477
25.366383
19.985662
22.148611
38.91605
33.23168
40.83343
35.974846
21.982227
16.714035
26.592009
28.397615
25.313942
15.326344
34.906677
25.511843
16.648628
27.837597
17.909128
31.567307
32.888126
26.9477
26.523993
18.753235
39.918896
31.081322
16.94458
29.898218
21.728086
15.5324955
32.892853
18.197046
24.318132
27.77965
36.007233
27.570269
39.80745
18.691044
16.242798
16.068884
23.801971
18.553587
34.52197
34.855717
32.63208
32.38331
15.039833
32.72666
18.371763
30.813723
24.606686
32.879177
22.69152
31.008652
19.201462
26.69193
23.543911
30.509
25.513226
30.64878
23.440332
21.698368
21.66387
15.221836
28.649874
19.660254
16.533737
36.52246
21.03593
21.600014
35.15286
22.835812
22.443438
29.717615
18.474052
32.77354
25.55942
35.44264
25.510078
27.71103
32.991783
39.28083
24.295658
22.41958
17.946041
39.171963
31.426096
30.36069
37.32695
33.221554
26.027788
15.978629
15.351779
33.944542
18.93193
37.509228
18.83422
36.746674
27.55124
40.31688
16.182682
33.270035
39.50053
20.578447
40.854015
16.44176
17.355453
24.251835
34.51346
34.590588
19.10983
18.69872
29.473846
40.833656
37.8704
20.075014
24.121935
33.086403
20.118895
16.659243
30.986904
33.51131
26.47488
30.65829
18.865911
37.996593
30.308744
40.71144
25.993822
18.343897
19.782793
18.307909
16.62898
32.244343
29.939432
37.639626
26.6242
20.835289
19.308874
28.030235
24.561886
30.655443
28.174885
19.012857
19.854445
18.153934
19.115557
26.373318
39.845985
34.559296
26.727139
23.032217
28.39847
24.877234
26.542456
25.508326
32.705345
25.06141
31.07147
24.887428
21.147854
17.989428
17.620054
28.714905
30.894083
39.776474
28.084038
37.03696
35.63799
35.172123
35.269165
15.934534
21.38547
20.311058
37.453545
23.325645
23.516787
32.926445
20.887718
38.55593
15.489393
34.285027
38.718536
37.35391
28.492535
33.565952
16.426432
31.096582
32.124714
26.180689
24.281849
40.012608
38.737404
30.619308
28.554947
19.944456
20.473114
25.808784
19.253822
27.597612
32.22325
38.681847
23.019981
37.82395
35.740936
33.680355
19.47577
16.418165
37.966187
30.255003
29.79705
21.150156
26.255674
31.073553
39.575356
34.31304
16.65656
28.612762
34.137344
25.935465
26.62357
23.084455
27.405344
15.9886465
20.650866
34.23414
37.11129
38.41265
24.174955
29.45097
31.717388
25.593065
33.802143
40.84073
25.750399
15.0384
20.423876
22.43885
28.42232
40.44012
16.105457
39.578484
15.388936
39.04143
35.768555
25.57893
39.288574
18.297533
34.634987
20.382658
21.306982
19.179203
20.159256
21.544588
39.430286
15.153232
30.749323
38.065075
31.27644
26.867334
28.960138
25.95857
40.43662
22.873869
28.041489
27.162733
31.111574
34.34574
15.731619
40.41816
40.493877
34.66961
32.010307
18.086843
37.82562
33.045586
30.159843
20.527817
33.352013
20.779266
22.929619
35.611332
23.495028
35.821117
29.859816
27.228327
40.487015
23.289822
33.891945
33.23987
35.432938
19.210394
29.278736
34.2115
33.31081
39.504425
26.50316
15.490534
18.773378
24.389061
15.426137
40.709522
34.780216
19.7729
37.20472
38.637127
24.067839
17.981121
28.657347
27.448008
20.256481
26.198853
33.700005
20.94619
32.9957
30.390873
33.236874
28.051788
23.967005
33.13742
19.46138
27.948862
19.79014
29.820004
40.908253
22.692547
31.920816
26.89774
20.794489
40.786537
40.48104
36.633934
21.196932
17.267313
28.629318
28.564173
39.436348
16.16948
18.556484
27.241455
22.672739
27.896925
25.483912
34.35039
34.16384
38.98739
20.144396
15.151766
25.898525
35.033485
35.142033
30.400343
27.389143
37.11102
24.315868
27.372902
17.29151
29.965908
40.77319
37.450203
23.218637
16.423891
20.611778
38.81568
25.62392
23.01256
15.516523
17.265312
27.951912
38.62318
24.39422
37.867207
25.389467
19.190153
28.001509
25.26624
28.497362
28.828829
23.124323
38.79797
33.762238
25.647842
34.283295
38.257977
24.680998
26.53993
29.168043
19.16665
32.374546
31.655684
29.044317
36.676334
35.925
17.977503
31.231457
26.886654
27.640331
38.43646
39.413673
17.265652
35.27258
28.352644
33.02713
32.118458
23.85063
40.629948
23.25588
34.601784
30.235722
15.0991745
36.273148
15.651814
27.767723
23.6787
26.280556
38.374546
22.442368
19.609833
39.626328
37.941906
27.9445
21.924412
22.824568
33.843575
26.559595
27.515055
27.651207
39.463474
28.495594
28.70389
15.658241
33.381756
23.469366
34.04343
34.42637
39.547005
15.546877
24.23375
40.66719
27.520199
15.173394
37.50288
34.88964
29.361042
27.089848
29.572851
40.76129
28.408886
17.403704
28.421625
21.523767
31.204687
35.467503
23.451567
21.862427
37.10702
40.415447
22.38802
32.484085
22.77432
34.218227
33.256924
26.32249
26.61717
36.938515
35.128277
33.769783
29.568642
25.504295
15.962704
37.623287
39.07721
36.764553
34.86119
32.540302
19.096079
26.85151
35.293537
40.70983
34.024204
17.945892
17.468884
25.178434
17.048628
40.42657
25.91209
26.808643
15.144224
33.08298
18.522678
40.20171
40.106182
38.578735
27.918356
24.082594
33.422203
23.676897
38.703106
22.623577
18.53542
25.872303
39.450172
33.973846
35.10587
36.02348
21.653172
40.866016
18.2473
36.336533
19.673979
19.586481
23.397844
24.625635
29.803877
29.825062
38.477257
35.159492
34.9549
20.960363
21.289925
21.600416
16.21113
32.190884
19.752136
38.552486
27.495207
36.58779
31.453672
27.057396
26.94304
34.623928
27.307909
18.011538
18.230255
19.02452
39.60131
21.92493
37.056717
35.888683
35.622288
19.702562
28.270878
26.946693
36.231052
17.20085
33.703583
28.546686
20.226257
26.196726
23.681396
36.505276
38.170845
34.10416
30.402313
24.310268
29.458597
30.282618
38.882244
39.329525
19.834692
20.104303
15.018415
25.658642
19.32747
17.081745
16.466297
21.031073
34.605526
24.304546
22.489565
34.817867
21.143114
25.193949
25.717943
18.560184
33.25874
26.156044
35.835705
15.706294
22.08573
22.099281
20.624
19.26575
36.840427
39.979183
23.49302
16.946993
37.372597
37.54292
20.665497
17.010572
27.91442
32.268703
37.5108
20.548792
27.188517
17.129671
18.179407
27.193516
22.592115
27.259235
17.650312
23.357433
20.04359
34.85464
40.5794
25.030085
38.259254
28.727728
18.924685
32.878452
30.722464
27.796618
22.224646
37.942978
16.413633
16.509424
26.618912
29.57331
17.489046
16.700726
31.225767
31.414196
26.527836
22.70387
37.329014
32.230354
25.710775
40.67696
24.976982
40.150253
17.351072
39.047565
25.059435
19.512186
21.566534
28.741083
30.703514
40.912075
26.564152
33.429787
15.917715
39.280964
18.0022
19.424526
15.813312
31.861116
24.201675
22.028181
33.44553
37.80324
35.59799
28.179804
19.342154
35.773285
27.755499
20.040655
21.125137
39.43586
19.511568
38.80803
30.281208
36.97223
15.373532
38.490158
37.100304
39.894512
22.161043
29.63509
15.076097
24.333534
28.067938
15.078882
34.65077
22.706488
31.811895
29.663033
35.08653
33.211422
26.346806
15.568489
30.459322
20.949198
29.731894
24.423248
37.295563
33.639492
35.18332
34.662872
39.21053
22.876013
33.078056
31.757978
26.057587
38.65705
25.73655
31.870064
17.560188
20.53102
17.179758
24.256752
30.174025
33.112667
28.737864
38.319836
15.014599
38.954197
33.381992
31.574276
40.08589
31.7964
18.95707
21.013525
33.758648
16.078644
39.11289
34.356365
18.472225
36.252365
26.662317
29.482697
15.971842
33.92136
29.339523
22.000462
16.043446
30.123154
28.487856
38.33318
19.671293
30.169182
25.076126
20.97732
40.818756
29.377665
34.623665
23.651024
26.620764
23.761412
27.10868
36.940407
37.676594
28.273937
15.741076
37.746986
28.344799
22.570728
23.600048
16.349571
29.467209
26.40851
21.568398
27.216057
28.787043
35.783913
16.739634
17.835594
35.47646
16.703915
17.53063
29.78861
24.651752
22.083979
40.10166
36.032097
39.529854
28.685823
38.367348
39.949768
30.967636
27.23524
40.87616
19.101469
26.525919
15.901446
16.142767
35.8035
17.913013
17.172915
27.636656
29.68128
34.68794
32.83071
24.562103
16.158016
21.441422
37.198788
32.808697
37.477833
21.323156
35.141815
24.008265
33.309082
20.746662
34.38453
17.503227
34.23333
22.378485
21.6427
18.212946
31.497728
40.106426
38.784225
34.878918
24.293306
26.58177
20.780006
31.976175
35.518982
29.143492
27.55764
38.69746
22.500792
31.457706
29.037077
27.848396
18.458172
18.043606
24.605852
30.235933
15.643868
27.007444
15.082568
16.189127
32.031322
36.76908
32.820744
21.220282
32.183098
23.340946
32.021248
21.516283
19.506279
21.807192
26.549973
24.943983
29.485437
37.051186
18.598505
16.560192
37.681065
18.492413
30.378946
34.23595
16.291187
35.619198
20.710188
19.936405
34.896038
31.441587
30.831367
29.441748
28.640524
27.639116
37.069267
39.851322
28.556448
26.141062
20.08995
40.082153
25.986198
25.152184
25.380953
20.75474
24.141924
19.224855
35.338806
30.353193
40.718952
26.878845
39.877777
34.35334
38.179455
19.482948
37.829113
35.13162
36.83221
21.637993
35.56623
26.899212
22.156439
30.138727
28.269629
17.649984
31.952631
17.742376
25.036524
27.167477
36.850365
17.434652
21.643553
18.505314
29.46305
32.659294
32.186985
36.03703
19.051666
17.06522
31.053394
28.165464
15.944402
35.7256
21.714739
21.088522
23.15635
36.49628
34.69532
35.63722
25.66317
25.206095
15.724139
30.133596
32.60491
15.709773
36.564594
36.460197
20.330935
37.48435
17.304604
28.089478
28.644152
37.412918
25.993654
23.690628
40.862576
22.675062
17.429333
30.112951
22.388409
22.250984
37.624405
18.039059
28.359695
21.446981
30.026543
18.40781
22.656809
23.062618
25.916265
17.826048
18.045826
18.345434
28.574736
20.619816
22.563076
28.716879
28.791542
15.919916
38.379974
23.403587
28.073574
32.233257
16.334454
40.570965
35.51971
29.32063
16.07509
30.331453
16.741936
17.88316
38.33634
21.087759
20.442135
15.553843
20.24798
26.071703
20.29471
24.997192
40.77916
22.652206
38.638813
24.539194
15.427275
25.011395
16.149872
33.681366
31.084036
31.125614
26.138699
31.096912
15.645982
29.63861
19.417442
31.263556
38.38387
27.176937
19.775162
17.756784
30.345198
33.93314
19.021843
26.408932
31.136333
20.930084
36.28815
26.033556
31.315536
36.2802
20.809267
36.221344
18.325375
29.966349
26.774645
30.832817
20.402847
35.196323
18.991571
34.244747
27.227774
29.220991
17.088892
19.151463
24.204763
39.6564
35.778294
35.77868
21.22135
37.81305
31.29408
36.73676
30.484678
28.311024
37.548336
35.42193
35.611324
20.347439
25.766945
24.868076
17.529675
32.383137
36.412895
38.2584
35.95147
40.728424
16.056885
29.925402
26.178995
29.533047
16.521166
16.599228
23.836535
21.023466
39.101173
22.908617
22.749596
18.480915
32.960438
20.69527
37.642574
24.41659
15.897809
28.571676
35.585377
26.675737
31.602085
28.333975
40.191715
37.790264
28.23755
22.335691
40.456615
17.799906
36.745064
34.734707
29.8179
29.97489
21.596748
21.645033
38.536182
36.398388
33.90844
32.656616
15.810219
28.204962
32.79248
24.93046
23.179121
23.421623
25.62454
33.133083
25.710361
39.82095
19.501598
29.843395
32.232105
16.971172
16.584272
23.7468
32.440754
16.755972
39.245205
30.925358
21.099386
29.037167
28.986174
27.8596
33.739933
40.846317
23.940184
33.376656
26.291782
39.51668
21.440767
18.711018
28.881773
30.504889
40.61926
22.088385
29.685226
35.302006
33.281776
20.799723
34.15504
17.796629
37.42125
39.601765
32.215508
28.727983
24.635752
35.461826
25.079927
23.454967
30.452982
39.158962
20.235712
22.167355
33.101704
32.060165
37.83806
19.878386
29.624506
17.509346
34.262955
22.063286
26.39226
18.698608
18.892578
36.64615
22.05911
28.635347
36.340946
30.188074
32.787952
30.875444
32.27485
27.592249
26.179754
24.061901
32.744987
24.417116
19.75617
38.98992
36.514362
34.976658
28.073425
17.9136
31.255903
25.807184
37.586334
16.116005
35.68837
22.79292
34.235046
15.383568
16.729542
17.268106
33.392895
23.957392
37.567844
31.75116
39.292442
33.77814
31.18834
31.616884
21.337675
25.397892
38.336334
40.97558
25.81394
31.801437
35.16156
31.30331
27.42313
22.561174
25.858206
19.955477
15.8001995
37.243835
39.50075
40.59618
39.708115
33.794003
25.97295
36.788887
17.961788
15.738444
15.396974
35.519104
19.297672
27.486977
40.792004
35.25787
33.384087
17.749662
32.826397
39.325054
33.958454
15.146877
20.474718
17.774542
28.681107
29.457806
18.150774
19.79863
36.711304
18.634647
16.46001
25.736887
26.23973
25.703953
36.099407
23.175186
40.252575
22.983086
20.630274
17.333418
25.656002
27.659027
31.859133
23.965815
40.555737
32.70833
15.3840885
35.335766
22.964964
26.381168
29.498917
16.477278
37.504883
18.029142
38.09432
23.918238
36.765663
29.925488
21.455584
22.31596
38.911606
37.908154
17.928143
38.043407
30.842838
30.170252
38.307293
32.664883
18.766884
27.329004
33.505592
35.45283
19.386902
30.023556
36.561268
40.622864
15.079537
16.723543
34.373135
33.801903
23.413712
18.17455
28.682402
39.39485
39.15275
23.963125
25.768917
17.977953
21.485775
19.053295
28.089245
24.622541
20.650295
35.828022
32.65616
29.14063
18.336386
40.163284
38.343967
19.6443
19.303991
34.369076
23.501316
15.5236435
23.498266
31.450724
36.262867
18.97348
30.61395
30.07562
32.77357
19.53691
24.53832
29.874596
35.173954
37.784172
19.393187
18.263723
25.642162
34.20818
20.000006
18.841625
35.048206
19.693474
15.508152
15.59885
16.848198
38.503223
27.654907
26.67014
36.731045
37.629333
34.666756
28.166971
26.227425
25.563574
16.165094
32.74695
18.000563
33.073013
35.605434
17.008211
31.860598
26.400997
26.75779
36.541256
35.679157
35.46526
27.52682
37.527065
36.327953
34.08763
30.013948
27.13973
26.525005
16.065237
32.1396
33.693287
30.044378
25.980951
31.372269
39.466698
30.130053
19.051262
27.1521
22.447466
32.151836
28.02258
35.450237
21.85363
29.55101
23.15245
30.571161
32.225395
31.945593
15.649997
31.783752
26.12191
15.899969
33.600285
23.657898
24.01527
24.31083
24.360254
15.086873
15.8429785
31.621141
26.689203
40.891846
29.861788
27.146185
17.464706
33.63329
24.9399
31.680351
25.735266
33.795135
22.23121
27.250814
27.073854
31.86105
27.294426
32.39379
21.721931
31.968163
22.151443
15.651498
24.851355
39.802128
28.52363
36.12262
30.422062
39.18844
24.541212
19.846369
25.57625
20.43837
39.59013
32.55999
38.285156
18.92403
27.642384
20.941856
23.0525
18.585392
40.410015
19.837013
37.878933
18.113314
17.969501
40.15935
40.404858
39.406013
22.122513
21.174286
22.174261
16.56247
28.690588
35.688198
37.300156
27.154757
21.185448
27.305494
21.462584
31.812363
31.853294
37.361576
21.133081
35.254982
38.96059
35.399673
39.194805
27.826355
29.370443
17.13178
39.715492
35.31024
32.952908
23.708708
35.530785
40.35057
38.179035
39.821552
25.508318
15.151394
16.367844
19.666588
35.88843
28.298243
35.486782
23.127932
39.93514
34.521038
23.150621
35.667023
32.28153
33.00965
40.52021
28.355265
16.816504
17.496853
40.17168
17.245964
27.735298
37.73924
21.688446
33.853886
34.46401
29.25539
40.722294
32.895603
34.568783
18.221458
26.57669
21.64104
20.473257
23.277872
25.984428
31.236368
25.833126
31.666937
28.683464
18.18066
35.75472
27.599575
39.638897
31.773575
27.694778
16.040464
31.3157
22.798462
28.84156
29.204363
23.275911
35.965168
27.052742
17.972439
39.555737
23.709023
38.013546
18.165907
36.772022
17.827242
25.178862
40.155285
37.714275
22.131344
31.276007
35.637188
22.297586
21.803791
28.67025
31.576414
38.183334
17.469479
36.732983
24.289822
39.118782
38.127354
35.50293
30.439295
40.103336
17.034786
26.393616
40.30477
30.858234
34.397022
28.475714
34.124218
28.758307
36.28637
36.9508
40.516026
39.37832
34.600452
20.833414
35.040268
23.113302
36.066273
29.571213
24.80878
17.951223
39.306385
23.358437
17.720102
29.408106
35.80599
37.235733
20.373707
40.879807
29.254278
16.71982
31.00911
25.22127
24.180843
36.66936
24.91886
23.233318
15.067575
19.36878
39.70046
26.918537
23.188807
28.399673
32.440792
20.862074
24.317225
35.76984
20.467651
39.899757
18.130325
34.982864
37.65643
29.355083
27.661947
40.256565
19.44613
35.558285
18.465706
19.936476
25.69729
27.104774
20.291878
28.301027
25.315483
27.367006
27.02662
22.417831
38.167564
26.142809
39.40209
17.486012
38.233814
39.00499
39.558323
29.187286
23.167686
30.911095
34.9226
16.969034
19.475874
23.938856
21.069073
21.895302
15.384897
19.63203
37.231422
16.72727
37.126472
36.37292
19.96343
20.232456
28.852396
17.44206
32.077183
28.372402
19.680744
23.98217
15.435875
25.981428
39.478626
24.952597
25.437916
33.824493
17.902857
23.342157
36.10139
39.51001
24.948284
40.402378
33.542572
16.633924
35.794693
37.469822
28.339554
40.744236
36.09656
30.065302
25.781805
23.240473
32.026077
25.389385
25.328661
15.160669
20.358255
20.07785
36.73462
25.958572
23.678112
24.137268
30.246515
33.83692
34.393234
21.350084
20.03741
15.977852
22.65121
40.120224
21.614372
39.09946
33.489883
25.724363
37.321964
33.167976
35.58933
29.240643
27.260653
33.807755
17.84807
32.04578
29.949017
27.976883
26.67202
31.70313
37.880966
26.813866
22.343143
15.308414
39.763893
29.211466
35.125843
39.916454
31.671007
29.636484
40.872643
18.541449
35.600796
31.98976
21.806688
16.404854
24.008894
15.888534
34.887154
33.599216
16.762335
40.653698
39.704605
17.142828
36.663506
21.497358
26.206963
19.519253
31.200811
31.931513
29.722645
18.22746
17.505383
24.256578
20.726027
23.612373
38.627876
26.138817
31.581364
38.302303
34.196754
27.748684
36.104843
38.948906
23.279074
18.707457
20.200441
37.646927
31.837252
27.177406
19.053762
18.405087
39.559856
24.831184
40.409084
17.346199
37.041885
35.148952
16.308329
29.933685
36.29966
28.517208
19.336695
20.453287
33.42781
39.941135
33.898197
24.222965
39.84052
23.832691
20.335415
29.560558
39.98649
35.299522
39.811184
18.407988
34.686897
30.635263
18.78609
21.692335
20.317793
33.29956
25.654034
23.998363
30.943214
25.576605
28.639223
31.93363
37.202587
30.313875
23.411444
15.686481
34.26563
21.668146
37.042458
31.708906
33.49039
32.62368
31.904917
36.200306
30.554707
16.197996
16.906197
32.124924
30.778671
20.713432
22.053022
18.86479
26.115486
27.2881
33.75888
23.291718
35.86031
23.787794
40.53458
34.035957
34.51149
29.88073
27.743498
17.035828
17.415823
40.54992
21.9564
34.07175
37.839294
24.443363
28.106909
24.919758
35.926914
16.780169
18.127058
24.003664
34.65019
36.181
30.0335
17.9818
18.287868
18.754309
25.538355
31.573248
33.245487
31.044996
18.1748
25.110252
27.091427
20.040241
28.655947
36.797558
37.57205
27.327454
29.726555
39.466095
35.065617
25.71233
25.120762
27.72758
27.444613
38.13027
26.404848
32.86819
15.638192
16.52241
39.46274
17.563717
19.321438
32.49785
27.172855
20.555079
23.105154
34.066513
34.428463
20.792408
40.359886
31.502613
24.069748
21.237408
20.38
32.48638
25.524237
18.507896
36.97845
20.072298
15.993342
23.855091
24.800192
38.744835
34.876194
27.583277
31.651821
37.84815
33.788048
26.953232
30.967464
26.014065
21.008978
30.85482
16.165556
38.863068
36.48967
15.090882
34.09849
29.21589
31.644562
25.983677
38.0569
26.328753
33.078648
29.196707
15.8624935
24.253061
27.122778
15.159021
33.468315
39.32093
36.593258
26.285603
21.18235
34.970657
24.54511
24.306671
32.140327
16.651703
35.954376
36.45035
18.97578
28.386671
23.24331
38.967274
40.770164
37.718098
21.353369
39.54235
26.313133
23.230793
36.674423
36.508102
35.462845
16.615881
27.55461
30.455503
19.968388
37.33051
16.343744
40.83255
32.501236
38.30769
35.964287
20.427305
23.839886
25.883528
31.85731
28.251347
31.161596
36.13454
24.816965
40.27122
39.21739
21.155647
37.705456
39.679585
18.801285
38.459797
21.331532
35.95439
37.372
40.643085
19.879032
28.823633
26.945059
34.734634
16.188059
21.43474
32.445553
39.238346
21.919802
22.521952
25.596642
25.774084
23.177145
28.171535
25.115955
31.4387
24.50662
31.903929
21.502045
23.532707
27.373322
21.223495
30.015131
22.136324
23.178942
17.530745
30.591244
32.168964
39.684044
36.348457
16.37609
15.029167
31.299221
36.18238
17.32476
22.687346
40.125877
19.018715
39.885654
36.19161
27.855747
27.454798
30.17172
23.947327
40.679417
22.76605
18.219477
38.84397
32.207535
30.831337
40.945927
17.328197
37.074486
26.77056
39.235836
29.859945
26.37275
18.392475
16.226553
30.838846
15.357221
17.107302
17.304838
37.050983
23.962305
16.827896
27.589964
28.96155
29.590551
20.564846
15.749527
36.766758
19.360157
28.91503
31.879286
33.018833
35.539696
20.449793
37.875523
19.850697
25.25186
25.12806
25.238234
29.352468
29.694176
28.291307
19.565708
16.489693
23.102951
22.541508
33.135803
35.10366
35.477966
19.859749
34.916546
36.997047
21.688736
40.692417
29.108356
21.883505
30.999304
22.41344
30.892584
22.0677
35.277016
16.565235
37.44568
28.12275
23.191721
22.587662
25.475704
32.544796
33.565346
27.363413
31.547575
17.38996
37.697906
20.839901
20.285707
31.2367
25.974358
32.23185
26.17756
34.46711
34.347904
18.865463
29.14874
19.823452
33.39873
40.59416
40.340195
21.47171
24.58324
18.89746
32.59019
26.391798
19.017368
35.2689
30.008654
40.814465
23.678532
16.305275
38.72857
17.637785
38.26434
25.028812
26.429073
20.281603
23.112156
25.405539
21.546959
24.276064
16.562155
35.767036
20.228241
40.030895
18.937517
28.899708
34.01858
20.694881
25.918917
37.934547
22.05119
29.790413
34.50649
33.85228
20.063074
16.395885
39.990948
22.412695
34.955273
39.049114
30.396595
33.623734
25.809988
17.257776
25.712412
27.485033
18.287256
39.528347
16.893488
19.672218
35.146126
15.162867
40.09354
30.072422
33.27002
19.723234
40.880287
37.638115
39.023247
15.025634
33.288975
36.895523
39.025406
19.803133
37.485336
28.625467
18.50269
36.762295
27.537827
15.728707
36.259792
21.660128
37.339947
35.094395
22.013538
36.2405
22.077007
15.409477
40.338943
31.394659
30.7977
31.27851
29.800817
33.748184
20.629372
23.767412
21.978712
22.027369
18.966846
22.54145
33.040318
17.020632
38.568275
29.13677
38.278145
34.726177
33.907375
24.586529
33.596634
24.364859
31.360058
29.616737
29.321558
15.337702
20.844343
33.93362
40.900913
39.920334
30.386082
26.74344
36.07614
35.51206
27.748964
29.57731
18.92496
15.595112
24.7458
20.73776
15.811665
20.210096
36.139103
26.24038
28.728188
28.716442
18.142517
30.993013
23.768839
33.882145
21.450642
24.136696
38.55402
18.934929
20.453308
15.96655
28.302893
26.10735
31.831385
18.65757
23.95229
36.421288
26.084745
15.13938
37.228928
23.982616
28.708965
31.895618
24.904202
15.894766
37.71592
36.207817
23.595646
23.05027
18.984392
30.420229
15.426428
21.522287
18.530378
23.171255
29.61394
31.053461
27.202755
16.218678
19.63088
16.227396
26.5385
39.480145
27.966982
23.308401
34.552673
38.216938
30.71674
35.448048
37.0919
26.908175
36.228355
16.98248
18.04604
34.294292
23.871304
39.882313
32.191395
15.312789
24.61474
36.067326
21.729614
18.205761
22.556198
28.261065
31.690147
26.948067
21.799807
31.335875
16.280058
40.326424
28.155546
35.686703
33.993458
17.494017
24.01578
34.07252
37.833946
33.631737
19.462606
39.576977
22.356878
20.466393
21.16932
22.865383
37.404324
26.82783
26.981518
35.752975
17.384119
18.171028
18.198236
29.249786
22.735374
17.045929
33.52063
33.71036
32.826366
30.866833
40.39561
26.491985
40.946762
23.01491
31.054043
38.61286
32.284546
38.30143
39.92788
36.302227
24.81921
40.126053
24.327904
16.047136
16.916094
30.283558
17.273474
36.76617
26.072887
15.304109
38.187992
24.07806
16.747835
21.456278
27.808514
15.283791
39.49012
18.09865
36.10521
27.64347
24.696474
27.935036
36.266205
22.804758
32.234077
36.909874
27.875486
34.827465
22.898302
35.974674
30.296427
40.1494
19.214893
31.762829
26.9707
31.051302
23.449669
25.32942
30.852106
19.7043
31.854874
23.54418
18.517153
25.720953
26.159792
38.46994
33.62894
30.281597
16.104294
32.11557
27.378187
38.3704
36.417442
33.321503
26.285032
23.431028
40.05937
20.217611
18.317461
39.83971
32.77309
17.687334
24.666985
19.993805
28.033976
32.5786
16.719511
26.526978
40.338085
34.02121
25.769032
40.18737
38.436646
24.142015
38.844097
22.253155
30.602377
37.713352
15.651761
17.010107
29.304455
21.826822
25.090948
16.778894
24.772415
30.553686
21.047009
17.255035
37.845287
22.734715
28.251423
38.5124
30.230738
37.53656
17.875448
34.92161
16.84014
26.218294
31.223696
19.447405
18.218819
15.670915
36.403484
32.314636
33.256927
31.72428
23.167984
26.870289
27.344759
23.960037
29.265985
26.619375
32.927433
22.825802
33.57842
38.875458
16.017365
28.214924
37.08141
26.241919
19.638905
16.35786
38.248085
33.227978
29.408167
20.865326
22.885916
17.70389
21.491901
28.069967
21.603842
21.61259
31.042982
24.432537
27.113014
28.38051
29.875935
20.710094
18.387424
31.808113
29.62453
21.827988
27.345284
36.871128
24.914474
36.95393
16.15944
20.826353
20.187706
19.1417
37.56477
29.291252
25.730871
24.093561
22.6028
20.554527
19.189043
37.084698
26.128597
38.27515
32.386757
33.89959
36.102154
17.940315
37.631966
15.749365
18.196363
33.978096
18.844522
31.570807
28.57587
40.25854
24.829346
39.851913
26.835867
36.867283
38.805363
36.185413
30.037182
38.498627
29.90496
24.120924
35.533768
22.590546
18.774536
21.567934
20.860971
26.411795
28.63542
32.996098
27.337688
27.711845
15.205327
26.985804
20.232847
29.257149
39.734077
23.301235
36.356365
39.602688
29.07333
23.58975
37.75701
26.78566
17.178558
15.055517
21.844393
40.278458
37.73258
25.012018
29.699509
29.50113
25.683388
38.087177
21.59812
34.468765
26.405106
27.036474
33.84342
17.737204
16.919369
40.61358
33.88927
28.710886
16.155483
17.754683
39.432545
25.589468
38.58119
30.451797
19.66284
38.755306
39.701912
20.122013
39.180157
34.241734
24.904871
24.02376
33.22584
27.072483
22.91543
31.327826
40.81939
21.725521
39.73662
34.819996
28.15347
16.74985
30.358774
15.8938055
30.171791
28.65187
29.75463
27.486076
35.639202
36.568157
39.716503
37.914513
40.21065
27.954473
23.94536
30.19579
15.015475
26.546192
28.467886
26.354206
19.095634
17.183231
31.93597
32.475124
34.67142
21.742933
18.654194
25.81401
28.655277
30.38729
18.284325
30.141127
18.094275
28.606228
18.091866
23.683462
37.29394
33.12662
24.328243
39.51968
38.261005
28.657043
36.8832
37.09054
33.79977
34.6512
21.695501
39.606285
18.106726
30.798336
26.57607
31.564222
25.030176
29.786839
24.076164
15.333877
15.296439
22.037624
37.82426
29.823591
32.9515
39.566772
28.358807
21.611797
40.026703
36.91233
40.89998
21.607641
31.009329
32.148006
38.7322
38.299908
25.083757
26.406929
29.910078
19.95976
26.306059
32.051537
17.854
16.781977
27.884697
19.650986
24.067625
17.881008
32.56231
30.265478
31.68803
31.302341
22.728212
38.18714
27.870277
21.766212
23.338663
16.250166
29.111687
38.729977
25.98152
35.098106
18.537117
32.53698
39.494392
17.384314
29.89507
30.913956
29.429983
33.781727
35.555454
33.885654
33.35965
37.89124
19.153362
18.294432
29.516037
23.663174
37.68919
27.544327
26.597744
29.784307
22.874048
17.93316
30.693949
34.63335
31.300274
31.992897
21.234022
34.870544
39.620525
17.627647
37.626984
38.502544
18.334846
19.520306
19.827969
19.351587
30.013657
24.272974
31.45354
34.25838
20.825619
33.052975
23.265034
21.060955
16.092857
25.135363
35.84883
30.417217
29.262035
28.664524
37.144775
39.876762
37.158253
35.20156
21.108635
34.257915
40.67982
36.18082
20.241884
18.348873
27.195461
20.268068
24.981728
34.227173
20.82142
40.794422
27.016655
32.079643
23.484627
37.93433
17.477522
20.305399
21.218952
35.10251
22.651436
35.897224
30.495161
35.16389
31.37549
15.622246
38.55119
21.482292
25.58966
26.360542
39.667854
21.577614
20.662933
21.110806
16.126162
37.218067
17.054003
31.635023
36.185863
18.143038
33.62766
15.489595
29.840929
21.293861
25.520216
22.278088
38.33616
19.423878
19.83213
29.361353
31.47009
24.265837
20.623222
24.973503
39.562984
32.053806
26.695637
32.717712
36.634583
21.12844
37.47202
25.753654
15.814899
24.598518
39.911068
31.638823
39.30235
23.588406
22.849957
35.748795
37.28695
20.47016
28.422848
22.476995
33.172436
24.660645
19.276972
23.002321
36.159573
26.058214
33.192585
30.3134
32.79405
17.000105
35.410286
18.391182
36.43573
38.74085
15.479005
22.976906
19.772196
20.883656
23.760214
34.19041
20.477903
21.940842
18.858715
18.414112
31.9114
38.256054
29.19755
38.32092
17.34646
26.890118
35.71441
33.699654
21.649117
37.754063
32.229183
25.819569
16.540985
23.266953
15.417
24.475801
26.630371
30.122787
31.51844
27.570597
19.24612
21.369955
15.928323
22.110476
31.775192
39.938267
32.626755
32.837444
25.683489
34.99281
39.050903
32.36268
26.690418
20.050434
32.453194
16.634087
23.671267
38.663925
32.051407
19.844461
40.77741
21.660435
17.348446
35.474888
23.992937
27.41499
24.88428
23.068434
22.887264
29.446453
25.379799
23.542046
38.67684
33.742535
40.74221
35.369938
36.875065
21.652023
17.723677
19.809738
34.78803
40.92655
22.159891
21.4929
28.90475
15.550948
38.662308
29.163961
32.83403
24.370203
21.397734
30.128439
40.856148
21.20287
32.161087
27.057178
31.386044
21.124762
26.33201
31.195305
34.685745
40.91353
15.50318
25.736803
18.017189
30.263742
21.578056
23.1512
33.09277
24.313837
16.957937
22.586626
21.159288
21.27038
33.073063
26.124046
40.342117
33.471745
22.959705
21.62019
33.979836
22.102448
40.84501
25.152252
19.595692
20.951033
30.773544
39.665215
37.88063
31.098518
15.194347
38.32307
27.603771
34.23107
23.124485
15.278144
21.719702
23.389723
26.01493
23.098063
16.107872
28.401573
25.766808
38.92782
29.358063
16.98105
17.480818
16.614786
37.806755
35.546474
25.469978
29.487415
40.63284
40.16628
16.825468
28.253729
15.237097
15.730924
26.397766
16.573648
17.358368
30.440588
18.439913
15.259553
31.420399
21.005522
35.3571
36.772343
36.456806
39.574898
39.016457
18.705751
27.627684
36.3418
32.893253
36.28941
22.819817
34.016026
39.96447
23.59172
36.11356
37.913063
19.7079
23.066305
31.0029
16.276731
17.824846
23.361364
28.171223
35.634624
26.376593
15.899025
29.353931
29.479641
23.909678
21.632252
24.359903
29.377483
32.842278
20.599709
18.677458
29.719215
36.893707
22.424421
28.256405
22.769558
36.661346
35.739906
24.03633
33.40575
34.58412
40.67788
27.582235
36.998486
21.478804
19.014559
24.792225
17.255493
19.595278
15.347854
27.057896
21.530075
25.709158
37.765804
24.486618
17.090952
20.154858
33.86686
31.835934
33.156483
23.899538
27.705584
26.663776
20.115433
15.768096
35.26268
36.864273
21.288128
15.751629
20.376219
27.237337
31.825901
29.966572
37.721252
32.03141
19.903507
22.278982
16.387922
36.50201
29.228195
40.86818
18.883593
39.445038
19.07084
33.07627
39.972366
20.392002
38.518673
16.7748
39.665787
23.695646
17.455727
33.177044
32.89137
21.087696
35.896366
26.534271
38.891094
16.45668
35.728798
36.476524
32.239708
21.572166
26.669666
16.893196
32.52329
23.272799
33.287476
33.196075
17.181204
35.239086
40.321655
25.567152
27.790203
40.887814
15.205869
25.365816
38.157047
24.153576
19.698093
19.254879
34.986656
25.963852
24.826885
18.802002
26.605541
36.067593
30.98216
34.323
20.245716
26.543344
35.910618
28.55572
15.732183
20.791376
31.620007
30.387836
39.067425
18.105343
24.753067
31.309462
27.369293
15.022539
25.861168
17.520855
16.894043
32.567764
15.1892605
38.69813
30.464132
39.23438
40.077908
36.304386
27.52085
31.087149
25.894844
30.031055
19.234655
18.72494
32.52756
18.464071
28.63159
18.00743
37.900185
35.391556
31.531912
21.428402
40.721916
30.304699
22.247602
15.809336
28.731066
16.59064
38.448177
19.59038
18.067747
29.675913
28.37972
21.41196
22.090038
31.951406
32.70988
26.908655
39.942486
15.694408
20.671991
18.678066
30.492472
33.40067
25.894379
39.240936
31.869175
26.94916
31.326271
24.474686
34.771385
28.844418
35.009647
19.4812
24.954699
22.41624
15.096771
22.14058
20.865122
23.303635
15.475951
17.706163
26.255402
23.809795
30.643621
32.71213
22.801908
16.787075
16.048544
30.193474
28.234123
20.595743
30.034489
34.759212
23.29539
31.377525
31.720493
39.41315
37.972733
29.39475
35.683342
22.182602
37.865185
16.508135
25.144648
33.593872
39.30422
30.001057
34.515415
27.824514
38.89652
33.90538
21.613838
18.965637
15.528406
26.743711
17.647406
25.243803
32.553024
38.1752
33.138382
18.280392
36.875324
22.416765
28.37203
17.507399
35.956734
31.5089
15.659917
29.712173
33.38036
36.505
35.735935
30.349539
20.549368
25.485357
17.940672
30.73833
24.335186
19.93178
29.500065
19.550367
24.048935
29.446106
37.167202
40.10338
21.978556
19.055504
36.771545
20.885454
15.915753
31.41987
38.807667
23.467073
29.591063
38.141327
27.096115
19.497797
17.741924
22.073076
32.761715
32.838234
40.65785
18.034658
17.300228
36.04387
24.47833
40.662952
26.342018
40.395912
30.263397
17.262962
17.87181
23.465288
32.913223
20.469736
19.126568
25.799442
40.382442
38.29253
15.168815
32.737644
22.316452
23.684584
29.22072
24.588947
25.23104
40.16666
34.244556
20.448072
24.663425
32.229717
16.968117
33.777863
39.3419
35.25192
21.578981
29.553125
38.352825
27.4874
20.649523
15.239042
31.528027
18.31897
21.504826
25.16849
39.832153
32.414272
19.20863
35.985992
22.398708
28.68456
34.617832
25.742153
16.045214
30.017643
31.543903
18.95084
19.591955
28.64124
18.96001
32.462524
25.115519
16.670261
32.40554
40.360523
19.387417
15.90135
33.26504
20.253126
39.17973
39.240173
25.436586
36.31286
33.863873
40.281876
34.054867
26.205393
31.785202
19.512192
22.39727
23.653952
37.265327
35.35667
40.876556
39.801132
24.765652
33.87755
22.11165
22.758615
17.739779
32.302696
38.46848
29.776222
24.00906
32.76832
37.175594
20.315254
15.114756
29.666756
31.144861
32.97713
40.03183
18.813145
40.96518
30.716858
31.873638
21.279339
21.18781
29.06176
31.773304
19.190828
25.984583
35.15963
22.996853
15.042128
27.53581
33.396233
34.524654
26.15838
33.092484
26.050816
20.832005
37.81571
33.557827
40.999165
37.40625
34.230053
17.646101
26.827301
15.65699
24.134085
19.202015
32.88498
40.307564
22.98396
23.101875
15.786542
25.100178
38.97252
31.30815
28.657845
24.70362
26.972778
21.111876
27.031378
38.0817
17.295277
18.372797
19.707758
21.26215
24.7152
31.655018
32.130306
19.439926
29.609875
20.556309
39.86039
21.655407
35.24458
25.242113
18.594776
37.907185
35.25431
38.22071
38.83222
34.49079
37.19143
25.733839
37.77505
40.59878
15.643935
26.787525
36.342525
19.774305
33.87627
32.810696
27.27622
25.679396
34.204445
30.204613
27.233797
40.82088
22.38943
39.633987
25.495913
19.370895
36.217617
29.811077
24.45215
17.025711
21.13435
37.736923
24.38528
23.965656
40.306328
27.889309
35.23926
27.410578
30.810942
37.68487
39.034805
32.009438
27.785385
33.693226
32.387444
15.359269
18.315575
36.54384
17.186499
26.317862
38.604813
16.24176
40.909363
39.45616
19.534254
25.696253
24.274063
21.990591
27.112076
24.666693
24.974024
37.841995
21.505547
35.043087
28.092556
31.087236
25.359835
33.40384
20.460516
30.00093
18.929825
34.1314
17.699148
19.129082
24.185818
38.016716
28.98116
22.392952
22.501387
37.24637
27.646515
33.09066
28.79133
23.941673
27.725546
34.84565
37.039997
38.00682
35.150425
37.045284
24.044987
34.94365
39.977074
21.119493
33.898468
29.503431
16.29312
38.128544
33.23824
28.571518
35.653526
35.560593
26.622753
34.51852
37.863987
25.983885
18.519234
18.402147
35.723274
16.255075
27.341211
24.866634
33.93916
35.35428
27.731577
21.362223
20.848635
17.599108
31.859535
31.394867
40.80155
23.984106
36.884583
36.916885
31.107977
15.698615
31.937933
24.682077
32.302906
18.495247
35.981537
31.41425
18.148117
28.512789
33.727135
36.975986
38.26943
25.401505
28.43257
37.37487
31.618578
25.155426
15.839767
40.40728
39.052574
16.925385
36.778683
16.015238
28.239273
15.2681675
27.033655
39.019737
19.826519
21.781311
31.953476
21.794298
28.353178
39.879707
31.983652
32.65545
28.733908
19.589325
21.809196
18.272161
25.315536
25.665
30.118504
37.234238
37.481422
20.083355
21.133593
27.069963
21.571196
17.0186
16.999365
40.46627
33.486767
38.778088
21.884192
24.220018
25.771595
32.8561
40.216476
38.53697
25.178568
25.25854
36.86656
18.695263
33.783016
23.557816
36.280632
19.803295
38.55082
40.756344
36.583073
26.407108
22.937592
19.96873
25.485905
28.040419
33.573414
26.176874
21.478786
23.46073
21.37872
26.868792
26.2203
28.277885
39.560276
16.24122
36.310978
20.956854
34.852367
25.827578
18.700829
32.764313
35.09674
23.907087
17.86889
20.129145
35.79587
16.85746
34.609562
15.099701
40.627678
21.732708
23.770273
29.106194
18.075787
34.779266
39.60729
31.07439
40.30796
37.347786
18.561249
17.087221
23.226357
30.714539
36.201256
35.25377
32.21679
22.695585
37.84611
26.220537
24.540121
35.618446
40.94363
32.847748
18.537525
21.210176
23.673576
17.97382
29.862307
15.267398
38.437206
16.904104
39.804493
19.592941
34.90606
25.285278
16.440475
28.615444
21.124905
31.364742
25.818386
21.352367
34.79858
18.284761
19.68106
33.9335
22.339672
31.02391
22.331804
27.771235
24.513773
15.873877
28.164309
19.645477
30.591307
21.927477
33.106503
34.46521
23.799675
19.954182
19.769209
25.275381
17.566792
36.25231
23.443903
28.196941
30.556746
31.5925
38.259987
40.419422
32.82069
22.204815
39.790432
27.109716
19.520765
24.91245
34.185684
36.15722
38.632156
21.977684
16.519258
32.04473
20.788122
21.00122
32.444427
25.81615
23.00515
29.303978
17.489973
23.106041
39.41008
20.620665
25.363928
32.502934
25.288397
16.647514
28.4878
38.13725
25.78257
29.011791
36.649776
29.316437
27.391653
30.568708
35.143875
38.274014
35.05808
22.581688
28.05311
28.655882
34.074863
26.304853
35.438168
26.236412
18.306204
25.761965
29.109175
35.538406
22.286737
29.103985
32.38661
31.525244
20.649414
30.827763
18.798414
28.340101
18.029346
20.351305
33.01399
25.186316
34.100597
19.966394
30.481565
32.874573
19.725275
19.027304
34.214188
15.306789
33.328964
17.384684
21.960392
24.2231
39.563885
29.536592
34.59927
34.907658
27.080833
27.744072
21.01558
21.23042
20.8033
27.446526
39.939083
26.396376
16.481918
35.712532
23.273365
17.08024
19.504608
31.174686
36.29281
23.243763
17.94762
39.922367
35.752472
19.864536
31.674894
28.164278
15.434162
22.049192
28.92793
23.122974
15.9429035
15.560657
23.295654
24.586494
39.671677
36.65815
29.213486
26.817587
34.768143
36.330353
25.21313
26.10893
27.665722
26.49624
39.02934
37.17312
36.28236
29.55476
31.367165
23.7691
15.343784
21.783659
27.64302
19.49212
29.45417
35.5194
17.335098
39.49212
40.515568
20.79425
18.71344
29.03594
19.88847
18.163282
38.667313
32.291595
28.28949
20.823153
17.107187
20.488148
35.837982
25.806145
36.99096
18.692842
34.892147
31.027157
38.408825
24.847267
37.35601
39.267902
28.358423
39.41743
17.99227
25.801773
34.85169
17.037907
23.94201
15.294393
28.817112
26.868132
24.130775
37.85914
37.895798
26.029324
38.531517
15.703423
40.677124
24.45338
26.358461
24.670761
38.17941
31.750511
32.181973
33.16525
39.453358
19.290245
29.682898
32.43922
40.070816
31.590841
28.306082
15.031507
37.9586
34.325024
28.426075
18.262844
32.5469
15.775355
17.804173
21.126648
24.524195
40.410473
30.094414
23.657444
40.62505
39.403736
36.947197
15.915995
20.824854
35.37881
28.862635
21.099178
38.074955
39.44206
28.361885
23.964424
17.284119
19.649467
26.27309
35.752583
28.636932
39.456337
27.969658
32.099766
18.537098
20.410704
21.252123
33.047855
37.473213
39.376984
31.230803
16.194979
21.927023
36.914154
28.044998
31.271437
21.07886
38.083187
16.545547
34.983162
18.512154
19.921337
31.170967
20.833973
22.37885
19.096315
38.16353
27.819477
34.55965
30.841202
27.000051
32.379692
20.237862
22.171396
21.453264
25.804
30.002928
30.597792
22.053083
26.40128
21.109339
40.075706
17.883158
36.179638
22.839088
28.767056
20.626577
37.524323
37.050415
32.343582
19.565624
36.4191
34.942966
30.021898
40.843994
25.125355
16.829237
16.29647
25.71589
26.915049
33.27437
27.424524
22.734962
32.447582
37.351257
20.117327
19.877018
19.687424
20.955063
38.605114
18.444006
40.878372
29.13107
27.268358
17.26274
29.022085
23.192083
31.365946
21.170366
30.552526
32.03631
22.041252
36.069637
32.45475
31.523912
33.74996
17.940449
36.94543
34.03026
18.528885
35.11027
33.014362
28.366093
28.112904
25.81449
25.62013
38.139626
39.807613
22.618761
22.139908
38.332855
15.238028
33.628975
37.792416
21.37413
20.61921
27.580437
39.184757
29.31129
17.032503
37.8764
25.877941
27.824432
29.341473
21.437098
35.922596
38.764668
26.844526
29.82392
26.685472
20.664959
15.536609
40.519436
40.969
23.241423
26.940224
31.472437
26.420315
34.28821
37.866436
38.058205
33.53274
27.566414
17.179424
24.457735
22.16199
30.2971
35.663475
15.125671
34.410828
28.690979
31.42932
38.495163
36.9802
37.581863
33.94696
24.358953
18.64143
37.67837
20.755133
22.469477
34.353188
19.208166
40.172905
36.816746
40.728672
35.80114
34.926796
37.77138
22.052494
33.342903
15.507192
32.82107
33.853405
29.227005
22.280752
19.982347
18.158241
39.94428
23.910833
34.135536
24.98397
19.269793
30.475925
25.509232
26.36895
37.442757
18.826406
35.331734
32.301113
29.68201
37.18289
40.27032
18.269981
24.139381
33.75475
32.69531
35.85097
26.965597
24.245367
20.034315
30.72466
39.5481
15.510992
17.523233
28.84033
18.17743
31.353035
32.513817
25.052149
27.4086
27.44895
15.163928
33.48814
19.206137
35.7648
39.814922
19.156101
22.596247
22.442987
23.651693
23.847342
34.996807
31.121492
36.34443
22.26822
26.655682
29.916368
24.287104
16.511133
17.700106
34.887154
15.776282
36.47072
35.184628
21.705198
35.01486
24.617674
35.222424
20.457884
27.178743
31.661787
36.794495
28.046978
27.950703
19.067314
31.153574
36.477386
40.90392
15.128108
17.874317
15.482873
32.908943
21.366417
19.548605
28.398218
27.34118
37.3885
39.88459
32.96273
27.282137
17.011831
30.540323
27.827837
34.136024
34.472736
20.407614
20.941927
25.124538
34.830074
39.259052
29.69851
27.97595
37.29959
25.680815
36.759087
30.790802
16.18528
39.036217
27.800117
27.54493
37.318226
16.839708
18.083754
22.981592
40.470005
36.36828
35.714966
20.74801
26.076916
26.596994
32.72308
37.54758
23.792908
37.617657
30.693596
23.807617
30.883217
33.58438
19.57657
33.903442
16.277412
25.927086
24.510742
22.333138
27.219622
30.08369
34.02797
16.403406
19.885387
37.3241
29.840418
34.965313
31.078775
31.3738
15.56335
30.529903
23.179905
35.492104
35.189255
26.697039
30.882315
15.420005
25.90444
24.2469
19.94116
19.184637
29.927109
29.472116
23.147373
22.132341
40.446304
39.36945
19.0496
22.759405
23.454048
28.163517
32.56484
23.919447
20.288366
34.30106
33.550323
40.80861
35.042725
34.532726
29.65342
17.764507
36.647926
23.990416
17.312819
18.36216
37.39525
24.271725
29.653578
15.549872
17.94514
33.45901
36.200104
28.640326
25.453579
16.72919
38.82538
31.856882
22.34861
17.751297
31.161322
38.832382
24.502544
37.42245
40.814354
18.96748
21.07057
37.658833
19.161871
22.877825
40.10451
21.936762
40.249416
17.294165
30.200811
25.07009
24.365112
16.726711
36.90477
38.313496
31.236872
15.964866
31.368324
38.297417
26.47973
30.05569
39.84674
15.52877
24.914642
38.78926
38.01979
16.232712
37.68681
20.916277
15.836011
18.164093
16.730713
15.333152
20.603952
22.683435
36.060673
16.291948
32.39228
33.870594
40.60989
17.327425
34.450912
28.740458
35.897575
26.04061
26.328312
40.728397
21.672924
17.138165
16.635464
29.529331
35.866283
28.199007
29.99489
36.10268
29.672071
21.52449
24.61349
24.196556
34.39461
24.125628
19.130909
27.098036
33.80714
36.410683
31.92047
18.482386
22.206007
38.458675
34.857613
15.212619
34.086094
26.899137
40.721226
33.73175
24.420202
23.365675
16.856058
40.293724
20.894283
17.25075
29.499884
34.69485
37.13201
23.061243
39.26688
17.39629
26.936337
40.05924
40.679188
32.96897
21.88235
25.069635
35.3514
16.645939
22.21482
40.34604
17.458189
31.433132
23.935547
23.2086
27.453156
30.70808
33.209686
28.802256
19.657362
27.52705
18.776943
17.771091
39.2989
22.964666
15.922587
30.904295
24.860266
39.726063
33.744946
22.881453
18.178158
16.000143
32.95014
35.12971
35.640747
24.063513
32.2115
27.502562
23.040354
38.498184
17.250164
19.999825
24.164791
22.052198
16.22512
19.070581
31.048645
15.150734
23.764978
16.175709
31.956053
29.85642
30.030478
29.233795
21.629444
28.68095
30.565828
36.334057
21.114176
21.06621
39.378662
37.672165
15.55676
37.581608
21.68248
24.049538
15.774905
15.925289
32.042137
18.474117
39.11037
37.670506
24.28206
31.410172
39.101097
18.364325
15.448486
30.047161
15.8469305
24.06447
39.361217
35.59231
33.59367
38.691055
35.846977
22.038864
37.023037
26.67348
19.615618
33.12177
37.01157
36.288822
37.922043
27.244774
38.209347
30.816507
28.65091
17.047684
34.689796
39.17511
40.26772
34.97985
22.134796
17.060633
20.199158
20.755632
33.544582
27.771612
16.637094
18.889942
24.299982
22.884962
34.504837
28.646635
25.554745
34.73741
23.38087
26.679914
38.39877
31.270971
29.544449
28.408525
35.008312
35.216854
27.989048
37.734932
21.0872
17.820778
27.243816
18.106312
34.30347
40.353626
18.14984
29.111534
24.138727
26.504932
39.35712
21.81807
39.592884
33.422657
15.239855
20.874973
40.524906
20.641306
24.17174
18.04292
28.060474
18.431364
38.659615
34.259483
15.460512
16.206604
27.702974
29.607674
27.1197
15.541828
21.928474
32.627945
37.952255
23.082083
19.542677
32.2987
30.322409
26.165459
25.953005
25.707571
32.89005
28.335047
32.02589
21.945541
25.267328
23.081696
35.382896
30.078152
22.219961
28.137657
21.879545
40.18294
35.29725
27.432323
34.46845
27.389427
28.237906
17.424648
24.017256
17.617714
31.273964
28.942978
25.333725
16.284145
24.543108
34.891483
29.644327
27.627104
18.220034
32.223354
22.079388
26.503368
34.690422
29.434544
15.336974
16.515202
36.116436
24.497742
34.629337
22.150606
17.080582
22.63488
36.25987
32.253925
28.645157
30.617403
36.735176
17.591307
39.127396
34.387115
17.18604
30.535172
34.165794
37.706387
23.05258
33.964302
28.241026
25.275053
25.483223
33.36068
15.715231
20.292316
32.7036
24.781736
31.666328
37.79554
22.730677
17.896187
31.319445
17.273731
23.239054
35.594086
25.715384
23.032175
22.130577
37.81642
22.406507
36.575535
31.414917
37.196777
37.433243
15.880398
25.378021
19.867512
38.60985
37.844128
23.696947
22.354998
22.235977
28.425533
29.153713
36.87335
33.750862
16.033752
15.907467
26.523277
39.56006
25.575357
33.903393
18.912497
38.289818
33.23566
33.928436
25.536366
27.062181
15.548735
20.068064
28.892195
38.03434
26.601633
39.874874
33.747986
40.408535
34.321907
19.429106
25.246006
39.39429
32.713406
32.65265
30.594032
38.19263
17.633972
25.732302
16.981699
27.972275
19.249605
18.314768
26.056776
40.020752
28.653156
15.254861
40.80591
27.77877
29.30173
20.13017
36.00661
36.304012
15.905371
16.47951
20.552128
32.86095
24.19071
18.779106
30.897951
22.796202
24.566708
18.539682
17.63864
31.63426
39.135693
31.589163
31.795803
19.41639
22.721363
34.599907
35.782875
38.705833
24.626505
26.226027
40.20959
17.39539
18.686577
18.835434
31.698835
29.478777
26.85147
20.752985
40.710793
39.285137
34.006165
18.175146
36.0041
17.326391
15.032042
26.47329
35.81097
34.87004
23.214178
36.47188
35.062996
25.625435
22.015877
16.469416
27.076698
18.519386
19.970282
31.264145
24.992466
25.437422
22.9799
31.253265
18.958042
28.01983
15.668382
27.793337
31.55725
20.127085
23.59491
19.441425
24.30707
37.42707
19.1201
29.440525
26.18089
22.707003
29.50329
31.869486
31.062988
40.975723
24.414627
34.246845
38.79915
16.19752
17.461401
16.059519
26.080484
37.586514
36.55653
31.681572
20.7824
19.790958
34.998203
24.454771
22.57781
16.009815
24.983095
16.321943
31.65355
26.109238
15.941691
18.335627
18.181171
21.144588
19.562714
35.608784
29.828043
23.34392
23.664652
15.830902
25.04201
24.571808
24.175951
35.341988
36.102547
36.567776
28.401398
38.93856
34.003708
30.841434
27.480787
27.079966
15.118834
25.006922
21.486937
22.969866
15.2943125
25.551981
32.963642
16.107033
22.529463
24.56259
27.870222
40.331062
38.721798
27.761745
36.877724
19.132904
28.091793
21.371586
26.753002
27.056662
30.84847
21.770771
19.170267
39.388275
27.416914
36.694523
30.705835
27.008358
19.121075
17.812603
19.000227
29.280588
21.600037
25.920855
34.112854
25.153666
29.433111
29.694887
34.947994
33.27406
22.45893
32.979813
16.296816
33.83833
32.09601
23.92789
16.51868
34.157993
39.60693
33.946278
35.17602
36.466568
25.69565
31.380005
38.040554
20.367466
38.087135
28.13067
37.804657
23.503218
16.810843
20.999268
24.560179
18.520449
17.794294
31.441889
34.6481
24.211853
24.070286
25.640015
17.8358
23.83542
34.411
23.312422
16.944828
18.042898
33.524612
28.533686
27.0306
27.593536
40.084698
34.974613
17.006353
32.08587
20.810036
35.44284
23.207302
35.309406
26.572144
27.377216
15.806916
35.499718
32.080215
36.0375
19.22576
27.774572
24.077787
19.53126
32.714355
28.335434
36.18284
32.532803
27.14504
31.637714
35.51272
24.574287
36.713806
26.664888
21.057554
34.127113
29.731611
30.685658
18.40069
33.342068
26.975735
16.430025
33.831738
26.279568
31.175137
27.48927
33.15782
31.73678
39.119934
32.926456
26.590733
34.366203
24.613518
25.578262
32.972485
18.680813
22.026949
35.335514
26.299082
17.753645
32.568657
20.809011
25.012016
23.945148
30.548613
32.218822
35.849316
38.8295
18.894588
19.089405
39.182728
27.641489
15.969138
36.389477
15.71486
40.028446
23.339476
26.124838
23.169874
27.667105
36.568413
32.073833
16.183659
24.393131
18.323069
39.34937
22.984043
39.89153
27.139029
39.778057
16.64902
37.708916
34.031197
26.70612
26.740608
30.374132
40.80859
32.77341
22.934292
32.75153
38.428802
39.440998
25.898767
19.40162
37.018913
37.614403
18.127909
40.686718
27.293154
40.573765
22.68674
31.634575
38.013607
29.603798
18.905375
15.160903
31.868744
25.21055
30.939682
15.152042
26.685682
20.61865
27.814749
21.121983
18.245453
27.361853
20.076874
