16.321293
37.50472
22.185455
39.24177
31.15523
24.359295
18.538017
35.571236
34.11118
23.87519
40.095844
31.582745
33.19716
34.82963
24.276682
17.285955
27.157907
23.982218
40.000553
30.38642
15.701652
28.33957
35.885433
19.566338
37.63004
25.265404
34.453827
22.947327
30.960354
16.08036
32.538147
18.235947
17.654613
36.961937
38.504246
29.375084
24.407972
15.933438
34.656773
28.658981
30.099302
16.521805
32.246536
39.217037
37.96966
29.26776
18.869225
32.5312
16.369806
31.687677
17.726559
31.224102
28.005714
23.515127
21.21495
18.739809
34.011585
31.091045
21.6135
22.736338
21.892578
24.625013
23.262262
36.018875
27.404966
32.71613
31.553328
23.66485
17.779324
40.00047
28.301455
31.626848
21.342688
38.083168
16.617594
36.54656
26.558558
33.016666
39.277798
36.772736
21.77898
26.502628
32.761642
16.648424
37.59089
20.723663
20.62846
18.017483
32.53919
26.251886
30.706264
24.597637
34.222015
34.83492
36.687435
20.377157
31.27904
32.025974
30.156889
30.514418
35.631428
30.603128
37.822502
38.354465
40.48262
38.513927
30.774353
31.1239
18.051897
16.684992
19.968315
19.62518
19.788088
24.452309
24.811325
29.823736
16.898716
35.596382
15.719685
22.60603
40.43022
40.007458
40.82845
34.18393
15.847802
20.859564
31.649086
35.630634
39.088844
36.83806
24.404234
23.855494
15.401717
31.443995
27.012484
37.960022
40.93221
22.689543
18.252827
30.36448
29.982666
18.602243
35.507507
31.354317
32.14437
36.871937
18.663633
34.767952
29.091532
28.70263
18.248093
37.432133
20.725655
21.472683
35.67694
19.64845
26.572014
36.16013
30.619568
36.54425
24.85523
33.656013
32.90955
24.423536
34.51894
37.067104
18.17834
38.38816
20.604904
28.900425
27.444477
33.44694
20.86978
26.625427
19.260178
39.08998
17.293169
37.52584
38.698853
26.877916
16.21849
35.981552
24.461168
15.98037
19.268559
29.362005
23.683968
36.795345
27.89067
20.566116
23.65544
39.790955
29.411402
15.909655
20.571657
31.53314
23.819164
22.539612
23.713667
18.497873
22.14302
35.846085
26.980976
29.713535
21.259115
22.445698
34.58646
23.53895
28.23143
40.226612
29.89929
19.954824
35.881584
19.673717
27.916677
23.631113
38.182613
38.233532
38.651836
22.730076
17.284754
29.83199
34.844734
15.914576
35.50644
38.824127
30.833801
39.35343
33.461803
31.633415
36.170963
16.650381
35.646248
32.129272
39.61897
29.570524
37.264515
32.394993
32.539097
30.197832
38.861237
26.954233
19.359058
39.729584
36.40165
37.752766
38.80493
17.498411
19.850643
37.233185
16.88773
38.009792
39.011223
29.693817
39.254223
21.792725
31.408798
20.789038
38.443394
33.683456
37.34563
37.506805
24.833918
17.797033
37.900154
40.250107
22.624851
23.888557
38.608807
28.752674
32.060707
19.065958
36.84331
38.475224
24.29382
19.888227
28.484394
29.857052
31.77105
22.767887
19.393108
31.338829
18.83844
21.293743
19.394032
34.42592
16.37668
27.599678
29.009848
19.227608
16.711794
21.22758
30.024782
17.886105
16.789652
29.0672
38.104733
17.10023
40.65952
27.90307
31.164824
19.552174
20.681028
32.85828
18.95054
37.46178
18.550566
16.597288
29.3864
25.721277
30.23723
29.534626
19.646639
23.104414
15.225161
18.493652
24.615143
17.8975
36.07814
36.26928
36.42737
18.965797
37.274067
39.370857
26.124792
36.74731
28.501005
31.856153
26.102879
20.956942
29.16315
27.614674
31.996416
40.88763
17.714216
33.718246
18.921478
38.110924
35.617374
39.5292
39.58115
22.108137
15.225015
26.141064
38.642544
26.904121
17.678242
28.424112
31.005545
39.129288
39.045177
27.457813
37.109074
39.101463
38.348747
16.454441
40.258595
20.497725
29.878784
18.412966
31.10894
20.977343
32.239956
36.68954
24.899464
25.72053
39.956085
32.43071
37.813877
34.26363
18.133188
19.387691
25.925032
22.23996
22.67755
39.01488
35.585327
37.676502
33.871952
36.95298
39.83627
36.350185
39.732166
38.006912
27.436132
38.373493
15.497615
28.550974
21.442543
34.65761
18.854046
34.9284
30.937208
25.192467
31.042952
29.859808
26.442898
17.186344
21.881382
16.134802
32.858192
38.023975
37.89756
15.933156
15.323367
29.730349
39.28186
23.00689
31.3312
32.168613
29.159246
31.651756
16.609396
17.5539
23.808548
40.906437
34.826668
35.030933
36.88545
16.739965
28.012426
21.041826
24.450346
23.12279
23.730444
33.001434
38.658733
38.823948
28.50971
24.401175
28.34105
38.536835
16.811106
20.878273
28.380438
16.508066
38.89642
23.015821
34.791103
18.22893
27.366602
28.680174
24.706543
22.945997
18.849085
23.555588
34.106087
38.75737
38.339287
25.202148
31.039804
30.883192
19.039482
35.441452
38.356014
32.333946
28.188396
20.16558
19.492222
20.647182
25.337976
40.768394
31.759499
30.623184
33.809032
17.31422
17.731918
27.062351
30.645407
40.287445
26.846846
27.391752
35.28672
23.307678
20.12847
19.76568
18.392578
19.548496
29.066147
33.734707
25.776598
37.763958
23.110764
37.900085
16.24642
23.80546
30.996418
22.105047
38.29631
34.30261
23.151447
18.661854
21.061865
16.78529
33.831867
33.87319
37.72164
26.940037
30.29202
39.67879
18.618526
36.92249
22.301327
29.64292
34.773987
36.68856
26.622643
37.69561
16.181225
27.160604
33.68696
30.05035
31.288715
39.710766
39.63072
22.54312
38.423424
20.922321
26.106232
35.272503
36.553448
36.880722
38.832306
17.867823
17.752653
21.34969
37.721283
23.972036
37.00537
27.103605
20.600443
32.59841
36.57696
35.416054
17.039717
26.904684
16.076618
37.24533
28.604431
35.625805
33.55149
29.011261
36.970875
16.915993
23.476778
30.023716
19.77412
16.673214
16.344183
17.601677
25.801693
39.553883
39.701595
37.71276
38.203323
40.832863
35.959747
19.566618
26.756145
27.02365
38.056946
18.011606
21.906342
28.745863
16.160906
21.81272
28.30239
18.711891
28.987114
26.929703
29.841715
40.901886
32.025978
35.767822
25.871643
36.006012
33.996475
36.039814
19.117262
31.035109
26.181894
16.355957
20.152878
35.63578
20.9536
27.950357
24.790434
16.093042
37.7517
21.054935
27.62737
34.26358
21.066893
22.348667
15.178077
30.754824
23.555567
30.638182
29.507187
35.54986
30.32078
29.466751
28.08966
20.975477
21.604431
29.702309
25.74167
21.42036
32.661545
38.321095
29.898027
19.53276
35.425285
15.582033
29.25596
15.761711
20.721855
23.578062
37.861725
17.053127
38.257214
26.75397
24.085667
27.271908
26.373049
39.3965
38.613
40.49338
34.657196
28.330894
21.571686
22.692276
23.894238
33.09904
22.22548
21.554577
19.554771
18.748024
17.279284
36.14746
17.047306
32.023727
15.775665
32.004738
19.29463
26.242851
21.805483
32.820007
29.846842
37.40749
32.81222
39.386963
15.70617
34.230164
33.138805
35.686115
39.314087
31.653042
17.647202
33.08943
28.73909
37.17371
32.73546
16.53909
25.00395
17.830778
25.883198
25.253965
15.704092
19.056204
15.976007
21.027086
30.594164
16.7672
31.090557
35.49961
31.65776
17.049082
22.166615
15.931706
35.32563
31.571463
28.048645
18.937857
35.970634
23.483711
31.74887
19.413994
37.583027
21.951591
17.465292
15.45606
36.61762
31.725523
20.882338
15.454395
31.404728
15.171934
35.58842
24.745594
22.22969
18.052666
28.063816
18.21326
31.211132
19.003418
34.623974
28.05133
22.446081
22.140749
15.947426
34.538437
20.540403
32.518147
24.374172
38.11899
19.605885
27.255209
20.029545
17.346523
19.080748
15.079955
34.01015
39.31694
39.318233
23.752901
16.362696
39.104332
26.78825
18.382404
31.393093
24.408964
25.950073
21.994438
38.96241
37.137146
26.37934
16.885868
21.857857
28.954638
25.570597
21.268877
18.07115
22.990314
23.986963
18.5052
34.87321
18.8138
35.39141
25.832281
38.943363
16.570765
36.269516
29.899588
25.49271
38.731724
29.241486
23.661736
37.315693
38.294964
16.761576
29.216137
36.010273
22.481531
25.11597
32.026405
34.226467
30.969927
32.755554
27.638756
33.734562
23.54044
15.33791
34.47714
17.348444
31.633831
22.503256
21.593899
17.296164
19.776352
28.37194
30.35623
38.49897
36.08276
29.02648
33.96473
28.401703
38.121418
25.82904
34.428883
37.491558
19.31018
19.325666
33.16528
24.448898
25.709087
20.701365
26.73795
26.99293
35.585716
16.275698
19.426146
15.916644
18.451202
29.366251
15.283479
31.549664
16.399746
28.997883
28.143291
20.944187
20.531755
22.39846
16.628674
38.448414
35.000404
27.997206
40.64155
20.013445
28.793802
19.729696
26.033796
16.573833
18.749584
35.85389
33.20432
22.14854
18.496155
40.194492
29.219585
39.928253
29.024435
20.758356
37.721092
22.546616
25.416351
38.001488
36.361767
38.977123
24.890974
40.678616
15.804338
28.053963
23.776545
17.169212
21.41819
35.48437
35.276363
26.449184
30.727283
21.401583
33.968792
27.465395
20.39017
33.001667
32.86638
28.57055
38.034214
27.614183
16.556374
37.888863
24.61961
15.675671
31.454693
17.0083
26.1748
36.50671
25.527649
28.233139
39.723442
20.53736
24.970478
19.780914
23.014042
35.682465
34.279068
21.770733
37.266953
20.937458
16.91093
40.625343
36.569378
24.946878
24.303844
22.597237
26.777586
15.29206
31.40526
34.529396
30.826551
19.55098
23.062897
35.674286
40.200737
19.802475
29.636705
18.42
17.985744
30.17865
18.014593
16.1104
35.39913
34.313404
25.849163
36.796444
16.989595
40.09172
18.279882
16.718847
17.797373
30.973457
27.664951
20.597574
24.68463
32.346962
21.919348
29.391508
35.773148
21.862135
29.940306
26.092129
22.467672
22.49902
17.29878
36.32786
23.896732
34.24727
37.88516
21.081139
21.768824
32.70341
23.519808
39.658142
20.620323
36.63704
23.673758
30.201576
28.222528
27.63358
25.392136
26.4997
19.518744
21.290604
39.272686
27.620234
18.87832
21.126097
28.924004
40.98568
19.68312
39.351406
38.712875
37.906937
33.30282
22.968103
27.807371
21.30503
15.369073
17.267235
35.53212
28.376131
17.924498
21.740997
15.874426
28.292944
35.500977
21.661076
31.614712
40.685936
31.472834
24.134474
31.001968
16.610764
38.133873
34.316845
18.154718
27.98367
21.86337
21.644955
40.440228
22.054436
17.474577
21.44404
17.969482
40.38699
29.380276
22.072493
30.042696
33.030556
37.56357
21.885403
40.889908
30.089636
39.507923
29.730186
16.373493
16.7391
17.219183
37.43161
38.45409
35.88088
15.263119
20.78019
19.168898
31.101858
33.34573
34.90711
28.63084
31.367731
21.379469
18.610374
38.129543
21.975681
18.207035
38.19113
21.79971
27.688974
21.195509
16.66569
32.519855
29.68956
20.767006
34.837914
35.71401
40.010075
25.598104
22.648314
38.551342
27.44463
24.6988
26.460287
25.673452
27.588041
31.872744
36.500637
20.026209
24.616161
38.164093
38.540573
30.632942
27.695292
28.812214
15.085126
16.217947
34.496567
32.964096
15.832948
36.474075
34.191593
38.935307
38.975193
39.465424
32.51853
19.163803
30.02129
26.165941
36.033146
19.167027
19.271032
39.457005
37.49731
27.791084
36.796577
17.041756
39.507828
19.831959
30.854595
23.681345
38.93123
40.71217
38.017914
21.9179
34.485752
20.31226
24.997684
40.021336
19.89949
17.285093
29.12122
33.28194
27.474092
36.221916
20.73727
19.967812
19.596352
17.892632
28.439692
32.276165
36.765335
33.448795
34.932076
33.429577
30.040678
40.956345
23.600033
30.703234
29.467947
22.916052
31.414509
30.616304
22.000006
28.533258
40.658592
30.780474
20.708569
40.41445
20.151987
24.970871
37.66813
34.09672
28.141394
27.869387
15.794768
34.357197
27.83172
39.627693
34.13529
32.60307
34.65219
31.906958
28.627447
28.808784
31.783026
30.37363
26.190044
29.445583
21.212557
37.765297
26.151918
25.63948
33.651226
30.588018
17.491852
39.397377
33.998108
37.266193
19.13676
26.156973
39.7372
16.138372
21.653439
33.144684
39.63489
16.077124
32.06949
39.066746
33.416637
34.708363
39.272034
33.512234
31.72003
15.215323
29.458101
26.112764
31.55308
32.53459
19.44852
29.98212
35.730663
31.386421
38.327587
29.25002
37.31878
40.028755
22.833544
36.607903
35.98527
30.884249
37.200436
27.700478
20.337492
32.261723
29.739683
26.92534
36.821392
20.278366
20.350206
15.744046
35.563183
34.786156
39.35871
31.961428
34.6539
19.615866
28.617258
18.59606
26.808811
37.774143
20.623026
17.943247
22.077759
24.364029
22.575642
30.222895
37.339146
15.946502
35.7503
24.808226
21.679457
22.820381
26.340288
19.447235
22.441788
20.270247
32.010445
39.11733
23.721087
38.216724
40.80348
27.194607
25.390347
27.900812
25.753887
17.47278
20.361189
15.243686
37.589733
20.232677
28.713943
23.345594
31.240303
15.041868
23.576385
27.222395
39.518135
31.254932
21.187017
36.32536
29.306795
16.288374
38.447887
38.649776
39.861134
29.660275
21.453543
24.310099
17.414635
33.51322
21.976944
24.344099
39.188972
39.880104
39.699703
40.205887
33.113594
31.305885
20.09326
30.917273
17.08872
16.604446
17.289108
40.169296
23.46294
21.508135
32.0205
32.800526
26.546984
32.758694
24.774557
19.025928
37.44817
29.791662
15.662885
39.549953
33.285408
16.582518
17.200508
23.269663
28.932518
31.45116
38.176975
33.65858
38.837997
22.662518
38.110203
40.119133
20.18234
38.51444
36.39271
26.601397
18.659288
26.270166
28.17161
27.608015
30.50538
32.77109
36.247746
33.34005
19.052505
30.856615
38.836174
19.185709
39.04105
17.821333
22.899141
32.013653
35.206707
37.055923
19.94449
34.804943
23.241722
27.746504
37.676514
34.04232
27.132002
26.048279
20.69291
30.972889
17.084126
40.502884
18.54065
32.369995
20.781912
38.634747
37.875202
24.742332
35.549942
36.640316
25.211702
18.073128
40.151917
21.875153
25.81329
39.11948
30.414574
34.44719
40.630985
28.06173
38.643265
31.640635
16.89112
17.86494
22.883251
17.123451
28.920456
37.099434
30.4811
33.932404
22.105778
20.164473
19.113466
38.083057
26.503937
33.869064
31.475986
36.318336
37.54984
24.14603
23.162825
16.987547
23.55416
29.310308
22.917862
39.33892
21.23909
26.7197
26.401382
19.612253
23.429644
37.956043
28.891506
32.2341
23.199627
15.717065
40.927513
27.146706
24.26555
27.493895
39.80259
29.842634
34.22843
20.806576
17.026398
27.03081
37.382484
20.27955
15.4033375
24.025486
35.241455
40.16148
37.21014
15.928349
29.677382
17.028448
25.106915
15.464834
33.623306
36.356888
15.878656
31.93938
21.660515
17.412355
17.879543
38.190247
35.492584
19.472506
38.140327
27.653095
33.30265
28.787416
20.499456
17.683592
39.296898
33.87765
33.831493
26.142672
18.35649
38.780243
35.47174
37.914265
38.651714
27.675045
37.273914
20.50373
38.31638
37.958595
34.388107
39.156242
28.83698
32.28002
27.809128
20.037926
23.680422
29.313202
33.02069
28.938578
17.865694
20.111635
16.648928
28.683224
36.67898
19.777342
32.938904
22.9809
23.538414
36.872295
38.080894
33.792477
32.133724
21.510662
36.938435
31.465418
18.397795
15.392453
21.56811
37.8618
17.611166
19.173866
40.07144
22.497076
24.997213
36.516926
21.782085
16.310366
38.534893
21.920807
34.566994
35.103355
24.397547
15.009395
16.108007
28.91311
18.420414
39.33455
21.430857
22.625328
23.306152
30.951656
19.661303
16.98801
36.896786
35.033947
28.01364
27.851494
33.77214
37.614204
26.35464
20.939404
22.679026
22.177357
33.33639
23.74599
37.85195
23.274664
19.054405
25.258951
29.155416
29.589954
21.462725
34.122715
16.159382
20.960684
38.365707
22.585827
30.753716
37.741318
25.706484
37.116947
21.714016
16.593811
20.085009
36.927647
30.750366
16.299755
32.96407
18.806004
27.002226
20.510948
27.859386
34.643745
29.68678
19.49002
39.960445
30.830502
32.66474
27.839924
32.091553
22.292341
34.05671
15.980891
39.697918
34.367817
22.724857
15.705754
30.629652
38.943142
31.428827
20.529242
34.89671
21.309258
33.771385
27.74416
39.280914
17.05699
20.668528
35.107143
25.716452
25.992538
40.010338
38.898884
32.68821
38.534065
36.423058
15.738563
29.547604
37.34112
38.599495
27.979414
26.608604
37.032246
35.533985
35.77221
15.161873
35.76198
24.179821
15.9556
31.132944
32.157158
39.541126
16.817112
30.010733
21.653322
16.017895
16.465815
26.885527
37.625515
23.941954
17.067461
25.96104
38.873928
21.673323
33.51515
18.742968
40.003246
39.370552
19.243326
39.25689
21.025513
35.605255
39.840252
20.111269
35.120064
16.360214
38.873745
34.996677
22.89982
21.632063
31.917345
35.3002
37.76196
37.853695
28.148802
32.91454
27.94193
16.658197
30.089994
36.034
38.74321
24.125217
19.06725
19.75513
37.08138
31.58236
28.793201
38.637535
19.959473
17.278296
20.10619
18.030876
32.78262
29.800976
38.350353
30.936893
40.523537
22.983398
19.139454
37.450714
16.666412
36.221092
28.319635
24.413555
23.585245
37.619576
35.831165
31.809422
39.553715
20.196724
30.866417
19.651134
23.937216
37.48406
17.231115
16.626577
19.283604
34.302727
19.138224
17.613813
21.00787
25.233915
26.798458
15.324203
32.156803
31.36026
40.11883
33.795483
30.343363
27.223825
39.580326
28.232182
28.356405
36.6279
21.938034
26.77868
33.179966
19.904055
40.771927
17.21049
34.19731
32.572456
34.113678
23.242392
36.208466
29.94264
39.38464
35.177307
38.555973
38.133568
17.702503
25.957748
34.132133
35.23591
31.24874
38.332085
15.331997
38.896152
36.83637
25.81071
18.119867
28.471344
30.077255
17.362621
20.293173
29.084723
29.620401
29.3908
23.75598
39.406902
31.817564
24.425192
21.155481
16.793682
18.869652
20.18492
36.588326
22.530807
18.017258
17.186838
36.24965
32.367657
33.660828
37.915344
21.876188
17.265902
32.43086
19.71883
19.625837
30.345892
39.175632
21.06095
39.63962
32.382626
33.593933
40.530407
28.947956
23.88481
22.812298
26.100708
22.611681
22.784668
38.591206
26.531824
23.029266
17.072779
27.041887
39.51856
23.195234
21.33137
39.745148
34.21579
20.360739
35.05116
29.985874
35.10869
26.02581
26.860918
40.45172
25.846354
30.483805
38.35567
23.191639
25.62027
15.242092
36.078426
16.889755
30.944284
34.559002
34.392185
18.582369
20.280777
30.06564
15.472919
34.83052
15.858053
37.982124
29.460958
35.05798
40.236866
26.791353
31.927355
29.274128
32.70941
16.399416
17.243399
17.7236
38.451946
21.790276
39.18565
35.139236
29.502697
24.973368
24.165415
39.222168
19.099464
34.626286
19.840858
25.732689
35.686874
19.250702
30.55142
21.147728
33.990986
32.888252
19.008526
30.225613
39.959423
34.48407
34.983047
40.015984
26.078127
34.83919
28.349274
37.86255
27.601078
24.759073
15.776635
26.768635
16.567406
38.484005
23.604704
35.13017
27.13054
21.778122
17.993544
15.288139
20.687061
24.157383
23.310656
34.61218
22.568195
31.652737
28.897396
21.899368
19.644918
24.233374
16.851915
38.756905
36.09788
30.555815
39.27225
22.33478
36.816364
26.058252
32.522396
18.284174
16.415821
36.585464
18.515812
31.139666
34.701466
26.708199
24.754894
17.458069
32.555725
33.69193
31.921734
34.994007
31.690338
18.673376
20.184437
36.95204
31.47917
24.019215
33.065067
31.927525
38.1758
30.06996
32.709347
27.533026
36.220284
23.512907
40.704906
18.904491
16.052366
37.481686
18.21401
22.291082
29.87384
30.145836
38.118332
36.754837
20.140665
18.03248
16.117489
25.64113
25.215757
26.613064
31.279686
23.928148
36.576344
23.79172
33.411972
37.823334
20.24515
33.847813
32.799225
17.047092
27.702496
38.11371
39.355164
28.128716
40.436924
30.209875
31.035263
20.736855
23.504694
30.01291
29.480679
40.57655
32.99402
25.698078
36.293823
19.707134
28.127705
31.176533
20.09048
24.270102
34.888332
15.03834
16.529888
40.56326
36.51291
40.715965
22.89344
27.15727
28.979425
33.998913
35.46427
21.322996
20.69553
37.2587
29.954073
20.422703
27.000027
29.784367
28.530245
33.11562
37.800697
20.48227
19.615522
31.237942
40.697433
16.859861
36.563904
27.039776
20.277445
36.691746
26.560856
20.096169
24.91985
34.05727
33.652386
27.656738
37.40966
19.5424
39.676716
37.4581
38.93675
23.314753
26.053978
37.095592
29.643112
37.50904
17.883406
30.935602
20.78229
16.901289
39.60421
38.246933
25.76754
38.20366
34.595474
32.73961
31.910881
38.477768
35.52194
24.021603
39.492935
32.142853
21.976854
33.618843
15.953924
39.846195
35.02954
38.151085
18.45904
27.066694
22.65461
26.01599
19.866837
19.738558
37.701256
37.50606
17.217138
18.410503
17.05538
29.6678
38.255383
35.49695
26.953726
16.409739
18.223198
36.031174
39.02855
23.37577
26.17039
32.99645
24.592823
33.922474
27.381428
19.789568
24.920238
25.173862
34.15991
24.662422
32.830814
25.574282
37.17732
31.090534
17.762154
23.619934
35.8679
33.933685
20.687918
15.521786
28.939215
39.982155
28.739368
15.437353
38.968464
37.02319
40.19232
25.606161
36.267487
15.915759
34.601105
21.23341
36.724728
35.32775
18.29273
24.28865
38.17039
16.768232
24.178558
35.52107
39.961403
34.338375
24.897505
30.940191
28.945618
29.228268
39.67385
29.770632
19.740152
23.40276
29.954443
29.461752
20.346672
22.148022
34.884167
29.717867
39.526707
31.19155
40.985264
27.711899
24.073082
30.961826
29.025116
34.655167
30.138926
26.219872
36.988884
33.718193
17.123518
19.773455
27.31742
20.93231
19.264774
36.275726
31.127537
38.14895
29.050909
28.213543
18.00096
18.393383
21.839321
35.106823
29.109745
21.02194
28.658583
24.668703
23.940254
20.976397
26.069798
35.217377
20.68432
33.126614
22.17652
37.983917
37.485428
19.202217
22.397795
26.126478
18.159336
19.136345
27.45676
28.239748
37.752743
32.779324
29.187668
27.939543
32.360214
17.887337
37.22705
29.705952
35.98874
28.05097
23.430176
16.584467
38.94094
29.800709
38.941772
39.573036
23.182064
27.511335
29.250467
29.563988
20.46253
17.924322
35.269222
16.563334
38.58704
23.117182
25.509438
39.57587
20.15271
21.570929
15.754325
22.023172
38.323036
39.621624
16.287523
21.852427
19.76099
30.029203
18.695787
22.597666
29.713728
24.656563
16.54003
23.570978
32.42311
24.324192
38.776836
24.089714
33.530243
28.790302
23.713003
24.186802
27.948956
29.503784
36.488518
16.604776
40.802345
27.286999
26.608763
32.040108
16.447977
26.427736
25.8847
23.582977
33.36166
15.794413
31.2901
37.088646
24.706238
20.535824
15.707776
33.82008
39.78101
30.686598
38.312267
18.117477
18.229067
25.571682
27.424156
18.078947
22.873924
37.288036
16.071758
27.277481
36.36346
38.7389
30.208641
30.392996
25.418425
25.705826
25.561003
17.304155
34.41423
38.265915
29.416672
36.663235
19.269085
36.49644
34.317978
19.268293
25.168003
40.856316
31.583593
29.650452
27.521465
26.893675
29.859848
37.21006
26.739115
29.001034
31.489925
33.964092
29.892988
40.824284
35.38967
20.508074
32.151474
32.62909
17.331764
27.14942
25.984293
34.437923
27.065233
21.335026
40.57044
32.073364
22.53533
17.474495
39.585167
15.377916
18.619085
27.05141
40.59878
31.828005
25.254753
31.518543
35.68906
16.519442
39.61884
29.888935
24.550825
37.074036
23.09214
31.163292
40.38033
29.401693
26.156784
18.775152
15.118749
35.4497
19.079004
20.088804
32.25817
29.080557
39.257877
26.65091
40.34521
15.042118
25.458096
34.37541
38.561405
20.628399
36.795204
35.132137
25.316284
30.076843
16.304731
30.313263
17.658094
18.007496
17.201912
38.86757
17.488796
20.28182
26.526644
27.02112
26.064125
28.5437
33.768753
32.44396
25.066135
32.402374
29.281439
35.975864
30.654753
18.726873
26.81624
27.190334
28.336575
16.843748
36.350727
18.054382
33.233215
25.564676
25.530495
29.732845
28.38819
16.917778
40.509968
37.1893
37.12047
38.21626
29.751867
24.651823
30.11442
40.67024
23.43312
32.240223
15.930095
35.132416
32.50537
36.09254
18.924343
29.76546
25.17113
39.18193
25.192465
22.428795
26.562004
37.681282
23.07173
34.40474
17.743341
38.21121
31.99219
29.718666
26.82001
32.59829
22.016926
33.75515
33.88089
36.87378
32.28295
26.131882
16.795153
34.1591
39.735645
17.865265
20.46112
18.812956
18.043768
37.74654
20.009073
21.755884
40.388706
17.544395
36.672123
18.241573
38.940742
26.159922
35.564754
31.510355
30.266817
35.181896
19.44643
40.738716
37.658367
30.4253
25.698198
27.489742
22.42443
17.983091
35.202927
25.472876
28.564457
15.08113
19.595375
37.83747
20.916748
21.598375
19.436079
24.453026
25.872755
17.499212
40.263462
32.67008
32.05395
16.622095
40.191486
26.909246
17.967281
24.278406
35.745495
15.091894
38.58669
18.937721
21.966871
33.404408
31.05249
26.910421
28.467443
23.179129
35.236908
35.3859
31.077526
28.778488
19.79329
37.44427
27.006817
33.284843
22.488098
24.731945
20.025322
29.527134
31.109005
33.375942
31.071821
21.51643
18.048964
28.409344
40.9103
23.71594
27.785318
15.489856
24.980165
30.737133
21.904667
34.015804
20.423944
18.032084
39.068283
30.878668
17.426556
18.943176
33.369614
25.038439
15.463164
23.074852
37.904427
19.86797
35.82795
25.368061
17.05591
26.784636
28.904089
22.48661
16.991076
28.072474
16.035624
27.165619
33.171547
16.99519
31.574694
30.025803
40.300888
31.310215
28.703154
36.023335
26.062311
18.11623
36.96535
33.183517
27.244705
31.601364
16.099304
28.55755
19.411592
18.706537
29.716372
18.445196
21.136776
22.978176
39.65495
38.842083
17.012033
27.956793
23.421547
19.799063
36.1264
30.332687
17.033054
19.921835
32.523193
27.797329
35.786846
34.5928
39.260086
15.028664
40.010807
23.66293
28.129192
35.57095
35.68323
21.340061
32.838226
19.504417
30.962923
32.791
16.510475
28.747364
27.132738
18.578375
26.73044
19.59302
24.23522
33.46911
15.043697
35.655827
25.766808
40.38001
34.813553
25.786488
25.19753
39.266914
15.643852
26.712502
27.796015
34.61734
28.19634
19.1705
18.26496
17.872663
36.162643
27.119179
26.03017
40.58431
18.39509
16.256205
25.676628
16.399494
39.75722
20.509827
29.987934
39.07552
34.123993
17.435696
21.320904
33.637707
35.143284
25.521605
27.634937
34.52453
21.864504
16.287697
30.396202
26.104494
27.146688
31.766882
40.78954
31.302929
18.87768
19.460037
24.196434
25.242727
39.46754
34.182793
16.735222
40.78173
17.82357
33.35546
31.810143
37.620358
22.070892
21.234959
33.078728
28.25666
40.651726
32.347355
39.02239
30.481977
34.118095
38.951855
25.39298
27.338886
35.926903
33.751938
31.208483
25.504131
33.852856
17.266462
21.683867
31.912792
26.253988
21.283491
23.508574
18.10591
17.356052
39.641712
28.219921
36.26231
28.966248
37.219173
32.072197
18.166424
32.583424
27.456316
17.763994
28.467388
33.740936
15.999998
24.66184
20.500683
17.600122
27.127539
35.745968
34.67219
15.306333
30.494532
25.404556
31.945461
16.426252
32.447456
30.41556
32.326538
17.904282
16.651873
34.980736
28.406727
32.40742
23.109287
33.5143
25.00218
16.672277
24.770472
32.03906
33.720165
33.524376
22.90036
24.505741
31.88548
21.609175
24.10937
16.126703
24.676382
32.555794
39.53825
39.90294
37.548027
38.288578
36.06839
32.923897
23.062332
15.508301
40.626675
29.732317
32.096775
25.983965
25.663876
25.071835
40.07057
18.22772
22.707705
35.67291
18.305285
26.36964
27.526518
34.383034
38.92784
33.605713
28.886856
23.91011
24.827547
18.461521
27.147839
39.723225
36.09458
36.29577
29.007608
38.242954
15.096089
23.961887
34.601894
21.353785
25.886948
28.352697
24.851929
19.483986
30.005777
31.67211
40.46877
17.023832
17.87285
15.709621
21.343365
21.69082
24.984991
18.137423
18.186394
19.601
40.89363
39.906563
31.229258
28.26841
38.555676
36.187843
39.557297
40.529964
26.062872
31.984673
27.218645
33.481106
35.98384
37.53925
30.636806
19.90781
33.593998
15.960191
22.052414
21.41358
26.1221
38.118702
27.729292
24.46527
20.808123
25.79216
21.482275
26.919655
16.045757
19.278074
31.719
37.24291
19.173777
16.257984
17.635096
27.598112
24.584057
30.560074
21.462048
27.251324
34.73007
28.650888
40.739193
20.334541
18.348137
30.180647
17.466135
31.904413
32.74482
20.713343
33.689102
18.448294
30.357239
19.891922
15.584534
17.514772
35.95924
24.720499
22.425446
23.983591
25.86475
23.389679
32.950935
17.640299
34.270733
30.12773
21.606382
36.183887
22.485645
35.92946
20.881697
15.571038
34.20535
33.69631
31.547281
33.68848
16.226873
27.315327
29.972042
31.745373
37.031513
30.51129
20.905132
30.490519
25.52226
34.925407
31.112835
25.384577
26.866495
37.8057
30.084272
26.195389
25.873503
25.938217
24.6544
32.134827
30.627293
16.005018
16.839981
15.618604
22.198786
20.423836
36.44404
30.005716
32.177402
25.906097
34.056526
21.26222
18.490623
37.464066
21.963734
20.394342
23.521103
31.404516
36.1762
40.70886
40.88445
30.965519
18.294674
37.484035
40.396755
37.68448
21.255936
15.472389
38.739544
40.329826
32.135075
39.80677
36.12074
39.28529
26.128017
38.344353
40.83386
33.6449
16.597954
34.25834
26.03356
38.958473
18.641516
34.775158
40.274284
19.561434
36.015343
35.35536
31.399668
40.729618
23.460953
32.329147
24.223942
22.518599
22.475554
15.023143
34.112602
31.078989
18.398783
32.752552
25.048046
16.48308
16.320017
30.703547
30.056986
20.65498
28.758255
15.693464
23.979921
22.865467
21.326298
24.071783
15.478939
17.434454
21.663208
37.612812
38.908714
38.778072
15.803825
37.151344
33.21648
16.744059
40.85137
31.925457
32.390373
40.298244
17.328901
39.11604
22.141476
22.056564
40.907726
40.91045
36.48346
25.901243
27.34555
19.56823
25.664705
38.976284
30.414494
30.429514
39.511345
19.72673
26.358786
22.582336
21.65559
17.327639
21.994312
30.992823
18.35237
38.842934
40.946846
36.30265
20.628157
34.760952
21.723167
29.211128
38.359516
35.172565
24.318949
23.384531
19.544819
33.789505
36.889626
28.1733
37.51116
37.244537
26.645159
20.068064
29.089487
16.671917
35.576958
25.788347
35.89446
21.43554
19.884895
30.173212
34.761623
23.053965
32.044693
30.63098
36.12295
36.865578
22.340677
18.80555
18.64279
27.783815
36.386177
33.329765
30.789919
22.611471
30.663633
31.061615
19.187206
32.814823
29.43869
40.03697
19.559086
36.40241
27.537373
25.522982
30.88796
35.60989
26.422688
21.019094
22.994192
34.461662
27.76674
32.828064
20.170372
30.961473
39.286747
23.907234
34.729042
38.658413
27.99808
34.11076
28.36409
27.641336
40.234745
31.646275
16.079548
25.6339
17.79748
26.594984
27.105494
15.794035
35.411858
35.682
17.699375
23.065804
34.31366
22.134117
30.021952
35.48826
26.22593
21.42518
25.38071
20.73504
15.25198
16.984497
35.049503
35.34008
32.280804
37.53172
17.601748
38.558975
17.386202
29.601965
28.235529
22.622143
18.398117
33.03786
26.922426
24.255121
22.334492
23.750544
26.37796
24.7729
16.704191
36.88961
29.830011
39.79941
39.826317
34.712326
38.352615
38.719913
39.258526
38.90535
16.13606
32.343075
29.186693
16.887598
39.480186
20.931337
33.20051
29.71075
23.526344
25.752182
24.264463
29.574314
33.784477
29.609566
32.890827
39.68505
33.365284
15.433976
21.531054
32.21593
25.493444
38.941196
20.02427
23.457727
20.356464
25.613956
29.57636
22.90669
39.634575
17.817324
23.19031
40.994667
39.160805
40.72787
34.72828
38.443436
26.076214
39.938198
32.858215
22.812864
29.573904
23.09262
34.02245
34.71296
33.866352
16.716404
16.263102
25.362713
16.36418
27.520155
33.248802
36.704025
35.220486
28.892502
37.169575
17.116993
34.37333
40.03844
18.301422
17.933054
33.01007
29.27731
23.989485
36.405556
25.980669
32.38352
18.558346
15.572583
26.103153
35.53479
36.230385
34.53481
16.532948
28.426785
23.517807
32.071556
37.40874
40.419693
39.75123
24.231066
21.841164
37.20146
40.417538
34.556473
25.97646
17.38393
27.801888
15.946776
32.345963
25.692421
15.063629
31.802511
31.003084
15.965808
31.32303
37.068787
35.053177
33.053352
20.595598
33.063633
18.097486
35.876167
36.482967
15.567587
40.841084
40.41536
33.41412
37.550777
22.655567
25.195473
15.927971
18.126696
39.2409
22.951073
25.998093
27.847197
21.696735
16.595919
26.722673
39.291203
17.292128
19.358278
20.837502
25.049952
38.0135
32.002647
22.45708
26.674515
29.574299
34.42721
16.20873
35.926712
24.985744
16.60809
21.49679
27.762442
27.016645
38.855488
39.018818
40.876846
22.911207
17.65354
31.852936
38.35358
16.587315
24.974813
40.445248
21.985903
18.203794
23.891987
23.648476
23.175148
38.463642
31.553474
32.597843
36.962547
35.311234
32.146297
38.657326
39.713287
25.785082
31.338713
38.92932
39.246998
35.70365
29.876778
38.89296
38.796898
34.590336
23.503016
35.621048
35.08003
36.784645
31.17223
38.722984
39.974087
38.04024
29.658413
15.670595
30.821617
38.07639
24.078505
31.486303
34.22028
19.528002
36.602825
27.907629
36.308296
24.53037
31.678642
34.089386
39.01705
39.778297
39.462524
23.664715
32.538235
37.31527
27.838684
33.55824
35.34076
37.53686
33.394787
26.329588
26.473164
22.933609
27.033175
16.022608
16.600004
39.952053
16.514778
27.505455
36.246185
36.018677
24.16445
31.10903
22.061056
35.25004
21.21075
34.005898
38.564514
25.663313
38.789753
17.219227
33.800194
40.805084
15.511605
20.410915
20.596247
27.63213
30.670261
29.670448
38.722137
22.20658
16.670881
16.410713
25.130182
31.308712
32.05607
38.174324
17.683554
27.424305
37.631256
18.66375
32.297787
18.729351
16.621185
26.63077
20.260738
22.673544
39.53357
21.395645
21.646362
29.55492
19.46264
16.71352
22.200521
15.081576
17.934502
24.465485
18.852457
34.332386
15.077723
33.223854
23.093462
39.757137
18.896906
40.126102
15.864609
28.897589
28.733433
35.689075
16.3084
37.36438
17.616894
22.204893
23.764465
15.270801
27.142216
29.182283
15.727425
18.802929
40.75173
37.931705
30.135365
34.896645
24.85803
27.840061
18.320307
36.095562
36.112587
21.140423
29.227402
36.57994
17.306808
19.054558
22.09749
31.085112
39.886234
38.070732
39.708088
17.969048
33.865387
30.816599
17.48067
30.042126
28.049719
27.496695
31.28763
27.938236
38.90296
21.18636
32.630047
40.784847
15.142112
37.408657
26.007914
39.720673
39.199123
17.368143
33.767292
29.413107
34.05735
36.975063
22.484243
23.143595
34.65255
28.365881
34.03334
22.25765
27.022297
27.010746
21.888897
30.817198
27.694405
15.695843
16.919975
21.146492
22.423988
34.678238
24.965576
15.628835
27.320509
31.133205
40.814392
24.58985
16.650253
26.648697
31.863798
39.394077
16.156363
38.968956
39.695705
37.985207
26.607643
15.448966
31.082289
31.016191
37.469044
38.753765
37.522476
40.444107
31.080826
16.221367
22.31046
27.005596
19.54009
19.005337
18.350409
38.34218
19.597466
37.62278
20.457003
39.710884
27.313398
32.855843
26.719133
30.19401
35.96265
37.089542
20.654709
31.112942
25.7322
17.11597
39.347267
25.954426
32.12695
37.1948
40.530506
34.533745
39.679207
22.73216
39.674767
36.3477
30.552137
34.324783
24.529861
31.111387
15.93394
23.113592
31.291586
32.326267
33.738678
39.400627
25.584526
26.392914
25.06137
33.305496
18.791813
37.260582
36.079006
24.872318
19.912758
24.896505
17.645866
31.485336
17.092232
26.96153
31.700659
26.711248
17.241041
22.99459
19.784546
38.75841
26.754454
21.137115
22.463387
32.628025
17.236374
16.96945
21.2541
17.729488
23.34964
28.384872
36.774193
22.242048
19.438194
29.59285
38.265144
36.826984
15.404892
33.321625
20.384491
37.429443
40.478996
35.08131
33.218124
35.856266
23.970371
38.952137
38.833332
37.575874
20.882725
32.778526
30.374928
16.758654
25.346205
27.878202
15.700835
28.960875
30.229958
32.416523
18.860147
34.05267
35.008244
24.449776
31.335873
28.000149
15.979004
32.307144
20.906166
15.9341
23.271744
30.45966
29.222027
22.572529
37.73193
26.315342
33.756046
25.511425
35.732014
29.483347
19.645948
24.158047
37.234596
29.96594
28.138336
18.153198
40.02111
27.46556
30.832123
24.013744
20.899786
18.535366
36.72784
29.423931
40.919632
25.655064
26.208143
37.11376
30.14242
40.479916
34.5064
18.585022
24.362679
36.489292
38.964535
34.080265
35.316025
22.052156
21.437773
29.137331
25.37905
25.5304
27.573198
35.831795
25.539423
33.456974
22.370647
34.381927
23.502703
33.05422
28.428524
28.175575
27.202755
25.398878
37.583897
38.475605
25.695604
33.393776
18.275267
36.070343
24.441881
27.3721
35.888077
21.957687
27.32096
32.63887
23.587214
27.786308
21.37024
37.545036
36.697285
29.22474
16.205948
27.793293
32.56073
27.688725
24.357203
36.590637
21.985386
25.929686
35.332977
28.991245
25.88722
16.871716
15.142008
18.314257
23.540749
18.78196
40.19855
40.87454
32.968594
39.36887
18.072329
40.43058
35.43346
26.72519
21.378813
35.73211
22.739794
28.167183
33.256527
19.341127
32.10916
18.969027
37.340775
35.503445
16.762423
15.750896
29.918688
39.26397
15.023496
19.851664
17.038397
36.247417
38.753563
22.401829
18.745441
28.567125
17.231314
15.009588
30.332474
35.17821
15.213847
39.982716
20.51371
28.657328
27.844616
27.831167
40.773445
36.86975
34.318813
15.430156
40.78836
25.275576
38.77335
39.670597
33.786205
25.730312
24.737646
30.68372
36.978905
34.551167
32.663105
31.798796
15.795922
28.348845
28.54334
24.277767
26.544228
24.665688
23.443762
17.567797
36.333977
31.814526
38.87837
18.322542
23.6345
40.478554
33.403175
17.765198
27.663069
24.611177
17.539875
27.10114
17.95924
20.965666
27.199938
16.635258
16.960545
17.188057
38.148533
26.008846
34.17066
27.822737
37.729298
20.54315
24.59901
35.80861
39.065044
28.061472
30.551327
24.084854
23.25628
35.75899
34.56331
37.77872
28.718393
35.699207
26.295221
38.113842
15.730104
22.338186
39.5429
40.656082
32.509922
32.11258
21.17121
20.804972
34.6939
17.574617
39.738735
36.542168
38.957245
26.817053
31.858057
36.36462
27.703861
31.003311
36.92365
23.058413
27.242126
20.702866
29.74
29.51039
26.671839
21.429085
19.795368
21.108192
34.82632
22.28664
39.451946
30.44528
40.04547
38.957752
21.161192
34.026093
22.299492
19.391342
39.96338
27.457487
39.239887
23.506475
21.993382
39.2161
27.123232
24.981138
18.490028
17.497349
40.235073
31.769785
29.894352
31.880217
38.43528
36.37773
40.022335
23.583054
27.752947
33.11786
16.010715
16.939125
19.577972
39.584732
19.759827
30.386623
21.928196
33.403625
24.935234
33.74641
17.514992
40.94661
36.24044
29.85177
21.886969
18.155212
24.635757
18.69793
18.800499
36.868816
27.453825
37.195175
35.147457
19.130373
31.950195
19.33788
24.264694
20.825623
32.727745
22.142742
18.256435
16.709389
15.686596
32.06314
15.079858
29.382236
17.676605
18.752415
28.575842
21.103033
21.867382
16.02746
35.370956
27.457767
16.001171
33.67509
35.633423
31.852179
36.15683
18.346985
25.03488
37.5556
28.428553
29.20522
16.951544
23.59558
15.0108185
40.208797
30.93232
40.18773
35.581505
29.972624
33.76821
34.582405
29.587948
33.983936
27.116442
37.219646
20.066124
18.627132
40.564358
24.906097
30.961065
37.94652
37.262325
26.362293
29.566957
20.367556
20.811478
35.936092
25.668266
19.700487
36.96129
31.537691
33.238674
28.666607
33.853645
18.923985
27.142443
19.915546
30.044138
28.344791
32.183254
29.043287
24.338024
33.2607
39.058426
24.47392
23.597414
26.352102
33.30185
20.234331
32.10786
39.361214
21.136806
39.62938
22.836693
30.443653
22.310318
16.616262
16.972095
25.653418
28.44346
19.280195
17.501003
25.94488
26.207537
22.229609
27.265621
19.647654
19.723892
27.95753
15.93243
34.754974
23.985508
25.256872
17.614237
33.563515
32.811413
15.630857
33.504948
36.212265
16.870382
16.305788
31.818384
27.490456
27.64823
16.931957
26.566584
20.91919
29.883406
40.349434
17.26973
31.558767
29.958534
33.89904
29.558916
36.25343
31.010876
38.67478
25.814632
29.09751
19.112604
37.8426
31.478033
36.791767
20.772184
23.691221
28.478584
15.255929
24.22103
38.43451
18.340973
35.37322
31.47498
17.95063
33.965664
28.06495
40.99809
18.621956
16.821716
17.028008
15.946528
27.230564
37.34709
33.415287
38.433365
34.467773
32.7208
20.498964
28.030342
38.03212
33.85292
19.928738
18.810644
31.51872
18.432613
18.58187
37.637115
36.344013
27.180944
16.199251
23.11316
27.803272
36.074432
15.011354
29.63906
25.024487
20.236887
35.380283
32.35427
20.060505
35.441273
28.118877
28.39667
23.652554
34.719917
36.595043
33.8726
16.301603
24.450588
27.989367
34.20701
15.2001705
30.46756
25.146168
34.13073
32.305595
38.24093
30.343084
20.462563
18.376902
17.974102
30.001411
40.056465
26.150827
21.588554
36.869267
16.809729
28.998625
39.996468
15.531884
37.46582
37.383793
31.806152
38.238106
24.095997
22.231848
16.661728
24.979427
27.606668
23.926832
31.787626
16.517664
33.39489
32.0652
26.990244
27.629673
33.362232
40.326305
31.363092
20.222208
37.89773
18.859665
20.248512
40.167347
19.153397
29.442762
15.628118
27.718637
36.96129
22.32909
37.0458
33.190407
39.078945
40.184708
15.411252
23.217453
38.10038
37.802586
24.588606
24.359528
24.33279
26.387505
31.543938
40.074917
17.214455
22.120325
27.007023
38.159546
31.437208
26.438963
25.09685
36.632923
37.837284
26.01434
30.167072
34.749405
37.331203
21.753233
36.246716
22.323133
34.69876
40.32585
20.883047
20.877142
37.85305
26.694492
32.937725
26.261992
21.387913
33.91074
20.943953
16.336535
16.65601
33.05204
33.001503
27.063118
32.40615
17.584648
18.868095
23.94191
34.0964
36.66834
35.899826
21.093678
26.399866
26.959358
40.79988
27.497711
16.132973
16.32159
34.754025
22.90129
35.86139
27.521933
36.46288
22.739382
25.776726
27.464363
21.82524
32.03803
23.087414
37.808243
16.583256
40.722122
38.13019
33.91988
37.10951
33.008076
26.683907
19.022404
26.69756
25.634089
40.555264
17.137514
30.211803
23.565598
19.40661
21.953703
16.759003
33.510586
38.00861
25.109028
40.163063
21.089409
22.626171
22.542566
36.45626
28.825834
18.08379
37.547165
34.34426
29.26097
15.206959
27.947151
22.658855
18.438847
40.799057
24.428131
28.181622
31.772299
39.088657
27.462101
37.90318
20.870012
26.669977
35.499508
21.77699
34.290356
26.359657
19.141027
31.333242
25.38492
19.10589
34.855213
24.13746
26.404442
23.111357
37.47432
20.010202
23.861998
39.66929
33.179012
26.1683
27.78323
35.862385
35.973766
35.004707
22.920528
39.23718
36.75819
24.093256
25.267908
32.841858
31.015654
15.186153
28.285599
38.60346
40.868935
19.466274
30.12807
40.920673
35.79382
20.122904
25.866564
38.561447
15.634942
32.43873
23.206888
25.47998
21.734243
22.007534
16.52556
40.005516
20.960917
15.446192
30.182114
27.005814
21.222778
25.021152
38.01265
27.091003
21.642406
28.978834
29.669504
20.698994
23.99754
19.050884
36.04415
32.991383
20.253624
33.5995
27.395206
37.88936
28.057518
35.174557
25.000727
24.291803
39.914772
36.87352
38.163677
28.543365
40.439014
30.826668
23.221785
22.55803
15.540448
40.37435
35.847706
16.654156
37.711422
15.059682
34.37274
30.119883
22.670702
18.429056
16.127071
40.803104
32.54392
24.814737
40.86174
35.608192
31.486282
36.767723
37.202446
28.68197
35.19467
37.615803
33.782364
17.284378
18.109655
27.740898
32.21107
20.864647
17.274076
16.601362
32.358906
24.701664
23.793356
19.269053
25.570765
21.617643
17.633596
30.3077
26.370779
35.73707
19.097227
35.18816
39.978863
35.0383
16.731792
32.11781
15.532606
20.533123
34.65612
35.155487
27.292595
19.309837
18.329077
34.79004
40.306557
26.38851
38.639595
34.7796
33.017536
18.362278
29.86277
17.980492
27.123507
26.136553
35.50522
33.13867
30.630615
34.72833
29.354021
31.173288
31.489561
33.050728
35.146996
31.351194
38.46429
19.883263
39.198135
24.93269
38.95454
29.816204
16.040497
16.363085
20.378468
26.85787
17.689905
15.891226
24.418928
19.606464
38.48628
24.615292
39.94666
30.413555
39.635483
27.387812
40.75593
19.804132
20.55309
16.755976
26.383032
18.568611
21.902365
34.16998
36.225117
33.404987
21.82252
29.061281
24.936829
29.764774
24.259033
16.074238
16.654274
39.644287
40.53656
33.72882
16.980774
24.463083
30.355862
24.098656
30.866009
25.88446
26.249706
38.707867
39.52001
32.45813
18.198793
38.78172
36.32566
37.303173
36.587124
28.230377
40.348137
35.69975
17.967398
31.301516
20.487082
19.420904
31.210464
27.706879
29.576881
40.911236
17.528835
20.209335
31.812881
15.007061
24.592892
37.151276
28.766018
22.793108
24.499313
27.211716
40.945637
35.40367
25.704859
25.79867
27.38006
23.101522
28.2046
23.915022
27.006699
24.80578
31.212229
31.080198
32.798286
21.390373
27.391123
19.946615
40.499096
30.537527
33.288273
21.619047
20.60469
31.70617
36.03928
33.366657
26.791157
22.863056
35.641136
22.411587
40.384384
28.024706
38.130436
28.784647
32.657352
36.371258
25.858313
18.857794
36.753048
35.71864
24.719267
19.09471
20.852978
37.47342
40.669704
20.804947
17.845966
30.845009
19.162924
39.24374
32.199192
21.052876
25.230818
24.268723
39.993225
23.541746
28.858646
18.946444
37.15501
39.805676
26.027653
30.995693
29.807627
32.32229
24.341354
29.76132
21.352781
32.311363
15.504892
32.53133
17.411886
26.557295
27.092773
36.441704
24.073742
24.372929
31.018885
27.957565
35.031673
24.932579
29.913696
30.97586
37.140194
36.664978
17.217037
20.963972
33.681065
24.172293
26.210894
30.23025
16.200867
26.229195
15.445155
26.41661
21.166964
36.81643
15.050275
22.609999
28.88603
39.856148
24.284311
19.088638
33.139046
29.341711
37.327843
33.650646
24.808933
35.892536
31.818768
23.716713
23.411814
26.414938
18.909998
18.955221
18.890087
33.512882
24.736576
32.047264
26.285294
29.567816
35.094795
27.39073
29.981037
32.994793
19.864347
37.0367
40.09096
29.08238
31.24564
17.9581
33.26408
15.036795
40.237804
38.869614
23.689451
30.37605
16.949083
20.24964
35.404587
21.657866
16.30967
39.95902
40.146595
22.67537
15.548186
34.908104
23.932436
15.717659
15.39643
26.592733
16.314394
32.26751
19.403082
39.001392
16.829126
28.596554
38.965565
19.389936
23.543436
19.118593
25.730255
25.726963
28.797161
20.07453
37.864784
21.23195
15.253361
32.147923
26.372139
40.360035
37.188225
24.94797
22.09486
35.831356
17.587908
30.947115
39.348557
24.859598
37.06675
23.423437
18.22758
24.603449
33.88113
36.233273
16.541592
18.04636
21.385422
18.827496
24.070415
40.004154
22.161333
29.825226
40.36544
16.766617
40.74917
32.67163
38.679462
25.998404
25.419273
19.431902
32.77282
31.956179
35.744244
19.611332
18.322197
30.823101
20.867228
40.04188
26.449484
22.018366
25.308897
23.338404
31.491632
23.708675
22.915451
26.203234
26.548395
16.430153
19.122274
16.945576
34.573425
21.723337
19.092625
15.982664
31.815163
20.990545
16.488033
21.802452
22.267506
17.404066
26.636803
35.893036
36.45625
30.625198
18.689299
39.481888
39.36578
36.33841
17.983494
36.578358
22.601564
40.1614
40.29147
39.77583
40.98747
36.36114
15.877365
21.545252
37.71295
27.987442
33.369495
20.339708
36.873672
16.529873
15.334194
23.730034
15.790182
24.01045
35.136116
30.004433
25.84267
34.54362
20.179579
33.19038
21.726
15.826749
23.947706
28.295038
39.00758
19.768463
20.39101
37.71074
18.661757
25.518803
15.1642
32.195076
18.857883
29.534306
28.969841
32.610443
32.695232
19.99281
24.83975
19.695786
21.806433
16.866816
17.569735
18.543718
35.79219
26.271015
29.72061
28.169113
16.303442
30.318613
38.608135
38.580494
18.253237
23.652788
32.526825
34.10367
37.119083
31.063759
22.08733
26.357227
26.58752
23.158537
35.994328
39.242622
32.896214
26.91962
15.8517
23.586697
27.144878
23.17053
21.653944
40.662685
24.574816
33.460163
32.507637
31.715878
34.357952
30.68468
35.82391
36.833157
28.789675
28.88472
24.732794
17.020964
38.945854
32.08734
23.792456
20.194153
38.842934
23.806355
23.20115
22.928564
31.930958
37.8712
21.667013
17.293064
24.352995
35.6238
35.850494
37.852173
36.82033
20.204325
21.866613
36.018295
21.181406
23.641104
15.718872
27.332954
16.80344
36.7664
30.734024
19.969358
25.739239
29.59901
29.07657
25.77392
24.317627
34.76627
37.244217
20.502394
38.27457
20.782146
34.080196
33.556534
30.832954
31.5548
34.28571
23.49015
34.242588
31.366081
38.675415
17.828848
25.207975
22.74713
32.491314
18.33552
39.35991
34.168304
34.974895
35.754204
39.467987
15.268404
39.09495
19.277662
22.444654
21.467209
23.83805
37.50955
27.357336
17.237028
32.790955
15.52981
28.643873
26.053131
33.879124
30.822475
21.517319
31.099491
24.072556
15.287781
20.149834
28.175495
19.630173
21.336004
39.64128
24.93086
37.026024
17.148306
16.006786
38.550156
24.085527
33.59019
22.45842
19.31498
37.057083
34.976185
37.109737
30.090965
35.354286
29.909615
40.897923
17.718435
17.526121
22.759369
18.996796
21.529665
39.64739
18.985819
28.28493
34.77237
22.768785
20.49103
17.536678
24.588129
25.32588
28.443762
15.919937
15.376184
21.478518
16.617645
25.112898
40.867054
37.236847
38.181324
36.893192
16.03722
18.92758
17.09221
21.40623
15.115124
23.063684
29.770966
39.48562
38.360443
23.003162
37.571598
31.377016
22.042744
25.917168
27.712578
28.00786
29.102222
31.535093
27.797161
21.548832
34.344395
35.893963
40.82658
31.429008
21.702276
32.89176
29.697605
18.195145
30.093657
15.829086
26.576357
26.646544
36.7078
18.32077
19.253235
31.530462
34.174976
24.968903
33.609062
27.749092
15.003893
37.010918
32.660606
26.507565
32.916256
32.791218
34.30388
39.12354
38.264305
19.35204
39.836643
31.32239
19.586292
35.69903
31.616793
18.758055
31.536592
36.369316
22.801329
39.228107
18.92115
29.814512
17.010918
30.59262
21.37574
31.808546
20.977957
15.759965
23.343546
23.599735
38.76148
17.26859
27.440294
19.849007
15.950079
17.972479
40.039257
20.53079
22.424473
35.128876
23.96509
31.920439
28.714167
22.790487
38.554672
38.55179
31.7581
31.820292
24.024628
38.60071
28.967066
30.07568
37.07952
31.535326
26.88601
21.349632
34.001167
27.07074
16.467308
24.510132
26.078835
26.476002
28.99143
35.945076
22.171577
31.103222
17.009323
36.898434
32.43822
16.643509
21.33125
20.574413
25.827051
21.061747
28.049654
31.989937
35.786507
15.421896
40.859104
24.471714
33.83969
35.886845
33.524178
32.422726
27.159807
32.06155
37.246536
36.523983
16.090082
35.54553
31.89546
36.890854
38.671097
23.070446
18.59128
39.86937
35.669865
24.920914
27.969265
25.136383
31.349325
35.471264
21.601755
35.558453
22.273417
18.618454
23.519281
36.867863
28.812155
36.650894
22.546816
25.630249
39.692665
20.665367
22.25915
32.20671
32.936382
24.028915
15.759816
30.454418
40.829136
17.579815
19.200846
27.763151
18.190113
26.271618
24.986061
39.691284
34.13724
15.7863865
28.938463
20.943209
21.790705
30.278107
27.362707
36.72121
31.91294
30.854477
31.896494
27.58835
15.352625
30.66507
36.320168
34.89489
15.341773
20.536087
36.081627
18.549335
30.189213
40.976757
24.194096
18.456156
27.720377
20.079626
16.377174
15.295832
26.932438
16.346766
21.83699
25.488781
19.765509
16.796288
19.919138
39.16335
20.634716
33.83813
37.01851
18.738947
39.42466
17.355547
30.593016
31.339079
17.016844
17.188358
37.903538
28.664846
39.10234
39.78634
24.190405
23.188189
24.026117
15.185911
20.397066
19.565037
35.71603
28.660496
28.264444
37.022114
19.368683
21.404736
28.644981
28.137096
39.49596
36.435
33.22317
35.910446
21.18021
19.523373
30.479773
38.31812
31.94268
32.429604
23.699873
39.63797
25.498919
34.95523
24.100254
24.758665
19.856565
33.416393
15.739463
36.40838
22.705038
32.016586
30.774382
31.781662
16.853258
34.297863
17.839958
28.396275
25.590769
22.358849
24.854166
31.177881
18.279142
29.850025
22.388136
35.748993
22.224794
28.891695
40.89182
36.68951
15.940915
35.007175
36.528404
20.139826
33.275406
23.923586
28.146126
23.533392
27.56329
17.66484
38.003967
33.474186
17.956312
18.746267
17.268167
39.815533
18.388927
28.477457
34.009346
19.850296
29.259203
20.3898
26.4554
19.188358
40.83463
38.627384
17.593306
31.375957
37.637096
19.774683
24.86321
32.602367
40.61787
17.041792
38.651276
38.94296
18.80257
25.98764
17.562944
33.503704
32.267754
31.033978
15.046297
33.560684
23.804926
37.90761
36.835545
29.32919
27.434372
30.845686
33.897568
28.350494
34.05033
32.908546
39.08979
32.65044
15.910766
25.067
27.575666
19.802439
34.429028
32.865532
25.194256
35.81856
19.781406
34.410347
29.443504
25.395851
16.213665
28.190815
32.512005
25.461042
39.61136
23.815203
36.882053
35.185402
17.892792
15.126326
17.427143
33.682354
30.090164
19.360039
23.63994
33.45417
32.60362
18.019205
17.652205
21.31989
23.044464
24.958096
26.045938
19.035301
33.328064
26.806934
28.105528
19.10671
28.233494
36.31351
26.123463
37.40378
35.516182
20.438635
18.647625
23.09277
24.841457
40.114407
37.146084
36.13995
19.301004
19.459066
34.46561
31.176079
25.080875
22.939465
23.673153
37.866245
33.968906
39.481926
40.39478
16.095448
15.820943
20.854578
22.60459
39.258812
33.84949
31.778978
34.966385
26.73632
32.65499
39.17611
32.2939
39.23547
15.28912
33.71161
30.470652
18.101295
29.321085
16.37736
23.25848
33.921665
16.872108
30.231321
21.824137
30.796865
17.88984
38.614765
40.526276
30.495897
19.553673
22.1758
21.530458
21.38798
25.633507
29.85043
36.157852
34.51629
23.86868
23.587034
36.52348
29.471935
18.990408
21.047523
38.982964
23.829723
15.880261
28.77813
25.181988
21.823223
29.538754
28.415108
27.09061
32.66525
34.03237
22.375315
35.304966
34.46083
21.393927
33.17899
19.111773
34.013214
35.570312
34.061745
28.336481
17.989614
33.94331
15.855106
22.833736
16.891733
21.693354
38.249645
19.62927
20.067272
22.332666
30.502068
32.1852
37.602062
29.103426
25.40736
27.036097
19.348492
20.618198
24.92936
36.131134
30.574423
18.114037
32.267883
28.61791
31.757826
36.998306
29.337822
35.516537
28.90582
31.98339
28.64539
32.757915
24.442884
33.039116
16.368916
18.398045
21.191479
20.63585
33.086414
32.470554
37.259365
33.307865
16.039392
32.902584
29.75138
28.435743
30.082123
38.194527
34.139515
28.328157
35.537876
35.152008
39.853542
22.177603
22.068369
25.85887
27.195599
16.271202
16.359974
28.29288
40.03553
19.956913
35.939976
33.51117
34.90987
15.297076
15.758419
27.170393
24.125828
18.085392
40.3059
22.296963
40.262695
40.960056
25.984867
39.68553
20.066568
25.71491
22.211794
34.079426
17.150324
23.592129
21.299864
28.374504
35.13926
29.334082
36.556522
40.488342
21.943913
37.07868
23.227575
30.249569
21.694979
27.801592
21.929234
28.687502
15.541334
20.940475
33.031815
21.440222
25.990686
25.080345
15.093513
17.64949
23.763348
30.135998
24.889977
29.673906
39.233166
30.33647
24.845188
17.227047
28.445698
25.498137
17.741364
16.135235
38.43215
17.56726
28.470379
26.809948
28.078701
18.219381
16.286558
16.742826
35.16426
37.422108
40.53029
20.856548
37.345867
36.29952
34.114334
25.382812
34.84922
30.380487
28.199387
31.089008
35.41314
37.369926
28.432705
18.138052
23.639992
40.95106
25.883461
25.641281
35.32032
28.808502
24.380638
30.052156
28.528374
31.055977
28.344154
19.948933
37.326202
38.559326
37.39706
20.467361
16.767591
31.264385
28.056543
28.669828
25.559025
28.571085
32.62363
23.475304
31.213476
23.039278
23.026293
20.42477
17.82377
31.268318
36.817932
20.519789
28.685799
17.661701
35.79298
17.647158
28.917912
15.969602
30.753576
18.690594
38.951286
23.996376
34.846138
22.330696
22.307106
38.666653
36.5838
18.747368
20.429914
19.76284
20.180565
26.96426
35.51247
39.07849
15.145162
31.412704
17.22604
21.476118
21.21751
38.442944
21.060951
33.394665
26.677826
20.973444
32.585903
16.721033
21.81824
23.244364
17.350365
27.62164
22.939064
25.729248
28.3831
22.924183
15.616576
26.659296
22.280687
22.946388
23.186485
35.327553
24.733572
23.287666
37.396984
23.365686
15.003122
23.03127
29.007593
17.523918
20.341661
31.04862
22.744732
25.135117
31.638554
37.65423
27.472221
25.406858
32.67882
19.72861
30.69473
15.96077
25.316895
31.608408
22.58439
36.62622
17.596523
35.53696
18.605577
19.395973
27.388945
34.275215
15.510184
40.66415
32.47493
34.59209
28.98538
37.392376
15.162276
33.784916
16.558186
38.687748
25.508911
34.12487
16.495943
22.426807
16.012747
40.178806
22.389023
17.022411
18.23293
29.328144
31.861845
25.205929
22.223177
32.48706
28.43063
39.785023
24.88639
18.016384
29.910984
16.737665
25.400755
31.136248
22.975735
40.715935
20.721024
39.75963
31.473175
34.058544
17.824766
23.600672
19.938175
18.748913
17.851809
38.655697
23.363323
31.405994
22.576143
23.71151
37.74459
22.358025
27.753082
15.404785
27.175753
21.124605
38.80048
31.537863
16.338036
16.22059
34.00132
30.850502
20.116276
29.095512
28.956001
31.253777
34.770115
16.235231
27.366194
19.651375
21.598522
19.977886
29.398088
40.905285
28.358183
27.434072
31.851467
29.24693
15.831125
32.05162
30.151932
26.491512
30.884132
27.828184
30.78727
23.78238
37.12231
39.950283
30.224821
19.273975
23.811434
39.725307
20.57533
37.156
23.128458
32.07339
31.309713
27.728056
40.99686
24.558945
36.188732
35.85325
35.773193
15.967061
25.23156
18.050762
39.873585
19.767838
25.027733
28.731676
26.063576
35.462116
36.98802
35.63883
18.582094
32.76496
24.233246
31.420732
15.529937
29.858688
31.736094
26.451212
33.025604
19.535015
37.05951
19.500467
39.515953
21.946413
20.576218
15.6700535
34.326427
21.899559
24.407522
37.12326
36.04548
36.149227
30.48544
33.574158
25.659914
23.988783
18.120832
36.242584
26.492762
38.583904
26.251188
17.039074
29.942547
30.959015
31.14518
16.112886
30.782509
15.321295
34.757214
25.577799
16.350687
21.495024
18.153625
25.224669
24.346478
25.639446
26.473269
25.336222
18.146595
30.13617
16.738676
36.33879
16.563068
21.557562
25.500082
34.957325
30.788256
23.965464
33.773003
23.784094
24.906519
37.43993
16.021204
29.728235
39.79958
24.700623
28.04029
32.68237
37.532253
33.95885
25.513258
20.924152
40.377552
23.726141
34.737797
36.2648
37.52496
39.20564
17.566195
31.763268
21.212864
24.105484
15.952178
33.943848
38.535946
40.23876
39.665073
35.88668
21.500626
30.112436
15.710141
17.304724
36.036327
20.858168
37.784985
34.777428
38.6177
19.320683
34.705486
35.68048
18.912636
27.894884
30.15061
15.032637
38.44321
16.790674
34.30411
27.474764
36.63141
24.804918
39.012035
26.90291
40.798836
33.39285
17.928524
25.896322
37.69928
25.856565
17.788378
34.012974
24.985369
26.806269
40.423435
28.269325
33.64519
22.700136
17.430735
22.677668
30.892197
24.231739
28.504007
20.583534
31.251251
27.609228
36.35609
33.72733
31.65619
32.35845
29.888271
31.448423
40.25881
18.182526
18.80369
20.256655
18.346605
16.623255
33.21536
18.115274
28.27632
16.795273
30.965466
39.211056
15.652549
30.301556
15.351023
17.731346
39.115555
24.589418
26.742075
17.224634
40.049572
34.46899
21.18207
15.490143
21.282717
30.291527
25.47611
27.623793
18.421934
22.372847
35.501244
27.84188
37.85101
34.647514
22.514042
20.010548
29.617155
28.252365
37.084126
21.428186
27.441269
37.76326
25.948463
30.339634
15.909336
23.146942
33.559605
22.905104
34.537163
21.140175
21.392193
33.90344
15.847888
18.731312
38.175503
27.318474
39.86156
40.694763
37.1358
40.138832
26.468191
30.716774
34.060894
21.195734
36.04063
33.551277
20.540117
20.669954
39.340744
27.857521
30.0867
27.018227
38.2822
39.89649
23.015297
22.501059
21.4354
25.101126
32.92611
30.238045
38.29496
39.685654
27.437984
18.773392
34.277195
17.922264
26.416382
20.503515
20.17511
40.488758
32.358162
18.000265
15.3704
33.378723
29.823614
21.257345
33.486935
19.26606
25.847214
23.194317
26.367302
33.92876
27.11203
40.37152
39.26392
29.362026
34.338825
36.80106
36.9583
40.548885
33.819324
36.983017
31.156998
36.506725
22.31419
27.852757
35.959896
16.191116
28.639688
32.19435
30.456387
16.113705
23.183195
18.256691
19.57709
19.118761
29.315994
29.803108
28.213718
18.663467
30.213049
35.63192
37.316807
24.159832
26.942778
17.72442
32.19089
20.46156
40.85598
24.608541
40.52888
38.41709
19.281538
15.27052
18.862307
33.560368
30.327532
23.00353
39.05115
26.473854
26.189934
33.95141
39.197
19.133667
26.787054
31.787249
37.93526
24.634563
28.766432
33.960712
31.447218
39.092995
24.971893
28.254663
38.729694
24.239216
40.311962
17.01076
18.670084
21.234917
27.636913
32.315327
32.29665
16.590717
29.710173
38.680996
23.208796
27.708212
16.650867
38.3162
20.639265
26.534204
22.327805
33.94375
24.86002
25.090105
26.101175
21.31139
33.715782
20.227411
34.03679
32.031403
35.95399
32.860535
28.258715
25.192814
35.717236
21.141134
20.459602
17.309122
35.073906
25.56357
25.754139
34.59593
37.785183
20.828861
30.039438
25.317074
27.641138
36.44504
21.817312
40.994514
38.64607
31.50464
28.036804
29.6463
40.092896
32.855392
40.931423
17.898638
19.138775
35.968224
35.054035
39.81226
16.878801
24.206884
40.753323
20.569786
15.111926
38.91657
34.189346
30.790115
38.00306
37.774166
30.651659
34.167324
39.6675
40.18076
17.421967
33.37584
33.33867
20.127308
16.7144
32.740246
22.227327
16.927402
28.329893
19.037155
22.440321
40.486324
23.577236
15.978357
16.399017
34.363556
38.74187
25.418446
17.08252
34.78628
33.9245
31.1369
25.117891
38.984276
23.425127
39.16363
30.249456
25.742033
31.014122
38.048706
20.041473
38.901806
31.41045
17.221107
17.80326
18.701654
24.078205
27.637949
36.67312
30.295519
33.05613
18.294823
27.557142
