27.577639
20.950752
30.84952
25.191319
23.521639
30.452385
32.60549
30.980007
15.644903
22.774153
25.408148
27.46126
34.921803
15.267791
40.626102
37.259094
36.494694
18.135954
40.321266
35.2052
20.869553
40.639282
31.955687
29.947237
34.933422
38.487495
36.53974
34.808224
23.093811
30.207312
33.995487
26.92124
22.115528
31.195967
32.690468
22.735916
20.818367
19.897696
24.591549
24.87801
19.699389
15.081447
15.294957
16.040565
31.756502
26.551743
25.307787
38.09496
32.31539
27.790499
37.387943
36.93241
22.499752
18.006207
28.493631
31.681244
28.135178
30.85787
31.95006
30.892525
27.339916
23.724613
15.810286
24.046415
17.83116
22.807863
17.068678
22.303871
23.063335
15.581574
20.379652
15.813051
16.715351
19.146946
24.240965
38.077133
23.75655
26.90159
35.220016
32.899902
19.346596
32.599163
23.733198
38.247845
34.16235
22.353943
19.13253
32.002148
18.395212
37.435894
23.410427
21.021387
26.625301
25.805231
23.702566
21.195297
28.054186
38.251553
29.950539
34.24245
35.165848
31.731108
29.579998
26.889317
26.7859
32.03676
35.856773
39.765472
24.72196
38.288776
22.702473
38.859543
26.693521
22.900555
20.182774
25.702642
32.0975
26.651846
15.625752
19.580929
15.306074
21.293251
35.384216
40.02606
15.6562805
29.709023
37.625156
18.592213
16.066265
18.081427
17.211096
33.500526
27.300928
23.72832
19.732199
23.116545
26.310146
34.32667
27.054718
30.423658
26.775599
33.088234
27.370447
40.665142
40.02765
16.11962
30.66347
34.14975
16.831606
38.677525
25.754723
31.850561
31.193073
26.32087
39.641422
16.874048
40.295025
15.065142
33.717632
20.136097
39.954575
21.560276
18.643839
37.653957
28.575342
38.041824
20.127556
35.747925
16.471725
17.34629
33.68364
19.143742
17.654198
20.635
21.562109
25.476522
19.690231
20.636793
31.462902
20.019295
32.093304
20.198507
30.401182
22.593918
22.842802
25.723072
24.14342
26.569534
36.100586
37.678688
15.003573
19.613365
39.96532
37.778458
30.47045
35.43099
19.193613
30.658459
24.13132
33.117985
20.217318
16.923195
40.663643
35.94212
30.499376
36.28089
22.285774
24.38493
29.295815
32.157127
18.989264
27.09398
34.2295
20.653856
19.119461
22.03165
21.73165
37.01172
16.427732
28.55374
37.369904
39.837337
22.58784
19.41082
22.357273
37.27301
30.35058
25.737633
37.12403
30.014935
28.004965
31.980474
33.73515
23.627062
34.620865
29.409935
18.148657
32.951115
27.66716
30.375937
32.835754
36.579445
38.031105
20.784481
28.121378
31.335829
32.208736
17.410086
36.75431
35.500343
35.4928
27.605324
28.678831
31.118
23.353832
29.728533
15.755254
30.146814
34.891613
37.18307
31.264677
20.429462
24.22844
33.346268
36.433517
29.513807
37.022236
30.863468
19.926468
39.200924
37.896664
26.792336
36.28173
19.365463
34.517082
40.904827
27.600418
28.07151
27.2853
22.089111
15.452322
30.298286
24.182745
33.240788
36.923138
15.693438
38.16076
22.292732
34.003674
26.687721
33.658424
24.105032
33.109432
40.03341
27.322447
16.82124
33.419315
29.36974
39.810257
38.99453
22.93518
37.772263
30.676626
22.297018
27.689259
33.408955
26.775734
22.947803
22.364407
20.404451
38.354828
21.13007
19.742548
16.804852
22.07213
25.61484
21.859537
30.13892
16.5409
20.568703
19.520039
30.487701
33.68315
29.095194
22.913994
25.202925
28.1707
19.444172
26.47652
28.45569
25.537754
15.02084
37.846107
32.65039
21.168581
40.33588
27.801216
39.40487
23.295244
15.860324
29.393456
29.276318
29.384645
27.383652
18.145721
39.703434
32.850735
31.920815
33.146694
31.738861
29.896872
40.473667
27.148468
38.061977
32.47497
40.02457
36.361897
25.490593
32.842194
39.02463
17.54474
30.751156
20.002642
40.33643
25.190517
18.620531
24.440546
37.1007
17.151342
38.718483
24.983208
16.318844
20.866026
19.208519
40.37598
40.077778
22.514946
28.45567
28.208311
27.29104
35.88625
27.293465
29.198902
37.58969
24.513208
18.968166
23.529839
35.568897
17.730522
35.057064
29.913473
21.980873
18.697712
33.69844
21.382704
38.662033
36.15067
35.32452
24.41427
33.992043
25.667772
30.754553
33.926395
17.504732
40.574924
18.983856
27.936255
35.9055
23.264217
29.295567
36.219357
24.197247
28.663824
26.425352
25.182083
16.876553
36.872154
32.42543
34.340275
37.234028
17.557117
38.602703
16.290886
39.677715
16.621815
29.446798
39.870346
24.695463
21.850807
19.817438
27.312506
22.582134
20.776535
28.826424
16.650518
38.379673
40.84334
40.828167
24.351316
18.612877
35.096935
27.723654
28.227875
38.35094
38.090042
27.386217
15.04364
18.884647
38.470356
38.433605
40.905132
37.881325
32.80481
37.799225
29.53286
29.264442
21.594597
38.596565
39.807365
21.262022
39.148186
29.624249
17.606272
32.07776
36.00508
30.525202
29.879997
29.461052
37.94085
32.091957
17.157736
23.086891
19.234425
37.501114
20.232147
35.103806
15.841547
35.36346
19.640203
34.46788
32.393536
27.392342
18.739338
40.75304
35.52862
32.221336
30.672169
35.012688
18.963285
20.443312
18.31971
34.964878
20.924091
30.296446
24.462126
21.28316
20.085794
20.588877
40.79773
19.09735
39.99942
15.432047
17.215055
21.94331
20.144442
40.14394
24.769493
38.348095
28.202011
35.286827
23.185068
29.996546
32.92162
26.220255
26.38369
26.997728
34.04149
32.77838
27.53819
40.154335
31.1233
23.721972
38.45226
38.335457
20.874842
27.468689
38.689415
37.062912
30.559504
32.27147
39.80484
32.243523
33.429455
27.493204
29.278057
20.614594
22.769701
34.917046
35.301033
37.91701
36.103157
23.135056
23.445465
31.07023
28.382227
32.974056
35.4146
33.695606
36.580276
29.64597
22.579178
39.21939
29.996777
31.850994
34.80358
36.48384
22.802814
23.41545
40.187565
15.304828
17.87901
33.212166
29.78047
15.736409
27.835787
38.089798
29.069029
28.93778
24.25638
17.328444
17.096468
33.48511
19.665773
17.742506
36.439816
30.730692
28.504206
35.967697
26.953869
30.383976
21.471785
18.69763
19.184519
38.873898
38.011066
22.676476
15.660686
36.249157
16.407461
32.107647
31.89332
30.382841
32.012585
25.804474
21.841528
30.07011
29.433695
31.887426
24.85003
39.24238
34.182644
16.123354
34.618824
32.968678
31.240725
27.105816
29.635012
34.17476
40.27114
39.391514
16.678452
36.082584
17.79878
34.436443
34.507015
39.25781
27.577276
34.716305
37.633816
21.849955
27.576319
22.769287
28.228027
31.119896
19.547503
24.06534
37.60245
31.671383
20.96493
18.584566
21.495163
36.93826
29.287159
32.77837
21.409237
31.426138
20.949974
21.190527
17.64367
31.967218
24.27487
17.43136
34.33022
34.819042
36.565998
33.426693
40.78513
21.822878
35.068756
31.904305
30.791187
15.034615
25.176025
25.934113
24.044895
25.250841
17.293545
37.00431
39.93499
25.675026
26.113722
23.594206
17.062826
17.603539
18.697601
39.49557
24.471708
22.458424
32.727592
15.237735
34.421402
31.753704
39.569
30.887754
31.72573
27.654192
34.366173
18.225487
17.165266
21.670563
21.299643
34.834362
20.293777
37.73173
16.343342
38.002235
22.076256
36.38532
40.386524
32.49266
26.22795
17.199282
24.422802
33.2255
31.86799
36.572483
37.65918
35.696697
39.15787
16.10938
16.860783
29.570726
33.964085
18.473589
31.02242
38.295017
31.265991
39.20751
39.546032
37.814423
34.024033
24.389904
24.50335
24.504587
16.530073
29.200499
18.276161
36.296772
40.88084
15.470661
28.891788
37.632538
24.146975
21.12121
28.70941
24.365381
40.054462
31.023386
17.763155
33.017258
32.55176
37.266155
39.030884
29.901619
31.505114
25.072878
39.17283
25.540411
20.946222
26.682507
24.87233
38.5312
31.790497
25.395422
33.8111
34.561436
15.750844
29.68111
36.524525
26.620502
25.29103
18.754765
34.907753
37.62611
15.894307
26.352098
38.981316
26.660238
37.66715
38.56646
27.675343
20.800695
25.354574
26.559587
27.854393
30.138006
17.212683
27.717094
26.58023
37.983284
37.865627
29.392084
20.697859
33.50129
22.268465
17.765001
25.23044
16.043865
33.203907
32.545147
23.781645
19.312492
23.360142
28.249002
26.169401
37.14469
24.968554
18.612839
28.852835
35.197533
39.224316
32.33174
26.36464
16.09251
24.269442
33.76459
22.923985
19.68959
32.387035
29.504177
22.680464
37.074207
24.237152
38.783966
26.627462
18.569555
36.45874
38.577793
30.123745
20.62746
38.768898
24.94596
27.17491
37.804745
31.809675
38.691097
34.151806
24.197895
27.424448
35.70932
16.460844
33.68744
28.78987
22.556963
38.83153
16.13441
38.886185
27.700556
39.34952
27.274832
18.157747
20.677359
15.138719
23.474123
27.897263
30.966066
33.68405
24.731901
26.881393
39.75209
28.186745
26.368584
29.092018
34.96907
30.056906
29.678833
29.976583
21.008024
22.673649
18.50277
25.63262
21.307825
37.880795
24.144499
21.54561
34.67545
26.336624
35.35845
27.066092
24.631733
16.799067
35.22758
34.680973
23.338072
29.703043
36.67347
19.315699
31.731876
26.974623
21.066908
36.39802
25.383226
28.927036
29.948519
28.220825
29.282558
34.296432
18.222551
20.260548
22.27889
23.000727
22.35294
24.539362
23.210413
23.042727
37.06925
27.863497
15.904024
23.129135
18.881172
28.826674
15.167629
35.03991
30.30373
18.83673
38.65883
34.557865
31.111341
27.10524
32.085873
20.856268
32.16748
35.53401
39.58147
29.642597
15.417598
16.738985
25.287455
19.069517
26.486542
23.071234
38.197834
15.449475
29.987743
40.426388
34.130318
16.147291
18.129868
23.877922
34.33087
19.675426
22.497742
20.726439
27.663391
15.979571
34.98784
16.426147
26.596119
33.17751
18.794613
20.031483
40.26889
22.602194
28.072485
26.300827
30.809914
31.900307
33.439354
23.401033
27.768122
36.150433
33.84095
26.275557
22.036915
25.490484
17.461384
38.17061
20.967329
38.58176
33.343815
32.557972
16.503452
34.38752
35.176094
36.74965
16.120201
30.206825
15.299792
30.868744
22.103289
33.679707
36.41709
29.52259
36.28353
28.567743
28.698385
22.518242
34.72235
38.51445
27.034666
15.267152
24.042658
25.70271
17.032055
19.14495
30.109
18.352009
17.012054
31.003891
38.5832
36.33604
38.759476
29.279688
37.51638
35.85161
16.05107
35.691093
40.585667
38.032715
29.101427
34.39969
23.843445
24.679111
40.978645
18.679071
36.919533
26.856401
32.77089
36.63663
25.501186
31.025251
27.825876
28.337929
37.613277
28.57015
23.73891
32.80264
35.730656
34.12349
15.931092
30.772823
38.077007
15.918704
20.63779
35.89834
19.599318
27.556562
15.918566
35.040848
38.05421
27.031559
16.903177
37.76707
19.402342
35.640827
19.904364
17.78354
37.27918
32.485813
31.256592
21.05923
33.695316
31.677374
20.780956
18.689121
32.316708
15.067852
18.629993
31.170885
35.685036
17.359056
17.932112
30.698484
19.560585
30.772978
38.13391
39.320686
35.20487
35.122467
19.229662
17.369045
15.867462
26.081985
15.170716
36.429153
17.001265
21.733908
29.663675
32.310482
36.80268
25.053802
27.294603
23.96439
36.558018
15.898441
23.457636
32.10643
30.97458
32.27322
21.919836
16.418276
33.184788
17.181068
33.02015
20.636208
35.433872
18.192783
38.47883
20.577244
18.596458
22.02912
26.584768
25.210644
17.614647
21.907927
38.1316
15.251656
31.709929
15.18488
32.889503
35.43602
19.79357
22.90439
36.628204
39.627853
36.88485
39.277554
15.747545
16.220251
32.543816
19.816975
20.425673
36.906975
27.33492
29.883606
21.860796
34.835346
18.160334
32.73874
16.661016
16.394554
29.936243
19.844553
39.72777
28.45018
17.532978
38.11965
18.081896
37.705006
26.159365
23.13126
27.997402
19.047674
20.444078
33.793797
16.53648
21.245022
18.351528
33.043808
32.120354
29.140461
39.76701
22.17418
15.124074
19.639992
35.095707
30.035995
28.649353
24.199041
30.542332
18.154179
25.608078
31.267439
31.87298
30.953548
27.04016
32.206547
29.408047
38.75477
38.19284
29.561607
39.754814
35.975063
29.304697
25.254143
38.360554
38.056477
35.265957
30.253216
37.35183
22.044798
26.367914
38.591164
15.322847
17.455246
23.207594
25.20845
15.745578
34.086327
34.479958
21.043978
28.496532
27.781176
36.86838
34.03128
36.62993
15.786153
25.535183
35.21775
39.974213
20.31925
25.817469
37.09312
38.388615
16.236332
27.649622
28.395054
38.588825
30.271118
31.962254
28.153936
35.335472
37.22515
28.848402
39.54546
26.476465
38.696964
34.641403
15.23885
35.844
40.464962
25.214727
24.360167
20.32928
35.47654
15.792697
38.934277
25.59275
16.546196
15.351979
20.725693
26.814995
32.328445
24.29725
23.767704
30.653095
23.906635
35.51047
31.550735
36.139606
15.426665
25.101707
38.835148
21.646015
34.60503
24.230453
22.36023
32.22986
15.653495
27.219944
16.340332
24.69439
28.188065
39.852913
21.570698
24.512005
39.027855
29.215847
37.209705
31.397373
27.439798
34.74972
31.86091
34.763462
22.348095
29.268745
37.447296
34.553463
36.302597
34.624725
39.551975
31.013882
37.588333
15.42303
31.393517
28.858747
28.758648
17.737312
25.410873
40.972267
39.08741
40.12355
30.55195
30.306969
39.961098
17.400017
16.791506
33.9566
40.069473
21.63834
39.14821
18.51791
27.403902
15.601751
19.52736
24.80262
25.535347
39.470234
20.084883
24.720695
34.419407
34.108204
38.489807
27.728304
33.06363
25.358936
17.456707
22.61857
24.792793
29.89096
38.226093
40.63057
33.56069
19.975101
30.28993
39.86169
37.782356
40.236954
39.591145
38.790813
30.498552
39.90801
18.670027
30.35453
19.334766
15.389733
34.78718
15.465814
22.679775
36.04836
39.921745
16.124435
17.784336
31.074196
33.725243
35.340572
28.068357
40.967793
25.005621
25.977898
34.825336
19.756271
15.12265
39.319664
34.725754
37.396667
37.794937
40.67111
25.046461
37.98918
30.250546
29.633652
37.391052
22.40166
20.397293
30.821362
23.816502
39.69778
37.74546
22.737104
38.74439
20.364767
36.18475
24.285872
25.810251
29.752611
16.399067
21.974836
30.892637
38.365253
26.69668
16.234539
22.963747
22.685139
25.340143
34.492874
31.116455
16.066135
29.079342
35.64327
19.147903
17.895838
17.522783
33.370754
18.417759
36.706707
39.226284
38.434376
27.349575
27.206608
24.934982
32.451664
39.906654
32.30275
38.283592
31.990639
35.64913
15.109112
40.441593
31.847076
34.56693
16.655905
30.684086
36.269604
38.78362
34.560627
19.675755
40.592327
20.439125
40.27386
26.37449
39.244617
30.58454
15.678899
16.892847
25.429789
23.760303
29.802816
36.399693
32.899277
15.079324
23.187656
33.201027
31.196175
19.099506
19.073881
27.508078
40.501705
22.545588
36.96426
20.082426
22.790504
26.028034
37.3649
21.942081
26.385366
19.307173
32.5411
19.619036
19.199345
20.363562
18.9793
15.07796
27.962872
22.561106
26.912296
39.3374
30.555853
26.527172
26.743542
40.078884
24.1994
36.024483
21.497257
20.086107
17.709204
36.05237
22.52467
39.225376
23.272259
26.69037
40.61265
27.860226
22.28094
27.78513
36.3696
40.087227
26.643187
39.481777
28.304377
26.986658
23.684841
33.814064
32.36766
23.200834
27.269915
33.092747
22.891075
28.584543
22.086847
19.669722
23.837967
18.416166
24.183592
40.805687
21.070747
36.714745
20.781607
29.83216
34.94318
37.5773
16.158607
18.573896
15.942059
27.132484
29.962217
16.085762
32.331226
29.700653
21.70138
23.158464
23.79186
18.057184
38.359715
20.760431
34.906536
25.314962
23.084694
17.60853
25.000525
38.873592
35.728878
15.398204
18.332354
19.127068
24.654112
37.873997
36.91663
17.178236
19.656916
27.884327
17.365688
30.677555
32.13306
30.839752
23.052578
27.085278
30.671562
27.581879
29.626488
35.150337
26.153116
32.57045
25.452684
22.205837
32.125225
32.509
32.902546
35.00023
35.736107
36.054943
29.585327
29.214836
29.831648
25.097767
18.59177
29.562582
33.954514
22.239408
39.610706
16.419418
26.931723
23.57384
28.383324
36.309017
34.496822
36.638214
16.375761
36.243042
39.964996
38.495842
31.779226
37.91336
20.364307
18.311638
38.98785
25.03926
18.623402
40.493633
34.55798
21.79182
18.425888
30.499432
17.318691
28.149296
38.163834
19.744482
34.781742
25.281448
16.057539
40.699368
31.29021
38.61743
21.956085
16.22622
21.448692
28.120995
20.592882
16.479774
39.29376
22.478333
26.14271
32.286434
35.39206
34.398186
22.811499
17.81515
18.594366
34.030285
18.887417
31.566763
32.527428
16.62748
22.19151
25.2339
21.071499
19.008501
17.188496
26.821354
24.049885
25.122406
18.15301
29.56729
24.147964
28.072495
20.733896
31.668552
38.68254
18.326494
34.018913
31.588634
35.258465
35.521595
20.774471
21.814886
30.578014
16.266905
38.91976
22.331827
30.709396
20.652693
30.49199
31.790386
18.974445
15.794791
29.36906
21.37824
18.281437
39.67425
37.838455
25.734339
24.207554
22.776476
18.73572
22.90108
25.426508
22.590647
22.323296
19.270504
21.180374
16.899485
27.340153
17.756245
29.410654
23.970922
27.725004
26.010885
33.892178
35.257523
16.400583
32.408756
34.254395
25.015993
29.203773
32.72709
33.128162
21.378428
27.556145
27.983833
37.822147
28.838385
15.791685
31.728361
33.911472
28.85921
16.19332
29.231636
28.912243
27.368547
39.737045
15.485335
15.819117
23.272163
17.30229
27.694801
30.699116
22.801832
16.679386
27.038595
23.763327
40.506207
15.089752
15.8677845
31.379244
33.00017
29.13174
28.231062
33.339947
36.207428
38.074768
21.637074
39.372364
16.762533
20.246712
30.303324
29.345388
15.482963
19.894213
18.791372
38.92957
25.37821
33.342926
27.890917
24.563742
24.532223
38.54437
37.890778
18.499811
35.377026
27.16843
37.96266
38.42558
34.369568
19.28526
28.284023
16.706402
15.890471
19.377579
31.73911
35.640034
39.302456
20.934235
16.562883
33.285053
36.537903
17.19799
22.13013
39.401695
23.329163
21.775446
21.242737
22.835037
20.251791
32.764133
29.730745
16.27391
26.12012
25.811674
21.958418
39.735
25.956146
19.09409
20.91425
20.35003
26.746916
16.585176
27.964378
37.07504
28.512146
37.186085
22.06168
24.794178
19.823067
20.29403
37.228226
24.956554
15.845028
35.21131
22.466698
19.363094
15.220569
26.430593
21.906721
26.011473
33.66634
31.279657
38.954964
23.01062
37.02633
40.668613
30.493286
26.492384
22.705564
15.754833
19.757032
31.176386
21.902529
31.225557
35.42606
23.785177
27.865232
39.59554
25.673857
27.86028
17.514984
30.426712
19.445621
17.695719
39.213543
25.699179
15.073969
17.084217
22.19354
35.69766
20.49138
33.36213
31.228569
16.724678
21.76137
34.842834
35.48862
36.711624
17.425745
36.14425
19.20812
19.371046
39.253227
31.144615
37.787914
33.918324
39.375095
21.341837
36.25932
15.588125
23.506405
38.24503
39.65734
24.180809
29.97667
22.093054
18.781948
15.6962
16.631931
33.673275
36.07031
39.746952
18.320347
19.304825
36.85963
34.890965
36.636433
31.154142
19.189327
21.28205
36.874496
29.96661
38.472908
37.110416
34.729595
29.026585
27.864084
40.18915
39.184853
32.699165
24.948303
26.740286
20.236757
24.26056
36.509975
39.943707
24.635551
19.88986
21.55737
33.13449
17.655638
20.6737
38.531227
40.668995
38.061348
30.266083
19.679861
25.427244
20.896315
18.449373
35.9526
15.67903
30.500092
22.258343
21.445032
35.613327
38.24348
30.5577
17.42381
33.215374
15.874546
27.004599
38.26516
20.373142
16.080053
22.18107
39.26067
15.104531
28.892561
38.347378
31.175327
38.619053
33.91121
39.74578
36.687046
30.562399
19.954714
39.67527
21.393568
28.239618
25.727879
22.66126
38.94167
21.87241
37.35844
27.96033
34.015377
32.018246
31.248796
19.368544
38.41389
23.16386
39.587757
31.842972
38.25671
39.202866
37.080143
27.799482
18.472437
16.017054
38.977608
23.11592
28.159508
19.703169
34.331867
38.84831
27.151192
28.121761
36.54191
17.458742
30.173779
32.391937
15.729713
35.95707
34.356136
21.715605
20.25433
16.774601
38.53036
35.487114
31.76206
22.416523
18.757431
35.028908
19.57095
23.980692
15.81839
21.491085
15.900599
24.484068
35.030766
32.46257
33.48374
29.604013
24.68152
39.663788
31.43393
24.920214
18.612005
17.725555
19.894026
32.03398
17.04702
39.506195
38.953136
22.045237
27.629213
34.658512
36.594948
29.783474
35.801727
21.230745
32.028408
25.917505
16.176086
24.970137
32.65199
34.609856
30.329
23.69526
17.115742
17.735094
33.590904
38.612797
17.470655
30.847551
27.820665
32.776924
22.232843
35.06221
34.905025
25.024025
15.340327
20.803736
30.77807
29.662918
39.443222
31.982025
28.124996
25.960394
25.743385
16.568693
31.616282
15.034204
20.687597
27.77746
16.512344
37.150383
34.21865
27.092396
21.785492
33.61908
27.001652
24.241468
32.525124
34.49276
21.068222
17.878916
35.3237
22.093046
39.659195
36.21843
20.585255
17.027065
25.696737
35.150166
39.254738
37.801563
40.279808
40.47815
34.335735
29.402761
18.872162
16.830568
35.745674
28.282202
37.44004
18.524094
24.551783
29.073582
17.697142
15.20423
19.43772
24.062857
35.827183
15.437376
34.36997
15.943682
26.579988
28.596136
37.864613
31.712463
28.47472
39.35807
38.999413
16.692123
17.994368
23.928974
37.372616
28.620893
21.118523
22.705418
25.579096
16.502272
17.316738
36.507126
15.456162
25.484495
26.212812
20.738503
31.345337
15.42266
24.530611
31.879393
18.92321
38.973915
22.64498
23.558916
20.773537
29.08588
32.086704
27.132013
27.804367
31.560719
39.688328
38.15703
34.85822
16.012085
40.70804
39.463562
31.419853
37.97939
36.23178
37.603382
38.195427
32.223625
33.429028
34.393238
37.51837
28.301262
32.825653
30.986801
40.031567
36.39743
30.65767
26.454176
21.90193
26.096981
24.582493
20.20075
31.942745
23.281654
17.549833
23.723274
40.450695
18.663979
15.472108
32.179554
19.30864
25.60316
35.48478
34.03915
29.961926
34.795616
27.049822
31.685978
40.24502
25.192442
33.930923
19.259762
26.717068
18.068506
19.157011
20.25177
20.158924
28.552485
21.490906
28.411274
30.191044
40.12457
30.632996
35.372738
18.590586
22.598173
21.415066
19.0797
19.817837
26.924421
22.577356
30.559872
27.506172
26.792788
19.372366
26.896938
15.226387
23.448637
31.201708
39.34815
20.70539
22.408163
19.767801
23.472694
24.860918
26.823433
21.81003
18.864498
24.50801
40.13507
21.395397
31.62392
20.399694
36.347374
37.9466
23.056576
38.3834
17.77037
15.715844
33.25328
28.886326
39.395638
24.250584
36.183834
30.687098
34.207504
39.54781
17.728235
24.98765
22.678387
34.05635
25.672503
33.16852
24.456938
34.462036
31.112299
40.29226
26.829857
31.278587
25.936012
26.413853
36.923
25.667233
15.100036
29.063753
34.804676
36.62127
19.262447
16.888138
20.66383
21.676867
37.007343
24.362747
37.05801
22.64953
36.370564
36.74075
34.860863
30.5459
36.6686
32.95174
24.986073
34.763515
21.735954
38.03815
37.22451
22.966534
16.592253
33.896862
34.60358
33.613293
29.288933
23.588158
26.562525
17.01202
22.226357
36.280594
30.934706
26.993834
20.585651
35.019634
21.237684
23.81761
19.685696
27.939499
28.094109
25.759184
26.05408
15.281777
37.7413
15.987698
18.791986
17.641071
40.534557
40.79486
32.416355
37.227016
32.109116
35.018227
15.778783
15.613699
39.437786
32.58752
31.889103
18.441591
33.406235
40.52341
38.512585
37.843853
16.725058
17.431011
25.263252
24.987858
29.007498
20.555845
37.58177
18.054562
31.664078
20.807798
37.46496
37.222424
25.900024
30.809063
23.104881
37.7792
17.548756
16.984915
28.699139
33.35414
16.734375
18.991594
21.609816
17.444702
16.42843
26.363407
32.77723
30.906033
27.850952
25.1616
31.83553
19.878208
34.363064
28.620417
28.730715
18.745192
17.00816
29.311148
34.807774
36.151268
16.18103
32.182907
20.31196
30.844776
19.038937
23.989172
16.040445
28.175606
29.216024
23.072132
24.483961
21.442087
34.162174
38.25219
16.214106
20.964539
23.999634
16.65788
40.500538
39.756844
18.175613
27.731867
25.183235
17.974125
28.386196
26.361584
25.678547
38.933693
28.256777
20.108423
34.6638
39.43806
26.086445
29.847334
40.46367
38.373035
38.59849
27.77902
25.452652
18.110437
25.086548
19.73988
29.89134
39.11422
38.605556
26.010147
35.530384
21.330374
21.929071
24.408669
15.04439
34.435135
18.879164
15.363066
19.89914
26.822636
16.332453
16.856974
18.608942
22.332355
28.715563
37.681408
25.506994
20.148266
29.125538
26.255213
17.130146
37.04579
27.345594
21.429956
15.110431
18.2193
30.973732
19.15747
37.069305
15.291976
37.641624
40.673695
32.4265
19.79163
33.87336
33.94032
24.263945
21.370031
25.51845
18.486156
29.426205
20.350101
31.890753
18.503
32.892414
35.804382
26.754725
18.0762
35.120693
27.29985
30.122675
23.768011
38.544556
26.688272
35.461502
35.422184
25.691809
17.878002
17.3546
34.021168
38.50002
15.39214
32.924423
33.70267
32.318554
22.699764
30.393452
21.630213
16.815786
36.80094
22.046106
30.312716
15.551052
30.352978
22.551315
40.181034
34.324444
30.74445
17.11536
27.754766
29.583553
38.955193
35.256744
20.570526
34.144814
19.784624
23.129707
28.193274
36.278046
15.087336
34.270176
33.095203
25.80644
25.024096
19.397821
39.962048
35.290047
21.01802
26.480026
17.07458
17.589571
36.09981
20.648449
16.813448
39.148117
23.632578
39.75606
40.048424
35.18212
20.02596
35.37235
15.198461
26.638702
22.98085
22.836565
23.086922
25.255224
38.05017
33.62382
29.3667
40.347786
26.857832
40.725872
33.2528
21.058945
26.187092
17.008423
36.57544
28.711014
28.331207
29.57888
40.754513
17.63967
23.593409
30.083368
37.196712
27.423784
19.629845
19.549006
20.82952
24.780775
27.448334
36.89723
37.011536
33.56287
30.307322
24.576256
38.89673
18.26813
37.503677
34.895477
29.480333
24.271177
28.094534
26.591894
16.017181
36.58198
27.967522
30.91844
16.278624
32.35717
21.355455
20.116312
22.201986
26.616798
32.885567
30.518211
32.88703
15.660514
32.56011
37.72663
27.606668
36.53063
17.684246
16.321108
22.524666
17.535538
34.68881
31.370646
24.150871
34.32554
22.039623
27.662216
32.214966
30.304043
26.98175
37.003616
32.602585
15.260703
25.73617
18.21859
15.273046
20.029049
16.947983
16.524523
36.665874
27.699669
35.67947
32.867683
39.003597
31.461008
20.047857
25.488302
22.111252
39.493427
40.726913
29.497543
38.898453
38.508076
38.962994
35.570652
19.48767
15.500775
33.500458
29.995377
35.122837
18.081993
16.867842
21.261978
29.455282
37.34761
18.845495
17.14099
17.579348
29.671143
25.61687
16.767
28.27796
17.026627
39.099903
40.631725
38.338806
37.492332
20.261503
37.586636
23.51469
18.439083
18.837349
39.965427
16.726957
24.572884
31.810795
27.758684
32.44887
23.480114
18.248875
16.40798
16.856125
18.614582
38.649963
26.23388
18.294594
39.769188
34.826885
22.772032
21.890877
19.99104
37.530815
24.363913
33.71895
23.627287
33.515533
18.233421
29.836765
36.73006
35.548145
32.97791
21.719458
34.402325
33.99163
31.911888
28.141195
21.83253
29.01613
26.024012
30.395657
28.744425
38.24007
19.442638
34.895485
34.77944
15.658845
32.252563
18.653908
35.932564
30.087923
25.2653
36.927204
19.578575
15.028907
28.917492
22.384497
31.854183
24.861162
21.856873
25.571802
28.20242
26.568336
25.972431
27.150103
31.739323
23.828169
25.635174
25.412663
34.768894
17.225695
33.738182
17.924654
18.25081
20.59402
29.75942
17.778553
26.316427
37.043556
29.518013
32.921684
30.032116
31.109661
28.554438
31.287632
22.52496
21.63038
19.137436
29.051216
40.314404
21.459993
24.785099
28.226992
21.234426
16.930845
35.884953
23.04426
15.6843405
30.094969
21.507547
28.056856
29.112309
34.208714
29.830389
16.783958
31.61425
33.66773
32.723766
31.828468
31.321754
23.656261
22.997335
27.882483
15.856148
22.143877
23.566046
19.804726
20.541927
19.544394
28.36629
33.04269
23.301226
27.345905
35.237923
15.07266
30.192034
22.327435
17.185041
28.243666
28.40637
37.596897
28.438175
30.436783
19.210693
21.616716
17.562878
26.289152
21.789242
23.627512
25.494362
34.382378
34.24214
24.437
17.825161
26.757975
34.093506
21.410341
19.932573
26.397812
15.580874
37.67979
30.604841
25.895494
28.725773
16.08571
38.70987
32.444912
23.72626
38.167606
30.147482
36.485176
27.565779
27.64295
20.836014
19.866474
31.898705
22.243301
27.806328
16.23931
34.251434
25.521246
40.61103
23.519968
22.36895
25.298443
37.204025
25.747957
28.140236
33.79409
32.20521
27.42651
38.952003
34.15486
25.037512
33.52521
22.548635
15.101424
24.808046
36.72414
36.517338
33.713387
28.00266
40.191788
31.37094
37.993515
32.07271
27.214506
24.86687
19.783894
24.815245
30.33302
28.679276
16.850649
20.08264
38.291965
22.83232
24.510658
16.804768
21.07137
18.406204
36.042683
20.566784
31.54423
20.94345
25.307112
23.057743
40.892445
25.711527
40.49253
20.590034
27.813538
27.518856
30.714079
40.586967
34.763634
36.134884
21.30764
20.445478
28.007511
19.530735
19.095524
26.503355
36.0844
19.135653
37.643536
33.974968
35.448666
16.09532
36.585876
17.666914
16.507305
23.121756
20.463469
20.044628
36.051704
30.94045
39.20303
15.793387
27.168829
23.568916
38.35824
26.401793
33.11762
30.7019
32.54104
26.493164
29.369026
18.331932
22.090294
27.640009
32.033695
32.399994
28.956577
23.21899
15.239116
38.749527
31.026089
37.498615
32.66843
37.948082
24.663263
29.599075
37.43604
37.644352
19.120855
16.223497
15.750493
30.044447
23.647856
26.132107
33.403057
37.81967
40.61977
36.21553
20.020739
26.299183
37.822433
17.7208
38.23545
21.15434
22.139639
31.69334
23.446358
38.947636
25.32658
33.020485
34.690388
32.897587
28.29512
24.596882
24.286226
28.001945
21.393679
15.07933
21.380028
20.265207
30.533575
35.458447
22.29651
20.192263
20.69533
37.246754
28.686888
22.938704
15.342599
38.467613
22.865597
26.5492
34.578003
36.82659
26.440592
39.568935
26.494293
40.456764
37.367397
21.979092
25.105944
33.45156
37.89502
18.885866
28.490337
32.033665
33.52212
22.683592
22.324442
37.655624
27.044937
40.515923
30.871944
33.58772
30.053526
17.775215
35.65748
31.620768
16.821163
29.108595
35.55873
23.396439
16.43176
37.940357
26.853836
20.574804
18.203346
15.873768
25.880592
35.558704
34.99084
26.501362
36.395744
29.81672
32.789394
18.131413
40.466614
19.981339
15.209817
16.729189
15.784104
32.84615
33.860645
17.975145
17.65514
25.145643
22.446693
33.758278
16.614372
36.57356
19.481825
33.651253
38.588974
22.880344
29.914185
29.955122
15.857135
36.087658
29.674839
23.754732
17.659863
26.867615
19.186344
39.092167
15.257483
25.956633
26.205513
20.843908
27.466253
19.10867
25.025143
39.17853
19.267204
27.53975
34.02228
39.57519
33.948456
37.075527
32.816055
34.299202
22.423885
20.285913
39.88593
38.95955
33.865192
26.775482
33.401714
40.314156
39.590973
35.495716
34.229443
16.842228
33.27568
35.454872
26.602716
29.769085
36.972855
27.523537
16.786995
35.207317
40.191246
24.168676
31.214592
27.86919
18.31904
27.896294
27.03121
33.4087
17.060564
16.942533
35.770065
37.867676
33.231472
28.325363
32.957664
20.928953
31.252573
35.75372
38.855618
26.720459
36.989063
33.088257
38.25578
25.767786
16.201143
31.05766
22.271439
26.35869
31.803514
25.75662
20.405098
39.061523
18.37555
24.086542
18.82383
22.430632
15.920438
17.747087
20.736073
21.035252
17.740799
33.646587
27.039106
36.86445
27.479923
40.671597
37.99436
39.889175
27.8719
16.640524
25.588081
37.10351
30.550533
28.963697
33.447754
23.720718
18.38613
32.04186
34.71017
39.3657
21.250832
39.757412
24.074734
16.083977
40.85734
38.547497
22.426203
25.778378
36.37251
15.495238
38.87379
38.288048
35.876404
16.635258
31.829
29.740488
39.41914
17.241835
31.83252
20.035812
27.421818
20.252857
28.240746
22.363407
29.474672
17.179949
33.595566
32.504753
39.204567
29.864944
37.526268
19.342106
22.815674
35.265175
24.370481
24.47133
36.15129
31.084707
35.35127
28.108139
31.68142
33.51607
31.11058
36.58051
18.68981
21.616644
15.674522
33.616096
15.1158905
27.91623
22.513803
29.36198
40.00109
19.737068
23.263206
19.615011
17.295717
26.404835
39.876705
27.094677
26.901701
24.038876
19.520315
28.75632
39.258156
31.932297
20.342611
38.12108
19.520826
36.667168
29.413292
37.389957
28.443161
18.0575
23.582981
24.712944
21.43589
34.77228
35.792923
25.400084
38.96358
25.063251
19.451082
20.089966
36.43087
15.406776
29.891539
29.932077
24.017601
37.066467
38.647003
28.692978
16.541355
37.59298
35.289608
30.362324
28.35742
35.09968
38.93309
28.313204
24.550394
35.7876
33.139782
38.362347
21.22831
29.640432
15.938853
35.17918
36.599236
17.470015
34.937443
19.408876
20.692028
38.565083
36.09443
17.602856
39.07697
16.080765
35.626804
32.591408
22.748732
35.003635
31.731611
22.28648
40.4532
35.036846
28.331701
20.068785
35.171387
26.072132
36.891598
25.89181
15.217733
17.05033
34.499996
36.02642
28.46679
39.95915
40.878407
18.973202
37.59141
35.476902
31.750818
21.48568
38.877205
39.343006
21.09714
29.876179
37.172115
26.920877
32.213585
31.81698
40.83675
19.616217
21.216047
36.70299
19.180017
28.82322
24.647903
36.308224
18.796535
36.893757
17.191551
33.946766
38.46613
20.259182
20.133448
27.640064
24.832647
21.281698
22.195211
32.895798
28.948235
30.672102
31.618814
15.619611
40.951023
17.38279
29.981752
15.409559
38.638226
17.769901
32.118465
32.0241
17.503294
18.515537
26.73719
23.167938
22.924969
36.310886
20.846804
19.90614
23.627653
23.623346
21.946115
24.995348
19.276695
30.005379
21.078442
33.21204
36.128815
16.350296
29.317213
17.361198
25.027025
15.259752
22.023724
35.06484
17.7111
40.260094
39.30606
39.65834
24.408665
27.989462
39.508587
19.563536
31.978775
30.674782
31.274305
26.361013
19.498856
17.227575
34.747784
18.450157
19.117619
32.109764
27.824217
22.663885
30.240622
31.75542
35.000572
28.496151
32.671864
32.7817
18.347748
22.703712
35.203884
38.48188
26.397894
31.959724
28.330511
32.165844
27.32913
21.965235
39.25052
17.797909
27.730137
28.965656
18.137129
28.079386
37.44006
23.972809
18.767391
25.63283
32.484535
33.15916
32.03715
32.267345
29.966558
33.869385
21.631449
22.438986
32.921253
40.48537
37.17679
21.96761
21.606565
25.984373
29.570953
29.831284
34.477234
39.445965
23.867569
27.43163
35.177307
34.991962
29.086857
38.108215
27.286873
33.684574
31.630596
15.877415
26.27153
32.761456
15.598459
30.380917
18.108566
28.252445
25.234592
18.851288
28.401642
39.50119
25.97734
27.536812
24.446217
15.405986
31.141766
20.475056
31.670834
40.29758
15.133678
38.764412
17.15474
28.287731
15.275575
40.555096
26.510248
38.650894
22.818995
16.865858
38.318638
25.34229
29.524473
21.029963
26.521233
39.10928
17.30939
28.083706
25.692732
24.818842
16.895655
40.733032
20.961775
17.602606
31.133333
20.668589
25.494045
31.211744
23.732908
37.946796
21.916162
22.57773
40.508083
38.91428
25.833998
29.99081
39.9126
20.725334
39.68692
36.53669
34.64876
19.886719
27.579882
21.47283
20.43189
35.46154
34.448124
40.07942
25.61421
32.573563
39.93474
19.185877
24.303202
28.67566
28.699095
25.052553
15.853617
31.680857
32.524677
22.577986
23.169048
29.501692
25.557613
21.905872
25.118021
24.803335
38.282715
32.421745
30.55124
20.848265
34.431633
30.857931
24.900768
24.194963
35.918163
27.766382
39.148567
17.710468
18.108627
38.97248
25.070929
18.866245
27.260662
37.788895
40.097004
19.609282
23.80158
25.747198
17.863789
27.234888
29.267927
32.395786
40.60649
30.635115
39.19072
22.316336
36.892464
37.056362
18.986221
37.92697
28.888384
35.072037
31.000036
35.868782
23.344671
35.860947
32.252674
32.813446
23.78759
31.07926
32.14764
21.383179
30.02878
29.623789
25.42847
16.540213
15.033511
23.406437
20.009062
37.2816
26.433128
31.89458
25.952
27.766096
22.52379
38.619328
36.832504
26.103378
30.462736
38.113365
38.00099
23.951967
15.55498
24.812418
21.845148
19.80061
25.017437
32.33908
34.05276
35.348965
37.414165
24.285023
27.089558
15.756977
34.075512
28.117393
31.631529
24.698254
29.245613
26.157465
39.529247
24.131353
37.446857
21.714352
27.032001
34.493893
23.606499
30.403875
16.462484
39.62782
33.85981
28.442467
32.308167
40.16039
32.6258
29.27818
19.78337
35.293636
22.54561
15.305757
26.31643
25.996473
28.180393
34.609844
29.129282
30.44672
17.984629
17.690323
27.10212
27.236683
28.002407
25.945919
34.45373
31.334215
36.97841
32.327023
31.418467
18.082298
22.131952
39.01598
27.063698
39.623695
29.71156
39.252792
15.667051
26.053202
26.629215
22.496492
34.660492
18.328575
18.967575
17.997206
17.048862
27.51223
37.96003
33.551174
40.423237
23.269281
16.162682
37.72079
34.214962
17.713566
31.968966
23.123934
22.674015
38.67176
17.36169
39.531715
39.20586
31.226748
27.854021
28.460932
20.16372
24.00488
24.940012
27.707369
34.96865
25.087843
36.05694
36.838314
30.517725
35.65827
21.055828
15.047408
21.240942
37.529366
27.48325
38.972237
23.880398
33.562202
33.596508
36.08485
24.09072
27.640486
15.966098
17.087639
22.297514
29.351019
25.763346
28.381739
38.901108
29.809105
40.387882
35.122467
19.875664
17.17174
22.958641
38.636
29.089169
15.297341
21.373812
33.043785
19.257702
18.739346
39.139233
20.825977
25.347757
29.802023
19.971424
25.752392
24.453285
34.740334
21.300522
34.119286
38.699524
38.351707
28.230118
35.55253
18.563581
39.18611
37.25503
16.772482
27.152096
33.39182
40.09478
29.663183
39.439217
29.817772
28.36961
34.748173
32.24354
32.40947
39.527565
36.747604
30.8105
24.16383
15.425302
38.276047
36.267128
39.94949
17.271872
24.937553
36.928993
27.352476
40.26396
38.084503
33.46448
29.373293
30.172611
40.328865
15.259522
30.279892
16.385674
33.529305
34.976196
32.21206
37.466805
19.424904
30.261642
25.236237
32.16105
19.345936
19.838936
39.465878
34.95858
21.504446
37.799652
32.590816
18.822441
40.252174
32.818108
23.700352
26.492632
21.390564
36.220207
34.63802
15.898158
35.127426
38.365204
33.292267
28.640198
21.597065
40.63661
31.205595
37.253735
24.995419
30.488787
30.675854
25.011639
27.329082
19.458797
22.126814
29.404316
35.536804
20.828272
36.94124
27.10966
32.314323
16.70817
40.178085
30.262236
35.358215
27.719519
33.636616
15.137229
39.94159
40.156216
26.583582
18.983814
21.744377
39.541306
15.125738
32.674297
20.683098
29.826088
23.688465
20.079481
28.119802
36.131752
19.352236
39.637337
25.277197
19.89615
21.902227
17.451265
15.946633
28.563744
23.36239
18.435783
29.647995
15.544552
26.513758
20.521704
36.28522
32.068447
38.437878
28.739439
30.038506
22.773922
32.47966
33.11825
38.743973
23.39593
18.190056
16.770903
29.333858
25.755217
17.787407
20.277252
38.045063
18.402008
31.46738
23.537088
30.051128
24.729797
20.494896
26.63151
28.932526
22.150324
40.42747
38.913887
25.972351
20.008802
33.04793
34.545563
34.649334
26.318768
34.625427
28.99805
16.897303
16.108866
25.977251
40.662693
30.710016
27.199265
30.469934
20.64033
25.492579
22.563253
29.57662
30.027714
38.195343
18.080025
23.898746
29.573977
23.71356
34.447475
26.663567
27.449688
37.295704
20.299294
16.625063
15.052624
20.775805
34.158447
40.02432
22.268505
34.329678
15.7596655
34.80642
24.41164
25.152456
36.486237
24.644514
37.189507
23.964384
40.19205
39.487606
21.467001
15.574201
23.517492
39.32724
20.35014
36.864216
26.958328
24.669212
17.165752
36.508366
38.409584
34.79996
26.28273
27.494425
37.68174
33.353333
35.40212
20.093681
37.57455
31.911888
39.937447
39.306232
40.49414
36.418
25.413326
35.00733
17.311893
40.023396
26.429504
25.029919
15.189115
15.671957
20.669199
31.240782
27.42927
34.188988
15.674666
32.30255
27.070023
26.941229
18.6696
28.260998
28.890186
30.235418
37.577126
15.356844
21.782087
25.539167
24.563751
36.53361
27.027727
17.336517
15.933807
21.99775
35.917534
22.971455
32.005543
22.884573
34.36337
34.186283
21.71917
29.593323
16.682858
32.22767
33.158836
28.67687
21.56998
31.371794
18.91456
36.306442
36.417305
19.510946
26.266895
36.278885
21.618044
27.047523
36.546185
32.293922
30.25161
34.757328
21.699911
17.800919
38.644157
29.51261
17.095772
28.09962
37.69603
23.796337
27.8948
34.576485
17.580896
38.792625
27.947954
37.96804
37.446793
27.504356
31.101223
28.364914
33.0871
29.827452
21.038486
26.305061
31.199987
23.802359
15.347975
17.751818
30.81762
34.366764
22.36731
40.012318
24.76194
26.849573
23.543766
15.724013
20.571608
29.174757
27.54055
27.921783
29.245182
24.28462
33.126457
30.89544
15.358424
20.645601
30.005522
25.057156
29.639057
15.865713
24.174822
27.360634
30.920193
20.431257
17.142773
33.948578
30.543997
33.361454
26.396906
36.652332
24.750095
29.183159
35.87925
33.727264
35.35859
28.043812
15.909026
23.779778
24.145445
22.009367
19.986652
34.226604
29.708433
38.634834
33.21948
25.824247
23.334625
39.748734
39.72903
20.816286
20.405918
19.05865
16.331032
22.068422
16.216928
28.663645
29.023672
32.196033
31.729908
37.85034
19.37625
15.136121
17.75439
39.6529
27.779377
21.875475
19.314463
33.573242
37.69971
29.118965
37.55465
26.586311
33.57615
18.566769
32.435616
33.096207
18.801208
23.166563
27.683914
23.862549
19.350388
15.216458
25.9853
30.08243
21.053938
37.51674
15.249098
33.791832
30.24964
36.90323
29.92145
27.541399
20.611816
37.442398
38.788174
26.905003
19.320953
38.328026
38.48338
26.795486
17.419916
19.091581
34.00783
22.79056
24.196934
16.123177
27.961481
37.7128
31.742126
37.69727
28.907473
17.561203
19.443518
25.707018
24.31029
35.557823
31.120085
33.133488
26.828636
24.551453
33.73358
32.910633
18.394018
30.311413
16.177452
36.294308
28.468885
33.347935
35.510387
31.103247
27.153582
30.811735
32.18358
20.272285
26.399248
36.75383
33.304996
29.042833
33.484203
30.56766
35.790627
18.81287
20.12425
21.789135
37.37163
15.178505
38.11266
18.596228
20.858242
23.02142
28.223627
35.328213
29.80513
36.63126
21.2632
25.13572
33.779785
31.799314
28.614742
25.47626
18.804506
17.579615
34.40125
36.585888
27.224234
39.985767
24.474815
24.286217
25.246683
40.27673
24.843912
36.526947
27.707766
40.681877
23.86199
21.917702
38.234486
24.425552
16.526386
20.168833
32.90916
20.733522
39.57433
32.83951
34.782913
35.138557
28.71329
18.082344
23.143003
38.849583
40.285767
29.177284
35.307816
38.20864
30.944021
15.563701
35.9048
40.33215
24.498133
20.807842
17.080967
33.917747
31.001186
24.484087
24.90205
30.895212
31.34824
22.301815
34.315655
25.109776
35.191147
24.975737
37.48536
16.5484
38.809177
17.316101
16.046812
35.754303
16.725788
20.80614
28.893612
33.02237
18.32479
37.537693
19.46977
38.72776
34.49451
16.79191
16.227324
22.712376
31.416487
37.780487
32.901703
22.038542
27.015587
19.1039
33.56418
25.616577
26.301373
35.33659
15.029795
39.22266
34.855865
35.81511
32.13086
39.245678
39.060814
26.18371
31.61023
18.136505
25.30794
35.542934
31.945202
26.980434
28.398474
29.150188
19.282043
18.873238
33.613815
36.537388
31.84276
40.8536
35.526875
17.639248
38.65991
26.029428
15.524166
37.066753
23.301828
15.232864
15.221594
25.01398
39.369904
31.048456
34.482197
24.452307
17.980984
16.381384
16.582102
40.244698
38.192356
22.867268
35.221233
20.603666
31.38322
23.372398
20.538324
18.920135
31.97578
31.593033
22.065039
24.406282
23.560732
38.334568
21.642017
29.224154
39.486015
38.436283
36.719982
29.81269
38.274406
30.504538
38.181965
38.97942
22.854597
39.627064
38.84807
18.989044
34.5221
31.063343
27.162123
26.359682
17.790438
38.540703
33.20993
18.368523
28.84973
26.233162
25.181715
37.372196
28.218876
32.75971
39.666805
25.963142
29.359291
30.611027
36.75638
27.711826
27.512146
17.298428
28.83062
40.78558
28.827822
27.216024
30.119417
35.088463
24.975363
31.716934
30.65118
15.732508
18.851389
39.226562
17.04222
38.629196
32.752037
25.350813
31.72956
29.781086
19.428175
32.88428
17.712885
38.456974
34.813232
23.383322
37.646763
19.85008
20.894695
33.541103
30.212172
37.047115
40.194374
16.986517
33.0967
31.17725
27.629248
37.326107
26.625765
26.463423
23.143835
21.257944
21.11252
27.564508
35.436623
35.408638
30.33199
40.07532
27.347305
23.179386
17.175463
25.342472
15.028153
32.33436
23.503977
21.857662
15.892029
16.324299
36.49513
21.405897
32.511166
24.410696
38.365387
26.874735
17.134987
39.54044
15.25039
24.171638
20.301893
40.61831
38.23872
25.050022
31.139055
39.3343
29.079891
34.810627
18.375916
17.025116
32.925312
16.82331
25.841236
32.18388
34.611282
40.60547
22.270174
36.179443
21.456032
31.796669
20.61699
35.506348
30.31817
36.78523
36.750652
39.458862
37.751797
29.970907
27.404758
22.507196
31.493942
21.688925
30.559761
24.8513
35.232914
17.674025
16.05474
32.63743
40.63142
20.609337
40.157494
33.144917
28.916359
20.78326
25.065945
29.885313
18.997488
18.16868
26.870426
38.00341
36.04002
32.34227
25.375637
17.629328
27.691744
23.577684
34.362606
17.903221
38.75298
32.175003
35.36521
15.278803
36.978188
31.62967
29.84242
26.409264
16.910908
26.597874
29.746546
28.428856
27.179064
38.78117
40.91947
31.765701
27.51562
36.831734
23.492926
20.756166
22.9199
20.170668
36.525547
31.27836
27.837849
23.215237
16.478577
32.38216
21.0148
39.92699
20.813734
16.465332
29.76233
24.82118
36.99088
23.93017
38.781055
23.618963
35.449764
21.45231
35.394207
20.577341
34.779335
20.003107
22.072147
28.197834
32.2096
25.589273
16.465897
38.493397
30.805323
40.308254
34.818195
31.284082
26.29738
33.765007
24.58338
32.0955
27.356745
15.155702
40.362904
36.15013
37.29778
40.396084
31.851072
37.670036
20.691578
18.557
21.386091
21.250563
33.176785
31.566854
17.914286
40.41816
22.874437
40.650597
21.700857
23.65137
21.245039
30.296968
19.958345
24.122673
31.97019
35.68064
37.71442
28.209816
20.497755
40.413063
24.703445
35.428764
26.258686
26.255644
31.841745
16.856482
20.24527
37.001106
29.93429
22.340221
38.63467
25.113672
34.66098
18.831028
36.44833
27.916006
37.60359
19.032673
35.856926
36.120518
23.099768
35.223278
19.672138
35.32504
33.048473
33.585373
35.810764
38.7275
22.441515
29.671137
25.073236
34.761635
37.358864
15.73316
18.447815
22.615402
28.440666
27.566957
21.3333
25.666126
40.43692
28.240114
24.567324
15.751145
28.33605
34.623867
21.953878
23.889967
18.786562
23.996464
37.102875
29.58373
16.05136
38.15367
32.826176
33.14005
40.57216
15.440333
26.078716
33.606037
33.37183
22.907831
18.4899
32.83962
24.985455
25.405891
24.89968
26.009007
15.38616
17.833153
17.995283
26.382393
29.45979
20.999437
34.13879
39.654835
30.982792
40.59368
27.782295
18.25642
20.770653
38.605007
23.486622
33.095657
33.689526
21.21041
29.491142
29.01427
16.561668
38.621075
23.026436
38.864353
38.645626
26.670343
27.118095
29.56608
34.335056
23.029865
15.499228
37.76399
35.995403
22.85648
16.430729
20.772043
19.445614
19.400902
23.722664
22.382507
23.492378
28.650293
24.056606
22.810915
34.13734
35.430305
39.82804
17.559168
27.603098
15.558244
22.159504
31.301064
34.161682
16.61742
21.479286
40.029354
40.899616
30.713913
25.117214
29.65065
22.016535
28.180334
30.738075
37.97428
18.029753
39.607307
31.114998
23.61351
20.345024
30.81186
25.73914
39.702175
27.054174
31.392897
24.068754
18.527266
17.533138
30.377527
17.83981
19.187473
35.439346
26.127949
23.79196
22.21027
18.045284
36.15715
39.407867
32.694633
38.49545
19.792725
22.820446
32.99392
24.536812
22.731543
23.911772
17.213104
22.548283
39.444107
18.809072
30.866898
19.282578
19.11593
18.47729
25.929987
15.634258
19.354198
19.914375
22.207933
18.960625
39.24165
37.57466
18.467018
17.007519
21.485472
37.07722
39.08361
23.330008
16.38764
17.000294
20.108364
19.248257
30.154041
31.61956
26.587824
22.84187
40.66336
21.817062
40.745846
31.261284
39.23259
27.069328
26.199385
28.722776
35.144653
36.417328
34.76811
16.953934
38.744556
28.627558
29.634422
17.569439
40.7641
23.372673
33.62037
34.882336
34.201077
24.191761
28.17007
26.993828
24.557495
34.23444
17.261185
38.655148
30.532345
35.349655
34.916035
21.357767
30.367933
31.949156
33.242966
26.383787
22.96485
37.257286
20.010609
37.136078
15.609112
27.052872
38.64263
37.968243
17.69611
40.815605
17.217674
31.947319
24.189392
18.308504
38.5691
25.50751
33.718468
39.059593
16.901285
37.791187
26.1982
40.95023
35.4741
18.623728
17.64348
20.173937
20.854357
29.531664
35.45631
34.19899
37.992886
24.989075
25.878494
22.049389
16.958057
18.164917
30.531597
26.213205
20.54144
22.844492
21.00694
27.793816
28.14845
26.911097
17.321777
23.138683
17.396698
18.799274
39.723946
28.112034
32.66694
30.669018
31.805752
35.42188
21.486359
20.700623
40.178795
36.96848
27.071104
23.872826
18.065098
31.050503
40.614872
15.8622
17.075802
35.446766
15.982459
24.289715
17.17723
27.885555
20.352125
25.440754
17.3852
33.220226
31.047724
34.797726
17.081871
23.748867
25.311436
26.249882
34.015553
27.547462
28.090157
17.682737
16.022308
15.430184
37.043358
31.79999
21.299274
36.20698
37.92751
20.49365
26.663086
26.277882
33.27193
32.8535
22.642849
23.28499
16.833174
26.994902
40.48561
16.537344
31.699862
24.284393
17.19325
37.2304
19.117075
23.2553
30.563305
25.1011
22.109274
39.53113
34.87219
29.091093
20.802883
21.412285
25.317822
39.83477
28.984526
16.432028
29.629696
21.345552
29.878101
24.150671
32.357903
36.14285
33.3837
26.73211
21.26866
30.243858
33.09359
23.434927
40.002453
31.938465
35.2853
30.050577
34.691807
35.072174
37.78908
29.534052
18.589363
39.681095
24.13675
35.59788
21.922775
34.254738
31.721287
28.878128
32.171677
36.646362
21.831211
27.431503
36.752754
26.707458
28.371098
35.785583
31.702646
29.091915
30.839336
29.539486
28.364338
23.35714
33.706497
19.600277
25.311228
32.483543
38.72246
17.540794
30.784084
18.240437
36.8777
15.27739
27.769617
30.445482
28.753862
40.291557
23.51539
37.096573
29.82114
29.957273
29.754347
33.59905
30.874577
37.186256
19.203209
23.867899
15.2488
40.566257
26.002531
27.953648
19.710407
39.442913
30.682215
34.022354
20.999498
19.98349
17.964811
25.014204
18.876625
20.16137
18.259926
40.11189
15.228671
39.812897
17.056581
16.26908
23.29697
16.443682
28.586403
39.4809
39.41322
36.299297
29.109016
31.222555
33.763493
35.36572
40.96203
16.538767
24.64798
28.427746
33.12152
36.63594
36.463783
16.089022
31.434984
20.510538
37.210392
23.74517
25.917114
19.141335
26.702219
22.901976
17.539953
28.079815
15.869899
23.943356
28.802336
27.892164
26.541681
18.479376
35.029617
20.837923
19.918686
28.742342
36.83323
38.4145
26.592415
29.149439
30.45052
37.953423
37.400272
21.113314
27.788979
25.323269
22.67453
38.45731
23.914848
22.975996
21.512552
27.380013
24.454725
40.067352
38.58071
17.814156
18.919704
18.188831
23.661844
40.23776
28.31518
18.367737
32.665733
15.520888
26.56542
18.423502
38.144485
15.229146
39.260536
36.512672
34.4893
23.955582
32.024487
24.751444
37.93256
27.71544
18.4063
26.173967
32.23879
27.213648
23.612656
38.966084
37.54034
33.882805
21.62856
17.90847
22.158504
39.98983
29.313772
32.26968
25.44792
37.822334
35.916267
40.00878
39.711903
32.991096
34.109905
32.078926
31.05873
17.223055
19.142118
27.867273
24.703463
36.669456
21.968351
35.36341
25.667383
32.716846
26.353558
27.51749
29.086683
19.563807
28.837042
35.430965
39.41447
16.414446
26.185484
21.516966
34.684814
28.039827
21.499949
39.573963
24.70487
15.671546
31.496248
37.835533
32.550877
40.717037
21.644032
39.49067
17.066097
36.624035
30.82845
38.91321
34.1935
37.37203
16.989307
32.895657
32.923298
16.531496
19.796137
30.551676
29.395193
34.60696
39.83357
19.233374
34.26743
18.467978
21.999977
30.803436
15.84958
29.072376
19.863363
28.908936
36.69318
20.399118
21.57191
39.522755
24.344158
29.533411
38.582756
17.950174
27.783216
29.184692
21.950914
25.742353
17.715157
27.568436
33.211456
38.51504
19.3153
34.54563
35.991386
34.540012
16.30106
23.189217
32.403866
36.15839
17.268839
26.534576
27.005753
27.559078
29.12133
20.171646
36.64062
35.272255
38.107445
20.549053
34.84282
39.846977
26.506943
16.386099
40.644165
24.613598
20.31406
40.426285
25.60347
20.175787
40.40923
20.916494
25.669945
31.333708
32.655193
16.658766
24.095251
28.508907
17.113665
32.257114
16.024778
20.423199
17.150864
31.269585
28.627413
40.777943
15.585098
22.376244
40.663956
16.986748
27.226776
21.38664
20.247955
21.633797
25.171024
29.935684
29.21864
23.26159
30.025331
36.054745
21.02427
22.33609
34.88945
30.455235
16.305117
36.793865
38.35199
15.324721
32.46891
15.444948
31.027933
37.71116
20.467493
40.686855
18.233597
17.158525
29.712076
16.479204
22.280294
39.15774
36.60535
25.335184
38.565186
30.189482
37.522358
35.205112
16.147675
24.660967
15.237967
29.559052
17.82186
24.876686
34.777313
29.719603
32.830387
36.333397
20.45664
39.552532
15.312299
18.092628
38.485424
16.99217
15.337207
17.759317
36.91669
32.560047
18.950453
36.683105
22.961031
32.029427
21.038605
27.399183
20.720692
16.695038
34.021973
28.038492
38.253773
24.326408
20.390537
35.46247
15.544501
28.814909
35.921986
32.21542
40.434082
20.76868
39.05532
38.037964
31.857655
32.86632
32.340714
26.647947
18.83637
32.649323
34.146152
32.770554
17.589684
31.614876
18.87355
30.987251
23.86137
22.964832
19.821882
30.873608
21.09391
35.173244
34.532127
26.10893
17.439276
22.654018
27.958523
26.76597
29.760298
30.24187
36.132965
27.82698
20.755192
22.943974
16.124142
35.122658
40.128914
22.4762
19.040213
38.353485
26.338495
31.467138
23.583647
25.628332
37.855553
22.894602
38.239117
21.043104
32.11763
36.313557
24.560036
34.222565
40.38111
37.740986
24.21671
24.461405
15.541927
18.682384
26.47869
34.126
23.656252
23.716198
22.626335
16.31613
36.372013
31.296679
31.421247
40.436474
28.772919
36.99224
37.212532
34.29041
39.240337
28.245584
31.515656
18.584135
22.854296
30.923426
39.972862
19.31705
25.583431
22.417929
33.48892
31.434614
31.054735
37.868435
17.03324
29.332897
23.047413
35.191326
36.109142
26.329369
23.021244
21.037466
29.213333
30.052378
40.968327
37.540813
20.743423
21.852186
31.668068
40.778416
38.75858
25.799263
25.02888
36.231148
21.758142
30.610981
26.615957
34.216244
40.215385
25.935732
38.693127
23.256725
37.98822
22.823872
33.14767
21.659534
25.926096
24.927769
21.520672
33.193306
21.001923
33.99868
32.031277
25.688335
25.120266
24.586
40.96196
39.625484
26.387741
32.494865
40.06279
35.33733
20.078802
29.520983
36.736183
26.314085
22.78995
27.256935
23.679781
16.28842
17.347555
31.352058
39.39343
29.26744
29.919363
18.508493
32.49742
26.48676
38.476902
29.708784
31.162556
30.380693
15.265892
24.69585
36.11861
35.094315
35.26391
40.56405
27.68643
31.807142
25.739437
35.470387
20.069689
37.195015
26.973595
22.937914
29.746042
22.7257
22.965683
32.998634
19.21334
23.165548
35.515903
25.511229
20.575066
24.668552
15.463379
22.389212
33.49023
18.125881
25.054918
29.188118
34.866447
18.073042
21.429634
18.525612
37.340923
23.383526
33.026897
34.146374
20.072582
27.221855
26.35982
21.093966
40.659683
36.285675
36.04368
36.41482
23.100603
23.2356
28.22862
16.094795
35.631687
19.39322
36.658016
39.516743
20.004408
39.281788
35.458817
22.627844
34.30522
34.390736
31.467428
19.218384
38.774925
40.664333
19.404333
28.239038
18.250422
34.64647
21.53312
25.921627
35.830227
34.957577
37.574146
26.618654
18.156145
38.836468
24.590502
17.739912
33.307022
29.848967
22.323584
39.93973
27.716486
36.54679
29.02792
37.79642
16.75512
24.85439
36.23962
40.62581
34.65855
23.267982
18.110132
29.783636
35.336384
21.57026
33.946674
31.837063
16.263012
22.695795
17.423094
22.323298
17.129784
17.6264
22.55952
32.463863
39.229046
38.752254
21.016619
15.165847
40.6441
34.00382
37.509842
30.916862
38.235157
16.241138
22.221485
24.768414
16.139793
23.881374
32.97303
30.502638
24.047537
25.551884
17.617544
25.290396
24.861683
37.675484
26.621735
29.673983
22.52742
35.326057
15.129376
21.545706
22.78393
37.43684
38.93278
20.94388
40.389088
21.500381
31.72609
28.950756
39.968918
34.268276
23.77399
20.752249
22.06002
23.640438
20.701801
28.007223
37.14159
32.92781
19.497454
19.074501
28.494808
25.979055
39.01337
19.358658
17.580793
28.280907
28.265856
30.060986
17.294338
15.073488
35.651943
25.960035
36.929226
18.76608
21.838398
15.49638
39.981853
26.49543
26.524868
25.39926
20.023489
34.537838
36.54286
31.368088
40.787426
25.467926
23.824574
35.909714
28.34588
28.451073
40.66038
18.332714
33.79244
18.863241
30.360909
40.112915
16.199429
30.550932
17.949562
15.369663
37.78557
22.475767
25.833578
35.030342
18.207764
37.232258
15.536349
22.410946
38.681946
33.983994
34.521194
35.403473
27.24139
22.732632
40.896378
18.236237
21.856913
38.51566
32.363518
19.861132
24.371895
25.123117
37.156265
22.422253
19.246086
28.230076
29.913433
23.973166
30.955687
31.46073
16.440432
18.635519
18.563162
23.831774
24.135273
18.729567
33.44881
17.266708
21.490025
31.057583
30.48712
40.42944
38.52598
25.484035
28.054403
33.994682
34.2805
28.23173
18.170328
24.654284
35.535744
40.901123
22.804346
36.65274
34.864407
37.120277
23.919144
30.451849
37.764595
27.945938
23.176697
34.243504
30.165995
24.661493
28.398554
23.461367
20.911608
27.455553
33.85045
34.186256
34.954113
20.61523
20.212435
36.396675
31.953207
35.331112
37.69916
38.385193
19.72005
25.98629
32.210983
26.34281
30.527151
24.889736
23.625086
17.107845
28.68685
37.814636
37.37687
39.38228
23.998798
32.415295
37.33526
27.337759
27.67662
33.621475
19.641712
20.465141
33.18615
22.447071
27.661205
24.765453
36.06249
25.300282
21.484388
16.936914
30.220304
35.84542
21.523788
17.081785
37.531666
38.74185
28.662786
22.638361
22.51782
38.17346
23.14474
16.73771
28.886272
37.9824
26.930534
15.99126
21.341604
36.43386
27.606468
37.83456
26.60841
27.163816
26.090275
23.984196
29.926836
24.69982
25.361706
24.308867
39.416103
24.0951
35.235054
24.472437
36.648556
27.679241
36.79453
19.075787
21.53664
21.704065
31.52939
25.705952
31.2074
23.75121
40.43434
32.29525
35.923878
34.168354
23.381557
18.499653
16.310112
29.513826
28.924387
35.424816
31.146086
19.01485
29.35869
22.959902
19.821373
36.382454
17.346313
20.22333
20.170887
18.976532
34.69623
16.181362
40.86348
16.277437
17.002401
16.369488
25.773848
15.895822
19.753325
27.82825
25.840492
37.940376
20.256987
19.859291
21.797287
35.463528
31.265648
21.01403
28.863358
21.917974
22.538654
24.846514
27.98589
34.082405
39.747356
40.39366
15.552618
20.752586
36.10476
20.09022
28.625624
15.644421
34.89358
23.882414
23.695225
19.418465
30.669836
25.673409
15.71261
26.510767
37.33514
32.91534
22.732061
25.542812
28.49946
18.156822
21.878424
21.483713
23.59695
24.661453
16.552698
29.450691
16.071148
40.832012
40.798454
16.059322
27.611765
38.10668
30.573977
18.57282
16.9038
22.237713
25.309849
36.75013
38.640762
34.419678
20.578955
29.255386
26.657312
28.60356
29.965607
37.766815
23.952555
16.514492
33.292805
17.510868
38.10389
18.385271
25.251408
36.84797
21.112177
19.22423
19.172205
38.748978
26.07261
19.555302
35.19172
27.526964
17.23164
35.99974
30.38479
37.026752
28.968836
18.813055
34.57174
37.625046
15.03358
32.547382
35.455242
32.8569
27.970003
28.378716
36.50175
34.259663
16.079584
22.319923
18.554554
23.113394
33.49937
22.534771
27.550447
32.15715
22.014757
29.274687
23.909052
31.073471
15.0793
40.579254
38.1738
40.558746
31.180079
29.812943
20.30573
23.134996
19.165575
31.354824
18.666006
36.50911
40.44412
24.314644
39.170467
39.248337
20.064407
35.017677
29.359085
28.816313
16.60569
31.182571
32.195663
32.601765
17.533627
30.210417
38.297726
23.472404
16.218973
36.809937
18.99391
38.59946
17.169626
29.302914
30.115896
19.82363
15.192688
19.385489
35.75418
25.671188
30.181658
22.865206
18.341784
17.279324
30.014889
40.95025
26.377188
34.952694
27.655006
31.036531
27.85768
18.848576
26.954916
18.619852
32.066402
26.375887
24.904629
31.954538
16.7413
24.29371
32.094097
40.386627
27.851337
25.207897
36.02079
37.908733
25.215158
38.18966
29.536737
17.415451
35.019638
25.578014
35.2083
24.382242
39.930515
20.678263
21.65297
19.247416
26.934555
24.031633
16.020887
21.64593
30.312508
27.2066
33.705032
18.825424
36.21434
16.650227
38.092255
35.068966
22.192982
36.03838
33.70854
16.755733
19.750168
33.776417
27.465431
38.80987
28.45761
34.827465
30.880283
38.719524
32.5391
32.883217
39.121952
34.052113
26.933855
34.0426
24.524137
26.448555
19.808683
22.626516
32.812393
39.44834
26.24635
19.53238
27.706678
39.178963
25.40974
17.619814
39.78991
17.937296
32.86623
19.01957
32.573994
18.997301
34.9539
27.970348
18.548258
36.59743
25.081009
21.813782
24.661322
17.992804
30.672445
34.115623
30.1659
26.701393
20.111546
17.53161
30.04702
23.630041
35.473057
33.9994
18.357761
25.63533
15.102675
36.11327
29.702488
33.255924
34.170956
22.12626
19.836197
20.847145
31.214048
25.92481
23.889555
21.15522
30.371088
26.533737
25.082695
30.487741
28.53776
