37.234966
15.956926
20.068544
35.97784
24.221134
16.131945
21.90932
38.06932
40.855705
29.387232
25.586975
30.808903
30.074066
38.46977
29.684805
31.458538
18.235504
18.44625
36.337303
40.289814
36.82378
40.646523
35.31244
17.766869
29.79451
33.28588
29.371994
17.705744
36.080357
27.707525
35.26962
30.95779
26.790514
18.852383
40.67792
29.987122
18.978777
15.0420265
28.580061
16.346785
36.50492
37.451508
33.21795
30.505604
17.47703
29.752357
25.5583
20.737467
31.037716
21.322044
21.419401
16.857002
19.845203
23.144766
29.895649
31.470446
18.500477
40.06933
17.523497
26.10771
16.384716
32.443527
30.75163
38.11145
17.896564
20.310337
21.70981
24.481186
21.916689
26.329865
22.014973
39.00531
27.477468
19.38186
24.409819
40.961067
32.07856
19.407297
20.398235
33.42235
24.86444
29.463367
21.723602
16.787476
32.967987
33.1949
34.53009
20.523746
17.724436
36.966095
25.35375
19.323063
34.173096
33.75011
21.70936
32.8724
40.289433
28.539936
28.970537
19.265383
23.72815
34.522602
31.484879
30.715935
23.508213
31.549704
29.422457
22.682133
36.03369
39.54081
39.725178
35.768345
19.119646
23.372293
25.706125
29.845827
36.280235
28.53264
23.342154
31.716837
16.436535
18.366346
29.109676
27.344494
33.414543
36.081966
26.33268
23.18049
27.129112
23.865961
20.443659
18.444902
34.18759
19.422443
26.302319
27.347229
27.797215
31.050001
30.77353
25.184946
29.323242
21.970219
15.135117
39.01573
32.62023
31.0386
34.567795
28.171696
27.346712
28.197094
37.973602
16.268782
28.873873
27.06838
26.675875
24.561712
28.111898
29.94571
19.173008
18.504677
34.6028
20.097971
37.049713
27.200174
16.56662
24.788294
16.393831
37.053215
24.238235
29.695406
25.623257
16.395369
37.79483
37.53058
16.496717
27.102842
20.449566
36.55892
22.263813
18.30514
30.874863
28.462381
31.40381
32.165524
33.019005
25.522745
25.209381
22.411821
15.592809
26.456503
36.59058
38.80589
26.0284
28.399454
35.906
29.062243
36.550022
25.517408
29.372208
37.86124
23.147257
20.510405
16.659182
30.549355
29.703882
21.881325
22.648598
20.878935
25.310978
25.255869
32.01351
21.712048
16.880825
29.269293
30.272053
36.997784
19.578459
33.576393
35.274433
38.529724
26.300741
20.394716
28.701706
25.99993
26.458055
27.656948
16.08633
21.688177
27.651787
35.32702
16.10876
33.759865
35.49099
40.72545
35.48093
36.59334
20.754662
27.812922
36.596584
18.817083
23.381292
35.297203
19.31013
35.80951
33.355442
15.15692
17.69975
25.298948
21.461267
38.71682
19.47724
20.398499
24.086002
37.762558
29.826052
21.920364
23.781647
19.349197
20.880808
33.136444
31.131117
38.935993
22.805593
39.286774
27.615402
33.271107
16.484987
21.084656
29.641272
16.05348
25.21099
22.227064
36.664333
33.814938
39.430573
27.491219
33.430283
20.694304
30.612751
16.382957
19.757458
16.816195
29.600744
35.4998
20.99675
33.84071
23.433886
40.78141
32.330322
36.91629
16.555588
40.642307
26.408451
34.74645
31.567858
18.616638
38.47422
26.772198
15.249447
25.59188
40.08868
16.575422
21.423868
40.96826
17.844442
33.524513
25.445185
37.152863
21.043655
20.412067
29.563581
22.682198
38.216583
37.37552
38.23939
25.964254
16.570013
31.74499
21.59336
26.140835
32.980003
31.628796
37.612637
25.893225
27.981474
32.025425
15.476029
39.149033
17.357454
36.04193
17.41879
34.595264
21.393728
36.402107
24.926277
27.662539
27.640003
33.84391
40.7275
29.217506
21.106627
33.234062
35.05373
24.585394
36.226242
37.26875
36.93389
37.721825
21.622704
33.48296
20.91777
22.362831
23.754902
24.9569
26.549511
36.804222
32.841133
28.5865
26.158167
15.596303
32.11991
21.07605
40.08865
25.887104
33.466152
25.914474
39.36556
26.40715
28.656944
20.51282
17.964033
35.16099
30.16903
25.40901
36.355892
29.7755
16.290579
16.986954
36.805984
40.152237
36.54263
15.510599
17.012815
40.580925
24.931046
33.439564
18.119106
21.793299
26.387655
20.971443
27.862177
32.57148
15.909704
34.546974
31.690569
27.472137
26.369595
33.65769
38.0426
15.987615
23.74226
23.711746
24.664015
17.03732
25.585487
27.942133
36.83625
35.06758
34.008812
35.382435
23.69321
38.235344
36.079525
34.78892
25.423872
35.16085
38.63978
26.053642
18.089443
34.55681
20.846561
21.131847
24.028082
23.676146
40.396786
37.797935
38.376774
24.967936
36.36262
29.647781
40.109077
19.59061
18.837528
26.681185
15.169182
23.504045
33.181423
26.526808
27.77674
20.746721
32.55374
28.91289
23.783672
35.201523
38.636044
29.340626
31.083258
16.66346
40.97129
18.083042
18.50341
29.344854
22.184683
27.610777
34.36029
29.088348
23.50144
35.337124
38.904934
31.505285
24.439735
21.178282
37.26476
39.016872
18.332422
36.84074
31.163527
40.34767
19.419085
39.9762
20.697304
29.405895
21.650276
27.385534
19.750803
27.682077
26.05879
15.306736
22.257494
15.307591
32.578117
15.487854
19.43855
26.736687
29.526178
29.22441
26.399857
17.65047
15.62282
33.831818
20.022932
34.128593
33.3724
19.126865
30.954746
21.394073
26.91823
33.40827
18.683077
29.509035
24.06354
23.154902
34.17817
17.283875
29.053934
38.201252
29.388124
33.359608
25.929337
30.503242
30.994574
24.932976
17.778673
17.773493
31.266811
25.916075
15.068544
15.243664
35.59674
27.457138
24.367445
33.60254
32.35363
24.696264
39.25004
36.761997
24.06674
40.38972
31.941368
25.519033
15.625647
26.608696
39.348717
36.410576
35.182102
24.103106
32.52937
15.098733
34.744022
21.118423
18.355225
32.477737
24.07123
31.463121
16.160757
27.359842
31.41432
27.446716
40.49864
18.07586
31.88209
26.943096
27.777727
26.617188
18.779629
37.281097
17.521076
17.049559
19.128315
15.924051
18.256893
38.844822
33.760612
36.972332
25.643406
31.505602
16.876696
37.40761
28.328884
15.398618
21.756512
29.694914
31.260998
37.066067
34.440193
21.868206
28.68507
39.450394
31.621143
36.54762
15.908685
32.44634
26.74049
16.471113
20.060488
26.985176
39.328037
36.070675
15.533926
26.45951
23.004177
38.382908
15.582029
30.713114
25.23868
16.156126
37.61728
34.048702
30.956598
19.400873
28.170944
25.747631
26.387989
32.827953
34.179203
29.448952
39.17746
25.627968
36.28873
38.401382
21.70106
20.868494
37.212303
19.080124
30.782236
32.41986
37.815468
29.951576
34.555244
17.76776
23.578022
39.27251
32.093437
23.330639
22.349669
19.726194
37.601635
38.972164
18.906898
20.426601
18.465816
18.283726
36.718693
28.362726
31.260017
18.90928
20.541416
37.70865
25.929573
32.69459
30.988783
26.590942
23.801315
30.76514
28.060513
18.883541
17.815603
27.771809
36.76384
29.39126
37.43167
16.490671
34.42483
40.386566
24.02687
22.722994
40.061897
39.880314
37.29213
33.013813
19.281746
35.235645
37.119957
26.092247
35.558464
21.77523
24.788074
25.133904
18.46925
30.885586
39.860863
21.95561
27.485735
33.788223
23.1624
40.07485
38.257755
39.625877
25.419104
19.201117
34.976738
15.80304
27.726545
37.173695
31.368872
30.623674
33.864185
22.620005
36.14351
23.184822
25.663431
38.681126
28.310225
29.213465
27.128504
25.03565
25.678316
22.074974
40.816334
22.150475
30.065374
31.534986
29.100727
22.19678
29.267048
29.022558
35.377804
27.391773
28.677902
27.121006
28.013756
32.661522
28.60376
32.803806
26.892673
21.467451
34.768723
38.536465
28.791292
33.39888
17.295513
26.78131
31.489195
33.70622
23.525684
15.670596
25.51708
40.33417
24.44652
18.654444
22.752413
39.211693
29.204535
26.783535
34.690895
23.564981
27.210663
20.95258
24.15379
37.842342
26.68028
24.909042
24.435352
29.474232
18.101486
32.12267
17.451187
28.139309
25.08804
34.714832
23.317556
30.466902
31.34867
24.562746
31.973232
24.178669
25.09243
25.422134
22.94971
17.556967
17.090094
40.45291
32.20216
35.824684
17.824558
15.886004
23.032694
25.531113
30.688524
34.73538
33.569157
17.360634
28.025682
28.437973
28.00672
20.915817
40.961998
21.095106
24.876328
29.97376
28.43658
34.59258
18.973076
31.474298
19.616982
17.292624
36.25927
38.070908
26.971743
16.21937
35.051094
18.459986
18.673313
20.700588
22.104397
39.901405
36.71738
38.28189
36.834312
39.352974
27.17008
17.395638
40.835003
17.463778
35.29238
27.7453
37.10999
33.306095
28.941397
34.65709
23.9802
29.172817
26.611212
25.754066
28.505945
24.027159
39.75122
19.224096
19.440722
21.263605
38.587894
22.681427
24.228863
33.323887
38.576225
32.16275
32.365704
32.40902
26.820053
26.152073
40.558067
19.038149
26.32581
35.694763
23.554497
16.527332
24.792149
30.639683
38.25887
27.596027
35.788307
35.839237
33.797546
23.256397
29.636925
31.740839
28.57952
29.900303
27.092453
25.21912
19.070446
26.071062
28.994162
26.72691
35.995853
33.791912
25.473167
34.883892
27.995174
20.520302
35.005764
27.47543
32.36766
32.806923
32.630733
38.50005
33.482635
33.560688
23.986269
40.382576
15.670886
33.455605
29.472403
30.760954
36.97051
29.462723
24.807854
26.35828
22.969675
19.750185
30.525534
36.3676
30.170525
16.266605
33.53884
16.505537
29.792366
32.20778
26.811281
20.431856
29.739187
39.26402
36.374844
19.585499
32.575466
25.055141
24.46793
15.65379
16.786013
40.482456
39.401558
39.869873
19.339682
29.86175
28.912922
34.12456
35.63338
37.648705
36.22829
36.48224
34.262085
16.327778
38.83264
40.10651
36.742012
16.607971
33.031265
25.829788
28.30844
17.453571
16.789026
32.641983
17.21616
29.675318
23.0458
15.227112
26.58977
26.817127
17.732052
33.342445
30.802595
36.895847
17.046371
34.31355
31.607254
40.186188
39.207176
15.209453
35.79741
21.69033
34.8537
17.365685
24.049479
22.191467
21.546783
22.839071
23.774715
34.862705
21.407824
24.106535
39.306107
27.287638
16.834698
38.86125
20.551332
35.44613
21.44631
19.11303
18.362055
34.728554
31.93284
15.965756
25.30147
27.364082
17.32663
22.423292
22.23624
25.783352
19.359076
32.36622
38.23551
35.383068
37.03174
20.445335
27.628904
31.919939
28.305313
15.053853
21.75695
16.333538
27.897966
20.768696
35.94166
19.182472
40.584946
15.692407
36.51152
16.075554
38.10426
16.98059
38.334263
26.489342
36.798645
28.505913
20.242624
31.185762
32.461826
26.088152
35.982166
20.078272
38.507633
36.010803
35.86709
28.842241
27.543262
29.64831
35.199005
24.825073
34.70345
38.943935
27.685312
38.883793
15.690234
20.206865
21.58794
33.66261
19.36328
15.238118
29.139877
30.52024
37.93874
23.148346
27.886045
34.82655
35.37993
19.396677
30.036703
20.670273
18.401043
22.558178
26.665728
35.154465
22.655493
16.118631
17.642756
35.40343
19.143353
38.198753
35.55727
16.164831
28.64779
36.526043
36.57444
20.46277
21.098263
35.20096
23.15656
26.142517
20.158602
29.845106
40.89068
37.344795
33.051067
30.572706
16.282053
19.957266
23.6528
37.892525
20.304777
21.913172
37.238976
39.12606
35.745045
26.841814
27.897436
26.21876
30.929123
27.022856
40.602325
27.924496
40.297318
36.85615
25.209826
38.259697
27.466782
31.13113
39.226807
28.85185
38.920208
17.264479
28.103703
19.348295
24.264067
39.37215
22.01581
19.404575
18.11918
34.551495
34.622513
15.937791
27.138115
40.071575
16.13194
20.308775
39.38793
22.304483
26.148897
31.888006
16.39356
36.177776
27.246746
33.063675
36.50614
15.687828
35.979454
26.16633
33.94236
39.586292
20.137743
19.013021
18.834898
15.736497
21.453793
22.81494
17.940826
26.833986
39.67179
24.04599
15.273845
31.195059
32.926987
24.53581
22.857933
17.139553
32.71389
39.529213
36.044163
20.128784
35.374485
25.745104
39.38896
24.266872
30.00045
28.571398
23.961395
32.03342
18.918503
37.44846
39.128536
30.187822
27.516102
33.222187
33.36223
25.670172
27.065008
16.788776
17.417152
31.021088
31.413105
24.706774
23.349245
40.352467
23.940336
16.618055
22.275183
30.223518
35.01243
23.297829
36.517735
26.911077
22.316496
18.944832
33.83851
16.510641
40.925552
32.926353
32.828644
29.06413
16.714235
40.608803
33.20978
22.482832
39.836075
18.132956
32.791664
34.4186
26.37293
40.034164
34.13941
28.433756
19.980146
27.461159
34.62263
16.829834
39.37636
18.413275
39.450294
28.317617
35.864834
27.894285
34.539146
22.345667
19.723429
39.172157
20.620441
35.351784
33.26347
35.43748
17.858631
27.46169
15.632878
26.069426
25.437435
19.23135
18.027029
15.446451
29.062794
32.914257
23.871105
38.780216
31.138895
33.432194
18.750607
20.804443
19.492567
30.737743
25.392084
15.316645
24.952955
17.579123
27.834068
28.549086
35.837635
34.81268
16.078499
31.136377
20.452818
40.355606
33.975933
34.0506
19.08456
33.631268
18.873125
25.290892
36.639473
38.931732
31.639524
32.342964
24.087585
16.506899
18.08955
30.464952
21.166624
15.3869
29.530504
16.70962
38.426197
22.954159
23.191254
26.258892
17.621878
19.103817
34.624794
27.125216
15.713475
15.465963
33.828156
23.565264
25.278286
30.61039
20.785995
27.655033
17.019337
32.414345
22.41966
32.391388
20.23028
24.846045
27.511328
22.41359
22.57267
18.301445
31.073275
39.979427
15.328068
30.329048
20.845194
20.184023
22.40651
35.087303
18.127865
28.575455
16.824553
33.20139
38.999393
36.29979
39.11022
30.820982
32.1106
16.699196
28.14884
23.627802
33.719067
40.890285
28.35285
38.301605
23.39667
36.26588
23.720402
20.525448
20.933434
29.091871
25.3416
18.995865
40.360798
16.411879
30.21794
21.10089
16.730383
31.325966
27.87961
29.938553
29.309673
19.375607
17.217028
36.17083
21.193972
18.245687
23.186985
19.842693
23.984299
32.285305
33.6106
40.743275
33.143906
25.452644
26.149233
23.145842
34.921356
33.20524
18.726324
39.8356
33.316074
23.58543
29.157112
19.219084
21.46266
16.29187
23.554949
40.006138
36.023148
27.881386
30.20198
30.46533
23.701715
31.411604
24.003664
35.57581
29.834389
37.813194
26.390694
25.533453
18.156494
40.07162
22.58856
21.016405
24.313662
27.901854
22.54413
32.37483
29.457466
20.01539
23.480228
21.48204
36.354736
35.307625
33.043392
40.36886
22.839943
29.334427
18.316574
35.960365
38.152946
32.30048
35.58774
31.243992
18.729816
25.44783
22.696909
28.020077
25.352268
32.211636
24.028358
17.020893
19.211733
20.801199
27.771372
27.631332
32.406864
25.967726
27.941961
21.704227
18.668787
19.636457
23.839764
24.035576
32.696182
28.809174
25.108343
27.949669
39.38278
18.684175
25.373825
38.141384
31.432646
29.294352
17.555925
20.432716
35.38411
23.129927
33.377052
15.422852
15.90101
29.19104
28.339346
30.145824
34.340366
35.706272
33.496098
18.797142
32.068455
31.356806
16.713186
38.35046
35.772675
35.261894
30.79781
37.457684
39.104458
21.209805
27.865856
21.410625
22.388872
19.659487
24.626009
34.139645
31.849516
19.891638
15.877738
34.2344
31.822554
38.353947
15.452004
27.79421
17.771809
33.72375
33.067635
28.550116
34.567078
16.502386
38.132977
15.148248
39.450798
17.058996
29.391575
18.743618
20.39357
36.957626
40.492245
35.125885
24.126905
24.129896
20.058067
18.483335
26.042013
36.99662
30.635494
36.608624
28.356268
29.99517
34.02383
35.859554
25.474447
15.135479
38.91705
22.510479
22.30967
25.186083
16.534082
31.264593
26.479391
29.882545
18.9702
39.644787
28.7547
33.15421
21.371466
34.740345
21.916508
32.781197
26.715702
32.359158
34.260197
18.122114
20.977627
28.019812
22.39059
26.593859
34.76248
26.415215
32.662056
21.438597
21.111547
34.989174
39.643944
31.978806
20.114622
24.08962
21.329424
39.039967
29.2087
38.79693
26.456194
28.511347
33.598667
37.973007
37.270416
17.118994
30.105042
26.336718
19.340635
16.400913
17.925352
21.443304
40.616333
37.603054
25.289965
25.330357
34.82611
39.75565
31.799765
32.29012
31.523493
17.543034
16.352219
31.737644
30.613562
18.746035
35.994064
36.466633
39.031742
21.014572
27.782906
17.719524
15.396244
24.519123
15.796759
39.44566
16.918676
26.63319
36.799583
34.881157
33.632732
25.214966
24.752653
17.156359
26.088655
28.284882
22.355558
18.021452
18.061718
35.93675
27.107492
34.978237
23.535677
27.173704
39.9984
19.115635
29.247715
26.026234
20.87139
39.768932
40.41916
25.78797
27.741798
21.757416
29.94669
35.49609
19.915089
38.40239
30.291698
36.886566
16.614748
26.787304
38.580715
22.97059
26.013124
30.793968
27.017885
23.106974
22.052195
40.333652
30.610697
39.986355
24.247946
33.889057
36.423195
27.296574
16.79116
17.992985
29.096214
33.00459
15.689065
19.591745
28.212069
32.16876
28.436422
33.37615
26.231586
36.986473
29.76129
38.11013
37.194195
30.385448
21.359821
35.74691
34.14717
22.8832
39.21611
24.69479
25.358112
38.66756
35.09724
23.979473
23.765
19.892262
19.120295
16.247047
20.83115
30.035
17.907326
40.561584
36.99779
21.831522
33.775757
28.773504
16.264767
24.777706
22.656027
19.86968
36.08041
25.482656
33.984764
23.16348
25.684399
15.259376
34.690994
25.442732
22.322851
35.25552
15.574546
29.265875
29.342829
30.155363
33.869896
39.48128
27.073753
31.024988
26.595366
36.742046
36.616158
26.22636
15.40676
34.298283
26.183601
32.491856
37.106106
21.671232
35.481445
30.229395
38.70034
21.948265
17.756577
35.919334
29.96145
16.385113
19.61508
24.067734
15.808619
18.76143
15.480205
21.596745
27.514719
32.508068
30.650936
34.781235
23.733479
24.009192
28.321789
28.881924
35.650406
17.679653
29.637384
39.478706
33.17963
40.427765
25.88076
16.173931
23.06049
32.935932
16.232218
29.81386
32.95183
40.826344
25.185951
35.667625
34.178596
38.226154
40.67455
15.106399
27.654488
25.506443
25.226883
37.24166
20.686043
32.04138
20.072762
35.709805
16.857677
35.718945
16.008139
26.331465
23.003853
23.631617
31.04755
30.727398
18.393663
20.885447
35.415844
33.138767
39.6848
24.787989
15.269134
34.678234
22.947973
35.810436
19.685366
33.029236
21.119524
20.666578
24.927689
40.21437
33.60909
28.610888
31.759268
16.469795
40.470818
15.630413
35.67608
40.49111
38.540817
20.589815
28.324568
23.35716
25.2501
22.586231
25.083948
17.291742
31.44142
29.780373
22.818405
15.089191
25.450186
26.792545
33.142193
37.508377
18.95351
32.387035
26.191143
36.2306
24.648384
39.615593
31.856953
29.080425
38.688866
28.85045
37.715965
32.12456
22.993992
26.209707
35.472122
35.992252
36.032135
27.762486
26.634075
21.30185
35.49425
17.598722
31.359453
16.431635
26.387556
27.358095
33.9245
28.038982
19.512838
22.134905
20.115358
22.710533
40.03273
28.810495
35.9876
18.916994
37.894936
33.812035
17.903399
22.049742
29.243502
18.056274
24.53135
15.732388
34.63294
25.409164
36.58159
27.829018
27.854027
15.376946
35.44943
17.611805
36.486904
28.941637
37.65355
21.404205
27.91609
38.463566
21.980183
21.682007
40.47375
22.395912
18.58258
35.092953
32.62172
39.190914
19.935566
22.146717
23.6393
24.224762
32.507687
19.430557
23.153168
36.82785
19.289053
30.12187
24.027212
23.579426
26.900677
34.29754
25.624334
26.910387
28.911655
33.080868
40.258907
30.75524
17.20334
36.020454
28.777666
31.504042
21.74505
27.261372
23.638485
18.82735
25.983805
21.047544
29.600634
39.08204
26.200909
28.885197
35.196735
27.953043
30.651114
19.300795
22.5258
30.74591
38.075497
28.542904
22.588316
34.317265
39.267086
34.80592
40.378597
36.01508
31.768585
15.594598
30.256119
24.197897
30.494556
37.70189
23.736824
37.911953
18.09573
23.938549
24.776926
18.12733
20.22099
40.23152
29.865961
21.569143
24.48304
26.999151
31.802402
30.626942
29.896606
35.81471
24.894356
25.085318
35.83341
36.285828
39.50947
35.49098
24.126041
28.80588
17.392323
31.856274
18.85334
36.374405
39.974182
39.09647
21.552586
25.037178
24.019258
18.107811
29.129414
19.662529
40.383068
32.715683
17.57412
15.749027
40.402798
33.85693
16.74343
26.75072
38.496117
17.307713
39.92976
20.009537
40.914085
20.02795
18.715317
26.80057
15.27538
40.765774
40.696297
23.224398
37.503254
32.950092
29.06287
24.72169
30.09329
38.096706
36.733475
19.838774
26.259094
19.96309
39.76737
34.538956
16.434763
25.509338
33.11723
36.832783
20.857096
38.35741
24.43413
32.791607
26.507135
35.888195
24.599838
21.112116
40.559803
22.375605
32.937096
38.315773
15.671987
21.629162
38.636158
26.395355
30.933626
29.501415
25.836454
29.261995
32.11294
35.313633
34.01496
23.69957
39.94614
31.763128
19.85844
38.69927
19.653496
17.197739
21.634413
18.025736
16.607944
40.2778
30.226284
22.657219
34.1389
32.993202
26.460793
16.345545
35.82313
31.762875
30.131458
36.957954
16.296251
17.916353
36.209515
22.491165
17.612444
36.241768
24.134232
17.689135
38.486725
39.481937
36.78747
33.049526
17.373165
23.67
26.782593
26.669838
25.26414
18.01821
33.035835
40.862686
38.339832
39.708416
30.238644
35.760815
34.153828
34.379898
37.812283
33.235817
39.909798
33.370045
25.201488
20.370636
31.565914
20.835636
18.951817
30.454428
15.997742
21.767218
15.915698
21.009338
29.257063
29.606375
34.145145
34.712326
24.083157
21.685425
28.554401
20.24112
23.254736
18.031353
36.273754
26.051933
26.1149
16.210548
40.766087
34.887634
15.658045
19.83821
34.240685
18.418457
32.93687
23.13599
26.67414
23.833479
16.229254
18.493782
26.836132
39.429558
36.39885
26.376266
32.11824
24.285395
31.189995
15.112138
17.676853
33.962006
25.816591
32.113647
19.426586
25.836777
27.136251
35.896446
35.758537
36.15692
27.94523
23.904377
33.50813
34.189045
20.486187
38.59121
40.66012
24.94517
38.130047
39.47105
25.553768
28.881441
33.374863
21.921421
39.939133
28.694435
28.798653
26.407734
29.135635
19.880789
27.409931
24.495264
24.757208
37.07959
19.958694
24.524336
37.99351
24.382837
37.202343
18.146832
38.274677
38.777874
20.865091
33.05684
33.297447
25.676687
30.086138
19.195492
21.853441
16.090471
22.520903
19.469938
16.675632
34.4239
38.941402
19.598446
26.607126
20.092037
19.175873
39.07865
15.796578
15.203842
29.534426
22.47302
32.33758
40.40975
17.486715
25.21546
35.794712
19.676823
36.28912
30.965298
26.396795
40.23344
24.50321
38.16953
40.328384
16.216602
40.90381
27.941591
39.51329
39.658344
38.14417
25.62461
26.55942
30.36381
36.727383
16.479393
24.122065
32.96209
18.327314
25.822157
30.843195
20.951857
26.308937
15.634293
39.23712
25.917435
31.417181
35.176197
38.418404
15.256895
18.034927
16.459476
16.405676
17.742323
39.155045
16.566597
36.88547
19.023382
16.267902
39.75435
25.783083
18.788857
31.734991
37.037186
17.762754
29.716825
31.900913
27.518843
17.867561
19.572695
15.190146
36.125374
22.909554
19.855253
16.741602
34.589977
24.933765
15.244501
19.753172
32.549812
27.105007
23.770994
21.640085
23.437237
18.704268
40.10494
16.355038
23.482626
26.571945
25.654312
26.774673
27.593311
31.298029
17.264822
24.926197
33.132797
33.734726
29.230457
17.009476
25.696796
34.994907
15.051982
28.66416
19.867317
23.000181
19.921711
23.737988
18.623373
18.855257
26.266375
16.93158
33.596558
34.85065
30.845984
17.12668
28.682068
30.733707
30.885038
17.948893
33.650524
28.038254
36.503506
33.1727
32.353127
37.726162
17.318436
40.945564
31.872526
38.16939
28.503202
16.489693
26.544079
36.58909
33.819744
35.934032
36.156773
37.468586
36.180313
36.235867
18.84057
20.170164
36.148678
37.770382
30.156542
15.010698
17.456781
31.098309
24.728477
36.38933
32.091366
17.665833
23.389431
23.210588
19.796041
39.747643
31.263926
36.809334
15.937905
37.813084
30.466259
20.859293
29.603693
33.677086
23.167728
24.334793
24.519077
37.291603
26.670193
25.495764
26.925678
35.83999
17.820843
28.078888
28.903866
39.9159
37.612656
28.403254
40.795513
18.99986
36.137375
37.93669
32.359283
21.19087
33.192585
16.019382
33.082123
20.207016
20.79172
37.90425
23.674103
30.03822
30.585592
32.048977
17.189827
30.315847
31.776375
23.682442
39.448025
23.458118
37.489582
39.068718
18.46211
29.95683
15.767036
26.604685
23.447886
22.790066
19.353432
20.912685
35.640644
29.877275
38.27147
16.427572
35.632423
36.73707
28.815235
19.62784
39.23119
32.064957
28.038788
30.023476
17.9472
34.81719
18.076723
15.288513
23.12792
16.568605
39.70565
21.514189
20.491217
27.406528
31.440397
31.458979
28.347738
39.429363
19.15596
27.884682
30.1568
29.03769
25.735949
23.593142
38.22612
39.637302
38.570652
28.616007
32.344322
26.117813
28.86251
24.160442
40.926083
25.526981
24.644072
28.37645
32.853313
24.730215
27.173336
36.787003
15.611839
17.52618
37.943558
40.309948
33.551506
26.68372
18.92943
36.201107
21.138649
40.671844
35.888783
17.960886
39.92343
22.473724
27.548721
21.272055
26.61051
24.807285
34.327396
24.37429
29.100065
18.31907
30.877335
22.931465
39.65718
22.874754
29.183558
23.410503
21.471134
16.938797
29.209496
27.266098
28.782143
20.21737
34.15588
36.8134
15.481616
34.232807
39.282696
40.571228
26.633034
18.30454
24.94141
39.07121
19.714006
32.530533
15.97459
35.653675
27.546148
16.794907
28.962141
34.608997
32.85792
21.571661
21.928295
19.173504
27.216526
18.350855
34.070675
40.35188
36.668583
38.882977
35.83254
24.313517
38.845222
31.11869
20.211565
15.198017
21.515778
39.715378
18.583328
21.56553
30.615332
24.288534
34.51489
18.440475
18.624796
19.205149
31.053608
32.92257
21.848276
32.64797
28.79868
27.676998
15.610989
19.923517
21.697548
39.265976
35.69198
40.54354
16.956686
23.24674
28.409443
22.478601
26.715965
31.236559
28.69245
36.164165
24.208105
16.733068
37.20137
35.333782
24.00948
40.37879
28.100363
35.56046
34.685795
19.571442
20.438755
30.506554
40.64594
19.847147
38.264175
38.314148
20.339561
32.301468
15.568839
28.311954
28.068703
22.46364
37.961357
39.271526
36.63107
37.50219
37.559998
16.814592
39.77232
38.415623
33.019306
19.255072
38.996944
37.949646
30.83056
22.153368
30.67219
31.382883
31.077475
26.16728
16.556612
32.03581
36.68216
28.402927
33.89474
16.383171
19.842314
22.40077
32.04147
32.987915
36.83915
24.135937
21.21471
29.12512
36.686577
38.96872
23.421925
36.927284
32.19568
17.35021
33.866096
25.157715
33.944534
39.269722
35.208862
33.306675
38.37195
22.924774
32.953297
39.605305
30.754679
19.90106
19.906143
27.765247
24.181253
33.268925
17.189058
34.77728
34.801487
24.434568
20.590626
27.940186
33.60935
15.32834
26.185764
39.441414
29.807781
38.569023
18.096342
27.274052
36.4077
35.61232
18.026619
20.049974
19.129265
27.573215
32.77936
28.356924
20.902199
23.406181
32.34331
22.70768
18.302795
19.43372
37.339878
23.842394
17.118883
40.83293
16.626719
39.17049
25.89996
39.621456
23.678162
15.4764805
30.828253
36.928215
25.997175
18.6644
34.5375
21.891071
27.260818
28.278505
31.609703
19.39265
31.160934
37.813187
20.396175
34.027214
22.974056
31.413033
40.537693
24.185583
31.779327
23.464281
38.09959
19.951803
28.940407
21.791891
31.591146
23.624348
34.977215
15.70173
34.304596
34.10629
33.275528
38.945377
17.387712
24.153063
37.217278
40.835373
39.854774
26.523008
15.261626
16.20166
20.344398
39.445076
24.266705
22.655293
28.848616
37.499706
26.914078
29.713518
26.866161
21.003048
36.482887
36.740547
39.473923
29.29125
21.41779
31.371384
28.664022
16.920828
15.144602
23.111334
39.960022
18.732622
31.409876
30.141836
27.804253
29.971088
36.055305
29.01355
17.499308
37.207256
32.585217
28.870548
18.590199
40.68286
35.1451
32.12491
20.489756
22.87477
30.601448
18.088795
17.878328
17.572989
35.297897
38.9716
20.949873
16.572153
31.75996
22.862545
39.93002
29.19557
18.130383
15.844577
16.457735
25.302492
32.43945
23.22323
22.400703
33.173473
20.9493
22.004574
17.4656
15.725274
38.758606
17.219236
28.567867
15.875944
31.613682
37.464844
40.34172
38.562332
30.444479
34.12719
17.399548
18.90642
40.5285
24.140741
24.990894
23.333527
23.383114
15.862084
39.56482
37.064568
17.4964
37.655186
18.405275
37.336174
27.828976
37.125343
33.987854
38.94664
29.653988
31.589052
35.99709
15.282326
17.749762
15.329836
18.047153
29.848196
21.2193
16.465614
33.064747
26.507954
33.28316
17.840954
15.02145
31.13324
30.276976
20.258001
35.24395
21.16808
24.782099
18.572773
30.883898
38.733883
38.327736
31.70884
15.295348
31.331942
15.4250555
16.4784
35.046085
29.944523
32.82867
36.251053
20.080296
15.392248
21.868008
30.973526
36.15344
16.174679
37.450977
26.818954
18.076292
22.702572
36.914555
15.832282
38.533577
15.824478
27.281626
34.338627
36.28365
35.856964
20.680801
25.59445
35.399197
35.9469
16.695581
21.18671
17.87497
24.525845
35.231556
39.02307
19.407017
27.860817
16.125124
33.406635
34.438965
23.262213
40.1644
20.651562
23.674374
22.378925
28.452812
25.971342
37.17021
26.192284
17.118177
27.959332
30.855032
32.81457
28.254667
29.881605
27.856403
18.004564
31.682543
22.215042
36.37574
22.431606
29.620152
36.38896
29.014608
25.151464
29.685
35.5265
38.435135
31.501265
16.775482
20.132349
19.028194
25.677494
29.332113
27.136297
19.866516
19.630192
38.236855
35.477505
30.63588
30.5881
25.181402
16.502232
19.466103
25.52363
17.720125
40.848186
19.62454
32.173237
18.420467
21.201582
32.888283
30.847853
37.53356
22.338263
27.077322
15.199688
22.42995
36.198307
35.709446
39.355907
36.68013
32.393764
21.028591
25.386232
29.106861
37.512196
37.76198
30.940735
30.396
25.853943
31.877321
36.07572
31.92484
25.829096
32.339924
28.779696
40.351723
32.140392
32.410473
36.5181
26.207933
28.091219
22.377949
30.234612
23.242718
38.883316
33.787903
17.678465
17.594416
33.606606
26.205116
26.671358
39.995598
34.773983
17.3404
31.984205
24.16725
29.716845
23.97506
31.863066
30.316895
15.932434
30.53238
15.925291
38.227737
22.562054
20.374096
19.141012
19.810762
26.579529
27.940823
32.921776
24.188906
38.982235
15.708877
37.957253
33.392216
25.302368
32.60202
40.372578
35.565224
34.094036
21.975105
33.02306
35.222443
24.702152
29.577654
33.299587
20.535192
25.581978
33.008896
39.687225
39.892803
22.713564
24.091827
19.501175
36.053356
28.243246
20.322346
31.718294
26.084032
30.384712
27.09056
15.629183
36.98834
18.825068
32.724857
30.154804
18.42722
39.40672
23.575346
26.103413
25.263426
37.693756
16.331808
22.387562
33.793144
39.18198
37.562305
25.277712
24.47629
20.374487
18.062096
27.138042
36.73652
17.720232
24.018534
21.771711
27.974379
24.500858
38.22616
23.496988
29.321686
17.151375
26.62716
30.382275
22.862577
16.213314
26.305975
40.687218
17.05637
35.144238
32.732716
17.488712
16.91968
24.545473
26.5287
35.71477
15.1600065
38.020256
29.318375
22.365854
27.900227
22.837431
18.335379
24.572409
31.893242
19.851168
16.366583
39.318996
27.198286
20.71512
17.346405
29.159536
24.175133
22.329786
26.45472
32.05482
18.349743
24.674755
20.925247
32.582634
35.214653
36.702896
23.93726
16.202354
21.34964
25.811451
38.94198
38.000237
28.383024
27.555355
31.566082
22.39798
26.261156
23.731064
40.838215
20.676535
30.053473
38.734447
32.900433
18.848629
38.09276
24.184336
20.595013
37.407646
30.634933
36.203564
37.358124
34.787178
29.42012
32.462368
23.705265
35.98465
35.526306
33.11426
25.25954
30.734108
39.729355
19.092531
38.752193
31.857395
40.217793
34.88577
16.716
29.97951
16.958096
22.873844
26.695478
25.663218
22.265911
24.581015
20.714035
18.19949
17.211054
16.79089
29.466576
29.78456
23.368692
33.3682
17.247162
34.621037
33.12656
26.845343
19.974834
32.599583
37.267708
35.357025
27.846697
26.649405
27.870647
38.34415
20.125904
21.589848
23.703396
36.598614
24.363184
34.3721
30.235315
36.683445
31.954071
36.969116
37.150333
32.538185
30.350002
29.853502
22.817417
16.167269
35.470016
25.997309
23.558943
34.709557
21.90069
16.6342
37.75485
30.900097
27.325615
28.64374
40.83026
35.96051
21.291586
39.349102
22.996521
30.292343
28.8973
35.76363
27.250288
23.998138
29.281319
19.8784
36.58273
34.217785
24.88957
37.452
16.61049
29.543177
20.418726
18.9454
32.91245
39.36207
34.06021
31.738989
15.241034
19.882406
24.210758
20.575348
19.47412
16.801294
26.168768
30.29068
36.68329
27.108198
35.501923
33.32925
17.01653
29.349777
29.749859
26.279463
16.228191
22.834255
23.916851
34.72681
16.636288
35.716022
27.812878
26.088026
36.047
19.676607
32.717525
19.772491
29.75851
21.006021
25.069645
19.011019
24.141033
28.288927
25.92675
30.998802
21.487238
33.612854
26.791588
25.618479
20.836924
25.241234
33.06942
27.940855
18.302187
27.03175
39.89798
33.945034
33.05399
15.531045
29.38314
32.45626
37.57836
35.639595
31.376842
29.169008
37.070236
20.016027
35.84979
30.804422
38.90511
23.978004
19.640041
16.945415
21.013609
32.55723
19.899532
29.899292
25.681183
29.578976
38.914146
25.056993
16.804998
24.161947
16.138927
21.649649
15.962347
29.87222
35.26862
22.547253
25.779606
25.915274
34.954597
31.80097
24.03814
36.21321
19.382917
39.999672
34.71321
16.989426
35.344116
20.19295
18.714298
40.571053
27.654005
27.12705
39.479923
26.51987
36.825592
29.846716
38.777447
18.91514
21.74593
30.335136
26.06794
32.637367
35.777576
26.795849
28.618597
19.839806
19.182945
31.424519
21.179913
28.444916
22.06082
23.075212
29.492016
35.46589
26.087791
17.094923
19.144484
33.228745
34.273457
15.781695
16.38605
34.158382
25.66667
23.415918
40.365524
15.692365
16.491173
35.62091
28.982428
21.099144
22.542494
35.92813
37.03565
40.502735
25.843918
32.85393
29.680649
25.253822
19.537964
22.538988
18.340601
19.937658
20.780731
37.058083
20.163982
21.771954
18.010033
18.87712
19.88103
18.92341
26.374247
19.615925
18.483658
39.359398
35.337326
36.269405
16.538223
40.2517
23.51642
38.346424
25.137808
32.6621
35.662083
37.00478
40.510403
17.265022
33.35706
28.192385
35.12173
16.200275
40.488167
20.04884
18.746092
19.799423
16.836733
38.378258
29.426018
26.89206
16.23673
32.873333
20.501148
35.67382
21.665556
32.952305
15.959128
34.705723
26.361076
35.56455
26.246012
22.514868
27.599518
16.12726
40.370956
31.479465
24.122284
17.874735
25.649746
21.206448
39.365818
28.333494
15.753971
40.447895
20.627169
22.380543
36.86741
24.752884
21.08883
33.398773
32.69848
29.51421
17.230131
19.41261
35.857346
30.844889
26.568224
35.768665
23.678568
29.80719
33.900463
27.920311
24.95493
36.91735
28.260838
19.18167
28.245316
39.562042
25.656668
24.93576
34.42937
28.987991
20.317848
32.71309
24.0038
27.86414
31.669353
24.801115
39.25008
22.065979
15.52879
28.60178
36.85049
21.294767
24.134285
39.823242
39.789223
34.419544
30.524004
24.773783
28.447575
29.017885
22.51712
30.519836
15.686961
40.49167
30.087067
27.476896
27.410793
36.347
31.271423
38.121
40.60601
31.75291
15.928783
39.94031
15.187331
17.331211
15.631513
22.490396
20.102026
35.280426
35.774265
21.473312
20.100336
27.399471
32.581684
27.13004
29.336376
24.352245
25.114702
31.917116
21.536625
27.60214
16.603401
25.432724
23.857931
25.845867
24.47536
22.863955
26.754148
34.488903
26.302002
30.846228
17.180346
33.73025
21.551384
17.557402
39.285755
26.162085
22.514479
20.113308
31.381443
20.440243
26.06294
23.888054
34.41585
29.544453
22.999897
31.251575
17.451279
32.42251
29.681318
19.398607
37.706474
40.400566
29.314032
24.437288
26.615393
24.64206
29.877476
15.71239
19.049387
32.150707
37.969757
36.45714
36.359867
31.338373
17.044674
34.29943
23.220736
30.016504
38.484776
21.892126
37.384712
28.820253
38.74668
39.9941
28.414812
25.53725
37.41822
28.697475
32.212177
22.588415
19.443182
15.178414
18.733534
32.99605
23.997746
36.342827
18.676514
39.574917
34.543915
26.045044
35.10815
23.794788
33.43859
39.176613
38.02179
24.788456
28.14308
34.85409
27.629786
27.317013
28.556257
28.17874
35.834263
38.154613
24.285658
24.59773
40.765324
17.31783
28.774319
24.765665
18.53597
35.840126
16.117105
20.986702
21.435274
15.379798
38.12892
40.81189
32.665974
34.85021
23.768059
19.17282
28.430109
17.473948
32.371574
27.55194
20.675932
36.18802
38.325577
37.12146
16.141672
32.164967
37.77174
38.526917
29.466496
24.36532
17.742508
30.048168
36.086212
31.499588
28.720846
32.239647
32.39112
29.553394
29.03651
30.833395
16.195608
38.117313
27.739233
20.682533
35.95385
37.163292
39.63032
29.829453
26.353346
32.62244
17.98762
28.402142
30.927614
30.14444
37.184822
23.97375
21.151804
21.756538
38.88466
35.264576
30.119642
39.790733
19.776455
21.622349
33.34742
16.410385
35.932117
30.58576
25.510529
35.343098
28.770575
30.017942
29.990282
39.01445
30.349276
26.790602
15.993512
35.177647
39.242283
32.80627
27.704754
26.346981
36.618095
17.265198
29.440538
22.868462
23.296299
23.515087
30.097618
20.298754
20.540688
25.566051
17.321674
37.91408
40.13746
37.409683
32.770386
31.633545
40.910717
35.650448
26.604424
37.416733
31.243374
26.63909
35.912273
34.2834
22.400223
15.291981
20.159506
15.5033865
19.490824
28.086964
36.950424
34.217762
17.763474
17.345327
23.39969
15.7777195
39.587463
39.84128
34.23397
33.425488
29.959402
38.02435
33.378193
16.59199
17.660368
16.69683
27.228453
28.048882
31.29417
19.857527
17.073261
39.42794
32.353024
37.60464
31.197166
30.208729
17.185453
29.484867
20.085455
31.175772
18.282278
28.482344
26.846035
31.559465
16.649979
22.960258
23.47422
39.600246
33.206867
16.299572
31.908533
15.113489
40.1159
21.72342
24.960314
37.782986
32.759033
24.852451
20.147238
24.373707
29.661558
20.905443
21.220617
33.83003
27.090809
29.141226
17.748562
19.313375
39.2822
24.132034
16.50194
16.633728
18.286562
27.765114
37.58725
35.24229
21.286219
33.48848
33.280342
22.977993
33.893326
39.248417
38.337177
23.098396
31.422459
37.81043
29.192554
19.776014
32.42047
16.71198
23.905039
30.203854
33.84017
22.964548
20.96606
29.729477
35.160343
19.804064
15.163453
35.024677
27.48319
34.2831
20.574394
25.198357
39.181328
27.304636
22.460094
29.97296
26.019829
15.816513
19.344213
31.570345
26.84503
28.317238
23.879366
16.79075
27.910162
15.568009
28.240738
29.918964
29.699001
22.4624
38.733215
27.554686
15.712156
26.374355
33.058067
35.239452
29.096691
33.98673
28.257622
30.840387
30.22828
38.59679
15.740997
31.051456
28.39609
17.201698
37.99136
31.085732
33.594112
29.286186
17.564842
19.657637
40.088703
31.166206
40.81355
25.692015
35.91055
34.98654
18.399872
37.847176
23.710375
28.02699
38.116585
36.902115
30.521135
19.840816
36.786896
20.33333
24.885523
35.93092
21.091032
25.994678
17.5361
37.163197
30.050562
23.714037
18.356375
15.923267
24.598993
23.833422
37.704685
19.141888
38.17696
30.244667
30.348745
30.745989
18.612545
38.31058
15.237258
17.836414
33.682045
39.211956
30.125927
17.950104
38.69381
33.723618
20.678865
37.133575
38.19747
16.198212
23.082245
26.236221
27.49321
23.624172
37.4357
31.826065
33.000423
31.024832
30.227861
38.43727
35.742474
39.17842
38.056103
32.477837
29.213924
37.66421
35.41636
19.057526
33.718945
27.577803
38.867653
23.240278
19.904314
29.909094
40.166714
24.78193
20.657797
27.53925
16.071873
38.28324
36.802307
39.088432
34.43115
40.86987
34.08865
39.43395
40.89817
39.00503
20.87433
18.618816
36.16052
18.847357
31.573215
28.083708
35.918518
24.68535
28.470606
30.680546
21.018705
25.411793
39.820488
34.76399
17.124474
29.745329
27.276596
38.80738
38.09765
28.963263
36.65607
17.452662
28.868097
31.278658
24.794357
20.679083
33.984543
26.676516
25.822193
32.863556
25.268318
31.017912
30.580343
29.905727
32.032745
25.52765
17.084965
28.303858
36.18432
36.400105
35.966274
24.092953
20.188028
21.189568
20.625465
25.894434
26.357483
35.895565
19.489563
36.977127
25.221657
21.210258
15.191183
32.192116
32.823524
18.264154
18.75993
30.919521
25.721897
35.38801
37.98442
26.753038
28.19627
39.902954
29.988716
20.548569
38.69551
40.757534
30.764174
25.676073
29.924751
38.94941
22.907497
24.839247
19.130812
39.101192
19.138098
40.665436
20.125095
37.30405
27.302523
35.418663
24.373795
19.399212
38.521088
20.651503
27.088833
26.236824
19.891571
39.38689
35.66899
34.13313
32.737045
25.508944
24.069134
33.741108
22.769789
37.44214
31.716509
32.856407
35.7404
29.911184
35.446583
20.299458
25.151028
30.599281
31.596909
38.946346
17.43394
35.860294
40.876022
36.22519
22.631319
33.290874
38.91541
39.951313
29.059546
34.93135
28.516035
40.24379
32.700962
21.139639
33.51704
34.447388
16.138308
17.770342
34.942635
33.47829
29.731876
40.191532
33.624275
34.818443
25.436693
26.884676
15.848734
25.50261
35.16669
34.89847
23.748688
39.873802
30.935263
21.26535
22.130913
31.62698
33.136215
24.63971
18.228266
23.717424
40.2765
29.87985
18.465113
21.079462
38.2318
17.071022
16.741852
19.782766
31.668354
37.574837
39.97276
28.247652
24.659168
15.090677
30.652338
21.447372
31.72
15.427695
37.07891
21.644648
30.50028
38.7113
27.530174
25.141201
27.186441
20.08598
39.163994
15.763291
29.309797
37.626686
37.708702
28.362825
34.098488
33.13386
26.110664
33.482807
25.772696
18.762634
23.222948
35.5175
30.254642
24.024588
21.347383
27.191845
32.64961
17.600822
25.983372
26.99123
35.55153
24.61807
16.49026
29.292042
34.736443
16.564844
26.53618
35.37481
33.129353
35.862625
20.184713
29.24612
26.064842
24.257425
17.261753
37.252003
28.809
35.659935
36.248543
16.834618
31.070057
15.837914
20.362724
25.465837
32.797318
25.452318
16.717934
39.78528
26.952793
39.32908
21.493317
35.277134
40.137173
33.57133
23.897999
26.439219
28.961578
19.142284
30.381466
34.32929
40.87877
25.8868
36.019375
40.617863
34.82223
16.61015
18.295305
34.833397
19.448904
18.79533
33.60249
30.354774
25.04099
23.815662
34.70558
38.887794
39.19462
20.087337
22.131008
36.656403
40.307854
37.506912
31.995533
32.34605
20.577862
27.73171
17.13606
40.95583
25.726717
22.386425
25.569855
15.147464
23.99773
37.11711
24.292786
40.423576
22.098827
29.564209
27.214228
36.52418
34.716816
39.789017
27.63079
36.79951
16.986181
40.463562
28.05706
27.998943
21.868246
29.221558
31.46003
20.909948
22.78136
22.968685
27.98494
39.587547
36.019993
35.66318
26.113733
15.53401
19.510424
17.1032
36.863396
35.120087
38.27296
36.595276
40.109894
37.78325
30.595371
22.028593
31.414518
21.09502
18.369493
37.842712
31.8329
30.658678
34.302788
34.651684
40.102997
15.980155
29.788782
28.875498
30.336878
27.94922
18.105196
24.63015
40.882145
23.374573
36.305786
16.340452
31.372303
17.135645
21.681677
27.065203
39.15149
22.945597
16.990238
34.362125
19.237423
37.464054
20.784367
20.67045
23.777441
25.554836
29.122234
36.65188
23.55609
16.853018
30.69734
19.706013
25.528646
37.48738
39.001053
23.964314
22.58354
27.798346
34.514458
34.466972
40.777607
19.198215
39.123707
38.939995
31.141693
36.939644
23.962769
29.61519
31.820045
34.489895
40.709793
30.873636
15.785526
23.45264
30.997982
16.143597
39.66367
38.535576
31.049252
15.446747
40.302094
21.93142
34.898613
29.261961
35.637844
33.66141
17.649546
24.963802
37.143738
15.924542
26.085354
36.993248
28.67575
28.302471
27.658827
27.131048
36.8971
30.789192
20.392193
38.7696
15.620596
21.046106
15.541701
22.916939
30.389416
27.027369
32.015926
21.817036
18.407427
30.17697
28.484085
20.533327
22.533733
33.76819
19.870537
21.617876
16.472124
39.637646
23.50377
31.07643
37.514584
32.560387
36.57307
19.240017
31.239128
24.819006
36.743237
29.866653
23.415642
18.139034
35.78753
38.822075
28.039465
20.09434
33.921272
16.02633
26.891005
19.330593
22.153347
35.003475
35.310623
40.511314
25.419971
23.334433
26.981585
25.760315
38.52507
24.588568
29.429873
40.55585
21.98368
19.897331
19.678207
32.526077
37.749695
39.233788
24.032547
21.401928
37.506428
30.67465
15.3329935
31.50272
30.70834
28.446966
29.166891
40.561462
39.884438
17.399294
33.520554
18.440928
24.848728
30.68784
20.137003
40.348225
17.410248
18.93069
30.450586
39.524734
27.935099
26.858812
36.38547
16.06993
22.685036
21.58034
38.533405
21.551708
34.242073
40.97503
17.26722
37.362545
36.52568
23.448704
24.200031
20.399889
20.919062
19.302856
28.066174
32.58086
20.843145
35.31251
16.57831
20.945505
40.751766
39.75579
28.106277
32.65939
15.968741
27.101553
26.126703
40.095596
36.04733
31.83688
29.308424
17.357693
40.404816
17.503994
32.827282
17.099524
18.869724
39.916718
18.044893
21.304138
25.476458
16.739313
18.03947
21.803518
21.351894
15.13608
33.64282
19.752207
23.860746
33.037888
20.616137
18.012249
32.31127
25.722235
23.38827
30.463367
27.470152
21.866325
22.383564
37.62153
38.89518
40.008038
36.382515
16.630617
36.6666
27.437561
20.586882
15.686185
38.482723
28.94283
25.102003
40.256718
15.282799
18.544832
27.402506
25.087202
22.569687
23.384224
38.013664
29.901222
22.427391
19.258553
29.119171
17.962132
18.863052
27.959848
33.097057
15.210324
38.55045
23.525166
22.089094
33.562904
24.31166
37.78808
30.624931
23.143614
23.745949
21.207043
15.050836
18.705046
32.29959
20.846863
30.053802
33.311802
24.767706
27.602486
23.925453
25.472412
25.72884
21.279657
32.37604
32.33945
23.735413
40.984886
39.687454
23.34145
22.217815
25.427584
21.785109
31.666811
34.007267
15.200111
34.41216
25.38911
30.142271
18.876827
27.005424
23.704794
19.195816
18.861198
25.101006
38.74841
40.745186
19.310356
25.13851
39.757168
23.803535
31.17938
39.386395
31.97576
32.04218
32.45304
29.376898
37.624012
26.454723
26.97053
15.717574
40.49408
18.749043
40.899197
32.437424
29.300528
21.200283
21.876095
15.129208
17.775805
32.957897
38.111656
30.06543
33.685234
32.871925
15.337561
36.19412
34.4298
30.788588
22.381403
17.461447
17.711628
38.962387
35.36352
31.261806
29.856268
38.741863
28.036839
39.981945
21.817379
37.008205
27.628407
26.584305
17.63375
27.980892
17.691744
21.965683
22.165092
34.95162
39.94195
21.430916
40.30219
25.267685
37.821007
40.03722
24.52874
34.45816
15.628446
23.793406
33.70621
39.781002
32.453167
23.739176
33.259792
31.6665
23.854834
40.783215
27.562635
15.542261
16.268848
30.844803
39.247135
40.347095
19.446735
30.32225
23.416307
25.676083
40.89412
15.202372
21.284796
18.946226
25.231447
35.228817
15.6482725
21.231955
18.677902
39.46304
39.761616
31.491962
24.446974
25.300251
29.7004
39.79364
20.742397
19.543652
40.086838
16.838638
27.256168
19.493826
32.180496
17.602854
34.5957
18.176128
29.765745
29.226381
27.905039
26.807482
16.011976
19.423792
19.095562
31.394938
25.539385
25.632278
17.564278
26.96195
24.292135
16.875069
35.053463
38.314255
31.50243
23.889713
16.393082
36.48583
39.023136
16.455614
28.26794
25.046349
29.613258
32.052483
16.86433
26.305174
31.379698
18.991114
18.276377
38.112778
22.510319
39.980194
22.890175
35.439182
34.677628
26.72754
22.614162
17.199923
19.04881
32.62156
37.7871
25.903502
29.707197
34.798336
40.87042
21.610483
15.471773
16.972132
16.619541
18.422737
36.59546
28.291824
39.329266
15.262408
31.629656
35.183018
38.96108
15.053754
33.861546
38.645405
39.48574
19.586916
34.162376
38.797184
28.612331
27.321287
33.82905
33.59308
30.225386
20.177105
27.057999
25.58986
17.31454
40.967438
26.059484
19.392893
27.95663
33.53874
24.502035
40.989662
31.997972
40.91665
26.970964
38.560856
17.484972
18.794779
17.431482
16.556936
17.604158
18.557669
38.3061
38.83787
32.918034
27.69519
25.707615
22.495934
32.021065
19.94411
35.613205
37.616295
20.390593
30.783636
22.321627
35.677364
20.170208
40.01516
36.40489
24.55261
40.89861
34.072575
16.547163
21.147865
40.78486
16.43795
18.158052
39.592857
26.031303
15.078356
17.453821
39.60301
31.918303
27.173267
34.819405
38.13732
21.890398
19.567846
21.695671
21.800335
27.721292
22.366014
28.9805
19.571083
16.985548
38.86819
19.988874
27.389034
29.527718
39.66212
39.386436
17.886963
16.395014
22.09122
23.192427
18.132809
40.78757
38.55337
27.942205
27.627445
16.980669
20.124125
37.406143
28.002495
27.886255
29.851782
38.880783
22.872122
38.946404
22.737883
27.999893
33.11498
17.38933
38.89502
31.257053
25.497248
37.52894
18.665098
22.988195
26.995014
26.751698
19.584496
32.43156
29.433937
19.110186
34.998726
18.664188
33.13646
26.030363
24.857645
18.708242
36.15159
16.540163
22.763296
32.907074
27.339516
30.639788
35.69598
27.790096
21.093098
26.95954
34.01018
34.0771
34.80055
15.688892
27.270468
26.216957
21.288395
21.910881
24.288488
25.912088
23.431013
24.93881
25.3258
23.44936
20.87291
16.027657
24.843096
29.339668
27.382067
21.920414
16.405127
20.762592
19.737501
31.090069
31.391453
20.619175
31.251461
25.250708
24.016788
39.61499
27.03641
32.736755
28.830662
21.727346
35.94922
36.687115
19.344646
38.654545
39.779816
27.621454
31.726433
25.401848
31.69869
30.958767
17.603539
29.027859
21.237549
21.303663
26.935438
15.756702
26.149565
22.913824
15.641449
28.15556
30.380524
37.662376
23.212685
39.88368
22.079369
26.021881
30.889948
18.638191
36.086445
17.12196
29.155405
32.3537
27.660025
34.770565
40.264442
33.456654
22.336378
15.479204
21.335075
37.03235
32.766056
39.995346
40.115845
27.131283
35.128693
39.620667
22.9691
21.12352
21.300955
40.681633
38.835163
31.003588
36.33703
32.919315
29.983738
16.855278
18.018314
22.278248
34.212646
31.304745
34.238728
35.59954
21.819809
32.721985
18.81428
34.061268
34.152977
29.1749
30.940426
31.859655
40.83279
40.696796
23.967861
36.5874
29.84812
20.297327
35.427258
16.040867
18.638813
40.328503
36.3057
28.77585
19.009367
28.311522
33.462296
36.63184
22.258139
25.136887
22.767813
34.657833
27.260164
20.669298
20.062777
35.397884
39.407715
21.220581
26.350943
30.332706
30.291245
36.09793
24.77966
33.423836
40.794308
36.491497
23.905977
28.169874
23.87968
27.334404
40.507107
26.35971
23.75982
25.449942
15.766105
21.795443
27.373362
21.29488
33.04842
23.658176
34.13036
32.914402
33.6822
21.902761
20.742508
35.34336
33.165028
23.092886
39.620567
36.620148
20.042023
29.425852
29.799755
26.823694
33.33503
30.346785
28.644861
29.100636
31.849798
33.114834
34.69039
29.518932
15.947956
31.959423
38.88704
27.765827
33.44273
21.052383
33.25428
39.202118
30.16219
18.422316
34.47993
20.591476
30.421026
28.150286
25.361057
22.942566
33.151703
30.71147
25.146534
17.33343
29.76797
40.165173
28.820175
17.331718
23.968634
28.046082
21.154325
18.681015
19.63663
23.27247
35.967308
27.292585
16.748264
31.162504
22.434185
34.263584
38.779762
16.73764
34.52873
15.636888
30.482973
39.89254
38.715607
26.924267
22.099445
24.723785
40.865208
20.033945
19.091713
36.335102
40.02966
31.17499
25.29305
21.774647
22.19697
24.555357
36.011593
27.410341
29.431358
24.24685
34.07207
29.012108
32.911316
25.459558
24.038116
35.085262
20.292913
18.649868
25.930403
16.58721
38.55444
35.380314
31.640625
27.059935
19.019487
19.656225
22.938606
18.42379
25.609001
36.583183
25.479544
21.203306
16.539001
17.620998
36.54076
19.793783
39.65904
30.454063
35.351963
31.527746
24.417547
35.554512
19.830421
16.763233
35.04378
24.883848
22.29212
23.991322
15.951966
24.860302
27.282276
29.048115
23.601898
15.713253
37.053364
30.916906
29.091173
32.65284
34.416042
36.319
28.607773
24.90189
20.698147
33.31718
18.537771
30.568987
20.369194
22.493637
32.50136
30.585663
35.5226
32.91456
38.88154
23.487303
38.85505
33.05651
35.513172
20.686502
31.04229
40.14513
21.116312
23.069263
35.482807
26.944443
36.785984
18.238558
24.265669
22.935698
23.391895
23.536423
33.91607
39.037292
16.094799
37.09487
19.981825
23.542913
23.352476
19.597614
19.846453
31.79282
26.766636
37.178608
17.289074
33.243626
15.91318
34.940228
28.258804
17.064789
22.90172
32.94289
39.090946
27.16549
16.82628
32.19964
35.96461
21.643341
38.497623
21.20335
23.786165
22.0469
20.888662
23.820856
21.880161
22.556742
16.577923
25.007385
22.879137
26.215294
22.14206
33.726437
18.026022
36.673523
22.926922
36.704247
36.737545
17.572912
27.917675
34.204742
32.724396
35.644123
25.532047
39.87997
23.223604
39.879066
31.076714
40.93259
19.970896
39.721043
39.33542
36.321274
22.425526
20.117973
15.298399
35.546368
23.457357
22.496635
38.396202
36.67241
35.215775
34.241238
22.767038
15.675673
32.22217
19.097525
32.065273
31.949095
27.862661
39.074005
34.109707
36.853542
27.404781
30.874784
32.27381
21.573563
25.421854
18.673897
40.936096
39.217335
30.080841
28.12888
35.537292
24.094776
29.134344
17.931759
21.832087
38.4143
18.65464
20.90849
19.776554
29.257906
19.557453
36.703293
33.15865
18.625961
32.78534
18.422215
40.557396
38.587093
27.655445
24.26063
34.50759
16.125305
33.32357
16.102287
23.850346
36.145596
28.576267
38.35292
37.165695
30.280884
30.234991
25.8593
28.91213
23.637362
17.341042
15.664998
26.4389
29.421865
34.987335
15.567064
19.390392
26.514097
34.172817
36.96316
25.18799
39.47814
24.377525
20.316603
33.25326
36.251873
17.691185
26.717169
22.4274
23.809473
31.275398
18.478392
36.6453
16.461388
20.699276
17.487482
17.338713
23.13783
16.260649
30.111881
27.271414
28.995863
29.789751
35.866844
19.550358
16.996923
38.629498
17.761377
23.410263
22.720716
40.496315
25.265211
35.035145
40.613003
29.747683
34.177338
23.158777
30.109037
32.21733
19.327175
21.477129
31.631006
38.226334
28.002129
25.009285
15.326914
39.63807
32.270855
37.45942
31.600111
28.897266
24.959345
25.360874
27.9727
29.878206
22.937376
36.324455
21.632734
40.064297
30.585724
19.066494
23.134285
29.091097
35.839993
36.058346
30.151058
28.007109
21.044722
35.617405
40.9284
38.741375
31.00189
25.05081
39.13516
34.214256
31.060808
16.066502
15.186055
16.287477
38.871742
36.082287
27.786764
17.321829
16.513578
18.292122
21.44816
19.495636
35.106125
21.389805
31.022734
24.234417
33.73069
22.703829
38.93537
22.1119
28.507761
26.163105
18.712318
29.40483
36.018726
20.99181
23.656271
33.11875
29.908756
20.32267
32.072243
25.749247
24.471043
37.021397
30.317883
40.30287
18.287823
28.93115
32.133698
21.174257
22.591642
21.47429
23.202644
33.360653
26.91058
38.089783
39.695297
17.192444
26.774158
36.33807
36.67586
30.26795
36.78198
17.671349
34.676037
26.603003
39.175007
33.84551
26.48772
37.140724
21.199936
18.741264
25.282385
37.713993
36.019756
22.965288
33.533913
34.313053
23.699232
24.018318
27.903463
21.082787
16.881792
19.04568
40.238953
35.85914
28.174702
16.226658
17.148497
29.251259
26.97235
36.712723
24.226221
16.285835
36.472836
33.690567
15.9404955
30.452291
24.980925
28.624493
18.438837
24.62227
21.240826
15.023623
34.0803
33.764164
21.505201
17.183022
19.375376
32.63313
26.3221
21.263744
38.19501
29.689363
35.609497
22.80539
33.60453
32.38215
17.48745
26.305748
38.484882
30.634417
21.55081
22.855621
39.22276
20.872417
28.790783
32.982956
20.182758
34.267273
28.211552
25.838886
35.418995
35.98999
38.33857
30.649384
26.14006
25.228806
28.27798
39.9596
21.81048
24.477423
27.762056
18.614145
27.453459
33.175037
30.703438
33.644974
15.713748
31.163788
36.181286
40.279552
31.546238
37.626556
30.495443
18.135595
40.014896
35.177704
25.950016
23.334541
25.61844
36.60181
32.365696
24.744572
20.80313
39.369972
33.97058
33.854935
35.87985
30.510738
27.282051
15.88682
34.43168
37.67236
22.867754
24.662153
17.47986
17.285341
15.461546
35.48006
24.170164
37.61911
22.810696
36.79189
24.54834
23.223768
19.843521
26.819086
37.11244
35.75775
17.272015
25.424343
24.261475
18.524466
40.58191
26.524845
36.503983
32.175705
20.513046
22.127562
25.346733
40.986935
37.595753
19.669933
15.152935
20.869343
21.08438
25.765453
27.940971
25.8557
34.717007
21.682016
24.088787
29.182007
18.130705
34.92204
36.21574
16.284012
29.474699
23.126799
23.132826
26.037546
19.789051
17.193499
17.683876
31.39387
23.054508
37.972046
38.54439
19.195951
35.469456
33.199577
37.601437
19.408922
23.47281
34.43426
27.406992
18.257668
22.307167
37.665924
23.37901
17.836807
37.50427
28.009567
24.91834
40.643097
38.575394
30.428888
24.416515
25.17748
21.402033
24.79034
39.248413
32.273903
31.347704
40.714413
19.27551
31.134123
26.949593
29.6692
23.129543
23.182657
18.19911
32.542477
18.603086
34.80317
31.883366
28.531858
23.842627
38.777393
25.23492
33.608776
22.721424
16.820019
16.22508
16.04045
21.763533
21.98761
34.236412
16.495068
23.297045
19.937006
20.562994
17.108864
40.133728
28.01835
16.212378
29.559887
37.003853
31.010183
32.82105
30.671663
23.219233
23.938826
31.145634
15.361064
35.593998
39.871468
24.554976
38.848133
26.521933
35.832237
16.223522
34.961693
33.29066
33.06274
22.31448
23.10305
21.207321
40.7333
35.34149
36.971092
26.916769
24.908451
28.110487
39.505703
25.412731
21.080025
27.168816
32.67228
36.67376
26.903261
25.526577
21.68876
33.60014
33.906414
19.565502
37.087597
33.984432
18.89134
28.513641
26.608503
27.617567
23.502481
16.639454
26.333984
17.313932
18.013834
32.406834
32.70804
21.633175
22.768301
19.232971
38.1195
35.382957
35.901093
19.20386
18.585016
21.606102
16.988562
22.127617
28.732622
15.687237
33.086205
19.643705
16.765425
20.458096
24.254225
19.75654
16.37593
16.73736
38.116417
33.124813
25.68503
26.610033
17.257835
32.71331
33.195705
20.932972
33.33898
29.001831
33.480022
26.04735
19.689056
17.8463
38.859
29.48547
21.83801
25.299925
23.688427
18.57848
40.95698
25.227747
33.02978
31.303194
20.498892
39.385803
21.463839
15.450339
39.465797
35.786457
38.595657
22.253223
16.676836
23.634422
37.40306
21.984932
33.17035
37.89331
23.996805
23.71381
36.446102
35.63052
32.589176
35.40114
40.638176
23.688568
21.508604
29.831533
36.90649
40.943974
34.951664
16.485748
36.34458
34.440063
28.829586
27.39722
17.52362
27.01809
23.54508
34.27779
32.427296
26.721342
15.82625
30.754717
23.97962
21.20987
35.847862
35.430237
15.627297
39.698822
26.786282
28.656536
36.510727
28.521305
23.68288
22.413149
20.642351
32.317005
37.031773
32.480495
27.208403
15.060785
29.861204
27.222288
29.619835
39.67082
35.243977
31.721348
35.2605
17.773666
16.150753
27.757309
18.015404
30.3542
29.351192
33.17154
37.609085
25.481073
31.671282
38.53356
31.544065
23.073877
18.331303
28.705065
23.001394
36.765984
39.317375
15.891568
29.450228
39.317505
30.780552
29.078594
33.9106
30.745659
24.31091
30.368254
15.823266
21.365194
25.600136
21.663815
25.302853
35.26952
27.484632
21.393972
25.185207
33.433453
28.652128
28.52516
19.727217
15.581461
38.39836
15.979411
29.077047
30.24067
27.736353
31.7569
30.705036
40.985733
27.889389
35.55642
18.870306
17.78315
38.739723
33.49373
38.895298
23.555408
16.158669
39.636826
32.530354
33.61079
34.309643
30.508833
26.012573
19.422535
26.994312
27.453323
29.558092
30.391455
30.903006
27.813593
25.97407
35.68899
19.233992
35.246464
18.836527
39.053093
38.56238
40.172905
29.252382
34.497154
23.067783
33.36184
18.608831
32.292706
26.27093
36.950214
24.910486
26.299395
39.28304
19.821491
32.31442
33.74117
36.237595
26.19635
29.295557
20.865524
20.052835
15.533652
22.509636
36.57302
40.964203
38.396156
34.868153
27.067179
22.369558
36.80483
27.599583
29.85025
27.445938
36.787056
27.14333
38.97827
33.725193
23.318335
26.607681
21.389156
19.356827
21.663565
16.220295
30.330534
16.139887
18.2433
21.709513
30.439348
40.571774
30.581827
35.877068
37.86323
19.140339
19.638252
34.75749
29.963932
29.876688
28.878239
17.706816
30.606092
36.78957
20.813313
32.52296
32.80996
35.218304
29.416227
26.272354
22.63455
18.369669
35.815052
35.88226
28.558208
34.345222
32.97524
21.755398
35.336308
32.81903
16.69813
24.673306
30.34133
35.191757
37.195984
39.07713
15.728347
21.525694
17.747692
36.44928
29.419449
23.856142
30.496065
40.96666
31.86339
36.57831
32.31668
31.855982
25.80228
36.52465
23.869942
34.953888
32.86492
22.076313
26.442047
15.859385
23.706812
40.193214
23.987411
36.763405
27.629797
22.60087
23.903957
26.549984
17.139608
15.538088
39.504585
15.085931
34.737537
19.448147
25.892075
25.75049
23.392836
17.787113
37.00146
37.2039
20.605316
31.726463
22.94294
18.153421
20.743027
23.943165
29.460136
35.44771
23.427778
33.918926
25.312542
30.215178
17.141672
31.21133
18.697752
24.959246
16.940676
28.013046
18.448124
28.533138
15.186693
19.98139
39.66819
23.739199
36.547443
16.79896
16.723309
19.932356
35.16387
25.217148
15.046619
24.454779
30.847734
21.437777
31.100578
35.988403
26.44728
20.604198
19.010939
35.98435
26.107016
32.901646
32.885193
23.212961
24.047768
28.307673
21.634176
37.175568
27.70624
27.387064
28.23459
30.628653
29.59862
15.691523
37.80193
29.793598
25.110704
26.303053
26.58737
26.959753
38.56737
30.850935
25.068872
20.135942
31.39713
31.935682
30.675854
38.165295
17.982904
21.309408
25.368422
25.290455
16.878027
40.39058
26.286362
28.54114
35.46687
34.732056
37.989616
24.513119
18.86242
27.914942
34.43122
21.117592
18.858463
25.00672
27.735266
16.702126
40.091976
21.200642
35.09657
23.579092
36.22168
27.54445
36.675446
39.444843
30.89163
30.769941
20.23004
34.432587
