18.04799
38.795254
33.717876
19.94544
28.53579
22.287748
19.241144
39.59423
22.577093
15.178347
27.407593
16.710676
38.7531
40.636406
18.53185
22.38998
22.642868
31.77428
31.50073
36.692844
28.318474
38.12224
24.328077
15.1726465
16.128067
29.349192
18.761564
15.891223
16.668495
22.186075
17.94178
36.7366
33.374565
30.674715
24.54552
25.178185
18.98989
38.84361
26.589384
22.729753
22.334652
36.702972
15.126406
24.337866
19.248558
29.054993
16.437574
38.672985
17.362564
30.03121
21.00177
38.873016
40.440907
30.497435
40.52175
36.67355
38.435364
30.507711
22.590488
30.056585
22.106512
22.842274
28.201262
15.55901
32.092182
24.330467
18.23662
35.20465
27.641209
21.138172
39.31539
20.658266
15.880905
36.49023
34.933594
17.647203
36.449665
40.401917
18.70426
23.95625
22.601397
24.909494
30.682796
16.373362
38.476486
29.018446
17.258638
17.848825
19.13426
35.128933
33.900642
21.827618
37.154922
31.051622
32.162746
38.224487
33.14425
20.892925
39.788128
24.83362
15.312245
38.067364
29.494127
21.099388
25.447378
16.485651
22.077013
16.122095
29.070847
37.57064
16.844614
27.532276
40.330784
27.169392
35.06663
32.439445
29.284134
17.657934
40.126507
26.045921
28.614405
24.576551
23.365406
39.713623
30.546276
31.986715
37.22797
40.281544
18.743567
24.406973
29.251167
22.253782
32.314857
19.663502
33.681736
20.112867
17.701483
22.282124
38.06427
29.460339
39.18552
17.152054
28.011208
22.946299
18.030779
38.107697
34.547646
16.021948
39.857643
27.803278
38.91794
24.433855
25.753101
31.7962
17.547796
20.075996
18.83011
17.108393
38.974655
36.325356
30.475836
31.701101
38.990807
34.309147
29.366272
40.276928
25.987808
19.686472
27.475037
17.614063
27.547472
23.474522
24.767105
21.241106
21.69375
24.209164
26.043608
16.676876
21.901546
28.302052
35.49168
34.6882
27.952595
28.841112
36.893814
19.059605
15.03521
16.278608
38.163975
25.222383
29.103811
31.46066
37.903175
28.756546
21.445824
30.274426
39.005104
36.25766
31.647638
31.823874
27.99278
25.351545
23.708008
22.4924
16.730034
25.743462
34.91635
26.510223
25.427162
35.10423
33.29512
15.716838
26.447815
16.324425
40.899475
37.09353
29.32469
22.208723
39.074207
18.338203
18.604443
34.03594
35.88697
17.264647
21.667631
19.57644
39.388466
36.130417
25.507378
24.13703
39.094498
37.13254
15.600892
40.994442
22.141296
36.257298
22.470774
17.182127
33.934788
31.430222
32.30853
25.010996
23.796019
37.48468
25.120522
18.9333
20.099188
16.852177
25.257063
15.399877
40.705273
39.074783
28.89813
40.214485
15.113464
26.24984
37.094707
35.554935
40.68422
27.33941
27.302528
39.30932
22.5319
27.911634
22.995502
30.66656
17.241573
19.328499
39.90884
24.0041
16.433765
26.654192
28.7375
24.031534
35.382507
31.630623
35.70321
20.87745
24.386217
29.951277
40.303986
16.3479
16.397572
24.762003
33.77271
15.9382515
33.537693
36.827003
24.296865
21.346363
29.551582
36.120564
19.889433
29.21341
23.005865
31.739895
34.951206
39.609795
19.086634
18.981625
26.027817
24.387009
16.224192
24.184345
36.04009
38.932426
33.453247
29.511787
24.354225
37.09242
27.411186
25.236061
28.458736
16.070278
28.18373
32.27756
21.727917
27.958921
16.82639
40.768013
40.77705
39.234356
36.32181
31.225302
19.252417
39.014412
27.977182
37.563522
40.54959
21.178255
24.822617
17.609045
27.916359
16.545748
36.440437
27.052958
38.67205
19.231651
35.837044
38.842754
25.862875
22.0183
34.46312
27.90068
15.573328
19.131285
22.294586
22.753584
35.326588
25.156263
24.005877
39.168774
32.532204
38.001007
15.698704
38.212704
35.77727
39.78531
39.39368
32.284096
39.907734
36.332417
22.548761
15.620248
34.309223
17.539122
15.237598
28.535265
18.57239
19.317694
40.302624
37.220947
22.81544
39.03138
23.791716
23.326096
31.337038
38.386127
18.29397
25.727028
25.985657
22.594778
34.40934
18.912073
27.656775
18.295992
37.518364
32.2249
34.66727
23.188608
18.262497
17.846424
31.406733
17.633257
27.702175
16.842247
15.628272
16.576487
31.98877
17.862349
22.016882
29.068708
36.568405
24.152042
39.261192
20.375786
24.429607
29.417957
21.754913
18.225082
18.71346
23.790056
27.267172
32.08034
27.1241
39.63051
24.446241
22.50573
16.008953
19.262447
32.859188
24.657967
17.722328
34.826477
31.420216
33.73639
21.942596
20.419964
22.5235
38.824394
25.982306
18.434034
24.971588
18.971657
24.812246
27.57534
32.878407
27.595121
18.51463
19.44451
28.126291
24.317648
29.18715
25.740444
22.669321
25.216831
40.93886
15.169355
16.000626
27.122501
17.550472
19.95974
20.439304
23.079842
36.615707
36.51924
22.54286
40.38622
28.537165
19.216614
30.914043
33.71322
15.619083
28.531775
38.946365
17.741434
40.681225
38.889164
27.640379
24.464106
32.112087
33.37447
34.52331
23.856665
33.086414
16.231956
27.917439
32.96279
32.790993
21.549467
21.328005
23.61361
28.934519
33.860382
18.559437
28.975124
35.56128
29.526636
38.318897
27.91007
38.245186
30.714113
27.529192
29.74382
38.109776
20.531542
15.348392
40.44003
30.801397
32.47625
18.981445
20.420218
24.537014
35.71492
29.769438
36.302475
24.654675
15.924745
23.75503
17.688046
28.713785
39.43016
18.948032
27.790506
18.124054
36.192593
39.852943
23.180786
37.526035
38.84539
20.470644
19.21233
19.70289
30.413448
23.949411
35.79416
17.672112
24.616722
16.335674
23.09565
20.787569
17.729147
15.462994
38.49533
18.176443
39.849213
23.917965
30.62705
22.64217
18.135738
25.234776
37.730362
21.283718
15.072111
16.99545
17.677942
27.513166
33.144585
29.350739
32.03152
26.897614
27.45494
20.627008
22.268597
40.308212
21.735086
25.147356
26.92596
30.22814
36.991
28.17057
23.821869
29.75306
19.575584
34.939476
37.74736
26.811676
30.87484
19.230537
37.058147
38.440712
35.989033
27.509556
28.452072
29.567734
31.800238
25.823603
33.883102
39.686844
19.639965
19.89732
27.041374
37.056545
30.405312
18.552006
15.11981
29.60554
34.419353
30.528885
40.691338
28.601503
38.59126
15.073295
40.436768
17.319462
39.503887
29.224428
24.1919
16.440536
24.941338
39.65567
31.323425
24.718466
26.066282
36.123463
31.796734
35.570484
19.966602
37.10796
26.464748
31.68073
21.613117
34.066772
39.0854
36.44852
35.405018
32.873276
15.366397
17.17049
25.426825
15.474078
19.939438
16.214691
20.300459
31.575445
16.582073
19.126417
23.08835
23.256489
38.23387
28.599651
31.08817
36.807266
33.39461
38.554695
26.557089
25.802816
16.34575
31.18162
19.413292
35.449627
20.302357
35.7409
40.7846
18.578789
19.081287
29.15666
25.908955
30.3106
26.16241
38.99468
20.338724
23.37825
26.12309
19.286322
40.660534
29.373512
36.3423
28.84137
16.014639
26.765413
18.599142
24.186705
19.582624
36.44311
30.731625
21.074547
15.909392
35.747185
15.875032
19.623035
32.435314
16.478859
26.965263
24.583612
31.936527
19.214682
17.17101
31.973782
30.706274
23.404417
40.709675
24.370472
27.25731
30.192968
17.105436
39.52839
30.085283
34.682396
31.36389
16.669342
40.60517
30.438078
36.766197
19.782707
26.7577
31.443419
38.026726
25.583805
37.979862
37.420383
40.411613
23.396149
39.24348
37.458576
15.0818
37.155098
16.687971
24.233406
30.402456
31.974657
24.008291
18.744335
27.251917
27.275763
35.206264
23.467068
21.466574
39.343544
17.573265
20.08892
40.47435
32.3627
30.844515
34.584515
17.897753
22.474262
32.35
37.28932
33.448647
36.203663
21.684294
16.841518
19.790318
20.729156
19.927313
40.38789
17.208443
24.891294
21.770344
22.287569
38.911087
28.588285
40.03637
23.697647
24.568916
22.258738
19.031082
35.887665
33.310204
37.522354
25.920681
16.905355
33.801403
28.730911
33.904778
32.30391
40.27241
23.175835
25.337618
24.041409
31.386745
27.005487
23.147982
37.375977
39.710377
18.524311
34.91792
19.605604
35.19894
16.477638
23.802794
40.839447
22.601564
30.17016
34.109806
33.63785
35.970642
18.822632
28.799467
29.32117
17.57026
29.440569
25.434263
26.02292
29.392118
29.650316
28.17099
25.150637
17.216303
22.452007
24.278034
36.81822
31.69514
27.64558
32.356133
23.026451
38.29209
27.805176
25.950884
39.893734
30.073463
29.10882
30.567587
35.077003
36.329388
31.074526
36.233734
25.673168
33.791397
26.310505
25.70172
19.35432
25.817554
17.75638
24.14418
39.265312
34.332054
18.573893
33.76651
19.30025
35.534718
36.839752
26.146
36.774773
27.436846
39.499947
20.30424
16.22396
29.133448
19.663893
39.52917
27.081036
22.387745
38.248547
38.78551
17.329897
31.582544
21.22665
25.187
36.875046
22.383942
25.290005
36.451126
24.33517
32.566425
23.6077
34.51691
15.242217
18.3644
15.54102
21.578398
28.215519
24.443745
33.670704
39.671432
34.581074
19.12792
36.299065
18.648481
26.11886
18.866787
17.708456
40.886
33.1465
17.10222
31.88931
24.391258
36.98551
22.663149
28.195093
17.110065
15.006681
29.613663
23.438128
28.184353
20.914124
38.081364
26.30942
20.668144
17.702816
24.009119
30.68725
36.78282
29.812439
29.001932
28.39341
21.177313
22.400652
35.4816
23.262648
23.856108
39.371857
35.21542
15.009967
20.447756
39.822887
38.951164
19.31216
17.308813
36.904953
25.369081
35.76396
30.592894
39.751545
26.852692
39.925987
23.861834
36.084946
21.683664
39.550667
34.07567
22.389318
23.182083
24.254063
16.870434
34.12624
22.041904
32.395607
24.917553
16.36904
30.65245
24.734402
37.85583
37.445026
31.550285
27.549906
28.796856
28.70023
18.311832
20.346457
26.726849
28.33908
28.175625
39.005184
32.262833
30.441877
37.474052
18.303585
16.16816
37.72578
31.558067
38.09209
17.79226
16.390465
40.31422
29.098646
32.171776
27.477415
34.602013
33.32648
21.914917
27.57232
21.980494
26.316807
37.18823
20.39283
31.946577
24.167397
36.134655
31.829353
21.573608
35.129646
24.874113
38.344517
21.917112
27.850777
18.872522
32.287224
17.845806
31.88457
17.912476
39.64016
21.059391
20.963104
33.158577
25.995045
21.970652
19.703644
38.882652
27.137716
32.857983
33.91894
37.298885
39.525627
26.235355
27.505873
26.656105
37.15313
22.740398
19.00647
32.24433
32.825394
20.007133
20.36702
15.294827
37.699665
35.96856
29.1651
27.887768
15.10294
30.825184
27.631002
40.928867
31.098024
29.519173
29.159174
25.016047
21.045414
24.969831
21.686937
28.589542
38.496197
35.55454
19.311869
34.143562
18.151665
28.360413
22.825907
21.474916
40.338196
32.585392
40.463333
28.953789
30.471304
29.13346
28.091486
29.624065
31.320719
24.92732
25.317133
24.57544
16.538706
35.75273
18.538124
29.476744
16.87674
31.552322
39.839066
35.419758
33.79101
21.002686
19.811403
28.294971
18.725197
29.937056
34.872406
37.80556
32.25922
34.71692
15.464277
35.923138
33.525745
37.00938
28.633633
17.098528
30.821388
20.59318
38.923332
26.863155
25.177681
21.794708
35.25274
29.591364
31.807049
22.946453
22.519127
34.141247
37.80211
26.863745
23.022123
33.851353
24.241879
19.751759
28.494678
28.942911
28.94639
24.183205
36.5182
32.761894
16.521688
28.82816
37.406185
26.492664
17.049925
25.471022
25.259722
33.984547
19.804796
22.515572
35.82999
33.15506
25.710382
37.657646
20.066921
19.06821
39.91185
24.695946
33.789906
28.23362
15.789394
32.554996
30.785524
39.931915
38.022156
16.510353
38.81893
24.444166
28.896772
28.33458
33.539684
21.94786
34.95557
37.62358
20.069422
23.539194
18.292353
22.916426
32.177925
29.351238
20.329052
18.387745
32.385803
28.059778
19.7445
19.870317
29.076105
39.20339
36.376873
28.756544
26.753845
16.691618
21.38432
29.930912
32.96155
18.634857
32.723625
24.301666
24.04062
31.20177
16.094692
15.728346
29.922337
40.594944
30.899012
22.182938
35.43914
35.43263
24.473127
39.83582
32.265797
23.834267
25.883564
34.423767
29.531784
19.329723
38.90756
24.73578
40.390385
15.346925
20.474264
28.343458
18.38656
21.479887
27.804104
21.80626
19.334862
15.998821
22.759203
34.49793
29.600267
36.13637
15.505864
20.92888
24.168941
20.568699
25.490297
34.980434
23.702621
37.20746
25.941832
28.820164
16.889406
39.928467
18.643145
25.433823
30.8354
20.185123
22.544962
32.687637
15.985805
35.58937
40.95308
26.625917
33.120678
21.490355
35.47846
18.312368
30.33974
15.340561
22.716475
35.939552
35.63221
29.211626
23.709383
36.159416
15.621861
25.206638
36.646378
19.628859
21.384031
17.713146
39.968567
29.617817
19.850582
39.450737
20.071524
27.193338
38.250317
33.08941
25.135998
29.971659
15.276616
16.849682
40.267796
21.72131
22.230606
28.942625
21.090622
29.203777
38.257378
33.96784
23.211195
40.554268
33.97439
16.459585
37.563736
18.233667
17.285305
22.656136
30.541386
33.12373
31.979198
33.264534
37.034958
34.691162
27.834188
23.502918
18.024862
29.31213
28.376177
40.024605
40.209866
18.827425
29.187548
27.463112
17.306826
24.189323
23.717281
16.28437
23.118359
36.66487
16.91313
18.392303
25.240812
37.47627
33.678093
39.506092
37.37283
31.987494
23.147585
29.712297
35.585144
32.58744
33.09037
33.792225
29.625166
17.273243
27.355389
34.9347
30.35527
36.603546
39.21836
25.266718
38.761673
34.169975
28.726065
18.269102
40.621033
29.02608
16.692953
31.591715
25.87498
26.616526
17.873785
32.0424
29.037977
31.665337
21.01773
19.596165
28.55199
36.21052
34.00339
28.155872
28.901693
32.513386
16.060984
33.49296
37.516907
17.924425
32.206913
37.306503
19.014326
32.953598
29.44775
30.661127
40.168472
36.77143
20.054644
28.199173
34.15226
20.158285
16.265938
34.46963
32.05037
26.52274
19.14483
33.476246
29.424068
37.026005
30.000603
24.119394
37.793987
40.07779
37.77605
17.591127
37.307793
34.510117
32.11043
27.980042
33.57248
29.589014
39.406322
34.352364
18.656582
29.69012
30.160503
35.39798
33.60526
20.942665
28.06303
32.36482
37.46182
33.437366
18.925392
24.452332
37.751984
19.69729
40.367714
25.094526
17.662699
24.02668
37.376663
19.635328
37.735058
32.081398
22.339794
22.78375
36.791443
15.545467
36.96882
21.93369
26.029758
19.151905
17.64327
39.942837
37.74309
16.451887
17.137808
24.287573
35.961002
24.714912
34.44051
30.645388
30.459026
18.133615
32.42607
19.90365
40.045876
22.110357
30.517118
26.353384
15.813236
29.818798
20.148277
21.398865
34.120903
19.462133
20.842024
29.498732
40.49041
26.690712
28.011747
37.251453
17.293224
33.495228
32.226776
28.547874
18.144917
22.557766
23.60566
36.53576
26.254652
16.521427
26.248165
38.775986
24.62972
16.930319
34.173103
17.417448
24.99771
35.695175
22.098211
27.47731
39.584316
40.85595
19.580006
15.385651
29.472715
22.141129
33.525578
30.838257
37.170727
38.364697
31.895056
23.698593
21.224981
26.054983
38.532482
22.199734
35.246647
28.875864
25.494614
39.019314
16.55115
22.379122
24.991156
33.935352
30.764765
40.417908
40.10674
35.717987
40.213776
34.15467
31.84393
27.672037
15.68736
38.01303
29.708351
16.817453
19.253199
21.151487
34.051
28.079601
40.205215
26.077974
20.68961
36.05848
34.935764
27.87768
19.949932
27.955843
36.54991
16.192652
15.199563
40.06135
25.377453
25.570204
18.190973
36.833767
33.18857
26.0881
24.08714
36.060337
39.882008
33.2681
19.912233
27.837427
17.69009
22.205381
22.351532
31.187572
20.532572
17.56993
34.318794
38.013016
39.052006
36.67696
16.51605
27.782976
17.075954
39.176983
28.32982
33.861717
28.776905
20.082125
29.839497
27.706705
31.638554
28.823818
27.457706
18.30093
22.487602
37.828037
25.779125
31.130753
22.312998
37.697693
37.58337
29.78036
40.370045
20.507927
30.61925
21.786213
29.154593
19.948433
25.791702
28.779617
35.23304
27.08805
20.67957
15.142826
28.626606
31.390347
22.931267
37.41383
37.47389
36.27492
30.01727
18.497305
39.03348
18.997688
27.062315
20.373854
34.73892
29.914417
31.036947
18.44707
17.98101
20.295292
17.457155
15.927629
40.56809
20.774317
30.922451
39.72589
35.402573
38.24588
31.316965
18.209291
32.812607
21.56179
27.30467
39.878056
16.19045
33.735664
27.869085
28.522516
21.114714
36.52748
19.079363
34.74759
16.971327
16.259758
25.008883
23.884752
15.238663
33.507656
40.789055
24.2591
32.065
37.908993
38.15021
39.53883
36.541943
16.756062
39.483097
22.466812
20.165388
32.25968
33.44858
22.658562
35.37583
15.416995
17.469936
34.34836
17.782917
18.267897
36.061043
30.974854
25.704342
16.99118
38.875656
36.319885
29.987259
25.769827
20.606897
30.548943
26.730585
37.646008
16.422855
23.949013
19.489616
15.689794
23.493265
35.41925
31.819685
33.721684
33.343925
40.842266
35.603504
22.557444
39.26959
38.348495
23.507225
15.284892
37.842793
31.183483
37.123142
25.435726
23.675127
20.397562
33.88235
27.081469
16.019186
40.899796
35.65854
21.861198
20.543507
21.55272
22.134563
32.739708
39.669483
24.931734
22.466248
31.898216
20.228388
27.132761
23.553272
30.57585
33.878216
32.584023
32.314976
25.908575
21.714315
29.202597
16.769161
33.85327
25.814278
15.433625
28.425003
36.138187
23.076815
30.719883
28.526455
22.847012
30.64592
16.771599
27.020529
16.722317
35.455788
26.641254
39.775116
34.565132
36.98857
26.05533
28.534002
37.210964
40.20627
28.714703
17.372057
16.47851
40.79956
36.347717
31.001482
23.215958
23.390648
25.18468
38.180428
39.110615
31.133802
17.219822
17.688107
32.28131
20.27633
33.136486
36.856026
38.838837
19.674513
16.093634
25.482721
31.578402
31.003004
17.706491
15.109915
36.758915
30.453003
35.501408
17.10075
22.527555
39.083492
30.884787
22.736301
17.96405
24.671621
16.238237
40.63433
37.94757
32.902306
19.136782
33.194714
40.09025
28.04392
28.88434
22.488827
37.834763
40.875923
29.570341
25.035591
28.479465
32.566082
28.673689
28.244743
22.373102
15.438894
16.875025
40.958305
21.812098
31.13369
17.18549
38.48412
37.27697
31.519789
19.759977
28.79069
26.560415
29.917908
30.835121
35.12047
39.068134
23.671099
26.117035
29.179144
23.114473
19.91509
32.641064
30.271309
36.388493
34.517124
22.635626
33.278374
22.93206
25.58396
24.2444
40.21237
19.950127
29.683908
29.096
36.22982
30.564276
16.984335
25.65742
39.45253
32.22428
30.875298
28.067379
38.717854
30.908268
24.331528
18.717949
40.468513
32.470757
25.259192
19.237568
15.392789
24.538708
20.380447
34.725895
35.138496
25.209358
25.828009
18.100607
31.449787
36.469563
26.553478
27.238634
34.413563
16.734884
39.89749
33.229004
19.152689
30.197733
21.226192
35.501747
33.266193
20.777298
21.407854
36.85714
32.591873
29.380116
15.084968
32.491722
20.454758
28.908566
19.191374
28.002394
37.46518
27.995632
40.970562
28.047127
29.143127
23.797785
37.870472
33.85053
15.170966
30.34383
20.121716
16.06488
22.914448
15.916134
18.550346
31.631945
23.00237
22.73158
19.23284
37.238117
16.218136
38.793217
40.97023
39.715332
40.731808
23.199455
15.239846
37.312267
28.78918
18.426352
23.277327
35.145298
38.374817
24.139328
33.248207
39.335854
26.07877
36.944393
22.087488
37.350513
30.42227
39.15479
21.517275
36.88265
30.235363
35.127613
31.996696
28.248957
18.330048
30.015903
29.914938
35.721664
20.67522
32.885246
36.207417
35.476845
15.555201
16.05992
16.756687
27.911615
29.781477
29.292213
26.433886
35.967735
17.927698
24.889418
19.443129
26.796343
39.77083
24.286642
28.75038
19.608438
22.646805
17.719559
26.810041
37.877842
21.266865
38.62969
22.546553
39.198284
23.69116
33.2259
15.605006
29.0434
18.619146
15.229256
36.253883
27.438274
21.931602
20.244406
22.00468
22.123407
37.507065
37.429195
34.007305
26.176706
16.73583
32.175205
21.586802
18.256447
16.86756
32.36548
19.90608
23.637842
30.353941
32.441605
21.670954
22.038177
17.685734
31.990986
39.037983
31.860174
40.873905
22.856009
22.442175
19.930601
39.687477
16.87042
20.930843
29.070818
18.036077
17.244232
29.771454
34.908264
27.4731
38.34692
15.595523
22.22267
28.69574
39.179813
23.147207
21.817972
36.131084
21.18196
26.824396
23.420807
21.22282
17.179876
22.631767
24.428541
38.871006
33.27005
31.909367
26.464756
22.62777
29.214075
15.256961
33.647205
35.714653
21.529852
29.443518
24.23316
32.70273
28.87826
27.772833
32.8792
36.784492
21.573252
15.370437
36.137413
23.966993
38.084335
15.163591
21.007088
20.228418
35.253914
27.945286
17.370842
20.705881
29.61794
20.84482
17.966408
23.319971
24.696957
18.771675
22.17995
28.892029
29.415472
30.95603
38.394207
37.77301
35.911247
15.578409
37.884365
37.278206
38.912052
17.662607
25.326992
36.80993
29.585907
34.900154
30.87196
30.45071
34.311962
22.88123
28.4247
26.022467
17.172565
15.326108
24.295788
39.13237
20.133133
36.342796
33.697212
16.564209
40.854984
22.480726
33.699352
25.524275
16.877245
26.406963
28.21003
33.713787
36.507526
21.400558
31.296772
31.975233
25.177
20.542301
31.745584
20.347874
15.244116
26.471268
38.13444
39.76808
15.272129
34.886196
15.896855
21.363056
17.659185
15.588901
33.860703
31.31186
23.165693
22.798498
27.569757
27.585588
29.362228
15.709455
30.33011
27.528925
25.312258
18.823019
34.370937
34.208145
26.907469
19.450813
37.768875
34.726105
24.189476
36.970932
29.857477
17.292604
17.72026
22.911121
22.728006
23.738882
29.604658
16.740131
33.125126
32.37794
22.121729
39.36764
15.550744
18.637753
17.087904
38.784603
39.711586
21.732285
30.053257
28.020174
37.580837
40.785744
29.223326
24.647905
39.29141
15.288187
23.60236
21.443094
18.838224
24.536219
20.269958
39.474785
40.13911
38.800205
32.931507
39.91007
39.3887
35.35999
38.923897
35.114998
20.837006
37.26383
17.711472
37.25551
38.13407
35.690815
24.573233
35.533436
22.204384
24.134806
22.660751
25.436848
37.249485
36.27835
32.89736
30.940538
26.924541
23.387974
22.29263
37.461662
38.994312
21.337585
23.16219
23.557161
34.84626
27.954607
20.471453
36.843746
32.12335
30.283897
36.062855
24.42786
20.436285
22.577381
40.879658
18.252161
31.624735
31.342686
37.465477
15.196731
37.359367
21.621998
40.997135
30.517351
30.01124
34.82274
35.89951
25.259813
39.66243
26.884531
22.694496
15.6583805
30.891462
16.342344
22.152304
39.208168
35.539433
24.933577
21.041769
40.095337
30.04748
32.79723
39.817356
27.975636
26.153463
20.026243
23.434135
18.710985
23.745558
36.35938
26.147896
39.6054
20.492674
27.13706
33.63623
40.92574
26.506422
16.295795
31.067303
32.04937
33.73657
34.13887
33.8466
22.449984
35.06172
38.89628
24.687977
20.914467
35.109245
26.674753
20.383831
38.87783
37.723175
22.299265
18.190168
29.56987
25.696123
19.760052
35.095997
25.786375
18.891031
25.504824
33.41236
37.529297
17.200752
20.653574
17.094887
32.50451
18.928362
17.363813
35.00478
25.52235
27.11823
36.03701
33.916645
39.21534
30.127752
21.832325
23.497559
40.16904
30.301825
35.041656
27.710371
17.556295
35.996983
34.280437
26.135141
25.671503
21.39933
20.161453
38.55623
37.380993
39.59021
20.144358
40.82849
34.43698
37.135754
26.5915
27.514624
20.846865
37.111294
27.711004
21.076645
31.046177
19.918865
33.030983
40.50805
25.492714
29.515724
37.324104
22.209219
18.480972
34.744194
33.489697
30.637114
20.470146
15.337803
33.800865
37.801365
26.025625
31.876017
32.13712
15.032333
24.59303
18.4696
15.348252
23.61279
24.755487
18.280922
15.733204
26.843277
25.368992
29.118261
22.768019
40.902397
25.027308
25.290491
16.679852
31.466578
40.67705
28.6682
19.23943
15.470085
18.885191
20.469666
22.2322
34.614414
15.255403
15.674784
29.468857
19.277285
34.796257
22.16738
37.908764
18.324991
30.663485
34.716045
17.495234
37.99779
32.63009
31.725985
21.639479
23.516634
39.882313
34.328987
28.940456
40.350475
23.29601
28.826077
35.69073
28.18698
34.217213
36.757027
37.99381
27.565386
23.95225
21.94323
33.90642
30.858898
22.666954
16.735203
37.91944
33.83487
38.2011
22.393261
34.304153
27.37469
16.423412
37.039623
36.375988
29.101208
23.184065
24.942543
29.565542
17.640078
35.665756
25.027771
39.33739
20.032404
19.991116
32.45994
34.459793
29.419632
32.313267
36.896233
35.903984
27.53759
32.29809
38.586945
25.73956
22.785114
18.900835
16.882364
28.79286
15.673728
24.646313
18.902554
30.54813
39.318356
24.241207
15.136529
31.796677
35.29505
28.27846
39.559464
27.87707
30.670221
23.038025
40.491394
39.999878
20.296919
36.9448
26.868141
36.113304
29.577188
19.113745
30.854908
37.041428
32.80555
31.593813
21.805334
38.214764
32.937157
26.416483
40.453484
32.213108
18.165266
37.361275
33.923576
26.553621
39.046024
36.469852
21.651974
22.682468
35.07479
18.771856
19.638266
39.9662
37.596558
15.429855
15.576988
16.629473
34.724125
23.567335
22.36886
20.04861
17.541206
32.412903
38.270107
25.585869
37.283627
30.075426
24.510765
22.237164
38.420326
29.259003
21.597588
18.766428
26.59682
25.533344
29.714474
23.712656
27.257442
22.394194
18.643076
20.681036
34.428486
17.280142
16.448519
32.667557
35.623093
25.956291
31.809938
19.81674
34.119625
23.231863
34.3228
39.975178
33.968796
31.847998
24.35973
38.678806
24.000866
16.553625
19.148851
36.799877
16.832743
24.881441
32.61339
19.979847
37.4158
39.94264
27.213604
16.187384
29.01874
17.678211
16.54174
22.266079
30.705925
35.436264
35.74323
39.174255
15.349989
18.488945
28.971773
28.769785
23.00867
34.15916
23.033575
36.455593
27.099262
33.59654
16.135416
31.777021
36.220093
30.92356
34.223835
37.150032
24.69702
30.467041
24.787212
21.29967
39.97382
19.096783
23.18993
40.70109
30.819054
28.31227
37.61756
33.34084
34.987778
17.650013
21.534222
28.453932
16.455206
21.22826
17.188053
29.542751
24.630287
32.802402
22.148092
19.94659
27.060736
17.57357
17.115433
36.5061
21.057096
33.17459
37.323986
33.45477
22.391876
17.751516
17.730825
17.570011
30.770863
23.865692
17.893412
24.829212
28.127172
19.060398
33.94071
22.341621
22.95472
25.367764
28.367548
15.164745
33.876144
38.775784
35.51626
21.764349
20.43143
29.731924
39.556957
26.340061
40.676826
23.128922
32.537575
39.013935
17.599731
38.900066
32.646976
21.967274
17.583797
36.345314
35.219387
23.011305
34.19939
36.61632
23.205387
31.790344
27.448185
38.407547
19.844816
35.841297
22.256584
37.832268
36.09887
20.071402
34.491272
22.706429
39.033688
31.866365
26.061121
28.019997
16.794853
27.004065
30.773252
17.24448
23.072037
20.824265
39.527092
27.30707
35.0253
26.692776
33.15866
31.555876
21.52931
35.69882
25.788513
26.847443
25.288982
17.737267
28.880104
38.00686
28.889874
34.652836
24.381502
19.342396
31.168839
36.96117
32.301792
30.640738
26.42534
28.812181
17.864578
40.125584
28.940933
27.323854
31.98449
29.231459
21.034325
32.19016
16.228628
37.726208
24.451626
17.554579
29.653387
32.70991
24.276154
34.541176
17.948105
23.324406
31.739483
37.547962
15.170522
36.626934
25.325117
22.4328
33.025036
19.012922
16.378504
32.059887
40.113255
27.817148
18.071812
28.325283
21.877377
33.279118
23.019215
15.742889
39.060406
31.927654
19.098137
37.947563
26.4233
38.62136
37.104218
17.06007
16.187572
35.97566
19.752523
34.758858
22.212963
36.713905
21.234734
15.116614
25.273245
30.599085
30.051926
24.784885
40.959324
17.034277
27.164688
27.947989
27.717213
33.164265
40.63718
21.617786
27.319567
37.367245
30.898968
23.303844
31.672903
37.394726
21.50825
29.868795
18.278713
37.09945
28.872318
31.46673
37.895138
23.68515
30.765947
19.862738
17.986938
40.718746
29.685526
40.144646
26.404934
40.76462
19.086702
22.863419
39.40222
37.432316
24.375395
37.976513
16.572863
37.873123
40.156906
40.618946
36.589836
25.317614
24.695108
33.689632
31.722565
17.11544
23.793413
15.516067
30.03026
38.920208
31.381529
40.448162
39.855965
16.156483
16.97678
36.13258
31.78708
37.71261
34.885994
21.431717
26.60175
35.9221
36.52377
23.476875
33.886448
33.328094
27.545177
33.18313
24.98868
34.46944
35.62571
21.703667
17.759636
33.98363
38.668583
29.76442
37.145287
36.69096
24.979246
39.595
27.100264
15.005944
28.51921
19.260094
23.527533
26.016079
31.73609
33.59557
40.987778
26.874813
29.664
22.666748
37.775986
18.774595
27.998262
31.691402
40.628716
38.697613
20.670551
19.708128
19.80406
26.385906
19.085472
39.921036
19.567322
31.529222
37.626762
20.614635
40.218918
33.038097
20.30112
29.80815
31.717112
30.451307
21.459875
19.4064
27.676567
19.02095
21.42354
25.504812
40.064896
30.825087
23.531523
32.718937
19.272713
40.37697
18.64901
29.93433
37.39887
40.631603
20.485369
18.71047
30.570967
18.03443
18.213123
29.722816
32.9123
25.313608
25.823841
23.089996
26.369917
40.08657
26.417053
39.2085
25.0344
16.033049
22.190565
21.805122
37.810673
37.38097
21.285295
20.317865
35.339916
24.75833
24.835058
28.42877
35.926422
39.08313
37.58144
15.597687
24.889046
40.095287
21.236217
26.783781
36.23556
37.37841
35.408527
32.191982
40.849174
20.27606
32.361206
23.844513
31.479967
30.976297
35.120598
27.052994
37.75008
40.219795
27.53626
30.454473
32.10998
17.581133
19.7719
38.175243
20.22409
28.079378
29.405998
17.899038
32.617664
23.993301
22.830452
19.141714
16.58279
15.188139
23.957811
34.872368
40.31985
35.005005
19.382385
32.771217
23.081867
35.820675
25.087856
25.877516
23.692638
26.75463
25.55373
36.15605
39.22559
15.681813
25.685253
16.59886
33.858788
30.703825
37.376175
29.878939
34.96256
20.537779
15.71103
38.28586
31.329685
30.90129
18.82333
24.698383
35.124218
20.903648
20.248373
27.687239
22.60333
23.697392
25.244106
39.491455
18.957779
25.201134
39.000763
23.574657
25.720018
29.573637
34.919754
38.74308
15.104998
36.300762
35.21455
25.3949
40.377193
35.251083
29.971104
36.370934
24.878506
20.86254
24.502523
30.089682
22.705072
32.741745
16.342611
27.174913
37.18714
35.389095
34.545036
15.622124
27.304613
16.507038
17.089722
37.700356
40.961918
35.405468
25.14529
36.24894
35.649357
40.387367
27.69617
22.803991
25.434143
18.679483
20.615261
29.07743
36.45274
26.466871
32.647728
16.711721
17.117304
15.896909
36.968918
29.946314
20.102396
38.53743
32.98899
17.857285
26.844212
20.705315
16.899231
21.16948
23.763084
23.325968
15.089759
29.290865
20.711044
35.540825
18.015556
18.18173
32.249702
31.149117
31.347588
32.94671
35.27978
26.151741
22.317978
20.625538
40.272057
36.159332
24.053034
20.558813
17.89064
26.23313
15.385122
31.917927
16.152845
16.846487
18.144201
28.513754
19.436068
16.08645
28.252068
19.836514
33.62053
27.959013
15.077133
26.4297
21.447815
37.718246
23.45485
35.16376
38.77855
27.508686
18.538595
35.750698
37.848713
27.292004
33.218178
35.928555
25.852503
35.023067
31.227844
29.145262
20.22067
22.34722
28.262896
37.284084
23.816872
33.709698
24.433922
25.998367
37.940468
29.699734
16.20974
17.561193
30.502789
23.696102
18.63505
25.785875
15.034917
16.437408
17.056005
31.536171
37.28846
16.009657
29.846668
25.620472
28.106943
24.925205
37.701622
26.452085
33.973804
23.461386
32.94471
36.758175
18.18415
29.233719
18.001244
32.832737
19.94083
33.09775
21.690647
21.354485
37.841434
40.905243
39.31891
30.62827
28.201384
29.384504
17.684881
15.259218
29.449211
16.471413
27.061794
19.731493
19.43374
39.78665
16.975052
33.13911
34.8988
35.63651
31.169716
24.404028
29.60969
24.908592
25.545805
34.717228
27.656582
29.540472
17.03681
27.651266
25.313616
39.85852
29.41659
29.418285
20.4984
35.01567
29.842087
20.085283
19.355164
34.001114
37.574066
39.20888
16.775873
33.251534
15.765327
16.314693
17.777044
40.762596
30.46565
35.921772
29.566097
23.781082
20.064932
28.400576
25.859545
33.65223
17.280804
27.853184
35.55635
29.203384
32.49426
18.417473
35.223312
31.164309
21.746569
34.92229
23.015333
18.556087
31.033045
40.65859
24.631952
25.724699
30.663994
36.18187
39.702534
29.752
27.410429
36.524174
39.596035
20.345993
23.91192
31.96922
23.067253
23.993841
28.396181
25.632242
32.380035
21.15536
29.144785
31.486404
33.588863
25.581188
15.336679
39.19061
34.51382
22.45913
20.910904
17.098873
36.609894
15.023712
24.91219
32.169357
18.410177
27.508175
36.417904
21.141531
22.513422
37.874744
30.592041
17.312786
33.190018
24.628181
28.671764
15.52132
39.596447
36.19924
32.764214
20.529875
36.316765
26.878824
24.216118
22.90537
32.490707
34.090214
18.015963
35.70239
19.141512
29.905966
15.198299
32.783783
35.482567
15.147672
26.541958
33.44962
16.96052
35.150875
35.988766
40.196102
28.583498
32.33418
27.156605
32.88886
16.686588
32.080605
23.080412
37.410576
18.702755
31.121027
33.887005
17.930672
15.735899
21.60351
25.49435
29.345196
30.773758
17.339146
20.623198
32.14801
24.231861
39.334038
39.418736
20.019648
38.185802
37.64877
28.802208
38.758247
17.127548
39.87081
21.30718
27.827208
24.372604
19.041958
37.60246
22.75721
31.348263
29.752079
16.16332
37.91563
35.90929
40.292004
30.62514
38.744194
37.55582
37.252613
32.238102
40.46614
15.96935
28.7638
23.539068
18.47715
28.636093
33.68607
27.86637
24.159506
19.49316
40.499252
31.665607
16.696993
19.511368
31.376928
18.669262
34.61837
39.919598
25.991747
40.98022
20.260145
23.37913
17.966051
33.84906
24.114788
35.83234
18.563797
26.507217
38.11838
23.978765
17.213907
20.802958
31.332125
24.372402
24.76188
16.58423
26.185009
21.98781
26.96555
37.78241
40.470306
36.768448
20.682571
25.973028
39.626488
32.14925
33.44139
40.82453
19.48354
23.836494
22.64398
25.293192
23.6185
18.231476
21.517872
33.682205
19.739525
39.80052
25.116627
16.755234
38.10557
19.422457
37.16201
29.97935
17.889256
25.285563
21.327751
32.669716
28.60331
26.259655
26.684004
37.318016
19.236437
24.83486
16.453156
35.708935
29.582281
28.697279
15.971842
19.563812
38.395603
16.802608
27.810638
18.39773
29.472637
15.412443
29.372055
34.036232
21.528013
21.973894
20.969072
33.80997
32.828518
21.95175
38.380646
18.830456
40.944332
19.763351
23.187193
25.947317
29.691309
19.819925
28.80826
37.997196
33.363228
39.344124
38.09617
36.77678
30.69083
17.112
21.583652
30.807108
23.614902
19.558697
16.040003
21.403652
20.92347
19.790659
18.859552
15.826391
40.07863
25.963129
36.987827
17.356384
30.146393
29.21028
35.58491
17.03009
26.643358
15.85629
37.432182
16.459972
29.326828
23.989235
19.2077
25.679682
36.480476
38.645634
31.187284
38.27438
20.08553
36.832043
38.67221
32.19151
37.41774
23.401093
38.501423
26.574623
40.07347
27.402882
38.375008
38.722622
17.203466
27.948635
36.397476
28.849012
21.820818
38.85209
19.243547
21.700586
17.450073
36.35506
15.655637
33.292168
21.097252
40.09715
33.60155
28.02383
17.545967
36.155594
28.352438
40.269325
37.32273
32.459774
36.985172
23.159073
38.32491
21.175852
38.370094
15.728545
33.067703
17.760637
36.57403
25.862423
35.781868
40.299698
17.790257
30.537342
38.18187
29.47328
20.401192
30.750698
19.62445
29.034628
36.58621
38.220318
22.590559
19.038815
16.006126
32.449512
31.948969
25.226166
21.527607
24.074352
34.297745
19.942942
35.694733
29.544716
17.830202
24.77289
36.711807
17.137947
39.63481
30.656862
36.07046
23.063757
16.113922
39.69363
20.635826
34.991215
27.294106
26.043646
26.00066
30.713482
39.201225
17.398396
27.223024
37.863163
34.18633
19.331615
21.682104
40.600998
31.113766
40.51459
22.718569
27.022757
17.660866
25.256298
21.969885
16.66411
39.628925
37.12013
38.867718
38.930378
25.12806
15.472543
27.633636
22.53793
16.773987
31.734905
33.29102
27.126215
26.622562
15.838323
30.7052
17.08419
20.468407
23.922335
36.470467
20.332159
30.346764
33.671803
36.58179
25.309855
36.603172
17.852358
27.260666
15.743758
15.733389
29.583261
32.0487
16.901562
25.34641
30.677624
25.33912
34.988792
31.066338
24.98336
26.885643
27.102488
21.964207
18.074297
37.509632
22.729055
29.198792
26.869413
17.22076
21.158163
24.945786
25.79913
21.27293
28.381865
35.40769
29.991148
37.29638
24.057835
34.722042
24.614319
35.57858
25.93791
25.92362
24.997543
30.810575
29.797918
40.766544
36.431725
27.172209
33.35195
20.175175
25.666323
33.498604
16.894114
21.368027
22.028025
33.452164
29.482971
38.286858
30.817646
21.118261
39.36872
26.863466
21.182322
29.249594
31.060333
23.869595
25.013561
31.503235
30.939764
33.62079
28.58784
29.446077
22.652483
20.642895
24.644793
31.848516
32.638443
16.560272
31.389202
25.842838
37.1148
39.92776
26.506418
22.891933
26.581501
18.503704
16.69689
19.195606
40.49312
24.54937
34.464005
20.155853
21.125048
27.140366
23.930443
23.829184
35.8595
35.18862
34.311756
26.913134
25.126434
22.8989
37.341946
32.745804
27.056854
37.721592
27.424236
16.041386
23.540718
21.514118
40.571384
15.6412945
35.82887
28.585957
32.303238
22.429596
21.07826
19.577833
15.585422
28.743187
34.311943
19.713486
21.62137
38.101185
19.15009
17.86274
38.851162
27.88474
25.36559
35.067608
28.863878
32.71755
31.827497
17.708447
36.09645
22.729023
15.717901
17.32515
15.170321
38.626183
19.042522
22.258696
37.50831
20.55706
23.402657
17.741312
29.47764
38.117386
37.755806
28.838852
39.721012
20.534153
33.4646
34.736927
31.566164
21.053669
34.31844
31.262695
17.445421
39.868378
30.409475
17.247072
28.110142
15.535912
33.75435
31.357613
36.091114
29.7754
34.375393
35.370087
34.334354
30.770306
32.189735
39.497234
33.232864
39.66358
22.502028
29.356087
30.378366
39.80018
23.156237
24.430563
39.27306
32.453526
39.47432
36.47401
35.969986
32.26675
22.994236
39.196705
28.15158
34.44606
27.717104
33.796257
17.509483
17.862865
19.083017
28.414202
25.45476
35.65276
32.21737
23.440006
24.16614
23.643808
31.124226
24.734077
15.7749195
25.003027
37.4506
31.304253
20.088697
30.859213
40.205242
18.745646
29.67211
31.341873
26.38781
34.841637
30.331259
37.470165
40.86904
15.124125
17.089558
21.632362
26.059862
23.904129
28.59619
23.015547
35.917072
40.30915
30.574436
34.276848
40.65556
15.201626
15.395624
40.991676
34.171726
29.503222
26.155472
21.971062
39.630127
29.412523
39.733093
20.40934
39.92498
21.279175
26.228994
29.005072
18.800648
20.485332
27.906862
34.69222
29.299744
28.585709
17.304966
34.425224
28.904978
39.1704
17.536549
34.580845
19.25049
27.440044
27.964546
20.971113
20.600735
35.32078
23.414537
24.206095
29.429749
17.09681
32.880783
30.201609
37.38091
36.00136
16.283823
27.996298
29.64698
33.982136
37.253975
22.72407
20.382666
38.94525
34.143784
34.58203
24.14644
34.18212
26.513258
18.940742
29.56591
33.396534
36.18548
32.362667
40.430565
33.774647
18.635994
40.22645
28.23813
20.878445
25.958027
23.8987
30.855455
18.793657
20.936533
26.951612
22.402159
18.925999
40.86762
16.793978
39.725018
27.114937
37.67588
20.264656
26.903343
37.322193
27.610744
21.231827
33.110332
31.052462
21.34386
17.047907
38.852734
22.876785
19.64318
38.8292
17.120785
35.9544
30.965317
31.960985
23.302822
35.286747
25.286304
33.97286
36.853558
36.587772
35.281937
22.985811
26.652414
39.117447
29.572308
15.301686
18.748022
25.600927
27.161247
19.387232
19.757198
29.443617
25.429857
23.499182
23.571619
20.85277
30.084326
17.503386
15.222539
19.189182
22.311771
36.060184
27.763735
32.897934
26.063835
22.279827
21.855116
20.704987
38.866287
40.195923
21.364202
30.41686
22.843912
20.961493
29.749916
30.623518
40.75346
37.54141
21.25295
19.879915
16.733463
19.856562
17.989176
33.529667
25.20825
36.829292
20.927374
24.234549
29.924461
21.586287
35.429813
20.486568
18.451927
19.194176
34.543976
37.90461
17.646791
34.734844
21.555946
24.955645
18.553236
23.271507
35.450874
15.890848
19.011198
32.31327
28.873001
29.14984
26.841015
35.75509
37.937695
39.26168
21.891905
15.951552
32.82004
16.359169
31.469725
29.577253
31.429451
25.823275
32.700478
37.232918
29.676846
35.28761
21.239521
30.375807
28.850945
25.258007
16.402485
34.084423
37.44226
18.940407
36.272392
20.411745
29.388268
38.520393
28.628508
22.637846
37.160492
17.100864
34.645943
15.601868
40.37396
23.779491
36.231083
21.475014
28.671776
25.935665
36.58638
33.830307
23.522367
29.696918
21.139128
27.67156
17.264091
34.767803
26.322271
17.20306
27.24184
39.32946
32.861416
32.55323
40.20241
32.55617
34.200626
37.409557
19.250196
24.445404
17.490664
19.578764
36.61209
35.12089
22.166866
27.85538
32.220154
40.543617
37.559772
23.26342
20.692951
18.65342
34.210262
34.73012
19.6812
17.364458
21.60184
22.557224
36.740593
15.550504
39.876373
35.67453
21.904514
24.181557
34.76543
20.591997
30.951544
37.111073
23.44807
19.210922
25.997469
27.663555
40.336746
19.211199
15.4887705
40.13509
19.896711
36.600994
28.934296
38.59485
26.520174
19.196684
22.784136
30.963438
39.205
22.295042
38.749466
16.244392
27.328873
27.606428
30.554352
16.997938
35.16314
17.636683
15.620361
23.671665
40.936855
34.13726
18.506996
16.240492
29.239767
34.98713
21.065788
15.758803
37.34422
28.926697
38.21316
29.89049
38.62935
27.933102
17.986885
26.258005
19.707027
36.707916
28.123281
19.53948
36.077465
23.742378
18.777023
18.64326
32.18344
18.731947
22.202724
15.002209
19.585651
38.731136
37.227215
24.055445
39.647636
20.371141
29.163681
17.32307
16.597303
27.707062
34.453636
26.129898
27.123085
38.817963
35.76994
17.997025
35.76622
21.152355
29.573805
20.995468
23.28677
27.793192
22.191109
19.944073
37.90937
38.310646
32.357956
37.234154
18.895866
20.677599
39.882812
30.276325
30.24539
20.84191
33.582226
37.090366
17.488485
21.981112
18.969475
27.396729
30.520454
38.209442
35.310177
16.718904
20.210022
25.563608
18.606232
15.468532
18.123009
34.46296
31.829208
31.760675
39.116676
30.52132
28.296503
25.794538
21.788956
30.581848
40.468468
37.035236
31.807716
36.15299
20.641851
35.14521
31.998878
39.0427
28.02477
33.639217
20.738026
29.91976
26.50062
37.574684
30.668825
19.775122
27.023123
35.23971
17.062521
40.81293
36.031986
18.763773
21.23624
31.169922
40.538406
21.85165
25.363995
25.043604
29.601906
30.428993
26.742603
34.30374
16.80477
29.888256
22.11594
33.468292
33.027607
22.836718
30.014324
37.044147
25.339323
39.773632
15.231914
24.664545
20.137104
35.961468
18.543488
23.19932
18.806654
30.906557
38.553024
20.070671
38.120377
30.327448
17.169962
28.376326
27.350763
34.26451
19.625088
30.103611
27.648699
23.072376
24.166485
28.712086
26.620974
19.437063
37.617012
18.66901
38.238758
31.272648
32.828262
17.141092
27.218363
31.3776
38.732002
23.97758
37.83805
33.068924
15.168622
24.363914
29.78929
36.66253
32.963074
40.081783
30.108187
33.631214
36.822353
30.180588
16.49259
37.546993
34.54457
24.046932
29.3826
17.502459
28.758204
29.352932
26.066982
30.606125
28.951078
36.17074
21.775293
17.359762
21.902184
28.659847
28.22525
17.250975
21.79546
33.165382
21.417122
15.732254
19.27316
18.309687
21.601784
19.908102
23.477451
36.716198
25.296207
26.714693
38.732384
19.373735
31.980028
38.151955
37.93446
28.330957
40.679054
35.21586
33.948433
29.40487
32.026375
15.57904
26.346083
19.89393
27.588903
23.780806
31.679193
32.905464
18.257126
24.713
31.14393
27.838652
21.317894
37.526005
23.972427
15.808602
19.465021
25.729631
28.178307
23.353582
30.449623
36.226498
18.386452
33.636658
25.331938
17.290901
17.393309
15.534634
40.368626
17.094067
31.83255
25.501299
38.454304
26.277052
36.861923
40.89867
16.73336
40.28551
28.140642
34.608994
17.507801
39.705822
25.532665
21.172024
17.889257
29.6801
39.949776
20.436071
31.777895
40.62788
38.539314
29.768124
37.6984
33.96524
20.025017
40.23739
17.7828
30.287498
25.425346
31.86823
38.76238
27.569443
39.602295
24.052704
17.21539
29.337574
26.134584
15.519426
18.51492
27.481623
27.862762
37.87476
39.930645
31.398005
34.119656
33.66385
35.160805
34.495853
21.13823
38.143208
28.205215
18.746534
30.419804
21.513275
22.937674
15.920554
24.949247
25.228355
40.9956
26.431086
23.05962
40.183113
38.677277
23.29125
28.477392
28.068903
29.421597
39.592697
36.620277
17.999832
28.142706
25.12591
15.573317
34.627617
37.20148
35.288044
29.334793
17.395939
27.11822
29.261978
30.902128
15.329102
28.265583
18.600716
33.558907
33.80653
28.728157
35.8141
28.327662
37.143654
32.27472
39.330196
15.96914
29.481495
28.961575
18.291662
15.137203
30.481325
31.270136
26.047699
26.339584
27.627438
40.87911
32.915184
24.208237
25.56022
31.181469
34.807884
40.248985
20.793358
30.478674
16.670609
24.718763
17.413092
40.41929
34.3055
25.569689
25.914188
19.696512
37.140583
18.502762
29.196312
22.278816
19.766064
15.090011
26.92622
36.520203
21.65178
29.652359
39.965275
24.381353
32.35958
26.121597
20.36848
40.690163
27.77731
39.46826
21.580286
18.88
31.426435
38.44332
21.884165
37.96621
17.733318
29.360022
23.907015
33.656204
15.304434
40.4333
28.036123
30.43575
29.708788
40.797688
19.97556
17.233738
39.04615
29.740582
38.35051
28.840166
33.66765
37.91641
35.262196
30.636618
17.815563
17.348057
15.002657
21.39595
39.662228
40.87558
25.757866
39.917587
17.253086
38.378197
28.059196
34.08713
19.197124
16.57402
15.987483
19.583672
22.598042
23.493113
34.69054
33.905613
38.682564
33.822834
26.644083
17.645393
30.857656
15.240578
21.26775
31.015924
22.516266
26.577456
30.001932
21.516216
16.811607
24.197496
21.75788
40.32098
25.832958
23.330471
21.772608
16.488766
32.14122
22.262455
26.331816
37.405403
31.460518
17.266756
18.568146
37.014393
27.47235
30.948856
34.598747
24.332981
34.12186
36.28252
30.635303
17.512651
33.62103
35.03025
20.381237
15.274789
37.42161
16.469795
40.025005
35.937233
18.830935
30.389381
23.445044
18.444592
37.65663
25.167942
20.861015
15.824957
19.291739
27.422535
18.097698
19.318039
22.989464
34.18374
18.871954
39.054317
28.727404
19.850765
21.069923
28.612247
23.02374
36.281612
27.850634
36.040226
23.34349
39.289516
23.59395
31.002314
16.32065
30.54556
31.204863
18.591463
36.922535
32.42825
15.092796
15.0513315
29.8955
32.714375
37.26373
25.15739
25.35656
32.17161
34.394573
37.33048
17.233433
39.091633
21.503431
20.690538
20.405773
34.59371
34.88588
20.205713
17.863392
35.13216
33.356747
25.851578
38.972546
40.057083
32.518326
29.267681
16.029356
16.306366
29.770166
28.783276
26.679697
21.347847
24.082306
40.881355
40.49794
21.344158
18.172773
19.179977
17.042152
30.178722
27.662018
36.831993
40.0414
28.459908
32.02093
22.879185
18.02108
35.91136
31.685822
21.543982
37.635143
39.660057
40.582844
21.701786
28.249502
32.849613
35.486008
31.849102
32.90872
34.734932
31.127037
39.76752
19.7185
22.95528
32.782017
33.78081
38.88948
29.03634
40.178837
34.0122
16.21304
33.33793
30.001194
23.371078
21.577883
33.64246
21.008911
39.133305
39.286507
22.37029
15.851128
30.926348
37.393482
35.01166
39.017918
35.690464
38.06298
28.780846
39.057625
20.759197
38.030766
39.72675
19.18133
30.58742
29.656353
40.57515
37.68242
22.852238
40.76383
28.431257
18.218534
39.66201
33.49532
29.137445
31.934635
33.430832
16.738928
33.55927
24.650194
32.61076
39.343307
28.364151
24.8901
33.92119
26.294067
15.960447
38.408012
36.974625
21.30243
15.18075
28.032557
16.270391
18.844585
28.021704
18.160898
32.41245
16.590498
30.29368
37.030823
39.104942
21.373852
39.38718
19.021664
26.988712
34.38018
22.528774
23.666
33.70435
16.06815
29.878038
17.798233
37.702118
34.48934
24.607794
16.32274
21.266342
36.13475
24.713644
21.4535
15.981589
40.211655
26.714659
35.958687
31.440302
27.34232
39.63571
20.937864
25.37624
40.076527
38.70289
24.966114
32.605408
17.322632
40.036953
35.058483
23.165865
15.827412
32.29586
16.839846
34.870117
23.172739
24.695818
27.549376
34.118538
24.407566
33.13142
21.065508
39.269524
18.39659
39.218876
33.006348
29.12187
34.242317
15.002409
40.14218
33.137135
26.725206
34.792377
27.850872
23.914457
28.6069
35.14469
18.15352
30.127665
26.854454
40.34464
24.986975
35.644157
37.36893
15.924222
20.80139
29.867409
34.639477
30.720673
19.315138
35.47967
24.89457
40.77471
17.316093
38.708694
33.784855
23.970795
15.76736
16.00206
36.40746
36.737484
19.15725
39.565063
30.569578
37.35463
40.02737
38.6027
23.589457
36.45508
36.91938
39.303703
20.645836
32.162148
38.6001
28.614311
24.71228
34.970097
25.356272
16.67166
26.450747
35.953297
23.39446
28.401539
29.089077
23.180979
18.938177
16.232456
32.270058
39.31774
16.483475
39.13773
32.135014
32.30616
16.85591
16.289642
40.492878
24.756346
33.20586
18.49439
39.82594
30.208216
40.88591
37.273846
37.096535
23.785898
36.27308
35.969967
21.844168
36.929573
16.030329
27.56987
24.900564
26.86867
34.04598
22.08443
27.200472
27.291306
40.3462
32.260452
29.62896
19.26836
34.64501
36.16631
32.62133
26.906633
30.877752
38.763172
16.319687
32.434013
16.058172
33.95866
36.4905
34.46063
27.105967
17.837143
24.12057
29.013437
26.910646
20.770569
33.633957
33.607746
21.829353
34.935993
28.010576
18.097694
19.060286
26.400793
32.737305
26.338676
15.890123
27.383745
30.48559
23.798262
33.68294
20.559992
24.68468
26.16817
37.659714
19.3501
34.747726
30.758362
17.011736
24.018238
24.608225
33.99531
30.697811
19.10177
25.437235
36.70009
30.394323
27.204273
30.937206
25.987844
39.49886
19.506327
37.446083
36.608837
39.832203
36.48312
37.235825
15.342131
37.740204
35.265213
35.852264
29.65665
36.666145
28.838608
31.11877
22.270252
23.945833
38.852417
38.51388
16.466002
25.57183
18.187359
25.033636
27.065874
27.97988
27.63541
35.362114
38.815598
20.52968
27.050816
40.199158
39.60038
16.283854
19.154898
18.93206
34.389763
39.93304
23.811846
23.488462
35.10089
28.271748
38.039948
31.17059
39.67297
20.498697
22.282526
21.546274
32.561707
24.79702
34.535038
34.06022
32.59107
18.14386
26.809633
32.929226
26.640692
28.105545
19.115648
16.0981
39.000767
30.493599
32.64442
31.558285
36.392277
21.188591
28.16886
25.169163
15.628984
30.182863
37.80323
37.27239
20.68852
16.949886
36.215626
32.85249
16.563543
24.617111
29.145542
37.772327
40.679844
38.100822
40.651203
35.69999
38.896854
16.355623
15.895944
40.743954
16.147038
15.197885
31.480366
25.526403
15.624099
30.781546
34.336678
21.449778
15.096032
32.736355
33.02388
39.24975
40.397495
20.222763
27.897263
31.578
20.447037
33.714333
21.072918
37.32122
31.23821
32.18762
33.367775
39.638065
22.169617
23.58119
19.46786
16.283657
22.80747
21.879566
18.462343
15.691784
15.715229
26.984446
36.578117
39.497574
21.338434
21.654833
22.459448
25.709078
40.09883
19.229206
28.659533
32.57389
26.830418
34.58712
36.14553
29.337435
31.481087
34.86416
31.565876
28.552385
27.606974
39.803425
25.78854
17.374113
28.602745
38.308243
36.79105
20.364914
38.83946
35.75506
18.36794
39.73017
24.922762
31.932009
26.31854
40.622513
29.1376
28.087881
15.787739
19.175388
16.811708
25.507763
15.254687
29.265398
27.80864
31.275856
32.299126
32.653107
23.652056
17.44255
35.722313
18.114937
35.88664
29.68199
35.859264
32.454124
18.19686
40.70804
27.991314
23.866684
20.533459
32.210663
22.652786
40.03861
24.038456
20.881357
27.322731
35.563496
18.913033
23.215492
18.502607
31.795187
19.538683
32.210957
27.5029
21.087822
20.140451
34.82673
15.39654
16.52621
22.07223
36.121574
26.544209
39.712215
28.407446
26.36227
39.856354
30.948286
30.934645
39.072327
38.529076
34.247154
40.88583
16.98638
36.37577
19.997116
33.76659
27.182035
18.073643
26.825176
18.510443
40.28011
35.654037
17.225746
27.845888
29.535803
40.3878
18.86048
38.243195
15.887563
17.851536
33.08523
40.098923
18.586948
20.408085
20.222952
15.919726
29.902012
31.594097
27.376833
32.18298
38.56833
28.980026
15.165775
33.2803
40.155937
17.952517
36.664776
25.491056
23.327127
34.56647
17.04561
21.286438
31.079086
17.123848
39.938644
33.43073
19.497168
37.45849
32.37447
28.324894
37.288548
38.041058
36.314465
18.828627
29.422806
35.96541
21.242281
20.400526
33.574993
21.637558
35.06357
22.812073
20.748491
24.56052
25.64929
38.919605
33.449047
22.993254
28.758238
20.01948
32.088005
22.459047
19.787271
40.165165
16.911947
16.088566
26.823286
23.491013
24.687525
33.60493
30.808678
21.065907
16.614483
31.393105
25.282547
33.091145
20.496462
27.54298
19.122763
28.360258
22.068302
17.01546
28.989374
25.814615
33.56026
37.15297
27.757744
18.757132
18.073662
16.640728
15.130234
36.827377
36.149117
33.722237
24.82806
38.194965
38.027664
15.982328
19.290417
22.59409
25.536734
26.333332
39.64581
24.800558
15.277047
37.97464
37.87094
35.94374
29.843174
33.043316
29.515398
28.64934
28.179602
33.43307
19.145731
27.424908
27.855848
19.831228
38.750496
35.928555
33.038254
30.408089
39.7481
23.802286
24.242723
39.79031
21.952326
21.60499
31.571903
23.959768
15.875629
37.045998
34.071796
31.541536
36.088387
29.19878
40.08707
30.579464
21.002481
25.665266
23.050913
16.345049
30.410639
30.764832
40.014393
35.98511
26.388237
28.738007
38.401993
35.885986
29.752241
28.683472
17.974073
39.516766
19.172293
27.487917
17.783691
37.211353
31.24188
35.36187
28.034313
40.858906
29.342896
31.760603
18.176622
21.794428
32.974777
15.447758
33.32679
29.316116
19.36987
37.250313
27.145124
28.203312
21.67941
37.657078
18.683275
16.36863
38.79011
25.828867
33.389717
18.350157
38.919025
31.817062
40.45742
28.734373
38.534893
31.82828
26.004246
29.79765
35.867016
35.226326
16.19577
37.664043
20.288069
17.62873
40.351807
27.099302
39.195213
24.933563
25.322126
40.695763
32.6642
36.403355
36.973503
35.650135
39.11412
25.036356
26.49923
24.595896
26.49572
22.37148
30.444117
30.024273
31.104256
40.60171
35.831898
38.7126
30.018137
37.41184
33.588734
17.27607
25.377518
26.309843
22.575663
16.468649
19.242409
15.387322
38.974373
34.18127
26.60778
26.422806
33.514942
29.220081
35.30348
28.032875
32.09074
17.894829
18.969685
31.179502
23.674858
25.207298
15.074089
22.758017
37.134106
36.001873
24.024721
37.21865
21.530691
36.8251
29.832918
17.215635
20.808393
16.438465
19.493673
26.131275
15.379137
25.938248
21.276087
25.988564
32.057564
22.25865
33.45447
23.74426
20.035313
25.469162
28.66112
15.245519
26.143316
16.72438
33.00453
19.23656
35.519672
19.984232
35.37242
31.717962
23.982183
20.69489
38.92661
23.689617
31.89883
28.505363
25.697315
34.849453
16.156124
36.792057
20.397306
34.17352
22.94438
27.273321
17.101711
33.46903
15.510594
31.318342
40.277176
39.970516
37.77378
32.689392
21.794485
16.84023
18.754238
37.403843
36.021618
32.037426
40.137352
21.16198
27.86961
34.437267
33.974216
33.35905
31.751518
35.308464
33.515446
19.084642
18.815096
31.299934
25.481245
36.709827
23.522772
33.940125
24.689877
26.672188
30.677837
40.31882
23.89841
28.891237
34.3337
30.099623
18.953638
17.881348
18.67339
39.302395
31.907827
34.07673
35.909454
15.398482
18.623003
31.14262
39.52975
35.177475
38.569183
32.119255
38.802467
30.572834
29.01605
34.129814
40.354244
34.174736
19.62426
16.080906
34.84799
27.511965
30.561676
32.2939
33.31249
31.350718
15.7014675
17.327599
28.513788
34.23671
38.203175
39.38768
37.908607
29.297972
22.834467
31.665388
36.18312
37.929237
37.760433
28.7079
37.15567
24.394873
34.208954
20.494978
16.90993
21.615772
37.414787
16.281279
18.425467
35.446663
32.551632
37.460976
16.685436
24.603851
36.98066
17.721125
20.266665
22.0693
25.075493
17.572456
34.755135
25.275654
36.127964
16.981016
34.980404
40.66765
37.395386
20.271416
37.025265
23.338972
27.21941
39.732136
39.24242
30.35963
15.328051
34.42565
28.097828
29.137383
28.926708
40.590855
15.560712
31.697819
31.990543
19.722637
21.973198
38.12119
15.289798
21.923056
15.857861
35.540104
34.111244
33.44099
17.959402
23.0807
17.383104
28.451838
38.96705
17.92097
31.967411
38.076035
16.827139
35.243378
31.252934
32.39511
20.330822
21.274935
31.863415
31.796055
40.749565
17.836466
22.290041
16.359669
30.691687
18.863724
30.563658
32.205826
23.065945
34.216618
36.701435
21.718277
33.063587
33.75876
33.594288
22.393936
38.408234
33.16811
21.245506
40.69638
35.77331
28.230486
39.827736
26.74048
24.2296
22.471195
24.894499
26.894945
29.86095
21.89614
19.264172
22.461714
23.274025
20.342157
32.58844
19.476036
15.628372
19.477486
21.42389
23.368187
33.025978
18.846642
39.744534
18.737673
39.624874
37.520126
38.264748
28.812954
36.679268
17.887804
20.686144
37.30452
39.85901
31.925884
32.03869
31.306406
16.664137
38.870857
22.65536
29.661001
31.525675
28.649895
25.001394
22.774286
18.271608
33.64557
25.573267
33.25337
28.037535
38.413918
24.38917
23.93547
25.414223
26.828281
20.211956
28.887312
34.649803
18.787436
30.577091
37.77604
15.062161
30.104998
35.942333
22.64767
16.467491
23.488136
18.832497
16.596256
17.393877
27.61713
37.721794
26.066776
35.12416
35.253304
25.577875
16.606949
15.200232
26.031431
34.48585
33.768044
26.921247
25.133686
34.577213
18.551918
16.58126
39.395706
19.607716
26.311338
27.717007
33.56144
40.959873
17.332907
17.474596
15.381844
20.58998
32.46666
18.35418
23.043646
27.49605
28.113674
19.054605
28.017752
21.652376
31.642782
26.915394
38.833042
36.037884
26.879793
37.541344
28.509731
23.379751
29.697323
38.5954
24.427454
29.540283
31.930666
24.45834
38.25688
16.094255
23.854856
24.479197
23.249533
26.575521
19.280369
37.878296
36.659073
40.115864
20.959635
17.01507
22.358372
34.755672
21.443876
23.695782
24.82007
18.575232
19.789448
36.471687
26.544523
17.976938
37.585217
28.465956
24.747353
16.943027
30.657211
17.168228
21.660019
34.899952
39.504116
33.848385
40.150204
29.939709
30.026836
18.76667
38.534916
16.580088
26.43775
39.195053
37.437637
40.98989
40.36995
26.415249
15.331979
35.66188
36.154057
37.321556
38.017696
39.885315
37.99
28.032198
20.691013
28.051569
26.313303
29.000637
29.499723
28.820503
22.04037
23.518803
28.514452
40.48187
40.57435
20.217024
33.90115
27.465162
38.46299
17.19083
27.745722
29.88302
40.422256
30.722729
27.460344
16.23737
37.07404
25.217417
34.99198
40.97415
38.19377
18.931784
37.157124
23.441664
18.523357
32.356457
26.342793
34.989082
29.277233
24.693544
17.542444
22.436035
24.354006
20.775574
19.236244
26.950537
33.96349
31.983591
27.978903
39.491924
23.888662
18.247702
21.724155
25.406927
19.924376
22.051277
40.893505
21.511267
18.169344
15.510394
40.987885
29.045698
28.795324
18.063032
18.144388
33.26467
37.677025
25.077866
37.456284
29.097332
30.838655
32.780437
15.102944
34.31477
29.057745
40.29487
29.377438
24.94406
26.164122
19.312147
26.553005
26.288788
22.58174
23.921446
39.195644
40.847343
33.48327
35.47876
23.008572
15.664478
16.562164
36.037647
21.585304
34.208214
29.874166
32.829617
34.5517
23.733356
35.459976
19.557219
23.4932
34.27448
15.533086
39.85068
15.792108
17.905415
18.901543
16.13941
27.040777
24.70892
19.989666
33.402508
38.05
35.019306
37.335514
31.787874
24.637972
25.932499
28.762157
20.92736
35.363773
19.822096
36.555576
25.925789
24.160143
33.65666
23.929287
30.464594
27.424093
26.282612
35.815556
36.236225
26.539679
22.518755
26.595299
24.013283
33.035923
31.90251
20.763561
16.056843
24.623842
22.234741
35.72477
16.281233
38.210056
25.689045
26.921597
33.617966
26.650417
20.183077
24.323715
37.359406
25.485762
22.953667
31.937305
32.913113
36.1927
22.83401
30.44359
26.360796
25.586046
30.600492
35.33436
26.491014
30.925428
16.93824
22.984715
35.562885
29.007116
19.068686
34.988075
36.958233
15.063194
19.889055
34.7757
39.09267
17.643631
15.59285
32.05279
20.481388
18.8229
25.171986
21.905458
24.693365
19.051258
23.945469
20.567633
38.0781
28.761824
19.316042
32.784306
39.61183
40.44814
28.32546
28.467127
36.985664
21.342863
19.260612
28.910793
24.145802
32.056805
33.556927
23.223337
40.896595
18.578508
33.552067
31.82074
26.889952
35.888096
22.262125
21.846
20.349998
39.105118
39.284122
29.195135
24.219887
32.56868
28.172766
23.467276
21.067919
32.53906
21.196083
15.603366
29.053108
19.313698
37.243668
39.23764
16.525702
21.466253
21.84293
29.858421
36.426014
26.646124
32.732845
32.7595
23.545406
31.916725
28.25141
31.46057
35.926018
21.964378
38.912083
32.785103
38.201374
23.675694
20.976137
37.10612
15.517805
18.559788
24.57208
36.40528
31.826977
38.282776
23.969776
34.737797
17.802853
39.185417
27.98621
29.455597
19.411627
35.07085
26.181377
31.113308
30.251205
31.777872
39.496937
15.366475
37.177113
36.09618
16.296936
23.368662
17.444626
23.43361
16.389015
28.183847
28.622324
37.311302
40.5362
29.552803
19.870148
25.241333
21.213457
33.986908
34.825405
33.832314
17.919857
33.610115
16.303116
39.072018
39.226395
21.429525
25.292433
19.652048
15.921053
18.787369
33.318764
29.928156
25.106863
16.631853
38.14166
36.650757
31.915455
35.941673
29.971378
19.953758
33.61757
24.148752
30.9124
16.255827
22.343777
25.725977
28.180164
24.706688
35.372726
32.241543
19.787582
21.602129
18.00091
30.128714
29.860798
26.794878
39.377018
19.179653
