25.51911
22.544502
40.365715
31.344126
22.341795
32.478027
32.499695
33.79877
26.844997
32.374012
34.38552
40.449833
16.104725
29.336273
32.547993
40.041985
24.68741
37.58949
39.629364
24.86823
39.387333
33.607487
38.10378
27.71055
40.92066
16.575922
22.22414
24.088257
20.688656
32.294678
28.787603
40.15081
37.998173
37.541283
18.487566
29.624083
16.715158
21.645119
20.114197
36.103817
38.227596
16.563335
25.672174
17.687332
27.806988
38.102726
27.603422
29.444256
25.98295
23.097996
17.734295
35.549343
27.383385
32.33528
35.31081
21.035208
28.643057
24.800795
28.542133
15.070064
32.446327
15.438042
18.441702
23.425314
24.54517
24.013014
17.436996
33.370132
22.681458
28.915297
24.21308
17.614914
34.74297
36.76407
18.56174
31.12272
16.195372
16.541445
35.62713
25.617714
33.857903
21.641672
15.870476
33.441666
18.428308
20.703157
25.320614
21.044565
23.813004
28.381374
32.233624
26.842508
35.281338
40.32417
15.154133
30.435863
22.738195
36.527016
17.552368
30.252943
35.99707
37.97429
15.705274
30.569212
39.83618
27.013664
37.296562
20.549292
17.83298
18.26417
38.329792
33.468834
35.497955
30.02461
21.380161
29.595522
19.066374
28.127396
40.95483
29.343342
28.457037
28.973969
29.788267
34.2614
37.370125
40.091488
39.268257
36.178425
24.271414
22.966436
21.869776
21.396338
25.098166
24.139338
23.468193
17.210981
17.922367
36.585815
20.709782
18.235474
35.519833
26.262676
29.23677
32.011295
17.819128
28.36381
36.495724
15.214589
28.542143
26.309105
16.102207
31.39983
18.998518
19.780695
29.291388
26.670383
20.95905
30.224287
18.853241
38.925133
15.808572
19.149405
16.132807
21.402695
24.766706
26.290827
30.169998
38.129498
20.86525
23.234602
17.860111
33.575222
29.583881
39.465427
15.135365
35.328903
37.57127
21.958307
15.599409
16.9313
31.716494
30.415861
22.790888
20.13377
17.986155
16.043629
15.308766
25.801325
40.905403
16.359362
28.401329
20.437164
26.33651
37.94816
39.302315
38.878345
28.29648
17.303932
30.59187
39.096943
28.95565
16.93863
26.166586
22.238405
19.672028
35.794205
24.022072
30.03844
37.941593
37.658333
16.983116
28.582218
24.482626
24.763348
20.76065
26.004246
16.322514
40.03894
24.271389
32.174698
17.718445
38.592648
40.0251
16.677647
25.018682
16.9082
26.566175
37.458942
16.159103
40.98026
18.450258
40.406284
32.390007
30.145166
18.043335
17.821207
37.04113
19.720762
15.54987
23.252592
35.658176
22.73444
23.108147
27.483446
19.68208
24.997004
29.535194
23.597582
31.992537
34.571033
18.360222
29.999987
31.100395
40.28587
19.154737
39.024536
33.548676
32.36742
22.849064
33.334877
17.170048
17.479486
31.71917
20.709167
15.248893
26.514294
26.034353
35.996506
31.349026
24.323456
31.975468
19.042812
28.593489
36.246643
27.364986
23.206005
33.520752
16.773653
20.99439
26.715223
19.292051
16.966696
25.890972
24.576063
21.987463
29.373177
26.735296
27.983513
37.003716
26.07525
38.822212
17.276651
20.154644
23.250998
22.452414
15.353812
23.975527
26.163033
26.448252
37.16427
17.94555
15.843888
17.606579
27.402231
39.867893
30.913578
23.333054
34.851223
26.484917
30.943155
26.446556
33.96164
18.556297
31.569227
28.198854
34.191586
21.090858
38.16778
15.923965
21.400873
31.198193
32.3118
17.413176
39.16027
22.114103
31.465534
19.10588
39.222904
34.35429
35.409496
37.493042
25.601938
23.663546
38.74355
34.749184
27.70853
38.453182
31.481613
26.540485
22.826138
32.757233
17.230038
16.200722
32.832195
26.38843
30.732584
35.02336
36.525383
19.937809
37.668613
25.287334
17.176416
24.537165
21.506994
40.8156
38.992645
30.891539
22.946825
35.359802
16.071472
32.989246
35.01703
15.910888
25.114836
39.10988
29.26045
18.154797
16.686853
22.276068
33.594017
24.72388
35.118874
36.13276
36.415142
19.638887
36.301067
28.388048
22.31553
36.393024
25.546862
30.412577
40.36694
40.49866
24.47634
20.369888
36.359722
23.998993
22.436966
22.337969
25.603233
37.441017
26.364796
27.282654
26.938341
20.112873
35.18654
29.456453
25.465782
29.967735
36.87267
29.82172
39.16008
38.588085
22.07404
34.434986
17.01727
17.788298
21.909107
38.379696
15.675759
39.010174
22.91637
20.797468
27.553015
18.53513
17.446123
31.843325
22.456968
38.71848
34.838108
33.97834
30.359398
21.945244
15.61629
35.91348
35.55965
15.813776
19.629272
29.73124
19.820536
27.172379
29.574696
28.237274
20.224266
33.06595
21.668121
32.431824
38.474804
24.393702
33.351757
40.14139
26.164051
31.135717
17.88561
40.313858
39.122734
22.375134
25.423428
25.255655
29.39296
20.024563
37.748016
31.177551
17.58787
22.159328
29.225386
33.815914
37.444828
26.166822
31.734312
38.60927
26.232153
25.540434
32.337757
15.935337
19.33535
17.078083
39.28487
15.251645
22.82737
17.489622
28.566921
39.633137
34.118404
31.973898
17.698025
38.163197
35.884247
24.195517
21.650976
25.9098
28.388302
25.272917
25.95109
39.806446
16.040754
16.883532
37.815437
33.657894
27.579536
28.398462
33.92236
22.703663
23.611166
36.07821
18.905703
27.69752
22.41556
19.792646
37.990685
32.299286
30.897467
33.47262
20.32287
19.72543
28.358177
17.55706
26.489176
27.068033
28.364628
27.068861
26.489458
22.466932
22.409126
31.63412
20.989582
25.407846
38.281353
27.753778
29.071602
17.819618
40.11537
38.943127
35.89394
31.356651
35.927837
33.97387
31.684277
16.27794
20.12971
21.385094
39.31002
27.672058
18.972109
33.67355
15.306119
31.427784
30.178234
35.130417
30.68715
19.313025
30.116491
37.16074
35.1304
33.8
32.78622
26.103443
19.18899
38.86257
22.615805
15.063936
28.07873
32.872047
19.613995
23.078
31.2798
31.930578
36.768806
38.044716
34.70402
26.506746
23.754349
20.297943
22.500761
15.075781
17.984467
37.42985
37.70933
31.617247
19.84308
38.03681
16.912941
21.28596
17.524649
16.426989
29.809082
26.347223
40.334183
24.010601
24.18344
30.555435
15.524722
40.08807
20.159262
30.555433
36.791286
19.05778
18.79128
37.598923
16.393711
40.684437
33.08316
37.893623
35.5469
29.000553
38.32962
25.24078
33.195507
27.657787
29.319197
39.26691
25.581001
39.10149
22.380846
34.51876
26.112741
23.810965
24.517399
19.965637
36.970543
16.029528
33.94108
35.041283
22.594837
17.90271
36.211117
27.257841
16.761482
34.749447
29.870724
33.637314
29.291853
22.310375
16.990498
21.731323
25.614805
24.248873
17.347534
33.837914
28.375637
18.924725
16.104332
38.174427
37.078213
36.516865
35.798847
37.228516
19.349884
24.94082
38.216778
18.284582
31.83493
25.688137
34.28947
24.210989
21.95064
22.709124
36.545578
35.993645
19.781305
28.767033
32.841854
40.214542
40.238827
24.310808
16.108301
30.699162
19.28465
33.845222
26.66504
25.894579
20.48634
28.021397
21.303167
16.190535
29.472986
24.227268
34.769012
24.358484
23.957306
20.326767
22.551052
23.559235
37.908188
17.37809
24.940985
26.957481
36.186016
27.655577
35.225193
30.882063
34.494118
28.106379
25.56018
25.683592
36.85315
20.492193
30.59519
34.96655
34.97132
21.898043
39.227676
40.710743
24.861816
25.034164
37.011833
36.94755
19.849808
34.81374
29.687876
28.11911
37.71499
24.058332
30.059357
32.024117
39.131523
18.864555
26.018175
21.34176
28.795895
15.159597
22.901657
22.125656
37.67406
18.279903
30.563366
34.37263
18.65293
29.02645
20.54904
24.7965
28.547142
40.58168
21.591373
15.274939
32.89063
20.917292
28.272058
32.087917
26.233503
32.878777
36.146843
15.029049
21.768305
23.00164
24.88902
35.746616
16.025658
16.29599
39.07919
15.258904
15.107881
15.730245
26.153702
33.48886
34.470177
21.95137
18.721643
34.876045
18.612474
22.898216
31.969856
15.649153
26.211008
24.39613
28.19784
24.180294
22.197338
31.565199
21.659058
15.992685
33.083385
22.9311
27.832561
23.456171
29.434673
20.49666
38.008453
30.9805
29.809954
37.713882
40.64315
29.604095
23.713902
23.29037
17.324993
34.27649
27.150589
28.070658
21.388186
34.84545
27.218956
28.85212
17.222677
33.78528
29.857534
32.926823
16.149956
32.040546
25.324148
22.384737
18.369421
21.01006
15.2873955
33.77043
25.92733
21.658585
29.510176
34.55449
16.920044
33.01942
27.02156
35.06254
34.215546
35.938625
38.401844
20.998892
38.862015
33.812252
16.346594
31.508512
15.049509
20.280699
27.02904
24.840038
26.00046
30.369799
32.946194
32.10438
30.487165
16.406055
22.91254
15.3674555
17.809
39.18389
20.656244
31.372242
39.00948
32.32565
22.07622
24.554605
19.873037
19.550446
40.63456
32.698833
30.813616
30.65592
24.587202
39.57305
22.151972
26.417278
34.79684
27.191328
20.475857
31.32091
33.72553
25.968367
38.78697
36.075306
16.870455
19.964382
31.960863
19.179813
25.384924
20.661854
21.680813
22.482212
24.917545
20.272532
35.45377
29.618996
30.806166
32.44214
26.576443
36.507576
33.679096
22.401989
35.991756
37.647552
40.2447
40.110683
28.860659
20.888622
31.591454
36.7359
26.371595
36.535477
39.674004
20.945286
40.819664
36.185577
31.82693
28.907122
17.309782
22.533472
31.126263
26.645666
18.57292
19.525728
27.209965
21.452587
26.331764
24.71353
23.77197
18.425138
15.411904
24.425238
35.360523
20.883327
17.366894
39.469254
15.339961
37.412476
30.770372
24.477783
22.916176
37.5842
23.5256
21.715076
15.979462
19.028025
24.552612
34.19908
24.184504
30.457394
16.035397
39.32335
17.165731
22.498112
27.046318
32.81636
22.07736
30.723755
24.812246
27.838459
22.750835
15.171829
21.146612
15.291827
23.678553
29.796047
34.64389
19.006937
31.761118
21.80425
34.11779
33.369225
15.296506
28.638142
19.461647
33.1627
25.04296
25.470129
24.619345
17.932512
34.353485
28.52424
15.677298
28.006454
40.358345
27.272167
15.222838
38.465744
29.962914
35.612198
38.06159
16.818308
37.031834
28.50789
17.146177
23.903208
22.546375
28.244978
38.140923
33.6427
37.750473
17.459208
28.431866
29.658882
39.34185
24.39433
33.588806
19.48466
27.618252
23.468723
29.295774
36.124283
37.154747
29.160727
23.588598
22.056488
33.0666
21.466833
34.87303
38.423744
30.203283
38.74367
39.64415
16.113928
29.72256
22.613708
38.087532
23.716228
23.40982
23.79636
37.81488
35.92086
36.836136
17.220211
19.871714
36.832684
33.989655
29.578846
20.851828
17.8816
34.36844
40.61178
28.463074
21.538055
22.688852
16.8237
31.211311
31.879873
21.342127
15.099395
24.004051
15.20698
30.522736
35.72827
26.422676
26.363516
20.555773
15.721658
23.171812
33.202244
17.366488
31.987595
18.786749
38.713947
23.263659
27.922039
19.06451
25.745066
23.249538
20.282013
35.88154
34.93952
29.92259
39.82538
16.07057
36.566257
31.70522
15.133565
36.851746
31.231766
37.60731
18.277695
31.947561
23.127333
39.02729
25.545225
29.958668
38.42363
39.19603
26.313349
29.837257
26.700628
33.784885
36.33702
19.36701
26.888744
27.927677
18.213657
35.443375
35.09749
39.447456
35.593143
39.64522
37.920795
33.432407
24.820984
25.09863
31.333591
15.471241
24.134037
22.955902
28.132067
39.83695
18.272388
34.947617
26.020472
16.698858
27.427633
30.412798
27.910204
33.04633
25.816906
37.97209
33.772293
29.423578
32.85368
33.581024
31.472277
40.80356
28.880486
26.085264
38.416946
26.969818
15.735319
24.59703
30.555172
35.628853
22.042698
39.021564
24.300549
40.141434
16.051918
17.884853
38.281437
19.239887
15.089223
18.248545
27.474352
18.389387
26.247252
32.94528
34.239567
15.554747
27.804228
20.627424
37.053192
18.050323
29.047073
24.19443
28.317848
17.879036
29.666658
33.048862
25.534496
38.507633
36.700157
16.328346
31.330809
20.378782
17.114532
39.7705
29.366934
29.626577
15.556855
34.19014
38.977325
36.440655
37.54129
38.682854
25.557747
28.314993
28.399246
20.616272
38.16945
39.02109
27.68826
21.23013
32.60785
24.561209
23.436937
20.238522
25.271048
24.585848
16.597296
15.212471
38.563755
21.800669
31.382572
29.718195
32.285275
18.741602
27.787678
36.19628
15.475373
34.96286
30.521112
39.389164
33.529964
30.161114
35.821304
33.75912
26.04876
36.050114
20.186968
17.786266
27.840012
17.903526
26.920248
29.295746
18.782879
19.599804
17.563004
39.035652
25.835766
21.731382
37.800762
24.6119
32.379436
28.881563
37.215534
31.58363
16.296568
39.5259
27.387758
21.032368
28.71483
16.181013
15.279332
37.240578
18.178408
22.40209
40.57385
27.249865
36.16333
15.021634
36.706707
30.01647
19.31485
26.625223
37.687016
18.641365
17.560478
16.676289
34.494766
40.724613
25.340214
21.93032
17.830942
25.278364
27.59584
15.819985
34.304855
39.830116
32.874138
32.346096
30.762106
38.3577
34.92413
20.67545
22.388302
25.519665
33.506527
18.125021
16.467667
29.279457
38.783764
37.50304
29.232471
16.469208
31.622015
31.880997
16.10822
18.098518
24.411966
19.786596
39.841244
19.286043
39.602932
18.536266
30.489494
30.576363
36.0454
38.966774
24.063925
21.101929
20.44989
39.17906
30.727026
23.559624
28.795456
30.073416
22.886717
38.29375
40.359035
15.433595
34.267906
20.912
25.187235
32.108555
25.100746
24.808304
16.29503
21.443949
35.933628
32.72607
16.651287
29.531565
25.260756
22.067791
36.098812
25.0734
32.148125
39.041576
18.757168
15.698067
36.348507
28.932545
25.169216
40.420776
19.01506
39.796753
19.477892
21.604118
19.054953
38.69757
36.257507
22.25539
33.408398
23.23923
34.27431
15.787273
34.095253
20.599478
27.413904
35.472103
26.740372
23.52311
20.288528
29.736063
20.470675
19.810333
27.625113
17.16811
17.570856
28.718758
32.435352
37.659454
39.091484
36.395023
36.181995
15.442976
39.72225
26.961868
22.680916
35.967873
33.674828
26.208681
22.31639
27.523518
33.063915
16.96839
16.297468
20.317312
39.331726
35.210735
34.146145
22.315054
38.630222
23.641844
27.38344
32.56814
33.7572
17.17215
16.46747
36.980637
26.236277
35.999622
18.43782
40.510117
36.43763
35.25241
35.433624
35.649773
15.255407
25.144817
33.277924
17.70525
27.789362
20.422836
28.659012
30.858255
37.72244
24.510136
15.089598
25.299946
20.642672
34.212753
25.787775
38.8206
19.426847
27.100475
23.898949
26.15816
24.985123
39.755116
23.065916
18.136711
25.159826
32.96074
40.254623
26.16696
17.378378
37.608116
27.95601
26.034313
20.779377
40.595398
30.409748
26.066196
32.962555
25.329382
16.33361
26.748703
27.25743
16.56642
18.792534
27.653748
36.462143
26.279278
19.30436
15.141388
40.373085
39.996113
24.054665
32.71795
15.107586
23.629896
17.180897
33.159203
32.21605
19.201418
33.486504
31.548754
40.88658
32.056313
26.658615
27.235407
19.164305
22.18624
15.088165
36.3792
30.03914
26.08665
19.729345
21.234402
31.500082
33.218384
25.085556
39.60873
26.210485
22.587507
21.372004
20.041555
34.3282
34.217648
33.180416
17.159935
20.17586
23.361338
37.559284
27.399746
37.960865
16.181602
30.323416
25.820286
15.551287
24.33233
17.61945
22.094173
18.4329
26.375715
28.299421
33.92041
16.404362
18.297346
35.492306
29.086998
29.311602
25.514254
34.91392
15.200483
35.179127
28.718489
22.918379
38.703365
34.465168
37.65864
17.069738
36.21628
17.849096
36.53385
32.10039
27.470398
37.95383
16.059763
26.523037
22.136494
31.712484
32.463028
35.8761
28.710684
27.7077
24.67081
19.607737
36.282795
27.743727
17.78394
21.941536
25.491865
36.155464
15.557211
26.717367
17.264322
29.915329
17.057507
26.163736
17.033855
29.467913
22.930231
33.83342
30.058037
24.404104
16.776812
16.521994
18.175266
19.580406
15.030784
36.88929
39.8866
24.09589
36.417213
39.716736
18.000595
19.658344
29.590029
34.25883
18.245266
36.302784
24.864052
34.985043
34.22975
16.16969
29.093311
15.158626
26.92942
32.10695
35.694473
26.161922
16.471466
33.228592
36.57401
34.252995
36.41427
22.24511
23.289944
31.52634
33.942154
33.374226
27.163855
27.250858
21.438263
38.94771
38.256004
25.471132
19.7518
29.44883
19.126278
16.783438
25.141829
37.646873
21.125858
32.53582
40.35843
34.73909
34.599358
38.351948
19.612957
24.96722
37.82432
24.841394
37.292694
31.044865
22.77492
32.63427
21.191208
23.913523
38.868713
28.466166
22.754198
36.839363
26.74036
34.93969
15.381717
39.669384
24.783237
18.801685
27.181059
26.184784
23.709753
37.10081
32.730724
39.92092
24.703465
23.42785
39.394318
27.567553
18.870789
21.591621
21.514248
22.119503
29.64739
25.546238
30.418728
36.317142
17.574139
24.160826
27.591387
38.597702
28.429712
21.510717
28.581518
30.772581
27.091776
35.769527
28.273901
30.95239
40.695858
20.494421
37.990643
24.860723
37.67084
29.122253
21.563568
33.609165
22.052307
40.83214
40.994133
18.250301
17.109583
37.58047
16.608898
38.982063
16.769817
34.07718
19.722084
23.745863
37.581978
38.74756
19.73278
19.142725
30.036066
38.311752
16.312847
20.085623
35.937553
25.514414
38.882614
33.41297
34.234295
36.75002
23.924978
22.807327
15.203002
29.85462
31.85448
19.79495
36.224533
18.17272
27.136538
30.346157
19.51214
27.158384
16.142933
18.652824
35.10394
40.232597
22.833256
25.02876
27.19077
19.394175
18.767952
23.560146
18.422806
25.169579
15.187173
33.127457
17.223007
29.887215
18.930647
38.72693
21.332878
37.974823
36.827282
20.638697
28.825659
35.003845
16.849245
18.920492
19.644411
35.54266
20.803764
31.949804
40.35717
20.530834
30.626944
24.294144
32.268658
31.849554
30.447348
23.058125
20.287756
19.03871
37.503185
19.037767
35.02227
18.699045
34.725388
17.506557
15.45722
17.018133
38.339928
23.264364
22.270203
28.071854
35.19621
23.699623
18.347095
17.078447
40.69444
34.046623
39.383698
26.620102
31.163269
16.764065
37.593594
26.997383
22.330225
22.017576
15.489865
15.344794
18.130718
34.618065
22.46798
39.911045
21.517633
30.449408
38.489487
37.995575
39.161922
28.413153
26.550919
24.43322
38.975655
20.224472
30.819536
16.231836
29.242483
24.012857
40.32734
27.993055
40.80657
20.61258
26.93704
38.08425
31.249363
39.67215
20.928415
35.1802
20.274921
34.268635
24.000805
16.75577
16.62762
17.581781
29.747179
35.386433
30.782448
35.36466
21.727573
35.30117
32.37638
33.44151
31.154367
32.53289
30.890442
16.270279
15.8991995
21.224205
24.445547
40.726364
30.04106
22.171915
38.741222
18.695755
28.497372
27.531412
20.144861
24.809944
36.41464
19.752575
33.73016
39.71156
29.942472
37.28165
32.666847
18.60883
27.774672
22.338993
37.779938
21.558655
31.413122
35.170437
19.325193
35.912186
34.495266
26.570452
35.068474
36.663433
33.722965
30.188122
23.610195
37.060604
37.94045
24.152409
19.562204
31.77147
19.731293
31.890993
39.66272
22.138248
27.539127
32.66745
24.206196
35.614086
27.764015
15.324345
28.268356
15.342382
23.546251
17.995249
18.122688
25.021843
38.02159
20.136591
25.973253
22.694302
34.716637
39.130596
32.669613
28.898947
34.450447
15.923492
35.42322
25.75578
30.61812
16.688574
25.710678
15.972734
39.054466
30.341528
15.527671
28.515066
40.810528
40.885918
39.94855
28.73221
26.123106
29.02951
36.549934
25.1065
31.617077
35.28763
21.672718
18.469746
20.352694
30.877485
21.725548
22.527805
23.714708
17.107939
24.773571
38.83998
39.33748
38.681984
37.510056
25.019121
36.27
17.35461
23.374302
31.850021
15.407006
21.726685
21.057873
23.267857
21.847137
30.605734
18.93216
32.694942
20.286348
37.32757
24.033815
38.103394
40.81456
32.70799
16.160618
40.35272
30.555796
38.88161
30.358812
40.845734
20.476816
33.18552
20.624037
29.352602
38.386528
16.45803
23.991404
20.972137
36.65821
31.648407
35.356373
38.631023
18.528872
30.471289
27.346548
36.265804
33.964798
39.989853
40.3555
19.889093
23.02966
17.474743
19.453339
35.110687
39.451256
26.661125
23.30468
18.365736
31.655293
33.61413
39.453163
27.096489
32.919285
35.81333
32.372818
17.440548
24.49706
21.77987
33.53989
40.59789
21.573969
38.595047
20.444975
32.980423
21.735252
40.99733
23.943617
40.492085
15.264789
16.394924
36.63474
35.844025
24.038658
31.094025
15.059577
37.678688
21.037766
28.318289
27.430048
15.458133
27.57602
38.182865
20.323744
30.566088
26.22533
21.686813
24.323982
35.879993
34.11595
39.000534
27.936703
23.188251
23.800468
34.850327
19.282097
38.25966
35.191963
16.639994
16.03735
33.11613
36.221725
18.099821
31.897877
34.116413
33.80907
36.71624
30.427984
34.82766
22.495605
38.970703
20.58786
40.343384
17.668621
27.504356
32.452354
24.700441
27.682934
32.725395
24.677996
23.35432
38.387867
40.088886
37.12822
36.291176
30.57578
33.30428
20.732803
22.286682
37.690838
29.063652
28.135996
19.065897
17.771444
32.53415
22.978888
29.675032
30.0471
20.821043
26.765034
20.245066
38.870113
25.883083
28.174381
20.50887
35.73496
34.969833
22.419106
23.927614
30.022749
29.550985
35.775867
33.08888
22.80565
40.92062
24.782667
30.157969
31.555735
16.18468
16.75435
29.595737
18.925106
30.177904
36.24943
27.100126
27.89888
35.00676
22.911852
24.785503
40.56983
31.377924
35.714855
35.982857
22.543339
34.647144
37.05015
15.725635
39.55349
31.611256
19.33405
24.980093
31.255983
31.46651
28.843287
31.985746
21.360725
34.069283
20.346745
40.69054
21.276815
24.660563
37.765343
34.19712
28.264803
20.553577
36.5708
28.380611
38.72598
27.934273
32.925102
19.395061
24.70562
35.88724
34.665886
40.654728
18.946924
22.03512
34.15912
22.058165
40.904667
19.767323
24.768831
32.71705
29.012285
28.934416
23.234766
18.258514
27.193476
32.097298
23.60228
34.88868
34.119053
20.94574
38.514862
32.836937
22.032146
16.338747
16.658154
17.54447
28.099579
34.569588
20.935368
28.017332
21.194479
19.921232
36.5575
18.133385
22.775007
33.353283
25.647785
16.374138
34.09632
29.24949
39.188313
40.446606
21.37765
32.555187
16.177782
15.567029
39.74364
39.346966
19.722858
22.797327
29.768908
16.902319
24.451614
40.756886
29.276928
22.674751
37.11608
22.276398
35.679295
21.230406
36.541904
25.117085
16.58847
40.165016
30.186655
40.747807
22.697102
22.29545
36.48435
33.3542
34.98906
16.007986
16.88223
16.748102
40.23229
24.545858
23.016914
21.652176
40.400703
30.231487
26.830467
19.95382
19.18217
27.14421
28.593073
15.954006
38.051914
39.612206
33.77737
15.380945
17.525415
34.027733
20.520647
26.995003
28.152098
23.957632
31.01453
26.98051
26.57099
15.29651
38.57784
15.001731
22.521646
27.29782
35.396828
28.794363
35.088543
20.718538
19.957985
15.470635
26.654285
38.02598
20.052141
16.335176
15.0468445
28.640656
16.894611
23.940453
18.188227
22.527027
16.384628
15.354777
19.186796
30.094404
36.818344
24.172455
37.262695
17.333035
34.47317
25.664831
15.155621
22.38593
15.397263
30.652605
16.736408
35.344807
29.466496
34.173958
23.428755
34.958923
23.312204
22.829649
26.744534
16.158499
18.076593
29.805353
40.74604
30.819729
34.11865
19.00326
28.570734
31.036432
39.77194
37.45894
17.288746
27.3136
17.046701
24.276253
33.31082
23.561117
27.772121
38.682167
32.32399
32.54127
33.090736
35.484955
33.30461
37.511578
25.445412
17.21348
39.54317
24.20481
19.240303
32.521786
16.81251
18.001034
20.210865
36.062515
15.82087
22.171862
18.203794
21.964108
18.913446
20.41497
25.546494
25.291122
27.620914
26.547361
31.476515
23.42342
38.100643
30.188732
34.20508
32.15926
21.776043
15.541718
32.10464
25.528952
18.551853
32.963604
18.239185
27.799788
37.86782
21.924604
29.996681
22.959719
26.550587
19.160543
27.936958
35.086292
37.933327
27.35336
37.133976
18.439087
28.034904
29.510534
32.270226
22.857937
37.725193
18.365099
20.531822
36.105953
32.75033
16.5807
33.956512
32.165455
34.25155
34.32157
15.302748
17.176548
24.983463
31.835201
36.736496
18.7023
36.82242
18.095854
30.673548
21.310966
17.352833
32.269966
20.968485
20.085058
21.329182
40.78991
38.3076
19.598465
24.63357
37.160366
38.14147
15.147162
23.983595
22.272118
26.784033
27.5756
21.092451
19.960829
21.408335
18.909962
25.243008
25.823786
34.585365
33.19126
29.309887
18.895546
33.740738
27.395231
35.14826
27.683748
28.445053
39.132683
26.965408
20.279236
17.8073
30.943188
17.80088
18.780104
20.406658
25.426449
40.563217
33.107082
16.176588
35.20003
27.206152
28.438128
17.44608
34.728607
21.574352
25.952923
16.946508
35.439133
23.208529
30.353468
28.00848
17.217937
16.972073
27.714703
16.401651
26.379889
38.74608
35.619644
18.311441
40.506413
34.63695
24.246286
38.800148
32.16832
24.150427
34.098946
29.765919
20.480955
24.608318
17.414696
15.891612
17.683475
26.7188
23.925756
25.36655
33.4905
39.65856
21.62181
33.26771
16.833717
18.28473
37.431404
27.402903
40.792503
21.166866
39.329624
27.14697
40.00691
16.013988
26.279581
23.343184
20.672855
40.768967
37.628086
23.6953
31.338629
30.152273
21.101385
33.24202
28.153376
40.75944
32.384613
17.483887
22.962414
28.951275
25.419077
36.52383
20.700851
20.723166
29.014349
22.185972
15.906133
39.499626
20.147572
34.493393
22.85175
38.372406
17.410183
27.114065
33.798546
15.685328
19.46278
37.425117
39.16663
23.066227
17.071636
15.699191
22.050093
21.016214
21.325806
31.582632
15.428336
30.988644
18.971666
26.513716
25.671995
32.525005
40.452103
40.020252
24.498024
17.46221
15.200445
35.9393
19.397728
30.48551
28.014654
33.517822
27.743088
28.373508
27.925173
20.081573
18.270922
31.166573
34.87019
26.50059
25.451048
29.187151
29.705002
40.033073
37.36375
38.350273
19.597565
23.2956
38.14347
26.524845
17.70012
19.085987
21.78988
25.84099
35.13733
32.576214
17.20396
25.78609
16.814068
30.996334
30.676048
17.691862
26.321556
36.34629
23.734312
24.787054
27.308334
26.901054
29.256296
27.37523
37.08297
40.315605
33.05287
15.894201
16.928316
40.989635
27.752968
39.6236
20.632496
27.018078
28.749182
27.629238
38.079693
23.531834
38.208504
17.167704
38.39423
29.52435
16.708939
35.221935
37.09427
16.362991
28.932106
25.09822
27.98692
30.100285
38.023373
18.087389
21.124361
40.428616
36.72534
26.077713
17.04103
18.66295
32.197086
32.704273
32.7048
33.489674
31.550714
24.129354
28.14043
32.385666
32.56841
19.870667
38.521564
26.590254
18.80733
19.228983
18.67777
30.303648
38.35634
33.814003
27.426191
26.38909
38.87764
21.42709
23.912643
35.271812
32.248142
27.131708
21.23493
38.956562
16.109392
15.727248
28.021542
20.12635
20.94166
22.039087
20.351772
27.138697
39.89682
35.447598
30.428709
35.401566
34.55639
22.901026
16.7544
16.089766
29.025137
40.291912
27.206944
16.453596
27.327406
19.52407
31.382093
22.075
24.94238
29.856817
23.83739
40.342545
18.496166
21.185448
35.4647
32.145035
26.122723
23.801752
20.117437
15.324599
38.812305
15.875572
37.831684
34.783596
24.185242
40.40819
18.505703
28.305702
26.560434
15.730639
28.740362
30.130049
24.932264
29.754715
35.693264
34.108334
31.526024
18.131823
23.262358
32.878292
25.971327
36.23449
25.690115
20.902954
25.814455
30.447674
37.767334
35.45365
33.08481
39.641735
19.215944
24.655704
30.937265
26.896269
21.543104
35.56927
22.011322
22.553677
36.684322
21.943878
29.07968
24.503666
32.091125
30.763569
18.802887
38.234653
40.5693
22.990772
16.96347
29.635244
39.13651
19.020355
36.421997
33.788834
17.443565
17.271458
21.219221
29.076477
22.891527
25.073153
27.742598
21.788176
26.477097
28.541029
30.68205
24.139706
24.611765
22.495275
21.619076
30.102169
31.685534
22.636908
15.524864
34.77348
21.983896
18.177238
17.187284
20.155907
17.71718
15.906755
27.64319
33.151016
28.38423
26.29306
24.0617
22.343079
37.467808
36.613552
19.205664
32.714363
15.547001
29.357025
18.59276
15.82043
28.312244
40.169426
36.784225
19.150805
19.681555
30.472452
34.84843
22.410254
20.241882
15.549763
24.978088
40.278057
17.577421
21.374044
17.484097
32.83747
39.697105
32.73919
39.94556
24.31489
23.736374
35.36539
32.16481
40.02788
33.383743
39.560966
15.757732
20.513641
34.07053
18.753164
31.703972
18.694109
38.862576
28.741388
26.988167
28.631256
20.205551
40.879578
20.58251
34.93587
29.201002
32.560707
21.452587
20.215384
28.92801
17.35469
37.012596
26.081049
35.475876
32.94218
31.512648
33.1821
31.81599
25.590082
28.210014
19.49419
39.416615
37.330784
32.85788
19.661808
34.59196
36.2355
39.039173
31.578972
18.977627
31.213179
30.179832
17.589924
26.237022
22.620012
22.694891
38.70121
16.129128
18.630442
19.652481
27.01883
30.405548
38.799248
18.584957
28.258932
24.655396
30.535189
30.632984
18.62773
34.17933
19.310263
19.077597
40.626152
22.249529
39.34461
39.496845
40.40695
17.700224
22.23564
23.277834
15.196821
35.6938
36.54098
23.02152
30.993227
28.720451
31.678316
28.496874
40.25559
30.41462
16.671242
35.23256
20.632544
18.60951
28.248774
28.57851
26.9019
20.201197
33.597157
16.126331
29.247133
20.856855
28.666101
16.746689
17.753994
19.376978
33.34768
35.183407
17.58314
37.609344
36.07452
23.138218
33.659386
38.21289
32.425037
15.086641
19.915533
20.282549
31.17692
15.684743
32.138367
16.871473
20.916101
15.558035
21.286848
24.78498
36.786983
19.508018
37.78711
15.670954
16.260653
31.728441
32.756294
30.39428
34.901436
36.492546
17.366919
23.958342
24.028025
35.954155
18.635794
35.824463
15.894027
29.199648
40.80622
30.380577
32.553776
36.49448
38.18955
38.523273
29.932737
31.787039
27.841816
15.842832
18.787872
36.964314
34.77363
29.738663
39.221855
15.097935
24.525982
30.942991
27.206015
20.97582
37.892235
40.39356
26.17043
23.583805
36.325993
32.171406
26.135605
40.883247
16.147104
19.307858
39.088657
16.224777
37.04259
15.66496
32.347977
28.04496
29.556705
33.80683
19.513828
20.111816
25.274015
31.804512
39.268406
40.516758
36.221718
15.254902
15.767307
15.854678
32.6521
34.444813
18.655489
32.590508
40.8134
20.553913
15.844192
20.479757
20.577032
19.065895
38.10144
31.092192
30.861403
37.144943
17.237146
33.98185
24.677362
26.635067
23.20489
23.85342
37.317566
29.55272
21.796024
16.193914
28.72175
38.46851
25.767685
16.270452
38.372295
22.011696
40.224808
15.1388855
18.209085
27.881598
19.867369
16.36482
30.000057
18.212854
15.317439
28.527613
20.363508
24.91696
22.156775
27.259596
21.21056
33.7103
21.534113
18.56697
21.760897
30.939371
39.242386
28.485361
30.482193
29.026714
39.01958
38.742226
25.31339
16.38652
27.49298
38.029972
36.35427
31.996712
36.66503
21.73769
20.838509
33.46474
31.130138
15.5461445
23.654673
16.387188
39.31512
32.159756
39.93942
40.078716
20.952185
23.630941
39.339375
20.333687
16.721699
26.226364
30.422937
25.784306
28.543098
30.591228
22.420555
32.6319
36.345806
39.086956
19.981794
23.053457
33.317974
18.609148
36.959686
39.4233
36.609497
36.936977
31.367765
35.640343
28.256613
27.721676
35.60231
32.314034
39.699066
29.591026
23.7822
26.33775
20.67675
32.528347
29.630972
19.466057
17.52121
31.678646
37.710503
34.91278
16.89856
23.041172
40.012917
35.699688
34.913708
39.126884
24.927185
35.510956
20.151922
17.590826
16.419088
24.14652
26.712212
38.09366
21.89797
33.31775
25.578075
28.203203
21.691027
40.49184
27.77463
18.015972
31.305592
22.766634
28.677174
31.360336
23.732178
15.345566
17.564756
18.937084
22.92578
34.0827
18.05334
29.559805
21.300215
32.78082
29.39664
15.776648
29.580053
33.45091
33.80877
35.586643
40.676933
35.579136
36.9413
20.70793
34.39185
20.598053
15.438425
25.911861
40.69225
32.2214
21.097319
37.306126
28.072552
24.077446
27.576935
20.131596
30.07892
15.163599
28.826897
26.63187
23.464005
39.045467
28.449198
33.86098
31.63447
28.436398
16.058933
25.913988
29.064041
36.81896
16.376305
22.996786
28.166971
23.107649
27.260658
20.99554
15.761626
26.002605
18.188307
21.76291
31.701181
29.646873
22.779442
38.207256
21.508133
21.475283
39.89542
33.45275
33.921623
38.730778
23.556273
17.832382
25.151365
18.024515
28.469208
19.282549
18.32916
28.528885
27.312534
25.827024
33.158836
19.91803
30.085304
25.269754
39.087643
37.00831
40.81159
40.96006
23.45692
28.201544
34.679264
25.550486
40.037178
28.296791
33.296753
17.036652
21.11238
24.011778
17.167078
29.050123
29.850592
36.642986
38.707253
16.369446
15.082885
18.693817
16.181911
40.92113
39.809624
38.013134
16.77366
35.161522
29.763063
40.01184
19.678663
22.66214
25.177464
19.86313
25.594433
31.965145
21.552635
34.242302
31.257872
27.33238
33.64415
24.125074
16.795086
26.880371
31.173212
34.438606
21.560537
16.775505
34.821396
22.947367
26.871572
15.65761
40.96031
15.656397
21.58545
18.266874
33.263435
39.227398
36.819424
21.368156
32.857162
34.428417
23.280542
36.49837
27.99042
20.4759
26.65023
40.806797
21.336842
34.278122
35.259872
27.314795
37.990948
21.05206
29.897
39.290516
23.979326
31.561024
23.99777
38.115913
29.68028
32.30836
25.709976
24.0174
16.93002
24.422848
23.351711
28.33823
30.790815
28.684338
32.64449
24.649773
32.9663
40.163605
25.765507
33.930496
19.671347
24.288208
20.742346
24.285637
20.398676
40.796585
29.004337
20.237112
17.471746
19.005499
19.008413
20.482498
23.533075
37.091354
20.773224
22.203371
37.189537
31.673706
21.883858
38.497597
29.920883
39.88985
28.07047
33.316708
18.055004
34.362057
32.81769
29.408657
32.12325
29.984596
26.627665
21.197948
36.231342
24.295448
17.538109
34.279163
26.216232
30.348097
32.287777
38.256664
23.306452
34.46159
40.12525
40.032295
39.763363
33.00252
26.672955
38.32465
24.5529
20.440458
29.486898
25.197489
28.48218
33.318687
25.993525
30.681643
33.43266
35.495102
34.3387
24.193802
33.33127
15.033431
36.34981
39.387295
31.323133
20.462843
37.29046
19.31403
34.244442
21.77444
35.378307
18.333488
35.94108
23.48598
17.140081
22.073729
35.238544
15.381571
22.59378
34.93106
20.440945
33.12101
18.97671
36.08915
38.121475
33.81375
31.278837
27.844973
39.664253
18.865477
24.19465
16.148172
36.527016
23.930525
27.27257
36.692017
22.516483
25.641455
17.019592
22.63829
38.502983
30.937262
16.50978
40.115105
21.94814
19.274786
26.648758
22.995722
28.379295
28.783167
39.662415
27.148201
30.516468
18.509098
34.606472
20.339693
19.142519
34.30108
24.73468
23.28599
36.004444
15.593666
33.416775
25.955969
15.043422
36.378178
20.963526
33.172276
36.073574
25.984201
35.19459
22.793688
22.664145
31.946602
17.875921
24.321272
23.427052
16.19562
17.257065
21.639572
21.171526
25.08312
15.8546
30.785734
37.459885
37.34583
32.35658
32.13355
16.983131
34.006847
33.06377
20.186113
20.872494
40.42965
15.637056
37.289894
28.57259
27.26409
26.086376
32.014675
32.224396
25.86188
22.915064
40.68791
35.640747
28.889404
20.124474
35.62876
19.904507
16.32858
29.387342
27.996206
37.379253
40.831905
23.114271
28.847143
33.49461
24.485685
36.36628
28.994722
33.053093
35.435894
32.607414
20.563654
39.00263
37.54392
18.144867
30.758425
30.628681
17.264883
34.770065
15.292024
18.942152
21.279167
27.592798
19.166838
39.67401
30.058039
31.351341
20.056112
30.734875
30.5073
31.585152
16.403454
37.257504
17.108166
32.97267
22.539503
33.41247
25.56255
15.865301
40.609062
32.07204
21.850246
15.589647
25.908577
27.094458
40.818485
21.443605
24.35306
20.510805
25.94961
25.477926
24.2231
16.218622
31.79065
15.133395
21.086847
24.921453
28.678808
26.594725
16.848412
16.000593
33.85993
23.325886
21.243313
20.765194
15.872242
26.667501
36.783245
16.099072
24.155712
28.60552
32.146515
33.907345
19.247616
36.861374
18.317274
29.963345
28.637901
19.307333
16.395605
19.765915
31.383272
24.37682
37.932426
26.839586
34.91683
16.617903
17.887047
26.544783
16.14047
23.829268
38.862045
17.91255
31.850176
40.32144
31.139214
33.278034
26.819677
33.762074
28.221918
28.559195
35.455894
32.79258
34.08342
29.912022
34.83993
33.144505
26.127321
33.190804
19.180279
27.337427
38.98543
29.151693
40.230335
17.206278
40.71003
39.660187
37.06015
21.484468
22.661549
18.297787
27.72275
36.46019
37.44947
22.710487
28.818308
36.32683
19.65328
21.801409
40.734737
21.264423
33.731968
36.442196
24.431261
17.517532
18.524738
35.762608
28.031845
38.776108
40.05225
36.274895
16.2083
20.019209
35.946743
18.099447
34.358246
23.647644
17.771206
39.380333
20.920996
33.20997
21.73174
20.614222
38.824856
32.317432
29.843983
37.06338
29.022177
31.44685
34.483604
35.683266
25.34393
23.246485
39.43248
15.067392
38.49343
35.688496
16.026344
20.797047
17.89925
17.952534
39.81631
28.280607
39.360233
30.278595
33.27583
24.676996
27.940947
22.19321
35.516285
22.820097
29.413729
27.491663
16.718548
33.195705
23.693996
29.149803
25.044481
40.969833
18.178223
32.94269
33.161503
17.827015
37.669506
16.9632
38.19497
20.949448
34.663498
35.462273
30.917282
25.852602
15.1678
15.473575
27.289238
21.99026
30.940954
21.538725
30.088352
28.051561
27.062387
37.515366
16.290398
21.695087
22.082684
20.928816
21.114698
26.099604
20.653898
40.619102
34.20023
25.158464
29.502504
40.538605
37.248795
18.404415
30.883001
39.471676
15.653134
35.82377
25.238049
36.176006
15.122028
27.603725
38.691418
27.986588
40.12102
16.553873
29.212952
26.276617
26.066597
35.452656
21.820051
26.335722
39.643246
27.891853
24.018198
16.204357
37.356987
15.326928
21.833311
28.794281
35.49563
34.988308
34.2517
32.228535
33.03505
25.068462
31.658724
24.750332
20.712616
25.171894
21.955175
24.778822
30.482765
17.399952
34.43082
37.730644
15.8766575
18.639587
36.18735
31.079796
29.406744
19.634983
36.92846
29.794277
26.08886
29.24327
21.27262
31.76651
40.39855
40.91022
25.394543
19.145569
23.534971
38.849197
20.76414
34.58275
34.73487
33.666283
38.027283
37.31802
34.560776
29.246885
38.66049
40.763454
27.58164
34.603806
34.932026
26.78067
26.670935
18.084024
21.91493
24.20294
19.26613
18.84132
32.822693
20.318533
25.36537
25.803934
18.776329
34.010437
19.781113
21.501448
16.261951
40.038624
39.227222
37.062153
28.000797
17.554495
24.18515
21.452023
27.72911
18.353178
28.176453
26.598719
22.473135
33.597893
21.063038
24.428665
39.304867
23.791586
26.303183
22.042704
39.27713
23.624525
18.710516
35.265404
21.261906
40.992645
17.194773
26.625546
26.753746
31.959871
28.207277
31.459887
31.35048
16.728662
24.170773
21.279776
29.58633
29.786633
27.042334
30.799746
25.067965
32.31297
26.339739
38.09967
25.451818
38.65704
37.455833
40.27668
29.701519
27.242447
19.892046
17.64041
33.27707
33.603455
18.161358
18.014837
31.432842
39.42658
30.54269
27.032307
27.639355
22.448778
28.612768
38.44002
23.29416
35.854614
19.53821
18.386642
32.350086
28.418274
39.479694
25.416306
18.264454
26.05243
22.141733
29.469711
18.760805
21.654322
17.495674
36.57664
20.295008
39.180584
32.010246
19.121603
20.83057
33.735706
35.34306
34.573963
30.55335
20.125212
35.37814
18.396309
27.493715
19.80297
33.738716
37.479427
16.67464
18.433245
33.461086
36.89969
25.367107
27.391428
39.384594
39.05426
39.309547
36.44359
27.994312
28.3019
25.335949
15.573356
36.94723
32.121883
34.757725
27.465742
29.319353
17.500797
17.057165
26.510979
25.730251
32.76677
32.975903
21.357515
22.933302
30.412924
35.919476
40.02177
18.203903
35.586666
36.749683
23.353315
18.914675
19.86861
39.49917
18.257635
30.055744
18.724745
16.31809
40.49463
29.1399
39.587772
25.050701
30.099571
39.926476
19.908173
38.23994
24.514225
31.704542
40.712955
20.071114
39.369324
33.49505
25.219759
33.7911
20.525673
40.463284
23.876192
26.47739
39.45963
19.077053
16.829182
18.6817
37.36971
40.10275
38.276234
31.43577
27.484615
38.400482
38.41037
22.382328
19.96902
21.661226
19.742725
22.382126
19.55186
20.72294
39.471592
31.848328
24.543032
21.909369
38.26388
28.272419
29.257782
36.954323
20.32487
26.931206
28.034225
24.50588
23.954222
33.60234
16.007793
34.94907
17.921177
35.266254
31.597574
29.34233
22.93893
34.235172
24.262903
15.632025
25.278103
36.925415
32.50466
30.991098
39.131416
16.576921
39.314224
30.121977
21.726442
23.624472
17.314001
17.670523
32.380604
38.137844
27.687042
34.51696
37.702335
29.773642
31.659208
30.641346
25.964565
22.019348
38.77592
35.50533
28.311516
37.16058
24.506477
18.448477
22.906994
28.365395
16.812489
30.466743
38.39218
25.554922
29.233015
32.92216
35.093147
30.31743
18.767397
32.22704
30.303122
32.023388
28.377953
20.35261
15.661778
22.511927
32.288063
33.131126
26.163603
36.24452
25.417301
27.752163
37.649624
22.65958
24.273737
29.597923
26.771606
15.6121
21.414522
38.619026
28.36503
27.245247
25.189466
26.821424
33.926975
26.416374
16.898256
37.116665
39.467262
40.887657
34.7205
27.781933
15.386026
17.892036
35.81882
22.0829
37.228065
19.397995
34.868725
17.231543
22.1742
28.42214
18.934963
36.782795
23.95203
15.076378
39.092667
35.81794
24.483301
15.686939
38.48251
26.819378
34.032356
39.28533
34.59266
30.010538
26.879894
35.04674
18.476412
21.116234
22.618532
21.839283
19.342676
27.993088
16.051432
30.947834
23.497799
19.386103
35.372528
19.249184
29.97046
28.186749
28.816639
20.64053
27.317566
15.999468
40.29004
24.361269
37.087486
33.56772
36.626778
25.998442
29.208065
24.667248
31.063381
36.429066
33.17028
21.443499
25.28428
25.727976
40.29449
26.851633
29.962547
17.157684
20.594734
34.851826
31.10539
24.757177
40.79749
33.319138
40.71102
40.75945
29.924913
16.246353
31.253307
32.09294
15.518548
38.74992
34.332924
16.55998
19.057945
24.633125
34.468433
30.935684
25.41979
19.817438
31.448006
33.193703
30.32655
27.82194
22.922285
31.34051
19.649645
29.652523
38.991104
39.92794
27.160788
27.956625
26.421621
16.213955
34.86602
32.10589
21.832588
31.154587
34.410557
36.988323
18.68935
39.93537
31.20855
35.723175
18.27636
34.588455
16.930426
23.255814
33.948776
17.391994
24.771399
27.846605
20.912004
16.21133
29.528358
34.836967
24.537771
21.716782
38.928284
21.757236
30.79761
29.500862
33.879894
35.835377
26.779396
17.518063
27.361221
16.271969
23.449837
32.983242
32.50935
38.266228
38.83557
16.890078
32.14455
37.70932
39.61782
28.648865
32.439575
26.705486
34.77032
39.993465
40.735847
24.638027
22.317425
36.26991
33.611893
37.366436
25.549202
22.494751
26.225245
24.32254
16.102451
23.158995
35.6777
31.767662
32.201435
26.653915
37.69473
32.279503
25.049347
19.407932
37.263367
17.65652
24.871311
27.349094
32.039013
34.85925
28.431965
31.145638
34.309948
18.35217
17.985462
32.827465
29.099499
15.2663555
35.56297
20.854263
30.589283
18.172213
24.262527
32.47141
34.462902
27.9334
15.778404
22.28264
27.998074
18.107018
18.791792
24.368975
38.776146
36.66188
40.042046
21.996058
22.731453
30.405796
18.907352
17.977753
18.929024
24.444435
15.146029
26.101458
39.937637
29.238474
28.084389
17.671167
28.956234
31.382399
35.98439
35.187122
37.95524
37.097435
40.58408
25.456295
33.010334
17.612747
21.876017
21.015877
39.734756
39.10319
24.073753
29.652246
23.257183
26.65851
39.41361
31.010916
23.545847
21.878056
37.948803
30.818188
36.045433
39.116707
16.81522
33.07329
21.571938
24.151855
27.582954
32.720055
24.20162
31.09788
31.254889
29.770113
23.493694
40.763786
37.23346
36.625023
17.80245
30.331247
17.148996
15.432559
16.662989
18.22442
30.827719
31.712816
24.275791
21.349613
37.87485
32.202724
32.968838
30.501976
24.357977
32.89286
35.18199
25.668009
33.898098
15.568396
26.99696
28.19689
18.110582
15.816432
19.527035
39.370193
20.785484
36.42479
40.58445
16.768755
29.45643
21.372784
23.959135
37.01706
27.079607
19.202353
23.37117
17.979683
39.429104
32.458347
38.70031
23.290968
30.512108
24.09963
37.44939
33.218174
36.817307
38.308067
22.5645
16.290157
27.531971
29.96034
20.713287
25.867535
37.998142
32.177956
18.913807
34.887196
39.625427
32.83365
32.009804
24.382904
19.237804
32.667862
40.904385
39.0656
22.404058
33.756737
35.692482
38.24098
16.686213
17.473606
34.8736
38.648678
39.937637
15.798726
31.679804
31.426477
31.792213
28.857466
29.219946
20.334616
33.3083
16.905024
17.619617
22.619392
36.36586
40.626133
36.627365
25.451935
26.86258
21.581137
30.261204
23.747131
40.014343
40.90516
37.98546
15.349324
36.13789
24.955027
25.636538
29.065584
33.17815
37.498978
18.857187
25.833946
39.939995
31.257069
40.152332
39.433174
15.494013
37.125584
35.845634
26.572264
21.548058
15.2566805
15.194391
34.94198
39.711185
30.314856
36.711376
25.867453
38.5238
37.69467
26.345879
23.569942
25.88763
20.259703
22.592005
31.727472
27.101374
36.250385
26.821024
40.01832
17.092695
36.408985
29.17541
32.637833
15.634449
16.082693
15.215839
27.3983
20.342794
28.091324
34.17835
37.953148
24.077152
18.483904
36.17744
34.930984
38.996696
33.958893
34.981884
16.321527
24.97535
32.685658
27.093489
27.324713
25.336985
15.540168
26.775215
19.05585
35.944893
22.35584
24.403332
37.993816
34.5642
23.690783
34.05955
27.866028
30.113346
36.825626
27.632439
26.782885
35.930317
21.231508
16.863474
34.86627
33.501797
19.585663
21.751637
31.360554
39.238
17.562433
25.521439
37.271442
30.823265
25.0905
40.962753
37.94695
31.432333
33.542385
22.366955
25.696579
35.67434
27.410301
33.51221
17.53879
30.511486
19.422705
17.19198
25.473604
37.596516
18.768904
21.634125
34.29623
24.482897
37.124367
25.824137
22.899323
38.983906
36.50731
17.224514
27.255531
37.591587
36.647575
17.673264
30.828758
37.313766
23.511621
18.348108
17.031565
26.54711
18.902866
24.598907
34.527878
22.6765
31.644571
28.179396
39.674286
17.975712
31.752758
17.950298
33.1998
15.081661
36.219593
18.479424
26.343176
20.82431
24.553059
25.130365
35.098488
16.516493
40.056602
26.20992
35.96374
33.942772
34.982864
27.535374
26.644077
19.233631
34.158478
32.386326
32.530136
33.57114
18.452309
20.221718
20.453825
36.244457
38.547367
32.771263
17.21797
39.95829
40.877144
22.15147
33.70277
22.494738
37.299793
40.510025
31.971354
30.838661
28.109201
40.36821
36.728172
29.699049
18.319717
27.309662
25.728243
21.993542
39.811787
23.954727
22.291805
34.310596
22.888577
24.263178
22.948166
17.62354
40.069115
32.124134
40.414112
28.602964
38.531334
37.920452
26.60637
33.75877
15.518777
15.295978
24.19436
35.34036
17.237663
15.707433
30.31846
40.433296
24.29637
18.508892
18.5308
25.012941
21.577274
23.295135
26.759611
38.850464
25.581312
37.021355
26.154915
33.11375
39.74848
23.020056
36.04237
28.265604
22.032917
34.452133
17.893818
27.433846
31.099058
26.957527
28.217163
39.81271
39.905796
16.311947
36.57487
17.85218
16.158436
26.749596
36.559532
31.001677
24.133623
32.27794
18.486557
23.596802
31.720331
18.78897
36.80819
39.112583
18.17038
39.06252
28.809723
39.45391
38.01484
33.860626
32.017914
36.213688
16.87808
30.228085
27.933184
18.901388
27.50908
34.8426
35.191425
27.029606
31.25008
39.799297
34.067818
28.643288
19.375427
20.567554
38.35419
27.386278
26.259012
23.024342
20.073166
33.521915
20.16642
30.446676
37.23635
35.459293
23.618437
40.13683
32.91064
25.284029
37.735397
36.957466
31.225698
36.55211
17.747223
31.469873
16.63736
19.177729
33.941925
31.596981
28.755903
36.630737
35.72577
38.773884
22.354704
20.85659
20.18106
18.402079
16.79393
22.341484
28.533106
18.08967
39.025654
20.567617
38.275555
25.638273
15.590781
37.738255
15.353946
34.028416
37.574955
26.099573
35.770008
18.758703
34.359615
28.446035
25.244732
19.810051
21.186184
22.468245
15.1661005
20.234814
36.045284
20.487097
36.947773
35.911625
37.20978
38.815212
37.13788
20.360312
25.84936
37.496468
20.14249
16.677233
34.596107
15.496676
28.266241
23.62994
20.674734
24.553251
31.922894
28.741035
29.267576
28.838919
26.331652
35.79465
27.153824
27.35437
16.790283
17.614965
32.343945
33.536945
20.704119
37.19472
32.424454
23.957254
30.95029
27.292662
34.634827
31.172882
33.86955
20.472406
18.317493
34.818085
32.2033
38.22121
35.31346
19.83069
30.631504
21.265654
16.120296
25.352114
21.217321
31.492235
31.185823
22.283743
28.027449
24.984459
17.58
31.742647
26.47235
35.603912
19.469145
28.73186
31.498516
29.27144
32.31076
37.22526
29.665329
22.645483
21.493885
34.564323
27.3519
28.248169
16.268997
16.573774
38.86473
21.255798
37.24323
22.125471
34.054897
29.148825
26.460653
27.01459
29.203827
40.207485
29.144173
27.959415
39.39968
36.442753
27.544617
22.295925
23.401718
26.968271
40.02427
27.510437
21.077866
23.047472
30.4963
35.138535
18.901213
40.091072
36.648056
25.755646
20.703924
18.733698
27.995464
27.794432
20.912548
40.784344
38.7473
20.746447
39.826515
36.323944
29.702354
16.940239
31.152086
15.5143175
33.959038
33.535385
26.966805
30.786266
39.0862
19.63167
30.565012
29.990646
17.585546
40.464924
23.222794
40.82471
27.970148
23.545753
26.821098
29.38705
34.590256
40.294735
20.47879
19.068027
23.456676
35.237316
35.8726
38.14849
29.743692
27.144035
28.759018
33.458225
38.39759
32.63633
29.363373
15.236474
20.333523
36.72557
23.764458
20.94049
25.07261
18.51265
16.178202
31.164007
20.352722
23.847763
24.131989
23.056087
38.240658
40.134747
16.921497
35.67181
35.579967
37.661644
34.454865
19.539764
20.227869
20.84893
34.614357
25.397322
39.466316
23.62905
38.603634
16.523235
31.216434
35.80572
27.399065
23.388039
28.242195
17.688753
26.386492
38.44631
38.39828
32.559826
25.540113
16.810825
26.158813
22.596985
17.088228
17.277222
22.157707
31.770376
21.510788
31.708666
22.278034
32.91898
23.926733
21.14373
19.947006
29.727915
22.454393
36.156487
34.724743
31.648083
39.966187
22.976543
21.019135
26.934761
36.809166
19.667585
36.815845
21.928974
28.52597
28.266642
21.681505
15.465242
33.38596
31.202227
31.97989
33.86159
37.62439
35.538044
37.23497
24.332443
21.687729
16.629982
24.881393
26.862309
18.496199
37.6376
29.262032
16.587942
18.759928
30.997362
32.66397
30.558897
26.723106
18.443361
25.428362
36.38117
38.360825
29.45231
26.726265
15.695908
35.0162
36.093086
39.461704
22.704918
36.740845
33.177116
39.94482
33.026955
23.189459
22.334454
29.472187
39.05357
15.81998
17.181324
30.757872
20.670523
29.363317
26.09855
35.27814
36.720596
23.052328
17.306177
38.02419
38.90582
34.93745
23.89818
17.901482
17.961937
27.766834
24.29218
23.070997
33.88527
30.371738
38.15255
22.89667
15.751734
24.27328
19.261332
23.845057
32.2402
17.31456
37.039944
21.677412
15.3570795
16.52261
17.465595
30.580927
37.056248
21.1174
31.979893
39.50506
27.45828
39.610634
19.653158
38.900547
20.195122
38.274906
15.346411
15.302818
35.04121
15.91417
36.904068
40.758114
22.4392
31.829405
37.513905
40.959858
36.788326
30.148705
23.286777
32.144382
15.435603
16.278957
26.83726
22.289307
26.194912
28.136621
25.187176
18.964428
17.916239
20.028032
28.667711
20.304276
38.13709
30.575064
30.661674
35.002914
29.17043
31.91982
38.00603
15.975923
37.11818
35.59249
22.665903
36.39097
25.24665
18.889303
36.894615
32.13763
25.91998
38.383
18.510569
37.488697
35.859974
30.276081
22.15002
18.699379
31.885494
30.707458
40.39607
27.597418
40.481747
20.836094
23.537516
31.836348
24.559715
31.550535
20.377369
20.415653
26.588093
18.99121
40.989223
22.315836
32.91498
24.722658
39.61079
22.65298
39.54378
25.355837
17.967392
36.62654
34.887512
23.696001
34.23417
26.715767
34.09806
21.079536
26.574371
29.074266
30.451633
22.46353
30.73203
34.878872
19.968935
30.044765
40.510868
23.508139
39.95833
39.710182
30.137312
24.857376
38.492588
29.458773
30.484007
17.841358
35.964577
28.08525
18.921179
33.192383
33.814354
29.878725
31.166813
19.030584
31.280169
24.865017
18.92253
19.364994
26.597916
28.20912
17.310625
30.677996
32.45842
16.794714
17.168726
38.05248
16.729256
37.710552
31.11203
29.920092
16.457468
38.39887
38.939125
31.440716
35.991913
15.55891
21.435888
28.767303
16.698648
15.549083
35.922977
16.006996
24.190107
34.994015
31.995985
35.55847
21.248514
16.578344
21.823236
40.687183
40.696312
15.596839
30.094894
24.694246
16.351099
19.730888
36.257854
27.841381
29.899841
21.734303
26.024609
29.313501
21.036945
28.236702
18.31014
30.932096
29.532959
39.71074
21.729502
36.076786
17.035484
18.799717
15.579718
19.328995
27.351164
22.665098
35.83317
17.72089
22.71732
21.788784
17.085648
23.154312
30.144129
36.752926
16.63074
29.548616
20.29298
39.920433
30.8733
21.582973
31.5539
36.652206
33.14819
16.51777
23.994719
38.72255
19.676527
30.511486
39.67692
26.932108
22.870247
24.093458
37.46788
40.56798
16.486671
20.00967
19.926418
20.323729
19.238434
30.527777
19.098454
22.567152
20.380028
26.469288
31.13172
16.431852
20.52081
28.730898
32.503315
27.108753
33.455273
24.86364
33.351105
22.926828
20.154974
30.397678
37.90979
16.337566
34.232437
17.032173
22.374681
17.755615
23.165926
35.553806
34.65102
22.35849
27.365011
18.404198
34.393917
17.411036
35.760284
17.185574
23.503775
33.455807
30.016703
22.075722
38.814335
32.798344
21.698473
29.117325
18.095192
25.116789
17.754435
25.653534
29.68798
38.73812
33.546432
31.80065
29.105097
31.148685
15.309143
30.78053
34.742195
37.64462
31.408392
25.179392
29.490374
26.67814
30.055939
35.756397
27.481262
18.418541
26.242306
18.294504
19.458023
25.322147
26.565184
22.167685
20.337488
34.093395
21.359474
21.792854
30.41343
19.31954
17.076063
20.941341
25.348299
30.274431
38.20993
22.00402
17.610403
21.912155
37.244186
37.735775
17.335888
24.90926
25.055182
31.749128
39.729576
35.764656
17.014832
40.083515
15.065993
24.429176
25.629814
33.545826
38.11171
37.712147
30.973322
33.199486
38.362362
29.800293
29.393559
27.373426
16.872463
24.624575
15.024172
23.869043
17.653467
24.523525
23.475384
37.662292
27.625187
15.677048
18.750511
16.329742
24.928043
25.122469
18.911165
18.671547
19.038334
16.815083
15.305381
34.560963
31.575983
21.15829
38.276478
19.919111
33.954006
37.703857
39.18644
15.895426
17.09119
28.310625
32.316124
17.828228
21.294235
23.950542
24.745665
25.36669
37.11292
16.563595
37.67189
22.25442
18.481535
15.888775
24.785606
24.706642
21.782192
28.035994
36.310177
33.057056
36.600304
19.714306
39.093735
22.407104
17.889824
25.49468
23.75098
26.379503
27.025633
19.260925
15.266473
33.759567
34.792652
33.090294
19.699852
26.801958
28.746092
17.2057
18.674467
40.28715
38.57451
19.354288
21.184364
16.03105
30.107029
26.992601
28.920643
40.482834
21.428509
18.996399
34.79666
33.29022
21.200987
21.263575
22.642633
30.26802
27.73722
34.54159
19.143642
23.074978
17.631756
31.086113
21.01112
18.085503
24.827257
19.34554
17.106365
32.437103
24.878664
24.766415
20.775675
30.040897
32.874886
16.027704
36.010197
40.46181
22.98764
33.537167
20.209623
15.006584
24.939196
36.861095
20.307314
35.102005
31.815622
35.90901
19.805557
34.10226
24.599384
33.157738
33.87307
23.033623
37.554874
28.974813
40.07297
33.46612
29.17275
21.188946
21.517843
28.696184
35.763767
19.455694
23.289682
39.73076
16.989916
22.67943
33.81588
15.182559
36.63062
37.77799
38.558517
38.11784
17.703875
30.414354
37.852726
30.14206
40.697075
24.970129
20.02086
21.565622
23.109417
33.99833
28.992804
28.360891
25.767706
20.66856
16.578653
29.803362
16.449486
17.305466
21.268688
25.184044
18.23229
21.021687
39.97634
29.786684
40.68504
27.659542
20.493645
19.442661
16.527378
25.780994
34.59439
15.407984
24.704983
33.283314
38.699005
15.050979
34.963722
20.368347
30.80592
34.89591
28.952703
20.056063
32.997936
34.936874
22.646091
35.208546
30.247976
16.817999
18.445824
31.118433
22.477142
27.470097
16.712074
15.116205
35.859085
26.100525
19.665686
15.3636265
19.218119
40.05225
37.616398
18.026026
22.034578
27.979612
16.293156
33.354004
40.04945
27.032566
20.687353
20.855503
36.751263
38.2977
37.267303
23.702164
30.131779
17.613558
32.681873
20.789139
36.013058
37.05939
39.143524
29.455574
29.976952
23.910597
40.565826
34.773247
19.46908
16.660782
23.227646
22.523792
40.002953
37.829487
40.24611
22.51036
28.555782
22.706293
28.462626
30.687351
31.22616
29.926098
33.481056
24.742374
17.014723
25.827108
37.54435
30.227386
37.192486
25.912102
23.695784
35.111404
26.13749
15.415253
22.243137
35.71503
34.748985
30.970911
25.928986
40.387497
37.589355
36.687378
22.407478
18.999693
29.757465
20.547842
40.637775
20.352222
27.163246
28.99233
29.626604
23.935215
16.351688
40.778595
25.587101
17.12719
21.31557
31.776564
25.028421
17.883034
30.839703
26.220097
36.550346
26.236603
16.83545
31.121424
33.18939
15.531372
33.852894
15.047779
38.047634
40.192856
20.498953
26.266426
34.63289
29.069536
36.843285
18.38334
35.8484
35.8943
30.059883
18.032537
27.892681
29.256378
37.530685
28.91708
19.464844
15.62415
18.428654
17.559555
18.617949
30.42197
37.4012
36.488827
15.362766
35.939728
15.390861
24.271627
31.696575
28.941605
30.858736
28.791576
38.116367
35.240955
23.717068
32.484993
40.87313
25.221104
18.130991
39.861847
19.233603
31.307257
33.01541
28.571993
28.838205
27.732578
22.531532
29.520851
33.87861
18.591934
37.178547
25.095413
33.2656
22.139647
21.17952
33.430546
34.217804
19.563007
19.776531
28.82724
40.773952
25.051199
16.77863
15.928589
20.616207
22.879652
34.247185
28.065865
39.289383
36.44276
16.556747
34.306313
28.410519
15.693264
18.235504
39.165813
25.785688
23.284521
28.96799
29.693743
16.485575
37.862225
27.933678
24.694073
32.878666
21.415102
39.258614
22.215729
36.38069
36.36942
24.773285
22.127062
36.251125
33.2001
35.498383
38.583267
27.152475
32.731575
17.32122
22.502312
27.38515
29.014475
33.178955
16.784063
17.72069
30.689495
15.730928
28.938915
22.578184
29.08789
26.980833
17.036394
16.923681
33.96822
16.600485
29.440832
19.719467
40.75199
38.81049
34.670353
22.009995
30.396215
34.589108
40.89707
24.803448
22.628735
21.709146
17.1005
36.79269
39.172626
21.64366
23.692854
16.656658
27.79884
35.73488
17.554039
23.192944
38.57165
15.186678
18.845785
36.85468
34.489372
26.419493
34.718513
28.399502
39.873142
31.117544
34.081123
26.305723
19.31959
24.901836
29.973152
34.370533
33.80843
29.978296
17.760199
24.477394
28.644049
35.339043
22.367882
18.904459
36.310486
31.135706
32.07603
27.743225
36.032074
25.697302
38.01408
22.006302
24.857481
40.331127
15.430241
31.825495
30.422663
28.523691
35.051136
17.776146
31.198772
34.449715
38.405285
35.810955
31.993822
26.800682
35.852886
22.54625
38.752396
19.86058
40.24609
25.715971
25.285496
34.484814
28.637968
18.493364
15.463145
31.179415
15.26516
40.07767
39.61506
33.831158
39.148186
32.452854
29.410286
21.805153
39.085197
36.547665
15.324487
36.1051
25.55891
40.161144
36.95394
20.082281
25.133307
38.964878
36.898266
18.78303
36.285606
22.653107
31.709263
21.44028
18.300869
36.88409
38.491077
18.843456
36.85055
40.04086
27.137417
29.361832
19.183107
26.036701
17.904325
18.250168
40.47378
38.400654
28.04244
40.5313
28.81243
38.700333
33.550613
18.228956
39.55234
21.994345
22.763062
36.015095
22.299618
19.453789
19.445177
29.439487
21.691925
33.55198
34.34852
20.82544
34.296913
32.293976
31.763336
23.64387
22.454922
15.842152
15.507446
30.719143
25.697054
17.5913
39.003098
28.973497
17.488972
24.256626
28.618916
31.5829
39.482353
39.86014
38.291878
37.39573
35.200066
18.635794
40.594646
33.256706
16.137844
23.82095
38.87649
23.481926
19.63427
29.061543
20.881487
18.146965
23.542606
36.730537
32.335392
16.07849
19.732132
40.844105
23.393229
19.480808
24.753258
23.457113
23.55229
40.98238
39.61983
16.429426
17.66078
40.55322
29.593765
39.276623
20.990183
19.222733
35.101124
36.453636
20.989805
32.818516
26.46557
29.866991
21.304861
24.050102
28.014164
28.67117
23.914864
27.177773
33.29211
34.47678
29.836943
32.234932
30.61727
15.983117
39.73913
25.313702
15.011819
30.744846
35.021534
27.776762
24.667646
27.292353
17.448727
18.424603
19.533636
24.14759
17.254526
22.625792
38.35721
17.411999
39.790783
39.208908
32.569103
29.550295
27.254648
33.51832
32.76948
18.753809
38.80422
29.451921
20.255135
40.83917
37.46029
34.527634
18.02171
26.023022
35.592396
40.066257
36.981453
39.110657
30.500185
15.431949
19.756195
31.646236
19.626585
38.937614
22.336851
18.394531
15.277011
22.500868
17.144953
38.15889
19.369455
38.427402
35.588253
40.387386
31.702957
38.80204
32.071716
36.27889
38.50752
38.88376
18.606693
24.173054
29.626347
35.629498
35.65539
21.89297
32.58167
19.012598
30.654247
23.406536
33.98835
39.155243
20.779003
27.682322
29.304832
28.460175
32.946
33.93799
26.748867
36.905704
23.788172
21.61408
34.355865
28.458775
23.401081
19.353321
22.620642
23.164564
15.023248
25.0252
20.938637
16.887064
28.496878
16.408028
16.150656
20.903513
26.34909
29.525326
21.895506
18.596699
37.64043
32.830708
30.187881
28.342577
32.34662
26.445168
37.664124
22.3567
23.971115
28.472956
34.27646
26.74147
18.33015
27.057001
25.866714
30.267212
20.008673
17.28209
28.013323
36.523632
24.854605
36.29379
36.820873
27.99418
15.06062
22.073338
18.909407
33.33443
16.87666
27.193556
19.760897
28.676502
19.803137
36.578014
20.79342
36.13517
30.233875
21.79553
