23.714668
34.33423
17.334986
35.37034
38.527843
24.0229
33.25388
38.194748
38.113422
34.00918
25.090202
34.097324
39.093704
40.791836
16.72151
17.933987
26.770847
38.84625
37.651962
19.031923
19.332243
33.816166
28.013815
32.073414
36.068638
17.685955
29.38091
18.894268
33.13949
37.335354
30.152245
25.58056
23.195433
38.295036
20.945385
39.819466
40.255642
36.749588
33.433662
29.844866
38.638184
16.875654
19.367613
32.51564
28.454508
31.456453
37.140434
40.074287
22.204405
37.37991
37.188705
32.955803
37.345848
28.106163
20.763847
25.651546
24.364386
28.481207
29.166485
20.080061
40.829704
29.376957
34.40485
36.176506
33.202393
36.55405
33.42021
28.48482
15.74175
37.87218
28.516268
34.42126
23.76596
25.513815
30.436255
20.575436
36.72878
23.24064
31.650482
29.924545
21.102312
38.86808
27.84882
17.158964
35.893326
15.121795
17.37668
27.451942
26.770958
31.831049
27.409737
29.95352
16.246525
23.01733
30.031729
39.048534
29.121584
39.852684
31.061407
21.99082
32.50826
36.690685
27.4687
24.9105
38.126232
30.414013
15.526962
24.388506
39.293674
29.196096
23.467173
24.802265
40.054882
39.440308
19.331701
24.468737
25.225084
21.13874
26.969324
20.245724
33.783485
30.18356
24.669857
26.699703
26.008366
37.267483
35.80589
36.20814
31.023478
36.925915
25.03076
18.436539
32.012905
27.001854
37.076046
35.515247
39.261898
18.355583
25.998478
20.938267
20.394121
34.9948
24.845324
23.716154
26.701117
21.966791
19.138971
22.637283
36.297684
30.332739
26.325514
34.62657
30.987278
19.335361
27.388828
40.13799
20.184425
31.474514
30.200756
37.276966
34.016483
26.621437
40.85966
38.921085
20.815079
26.530827
29.263758
19.492163
37.60781
39.150974
32.472214
24.23015
35.933838
26.985647
32.02629
15.829008
27.332212
17.427502
15.334234
21.117002
29.189856
27.461233
34.467976
36.0986
38.286354
38.425766
32.276188
33.12245
28.335695
40.628277
27.58744
39.199684
23.100468
30.51879
26.45888
23.56899
34.24185
18.862762
18.9199
25.48979
34.969284
24.889898
16.467026
21.941984
22.76635
26.751087
26.685253
15.420607
22.99508
16.78133
17.802855
22.335915
16.018518
21.045008
37.730698
26.66425
25.631943
18.430923
17.193794
23.442272
24.055988
31.167986
30.932003
38.4569
20.520266
34.0485
26.628315
20.055614
28.553995
31.874483
18.217442
16.386444
21.500599
31.683468
16.533966
22.574389
30.486006
28.163774
35.878464
25.3506
32.095867
19.335228
28.011713
31.473057
34.35479
21.049837
25.331177
22.91219
17.251015
27.157944
16.540592
30.222115
30.012943
23.288889
16.992712
23.77804
35.619205
38.111233
26.066769
40.632523
39.611977
40.66612
23.436493
32.628113
31.183538
19.908339
24.891058
31.101171
17.718988
18.943201
16.490524
33.0214
37.503456
35.613354
15.268979
20.733875
23.14
23.068117
31.44271
40.60519
20.37479
26.739056
21.137379
26.82252
21.48904
37.748886
32.017315
27.354225
21.192612
39.19692
32.881718
29.65288
36.041996
32.992744
34.286594
24.06633
21.805885
30.95084
20.558065
31.119707
18.914335
34.71234
32.181652
38.841072
24.152998
18.726198
29.483871
30.125603
17.101719
25.000507
27.766645
33.76803
38.467247
27.625738
40.611565
30.240297
18.422628
23.17518
33.94031
26.551184
18.34134
16.0039
38.599068
19.596846
38.901997
29.196018
27.728962
26.296083
21.43995
32.451134
34.991245
25.501339
31.634954
37.554287
20.834936
39.186234
23.14942
36.239742
34.426426
40.73267
35.66976
24.237577
30.604645
22.275372
38.95365
15.08286
16.281954
15.00892
27.948929
23.870918
27.080206
34.122135
21.82527
26.558079
36.672924
33.59696
39.84766
30.635826
16.298775
31.493692
21.421078
30.04734
16.218128
31.541763
40.348637
35.068893
36.503613
15.864922
32.37094
32.54459
33.487263
36.492073
30.3922
21.341442
32.430958
17.939669
31.449064
38.182827
26.543488
15.5989065
19.441053
16.121824
21.336775
38.920673
33.916832
25.832043
21.49536
20.463531
29.798462
26.621923
34.92742
21.75471
31.826172
29.619678
37.472267
30.611422
20.719069
23.92942
29.858324
36.079514
21.572586
39.7251
19.93735
20.468784
20.851393
30.227406
17.964685
35.099045
22.486856
19.299715
30.75203
27.318216
36.051025
37.00285
23.888344
31.113668
20.75453
27.864218
19.906181
30.21004
34.103645
33.84557
30.26478
34.9318
39.4522
32.03462
18.328022
28.30589
28.396862
17.93917
25.134388
20.88959
21.989706
30.928553
37.687767
37.631134
29.079988
16.845596
38.742043
29.70518
28.747227
38.10342
35.60912
17.712645
26.75079
33.68481
37.38904
33.894146
31.196444
40.378002
25.202686
32.07851
24.20827
38.31118
16.50147
28.972645
24.29473
34.38902
24.33531
17.096272
34.31055
30.588127
17.579065
40.174847
40.441494
40.234253
40.549473
22.1262
20.47695
26.362616
34.18863
26.911219
18.78572
24.05379
34.04675
22.4662
22.87323
31.241018
38.666073
37.694187
36.17375
31.900911
15.649436
25.064919
17.8192
21.767948
29.691132
38.757812
34.52641
37.754246
27.154379
23.47959
26.457623
38.1096
33.398815
16.097977
31.934494
29.022703
17.993074
15.055196
33.22356
30.843172
23.191683
21.159643
17.261738
27.394764
28.612112
39.80151
35.153183
20.953938
15.916977
18.897812
34.544243
35.383717
31.488022
24.944572
29.571146
20.641504
36.572678
27.438677
33.975513
35.420353
35.19057
31.62917
40.195522
27.03686
40.206573
31.067553
34.76612
18.84473
23.408588
24.74887
28.199448
17.431723
16.172365
38.770176
33.667057
28.648527
35.35239
35.380203
35.268463
37.121815
38.4069
17.053883
35.44584
24.319586
24.446829
31.797508
28.19266
35.46555
31.892574
30.275278
16.104452
33.64019
22.729086
17.545038
39.032673
22.25979
19.969015
18.200933
26.128178
22.79063
26.865208
23.542894
31.398596
31.03412
37.65801
25.02766
23.554342
40.609634
16.199495
31.703304
21.880857
32.36532
20.66585
36.588974
21.1501
29.363222
25.750797
30.033875
30.17216
24.813496
38.227093
18.97424
20.488283
26.873554
21.569754
15.704314
35.9195
17.581516
22.453812
30.287144
18.21037
35.359303
34.371063
29.053244
22.845366
15.499247
25.354393
23.769962
38.265667
34.839157
25.85486
22.011616
15.177168
19.434195
39.185986
33.02028
20.415756
27.450008
34.631195
20.919327
17.923944
35.730103
34.30459
32.526638
25.79322
31.531328
37.16179
36.21159
39.03942
16.77505
17.176903
21.249767
30.803814
28.827393
31.633005
35.951607
40.010498
25.300652
21.718006
25.475851
17.16103
30.658836
27.174183
20.686121
31.910208
37.513885
31.618855
35.6685
32.3422
19.415146
17.335384
35.60042
20.45421
28.663124
19.827745
28.54591
31.255167
22.219631
23.238573
40.44933
30.099895
29.13993
37.84977
24.109842
18.40457
34.118443
38.31634
32.24075
27.727142
27.718204
34.028313
29.852894
28.346855
34.645195
25.052206
16.148367
40.93982
21.032187
22.472673
16.870726
34.723026
36.112793
16.636574
24.630005
18.527065
20.894947
34.795868
27.105728
40.65821
30.483946
18.952398
27.228264
27.123415
19.558867
21.326685
23.448742
37.81714
20.172016
38.804626
22.029942
32.60687
23.51972
30.960014
36.925346
21.904531
38.62371
24.807474
34.260857
29.273901
38.965878
17.309593
27.69334
24.899527
21.035212
33.8436
39.992596
38.33054
28.474234
29.327135
27.077904
26.81316
16.053267
32.50925
21.437765
23.738533
21.054377
17.051989
16.371073
32.25799
39.81285
23.459423
28.810307
39.95568
18.142614
23.655323
18.622047
31.61891
24.162933
23.067104
26.227438
22.609411
20.647373
33.44296
28.144901
15.114222
31.431898
21.310688
33.629784
17.642614
40.647556
25.980854
32.970272
32.53604
30.584236
35.303574
17.196255
38.970867
19.845423
39.00735
27.96757
37.959072
18.119999
36.38006
27.230246
25.190035
25.375532
23.296223
26.864302
19.206823
25.568632
31.151552
22.9937
34.373386
34.071354
33.134586
35.889034
34.36437
29.928736
37.447212
26.465622
16.497225
26.79105
28.579746
36.26458
18.126629
23.90529
40.55302
31.501587
17.534126
28.904064
28.159042
29.27797
33.271324
15.295953
21.663393
37.37081
37.752846
25.539997
31.176733
22.153772
37.045612
17.377945
26.95937
36.147358
21.263962
24.701405
19.292011
21.457317
32.755478
20.647125
18.227468
23.932013
18.350279
27.842033
15.532201
29.254381
27.346949
20.760798
32.43324
34.381435
22.621124
38.012085
29.405191
17.75392
28.268208
28.035807
40.163597
17.521103
31.529524
34.172047
35.275177
20.66038
33.401627
16.353504
17.35198
17.318644
27.29138
28.776674
33.665768
17.962187
26.354824
35.82313
23.200434
15.994098
23.745678
20.23067
17.654541
25.382933
21.899805
18.055195
31.712624
15.543689
19.19479
22.317644
37.023052
26.22186
30.849201
31.396383
24.751902
23.453655
39.763966
21.203875
39.326447
39.81018
28.158745
33.97759
29.038445
32.0807
22.319016
29.118494
31.546656
29.30981
40.544975
24.92662
19.999537
35.67565
20.481325
20.3116
20.493292
34.08107
34.407284
18.597137
37.88708
31.526844
27.779192
35.39191
28.616274
34.345917
19.343328
27.165377
36.076374
36.19983
18.474583
18.645473
20.394268
24.373266
35.046898
35.446262
27.960213
24.349974
33.104378
25.437027
22.962992
22.91299
33.877296
36.280407
39.35242
16.084475
38.27515
39.295574
29.147451
16.10511
15.889287
19.343628
29.814804
25.350386
24.750544
22.785706
31.562168
16.590786
25.612675
20.730501
30.821672
30.325207
34.37032
26.76627
22.943472
39.05165
16.370575
35.163506
27.175909
29.286594
20.84014
33.137917
38.377888
32.90405
36.425465
15.1793785
24.59071
17.937777
27.931112
18.681107
35.590744
27.374737
27.742025
32.14417
24.851036
16.665194
31.128223
32.086143
39.95897
22.684637
16.655893
30.448618
26.46883
22.704975
17.266666
30.776772
25.412249
25.567163
26.237345
16.735374
19.246082
28.694777
25.195145
36.628906
22.886518
35.847717
34.638992
24.50966
25.659777
21.58757
33.005226
32.186108
18.493895
31.310894
24.216547
32.984894
40.482826
38.403915
25.865797
39.473278
16.073093
30.581991
16.711733
25.514885
38.555
23.799324
39.001667
24.010204
21.284424
34.249332
22.28637
15.46412
19.117977
20.923208
28.855429
27.126509
22.913374
40.954025
18.696737
29.867735
35.628506
37.546062
29.97158
26.17953
27.546894
29.673672
31.397257
21.732716
36.463802
27.931374
21.642021
16.776722
28.286427
39.926613
27.862541
26.331902
24.433237
21.42883
26.851944
37.604153
28.661718
20.123287
21.916916
25.342344
35.510303
19.265436
36.565228
20.962622
15.409532
30.791208
36.360424
29.179592
15.699055
15.511055
34.888336
34.613
40.28126
17.900206
20.68042
36.379456
19.448948
36.694942
17.151867
31.032318
31.543562
16.014418
35.137794
29.378836
15.532249
23.049849
29.448713
20.682201
28.336016
35.497635
31.016882
16.547134
22.797997
30.860262
30.667997
32.391182
29.54993
38.49857
19.32815
32.81987
30.71663
19.89131
34.563763
36.452473
33.392315
24.942558
22.75269
17.786003
24.129345
30.374943
33.897533
38.53876
18.299091
22.256332
18.117596
16.580578
22.116179
26.529913
21.193796
39.035576
38.36163
39.05237
31.191301
37.434204
21.39698
16.09213
37.147438
26.894794
40.930622
23.499395
32.087914
24.230993
27.17925
21.831964
28.222237
27.609854
34.561424
29.605614
40.06961
18.926435
22.866955
33.53504
29.479465
23.414238
19.964853
21.141216
21.036207
23.17687
22.544357
23.423111
25.175636
38.304787
39.127567
23.426743
25.490866
37.03204
18.648945
36.491524
16.16849
36.991394
28.266052
39.713833
33.271114
31.042313
33.747498
35.739914
23.670273
21.37466
24.778297
39.384968
17.83415
30.63217
23.829376
20.772635
25.387363
38.653076
36.8572
19.698732
21.385555
30.09146
37.03107
34.745487
34.585316
29.66126
34.92979
19.307165
38.640434
32.036022
24.206099
19.135342
19.118368
24.540861
36.586308
20.271786
33.50608
20.689247
30.254307
28.309196
39.96253
29.345648
29.163229
19.804825
29.475195
21.836105
19.624624
22.36923
33.291206
19.682377
26.64428
39.462242
39.018753
18.801226
25.90533
23.250423
18.632566
21.988989
18.043493
28.015097
19.767563
20.302597
21.91594
21.547308
40.147568
35.551678
38.934395
36.7258
25.77159
36.53243
31.21471
16.04639
38.567818
22.862452
32.28937
38.25587
26.626083
38.316757
20.435875
28.440853
39.83226
20.418665
29.293278
40.931705
17.753605
32.705334
28.370638
20.204042
38.9618
38.566166
17.295355
38.594936
37.630997
30.843393
32.206024
35.098347
30.210886
23.48757
38.563503
18.763962
26.250364
28.47684
19.835617
39.296005
17.035143
30.937237
30.005
24.333189
37.60311
21.942402
15.65625
29.58843
23.914103
39.824516
38.517704
36.536556
25.476137
36.99436
21.764748
24.660585
34.568108
36.24683
23.135818
25.401913
40.34921
24.319366
24.968729
28.906979
21.608429
17.074131
21.634274
26.422783
17.682602
28.090942
18.525568
38.76586
31.159689
36.686325
35.75578
30.674124
34.384052
26.415215
20.023573
38.04818
32.493626
36.965214
35.724636
28.098604
18.744104
19.019453
21.319437
39.237812
29.213274
39.14251
23.21134
30.18997
37.628906
34.034946
20.946012
26.239716
25.02663
34.605484
20.412056
34.80009
29.219494
18.22584
35.90451
24.552504
15.648854
36.261852
15.407037
32.296196
40.08667
23.515415
22.255136
37.342
28.872063
30.565376
30.462017
28.794918
29.890507
17.161451
30.420263
34.39238
33.341812
18.803844
18.436668
16.699669
29.493538
27.432177
17.614193
31.411448
37.07928
30.750908
26.96418
37.26792
40.776726
17.134407
20.313564
17.666563
27.288261
26.283388
36.56601
18.434975
34.94724
27.845402
18.182467
16.427862
33.486004
23.065601
29.365883
39.620728
22.627102
26.200043
23.36634
23.195253
30.49696
40.902252
19.567106
17.746067
19.511826
34.084846
25.5687
15.185827
28.348516
31.86148
17.35722
25.185415
23.888014
39.090424
27.824776
24.058172
26.607773
23.769598
34.404125
38.88198
24.79905
20.073896
24.386093
36.35021
37.198402
35.17911
37.60766
32.352295
40.147926
39.182896
38.630096
38.607075
22.236706
28.411556
24.27077
28.806612
34.526268
20.192646
33.40885
36.675674
15.925863
17.776726
34.35426
26.111692
15.058597
35.50773
32.750896
15.142338
30.047503
40.56987
25.979261
22.822565
38.05094
32.68008
20.330309
17.390326
25.089598
16.948391
40.84141
17.00983
21.732817
17.7948
18.617043
39.25357
27.549799
25.289618
26.700867
38.109043
20.881664
29.57529
31.122606
33.743347
38.45323
18.131248
16.612164
18.518759
39.61877
24.559353
30.655138
18.824345
34.62384
38.295963
19.058016
20.173815
25.165796
34.197746
26.997938
26.716753
32.74833
25.301823
19.65111
37.82036
15.850906
25.22681
19.925539
29.70093
36.77177
24.659996
33.56795
37.219257
33.153618
19.166672
39.971348
35.90116
33.663944
33.161373
24.378832
35.00439
16.077396
19.29666
17.860949
35.02514
27.095463
19.753633
31.43797
33.42243
24.639076
27.959427
36.02511
26.535667
27.062752
18.110334
22.497906
19.680624
35.764156
27.545387
40.10656
31.231201
24.000942
37.493572
34.712196
38.129227
39.37707
39.009
18.874636
19.71175
34.42374
39.01179
29.690475
38.005024
30.975418
40.26849
29.461773
35.70672
25.629345
22.8743
38.769947
37.962612
23.477324
27.340536
23.336002
18.741262
27.511454
18.74404
37.167385
37.11998
25.630873
39.56153
32.92346
33.11768
18.01445
37.790195
32.175648
18.844877
18.774796
28.746935
37.29497
30.688469
33.27181
25.542196
25.068874
36.008644
22.239374
30.640293
27.830812
23.397532
23.966782
17.146662
32.880295
34.933983
32.17668
37.503517
21.277636
40.06616
25.954466
27.128874
24.71684
17.763275
15.109208
17.199938
34.111732
28.40031
23.684254
18.260332
23.774511
31.473976
39.98594
36.621735
38.622578
25.695795
35.46178
40.633926
34.71865
24.267687
15.034917
37.813286
31.6308
18.217854
20.089401
40.548347
34.593132
32.559437
36.201412
17.641977
15.25462
33.731773
16.924284
15.30324
37.92254
24.293745
20.460691
16.368118
33.63879
30.161055
27.893154
26.506687
19.171392
30.814024
33.794506
28.965397
26.060139
33.849697
40.502766
32.996605
28.224533
36.011913
26.120327
37.543568
17.323763
25.405191
25.385183
30.977562
35.05263
33.983055
31.96241
31.724836
28.863922
39.598736
34.416885
33.47464
34.22698
22.915901
30.153736
20.325556
36.463715
16.299307
37.95081
25.705868
36.447586
21.440153
40.357903
18.19479
21.007599
37.91805
30.200361
39.47478
22.748611
18.161314
26.70003
24.561289
35.18079
35.339664
28.314468
28.184715
21.545261
31.607983
17.295715
15.740453
33.529636
26.817257
39.18273
36.576332
33.186172
22.31843
22.967155
33.55284
25.797039
36.807262
22.50975
21.790005
27.175323
29.293009
20.93544
15.305804
27.9469
18.220999
15.1976595
40.854576
35.72762
25.538988
15.778109
31.68977
19.791784
30.069403
16.575981
18.204073
35.822086
33.93434
40.441032
19.440779
20.637754
18.977524
20.517805
29.323952
20.416882
37.137074
18.593685
26.120815
36.860493
15.545328
40.981396
15.128402
15.990048
27.766644
40.116848
40.867485
31.82676
29.031374
36.016273
32.170303
18.070183
31.584042
22.011826
25.46465
23.07525
22.33593
31.77284
18.285389
30.921
20.897093
21.520248
38.585495
28.170912
17.7601
26.554604
35.772167
40.04392
31.917524
30.743492
40.5597
29.146784
26.5175
15.452067
36.70918
38.66268
26.296408
38.550793
38.516182
27.94744
21.475067
40.597347
21.511143
27.854105
31.56448
34.065132
16.253027
37.788048
23.099562
22.578575
38.325554
20.48901
35.703945
22.515942
35.686146
17.843176
37.086308
19.053171
23.371315
33.64739
27.57832
26.747688
19.228256
25.179361
30.646755
29.09901
34.820904
34.67188
35.446846
28.173391
28.949678
32.345497
36.931427
28.342573
35.327747
20.523613
22.290089
15.462183
18.8726
35.53515
15.564788
16.403145
22.800234
26.604494
23.173246
29.749903
19.250296
18.734802
39.768616
20.692108
15.524035
23.709959
32.373722
23.661854
28.182909
21.772177
35.05045
33.1064
28.234247
32.276306
38.49957
33.936737
36.42134
20.678574
16.933651
18.655212
26.23891
35.586636
40.325336
29.94086
19.71081
37.27942
39.705673
37.558952
33.1955
34.099472
38.571857
28.861645
25.525648
17.426996
36.66104
34.85958
28.641924
17.564135
31.356619
34.86955
19.546896
37.789448
24.815697
28.081367
31.8836
28.086903
21.541174
16.037403
21.734257
29.610136
35.56917
25.9811
21.338184
25.812061
24.702253
35.306282
28.343977
34.351383
23.291239
31.926851
20.939486
29.381865
20.953068
34.28693
28.744205
36.636684
36.309536
23.94435
15.702162
21.83951
34.341415
23.185827
16.379404
38.405434
31.274775
17.970005
15.048743
29.139143
36.051105
32.64496
29.735374
30.69426
18.380047
15.3496685
17.000542
30.927011
24.133331
21.784317
31.656443
19.958975
35.410854
32.12218
22.834019
19.757769
40.99446
21.236269
39.866398
38.351276
27.10237
24.126776
24.304163
37.410046
26.366909
16.460758
18.044714
21.864195
24.7805
22.473389
22.036463
23.465307
33.989567
19.13049
31.30964
18.760382
39.76336
20.41496
36.189
19.814102
20.724411
26.87511
32.45971
27.197313
26.49964
17.160763
24.986261
33.253716
35.335823
20.173452
29.82523
15.463437
17.920525
32.669838
23.226213
34.841328
28.659203
21.682932
16.081339
34.739353
21.98163
17.963594
39.362206
35.166744
21.385395
15.795117
31.874151
28.79808
28.871592
33.996647
36.26127
25.208708
20.187569
26.706581
16.611582
17.558472
16.863834
38.624928
15.240352
20.93893
15.417028
35.794056
15.270417
37.90584
33.288094
31.71015
21.482107
40.337837
36.094578
23.582985
16.571165
37.693867
17.59825
40.89971
25.431715
29.986132
36.42397
38.098503
30.372282
29.341825
28.01304
35.12104
31.276388
24.896229
18.554016
15.8879595
30.635315
35.941235
31.70621
15.329521
16.109049
25.74762
22.815922
24.503963
20.81253
19.285952
37.02266
18.548975
37.877792
20.19021
39.16239
15.737112
17.008589
37.739796
26.697155
37.74385
24.722672
35.379753
30.035082
31.387379
36.76783
30.355757
15.552179
22.56211
38.801376
37.40936
27.386982
15.863285
31.83874
34.16087
16.651447
28.487934
20.205366
19.80121
39.086224
34.397873
21.767136
36.02077
18.385693
16.443245
25.068012
31.722513
26.427967
38.170578
15.669667
18.998053
29.46726
33.37718
28.466335
33.08976
38.98085
40.124043
18.039165
15.618443
21.31007
28.8825
33.217865
16.225348
27.494606
37.76493
30.933416
38.958893
19.77153
25.378105
36.174217
34.230633
32.09541
39.737823
23.398932
28.971624
32.73294
39.89657
34.11294
16.739498
19.495485
39.461246
27.481249
35.95819
26.49497
20.015911
23.82918
40.21643
27.44358
19.614897
32.67335
37.607643
40.464745
36.97454
35.52873
36.463264
33.14283
25.767117
33.153767
40.51283
16.111141
23.50854
37.124054
35.49859
34.862602
15.931698
16.665892
31.578909
40.66482
40.450256
21.534832
17.473871
36.470875
31.343073
28.390116
27.238157
22.539587
34.627346
23.594547
40.790436
21.11369
18.238945
33.660305
32.88509
31.951597
33.10127
27.66475
20.081274
32.76829
40.939426
37.876225
17.44598
24.713041
35.28433
19.55851
16.221794
22.896477
21.011755
18.46341
40.496864
39.676804
40.974327
26.874645
35.03356
35.924698
15.809645
36.232132
25.844053
16.808685
34.84588
24.34427
27.845123
39.77757
28.17632
15.986933
33.981228
27.363775
40.437443
29.291237
39.57389
40.191208
35.60032
18.738361
20.337194
24.143473
25.173159
16.808035
40.49327
32.03312
23.61313
40.36843
22.72835
20.309805
16.458525
18.748703
24.348993
23.355053
22.717678
16.101372
37.929913
25.733519
15.388995
23.140331
25.988756
36.405487
24.63679
40.631256
23.780008
38.352566
29.110556
25.114681
30.16925
22.32827
24.170656
40.258045
27.73063
30.517542
29.37134
40.961544
35.704605
22.773954
23.452358
37.8836
33.25959
32.80059
15.303347
33.40532
25.620327
34.150448
23.890545
26.21927
32.057457
34.244392
26.973318
40.706486
16.476795
24.739489
37.588287
31.056578
30.403631
22.527802
40.74185
28.689386
28.52637
15.405533
26.527197
16.952564
16.64552
26.024612
21.969805
31.298048
32.868202
37.123608
22.30589
22.1814
27.194952
26.232141
27.111042
33.781452
16.264755
19.052706
35.721786
32.303764
38.955868
31.546076
19.7306
21.109913
24.78416
31.381264
21.985405
18.205597
20.597326
37.858227
33.487343
22.724115
27.932423
39.67131
17.856136
24.95778
39.585934
23.953695
21.620134
17.218311
23.43956
23.927816
27.488598
22.348293
16.39172
32.184074
38.976635
35.059322
29.363747
22.11985
20.27862
40.438423
23.78155
27.393173
31.123755
23.942862
32.6775
28.380056
20.497932
27.99457
33.61411
39.571907
19.578823
35.888725
21.999994
20.609055
15.006603
22.147263
22.050547
36.218838
22.700571
27.67647
30.63954
34.711304
35.832306
28.128862
24.594837
16.883001
20.278948
28.72309
18.610323
27.188993
26.905468
28.441595
24.877895
22.865522
16.362858
33.004276
26.787455
28.320549
20.739357
27.30744
35.599552
21.556614
27.364885
18.120813
28.864357
28.650263
39.34419
16.751429
34.54241
21.38452
36.982033
33.111687
31.27662
36.01568
24.164303
17.169943
23.071692
25.85295
17.971598
17.115454
15.75632
18.839231
28.327467
39.735558
39.03505
39.64359
23.321178
31.481447
27.68091
29.91075
26.995384
32.48998
40.476547
34.26022
17.851936
34.432358
17.880728
31.387352
34.10445
34.47669
25.078718
21.191036
37.794136
23.879791
40.069176
40.237328
24.285841
40.76478
28.746876
23.06573
24.374031
28.494324
34.559654
23.85453
23.25398
23.715635
17.249685
25.78385
35.951176
31.631649
21.433287
22.069891
34.452457
16.343931
29.330078
27.091074
15.745214
23.216354
24.821537
16.28656
22.246437
40.124577
26.20055
17.579897
40.6912
17.184916
18.467731
34.965298
22.450674
30.097153
26.836948
22.591337
33.462532
34.589443
33.231583
29.186619
15.48212
20.619368
22.984753
27.99419
32.200535
32.963783
27.700785
20.516312
35.92626
29.621153
32.291973
35.318413
38.9898
29.05346
39.573696
15.900832
36.806202
21.710913
30.48267
30.21921
34.61827
18.511135
23.977232
22.819195
21.34356
24.985527
29.985203
18.748343
25.661234
30.659044
39.383987
36.417885
25.500256
40.895626
32.929256
32.40929
22.428171
38.920013
18.292662
32.855354
35.09026
17.017748
34.925682
35.47274
34.811634
26.01863
30.335857
35.58271
31.750319
29.084917
28.543266
38.52907
23.577137
15.554118
27.979311
15.78707
30.55878
19.127188
39.89644
26.754278
37.13314
18.04647
21.476616
18.724247
30.59154
29.073769
30.258018
19.866013
16.320242
28.057413
24.243492
30.167255
40.20418
29.66822
21.11104
15.246218
30.258541
33.487766
26.315687
39.69723
33.329388
37.048363
27.553734
40.206963
22.792334
30.652752
26.054554
36.063313
37.578655
19.842384
15.471715
25.87603
27.571144
19.236832
26.764364
40.338074
15.43741
16.132776
26.391441
27.678804
22.306175
35.7296
15.385436
29.095028
38.342564
28.139603
22.429028
23.893055
29.241228
30.444345
24.927128
22.334803
37.93157
22.974724
24.248432
38.253143
35.377174
23.720797
24.80476
19.386538
37.25206
36.31847
29.443125
39.080235
40.48903
21.413641
39.744534
18.51105
29.221119
18.370392
37.25528
35.915077
27.47467
34.268383
20.420504
24.43236
28.123247
29.925602
18.046541
21.129904
20.074316
32.286076
35.48766
32.524113
20.43608
24.928303
36.434444
34.49602
35.499763
35.678513
35.175217
36.87748
15.772934
22.35404
15.50856
37.183655
32.0125
30.515455
29.104107
37.977077
15.231238
20.772264
40.0404
16.170599
35.989727
27.665398
19.492819
32.211506
32.93591
29.440737
23.101156
18.536247
15.517345
18.131521
25.415575
23.945005
27.06673
24.283377
37.001358
29.617575
36.048992
26.384321
20.276953
29.37688
19.158813
33.603077
15.9664755
31.503592
18.170195
27.79251
27.166998
21.915169
36.965183
18.881088
40.462543
38.844887
36.006657
22.753742
25.260891
35.29117
16.67056
28.514488
27.585897
19.454792
21.3158
20.626755
28.927235
23.141375
40.74542
16.84334
24.431023
29.678713
32.800587
31.066422
31.709019
16.283384
20.229324
27.319088
19.85065
17.008253
20.68469
36.86337
33.84133
33.412327
16.732718
15.165743
16.522106
22.916605
25.088087
32.889637
40.46987
39.4444
39.94608
21.385426
19.733997
17.391851
37.242115
40.251987
28.23434
18.234062
34.945656
38.459843
21.807312
33.14469
33.0831
37.254448
40.38074
24.891422
26.084717
32.599247
15.564967
25.967161
19.263536
15.271563
31.066704
37.42645
26.759481
21.890432
24.763887
38.218937
16.119995
36.134037
22.023832
31.946493
32.838715
38.19536
15.903668
26.917747
38.6367
18.128225
23.241198
36.13374
34.046085
15.151932
30.325895
24.410479
38.943924
24.2111
33.833992
26.229107
36.08437
15.1285305
24.018158
32.101532
40.39025
38.54222
29.761444
33.249203
40.7905
18.48383
27.036863
16.214994
23.727715
17.934301
33.55801
24.662853
16.110603
38.983475
18.962864
17.067194
16.448942
23.323893
29.74198
18.253801
24.183996
35.72519
15.303998
25.826172
36.81534
34.863796
16.065458
33.396126
32.32531
34.42387
34.258587
17.234673
18.615355
22.738728
19.269888
37.468933
30.193705
19.408213
35.753956
39.2732
31.191948
20.305815
40.5111
25.636911
16.938293
22.180473
35.174046
33.23969
23.778238
30.661482
32.117996
40.72326
26.608833
32.890877
28.690176
26.222366
19.68048
20.236301
39.848896
24.401623
28.620731
17.578276
23.609007
18.442371
28.34737
25.519346
27.309639
21.433546
40.56343
18.528612
31.65179
38.442677
15.864791
15.513633
23.697502
17.178005
17.141249
35.602722
19.578953
39.599907
20.915
17.024195
20.534964
21.099627
21.535717
16.885075
26.074072
19.935562
15.739395
28.380375
37.557407
27.502098
21.978504
33.504997
36.30133
25.703283
28.14385
33.69387
30.41883
37.213387
40.823963
17.981943
18.050468
17.728642
33.08574
20.254126
21.379585
18.449268
37.910378
37.946377
35.883358
27.97808
38.88167
38.162575
34.640255
29.581816
34.498962
29.58782
28.196184
26.333542
19.575039
35.807404
22.48571
31.039295
28.579693
27.681643
34.611385
16.049326
27.502382
17.280266
26.903402
38.064148
38.833027
37.546154
29.613329
24.867792
20.597706
34.336613
21.839964
24.555525
23.036531
26.781542
32.84184
29.27041
37.473743
26.001163
31.76018
34.723022
21.205582
27.142252
28.957634
37.840767
33.819294
19.420057
36.672382
29.77809
22.257076
31.394335
16.4937
20.21607
26.151617
16.061298
38.28435
17.389753
21.485308
26.509354
17.606716
24.603704
25.463045
37.865017
18.45376
30.131176
40.639038
17.046394
17.142557
27.339434
29.800776
34.445126
21.597246
19.643621
18.888824
29.07375
39.929928
26.463774
39.31898
34.943913
27.222147
25.74438
35.47365
39.48185
35.71624
39.793125
37.842274
24.641191
39.24501
24.205252
31.315979
16.038977
27.659744
38.46222
21.47956
20.919487
19.260868
33.428097
23.394207
26.041336
24.791994
35.414433
31.327398
23.68689
25.427425
26.744053
18.161665
39.909073
37.36473
34.81655
23.80189
15.8591
15.128138
35.562984
32.80117
24.579752
20.495209
22.874535
16.638159
40.00225
24.078304
29.0997
15.60421
18.050896
20.024061
31.026825
19.096518
19.738047
37.038216
20.903513
35.263844
38.92313
20.999743
22.991808
15.414348
15.012807
15.79742
26.917715
23.370337
29.295502
19.703617
39.645947
17.042772
20.831953
36.59415
26.295527
24.898626
35.864532
40.62978
28.209166
23.707178
37.56152
27.634026
30.699064
19.976675
34.578583
34.33362
36.714066
25.830667
29.39824
33.87204
36.307915
24.723776
32.69904
40.56326
31.235489
31.359465
18.109772
18.721922
29.263857
15.447843
22.619978
19.587854
29.857038
28.529379
19.646635
38.85692
39.77832
32.9908
18.297766
35.13688
31.8511
36.612366
31.72741
22.76609
38.629093
24.511082
21.642239
22.864435
33.04892
39.182262
26.998762
28.23014
22.27292
26.492353
32.720974
22.752638
34.877308
16.938717
16.871868
40.380886
15.300467
25.267467
16.128252
18.368153
39.038548
17.62846
23.636786
16.50838
37.46027
33.84675
28.37023
40.38596
26.310022
25.102882
38.95634
32.279808
36.978233
20.339674
15.617939
28.294361
28.440187
20.051056
27.341112
26.534157
32.399197
31.75898
19.679623
16.695368
18.617403
33.447216
39.70702
26.316797
35.67716
31.496298
28.54401
23.114445
28.488214
26.251791
40.617165
24.317942
37.740765
15.258346
40.346058
34.73374
22.201612
33.40504
21.309395
39.379147
32.2605
40.752758
32.106773
29.962843
26.45589
28.652344
15.111219
39.231827
33.844315
20.912617
25.0986
29.261106
34.024597
39.240227
28.343618
35.131924
27.388075
20.948738
29.188025
20.125637
36.738186
32.022182
36.31529
40.554737
25.807547
38.018776
19.006884
23.659006
30.397938
35.013317
18.508934
34.614
29.878376
16.802214
23.303984
30.630697
22.598661
28.93296
39.561096
25.369247
28.410671
28.770306
25.328585
35.446434
28.93679
33.7742
25.137165
28.685598
27.48476
29.440022
28.597298
38.93939
23.580421
15.939495
32.303074
18.809904
25.97463
18.40106
24.895966
27.397335
24.677841
27.981375
26.495264
17.32745
17.085695
29.405008
23.868109
19.73986
33.581127
37.487297
29.690472
25.66316
24.133368
34.30568
24.041462
21.25964
21.361368
26.147758
28.876923
32.79147
29.289066
33.13973
19.64419
40.841866
32.59207
36.54666
28.428474
24.318842
24.520174
37.136578
40.062347
23.0759
40.877335
32.713066
38.48326
29.603037
30.450546
21.946716
17.290125
21.173174
29.101309
18.97333
31.928432
16.073195
39.36809
38.877483
37.22446
33.10546
19.875565
36.142742
39.092545
18.414785
27.106035
28.425306
29.155571
21.877518
22.16087
24.5957
35.747124
38.78348
29.024378
30.893562
34.30498
23.348207
22.53998
18.253466
40.519012
40.71202
21.818153
39.385033
16.762577
17.514133
26.118006
22.028618
38.31507
27.874146
35.37903
20.958082
32.674294
25.669868
28.526876
23.765207
28.860722
23.369637
15.436797
40.235577
20.031958
18.358833
15.010527
26.213717
37.95397
31.694544
30.20737
36.255642
37.91688
31.528881
37.0673
17.079865
39.536472
20.060646
16.773767
31.853287
22.548737
36.806664
33.626186
35.68633
29.183119
40.228233
37.426723
27.361984
31.991308
28.304825
32.23344
33.28644
28.111814
20.516237
20.691448
32.924255
33.866653
40.87611
20.226122
36.568943
37.31494
38.15382
22.267103
24.200336
38.929253
29.228415
30.36914
38.392807
19.91408
16.637415
19.605558
28.763962
37.851727
37.81488
29.93238
34.291256
22.33958
35.257374
28.356003
36.974354
37.073612
31.913054
40.684425
31.783995
31.436508
26.45819
35.401955
35.613472
28.064886
40.807224
39.779488
22.03674
29.098543
35.19642
29.717237
27.077581
16.855652
22.487947
30.014095
39.907093
36.531414
36.960342
28.767508
33.412205
39.183666
35.782856
24.430077
28.915827
24.747395
33.615448
30.683844
38.979523
15.11123
38.332798
34.740425
40.18267
16.392439
34.739746
36.93503
40.04727
31.46296
39.32739
29.554605
26.865608
34.50754
32.61305
36.725044
38.088238
34.936096
16.414024
16.879866
36.14279
28.325836
33.524235
32.842293
28.079353
31.234823
26.694387
21.875101
21.276129
16.707054
32.560555
39.18727
39.58952
20.080223
38.22259
23.333853
36.795567
20.310846
33.543068
38.70505
34.945156
20.447378
28.918928
22.872995
26.343218
36.110573
40.27227
26.949276
21.262619
26.881233
22.313358
37.303665
31.216278
28.349117
29.747934
39.004192
37.636436
30.242735
22.032763
19.16101
16.147911
20.538258
28.52728
37.991253
23.27256
34.736855
21.446024
28.869328
23.365076
15.603201
29.885513
17.886908
20.855572
35.574
37.381027
26.519108
20.46241
23.773808
15.942776
29.87808
31.93899
32.116467
19.327608
35.73261
36.131218
16.324093
17.421614
29.98195
17.647703
27.86136
38.04052
34.594494
40.282616
19.761549
20.198982
24.15658
24.481596
27.111706
19.956509
27.124062
19.603899
25.56786
28.316874
31.628933
31.50944
18.687181
16.339523
27.265707
30.087223
21.092573
27.615637
17.666872
31.742098
21.526106
26.568129
31.874113
40.569607
37.701298
16.654015
31.5217
34.974125
39.530224
39.479218
39.670746
37.82338
40.779953
18.080025
37.76777
23.8828
39.50384
27.182043
23.648254
38.236076
38.696693
16.116663
27.765768
31.673668
20.53889
22.256641
30.899275
21.6189
40.323006
32.326584
16.476236
22.061682
15.697495
25.75075
18.346262
17.182775
17.215603
38.319733
30.349823
38.87693
29.343546
19.889206
27.348875
32.221058
33.060627
34.568066
16.520937
33.084095
23.974926
27.909973
32.66549
40.537987
33.481735
32.99137
26.031271
29.504673
24.907887
39.94079
29.745386
20.161915
17.813683
25.478271
16.309809
28.030985
27.665163
20.330532
20.828222
36.38241
20.942865
27.006472
28.635864
28.621096
23.419392
36.34938
34.82728
34.650238
15.81648
28.526321
20.811716
29.86368
22.343384
34.67177
36.47311
28.37937
35.721825
39.271732
19.77139
39.401886
39.218826
20.556295
28.694115
21.189972
15.937271
40.662533
17.352175
37.005272
38.154957
23.136541
34.710625
23.631557
30.856556
18.46231
26.955408
19.578886
21.768806
16.736952
16.819048
36.92526
23.187843
38.35582
23.32312
29.898525
40.67853
26.62778
29.342627
38.764343
26.32923
24.609995
40.15707
25.361275
35.66143
30.133198
25.725409
38.71204
15.522163
25.982662
30.806755
21.540356
29.328194
24.506605
20.245953
17.23566
37.88441
17.542978
39.752975
15.833353
20.66496
15.48722
37.32734
36.91621
29.924086
35.567673
17.11345
34.992897
34.294712
24.952005
15.9200945
40.872425
37.63631
19.177176
18.897127
32.828857
28.809603
40.576996
24.934494
29.938349
26.784119
38.875664
34.2337
20.871092
25.025791
18.922085
34.19893
16.633554
37.465076
38.659103
39.30491
15.281857
15.51229
33.85333
25.920794
18.46498
39.565266
18.855347
26.204174
39.806877
29.245447
18.71686
16.126513
21.599524
22.202152
33.360336
21.451157
15.054212
29.740591
39.17842
30.05726
34.446426
24.757906
31.434528
37.38778
20.889914
33.51241
38.14264
29.996927
19.188492
31.604725
22.723501
36.18227
21.239582
36.21563
28.666039
34.508896
15.80123
23.123768
36.666924
18.66783
19.084877
16.317577
27.277939
24.558208
25.598986
40.119194
29.959854
18.74241
29.94401
32.65411
40.623203
18.495646
33.8471
21.22894
32.23049
24.556263
22.625334
22.72059
34.84099
28.38033
37.479156
37.43373
20.598415
36.21373
34.543056
33.049366
31.593485
32.61739
28.458448
20.265951
34.277363
34.215908
25.384146
33.52539
39.15878
28.387234
19.822592
36.819885
32.886665
29.370695
27.41551
33.991497
27.50183
25.843035
25.950502
39.164925
22.63531
33.39683
39.22047
31.994911
32.737682
34.552948
19.090683
24.263277
19.042797
29.94845
26.153654
29.026564
40.900955
21.163649
20.68994
38.99378
19.360779
32.28674
33.303295
21.104776
35.435635
31.76175
24.561575
17.383318
34.35955
34.325256
33.250088
32.05484
27.319317
28.90965
27.432117
15.647497
27.643509
32.275448
21.41156
30.336107
23.235868
39.832397
32.90566
39.142025
33.159576
40.618984
20.261127
18.768122
23.710636
22.732086
31.384853
39.826466
26.062689
32.6334
24.210814
21.007355
19.622234
34.70642
16.98764
19.341871
38.602398
28.197672
27.446749
33.12612
40.00498
17.24794
30.998768
23.303862
31.194674
38.10426
23.506466
15.145222
24.556051
29.80049
19.895159
26.91273
23.342915
22.60416
27.887112
29.871897
28.761406
26.349533
30.484196
30.482117
33.572292
28.411577
25.473574
18.894629
28.054548
18.522812
23.193981
39.987846
34.041462
24.894753
37.075638
38.086365
23.922186
19.177965
21.054647
30.238436
27.99569
32.679485
37.863205
39.46775
17.370857
24.95363
18.409748
20.7689
26.725471
26.391981
38.988647
34.781864
19.668571
16.76063
15.896845
37.059372
21.194736
35.76749
26.185356
26.632114
16.775558
15.689761
34.73629
22.180115
24.002636
17.85141
27.631563
35.534775
18.378134
30.312794
21.867321
30.464485
29.843021
15.519306
17.86845
37.737766
16.939808
23.8532
31.9705
27.31143
35.125683
32.042503
21.061686
25.157234
26.683655
36.20322
38.91557
29.719038
29.923374
19.925756
29.395369
15.283487
40.920017
30.26379
35.673775
28.650751
37.908703
24.74357
34.88751
27.407867
38.633606
26.583893
22.233759
24.835772
26.444979
37.20175
37.416065
22.022083
21.744085
30.775951
33.560013
22.10524
35.495018
23.150742
28.24462
40.74162
18.954151
18.683746
28.133036
36.865738
22.512033
35.777294
32.836746
36.604725
24.599216
16.77948
36.110184
32.811684
18.97663
34.70105
17.248148
35.09862
29.412746
35.766518
36.64634
34.478188
30.743977
31.202597
40.885597
24.764376
20.621284
37.8644
28.413431
29.735918
30.865236
15.309544
30.921783
22.732147
17.283287
20.752625
35.857838
31.829542
36.047283
36.96721
16.155085
39.038242
31.285759
21.649874
34.2348
28.061323
30.414799
40.02046
26.60336
34.07561
32.91282
33.505108
16.958868
16.721401
26.738804
16.233253
15.620811
22.029331
32.4002
39.777203
19.309446
28.366364
15.795672
39.07249
37.826984
37.648632
31.389803
16.77965
23.030499
34.047626
29.020699
29.482689
38.636944
28.207033
20.69831
19.066854
36.863483
39.59121
26.120302
22.378077
21.681747
25.002161
25.31397
27.838657
30.552593
21.530489
27.806892
19.078655
40.908195
19.24679
22.035568
28.839575
30.361328
16.79342
36.320484
25.416788
16.646997
39.702682
29.667704
38.72938
40.639492
34.745888
20.901129
23.740883
31.43837
25.908813
28.18638
39.40155
34.479668
38.69266
17.87619
23.542751
25.904152
33.355465
19.789007
20.226135
29.002222
16.437592
37.526573
29.93515
31.45548
39.455875
31.242853
22.693651
33.307934
36.004528
22.395935
35.70615
29.125105
29.666872
19.446032
36.43654
27.637268
33.120605
30.20696
19.176813
38.313408
35.610157
38.615074
18.104713
34.775383
19.563395
15.048741
40.58879
31.737167
37.54575
20.013153
25.071854
39.241936
29.973536
16.999348
16.248394
33.37015
40.049152
29.633
20.448896
36.304718
15.234352
16.84764
30.153702
34.664593
38.24386
29.74863
30.381374
31.356243
27.020073
19.07838
21.331242
20.842615
40.440647
22.74987
15.107111
24.692272
30.614183
22.784733
31.608849
15.546656
33.53539
32.17381
17.750868
23.231403
15.59949
40.67216
21.051239
32.637974
18.016754
32.347206
17.332487
23.214762
40.52143
20.817844
32.784855
38.43228
37.935528
22.55391
36.96509
18.424845
36.12624
26.349648
39.43858
34.161587
33.687004
32.141373
24.719925
16.9626
30.275494
20.708698
31.926826
36.951267
27.958075
31.48034
19.134367
30.121807
34.138596
16.65965
33.80162
30.101494
17.690521
16.191687
25.839703
29.399775
31.764816
27.71269
16.90021
37.96203
17.412148
18.554613
26.285213
30.183504
27.636358
21.121353
38.514767
19.189455
29.787233
40.510098
26.035135
25.15028
35.30412
26.120201
16.810743
32.675945
37.737934
39.173805
30.615057
16.921839
26.707619
37.56643
23.720455
18.938566
40.98816
24.272434
25.38432
16.01112
24.280708
37.64948
31.038439
28.258245
36.3815
21.417582
16.410982
32.600685
30.444607
22.832691
27.945166
17.357422
29.82476
25.631212
39.825912
19.191874
15.58983
33.69109
30.685648
32.905457
18.208677
24.036768
27.632565
39.663734
36.14857
35.809338
31.629526
20.640863
16.157356
17.129992
22.449001
36.780823
40.859104
26.40393
19.439182
39.399426
26.958012
26.54352
18.15875
32.6889
21.82375
19.83372
26.572454
27.837263
19.522583
31.71932
35.94701
17.437628
29.46201
39.66278
36.846497
20.137897
31.732748
18.40302
37.698814
35.069283
18.960375
17.439714
34.28938
23.492395
33.019943
16.374214
39.235687
21.312593
22.320433
24.857458
39.00594
24.641651
17.531914
36.326763
38.367363
19.420715
28.60677
24.457626
34.284515
27.269852
25.737396
30.313221
29.235147
29.192469
27.49629
20.5435
33.67105
28.53821
32.820446
32.667377
16.923426
24.715837
27.730484
16.465668
23.237204
31.548023
38.716022
20.819035
30.815979
32.872833
24.572199
22.94443
40.76895
15.022104
25.13837
29.915041
37.67357
15.144774
26.868505
30.593
36.10232
21.993662
23.453745
21.660677
25.909412
29.757032
26.821209
22.305573
21.33276
15.7917
23.749077
28.29543
19.039108
39.702335
36.066532
29.674332
38.124733
16.111975
33.948116
33.117233
16.781544
38.681667
32.16562
36.099438
21.8481
20.462591
32.32662
17.469244
24.787376
29.501814
30.107302
29.756088
38.767834
28.773302
31.278162
38.603172
28.471642
19.968672
31.924826
22.082672
27.013657
27.457552
34.682102
27.333303
32.92704
25.815317
30.02798
35.954136
24.55613
29.716356
15.725299
40.8952
37.39449
24.703936
38.352264
22.20456
27.915796
15.3730545
22.529118
22.923187
27.267485
19.84068
27.926636
33.66307
35.831894
36.028015
31.433302
26.960691
21.10682
40.24248
39.961388
30.367096
32.617252
29.822346
32.28826
20.417446
34.642273
15.19493
28.057743
22.117071
36.42588
40.599678
30.607346
30.387691
38.237774
38.940228
27.640713
39.03662
32.159866
34.75509
21.93068
21.24338
16.796644
40.13433
35.216774
25.302317
31.242104
23.560198
26.252092
18.416468
39.58346
35.1123
26.55795
17.707022
38.981415
35.253567
16.860722
37.284374
19.939106
18.50096
29.41384
15.220957
28.75668
33.68536
26.448866
32.57262
21.365568
33.217896
16.853165
18.214474
28.746454
16.80545
17.837616
38.18879
22.957058
32.395874
17.8364
20.506657
17.430723
40.783924
23.171865
23.901768
39.65401
36.271736
16.121029
29.90378
32.591278
26.053127
21.936228
15.780439
17.296497
27.578833
21.10103
17.391703
21.037325
40.06025
22.643454
19.805794
20.953678
23.482061
24.682108
39.646248
28.782894
16.019588
39.54688
22.570602
19.505777
40.59457
32.79426
32.02565
37.902565
31.453453
26.228504
37.480644
31.955221
40.11519
28.643238
23.709122
36.792107
40.810886
16.414225
15.37161
29.443436
24.625643
17.30246
25.145576
33.06061
16.953148
26.867815
16.955698
33.44991
22.58664
21.746943
40.47662
36.780617
32.795143
37.7152
37.011997
25.15008
15.071841
36.930805
40.097843
22.322872
28.891745
34.05058
20.734703
15.408557
21.77884
33.00993
21.022476
39.502216
33.25815
21.17601
21.15322
33.38434
23.856153
27.311296
29.211472
27.261213
20.213306
36.32592
37.038254
32.224483
31.58535
17.15063
24.53409
33.618034
31.535477
30.228222
39.207912
28.82287
39.457302
40.099834
21.523039
18.105227
19.718977
18.353495
23.647871
21.120577
33.681698
36.805832
35.58822
31.425844
23.621204
24.20387
40.35974
38.924446
15.668829
29.962372
20.853167
39.55358
19.28896
19.493141
23.351591
40.720398
37.522736
21.536333
18.278233
18.003431
17.253174
20.569662
33.68479
25.45807
18.084764
30.850119
37.234562
38.499424
22.081066
38.93362
25.991167
32.78333
24.566597
26.621696
32.192944
24.766037
22.474821
32.200226
23.374544
23.695204
21.311836
32.56382
30.691603
30.669832
30.705828
34.36039
32.110798
30.10384
17.725178
16.644047
33.24697
28.437849
40.673565
26.690432
22.06038
32.266006
19.908257
38.60707
40.371525
21.179367
40.37817
27.162445
19.207453
17.574741
29.041218
18.860933
22.362717
26.437561
39.09577
24.706768
25.23968
30.679667
24.049068
32.328724
18.027132
29.997637
24.045645
15.178251
31.582712
31.414572
28.59191
35.367256
35.00384
15.677992
27.838251
38.377785
37.803467
33.508797
30.918043
20.354351
28.851093
27.330969
26.493223
17.9807
16.796219
15.559002
25.619099
39.046257
36.560356
17.779776
18.316353
18.723597
35.66562
38.237873
36.82616
36.30675
26.661797
25.918114
16.424664
33.70115
19.72066
20.216318
40.88603
40.309563
22.585253
33.6991
32.2086
33.124454
31.493652
35.77575
25.056631
39.815544
22.440756
31.240028
29.52043
24.392517
19.198328
27.586966
35.26066
29.626312
24.882689
18.769527
17.877893
35.82837
23.541044
18.632242
20.436499
35.8158
35.221596
18.643715
17.472178
20.931456
18.299238
15.747158
15.525526
16.841326
36.44776
21.157854
25.269276
24.497803
22.581133
25.75875
15.634791
37.135765
20.330582
28.380125
39.993797
22.459557
37.1808
39.696537
18.414204
24.282341
24.257812
28.734049
28.28427
23.795431
39.942593
29.052973
16.187243
39.373627
21.978735
27.556126
32.809032
15.363654
21.549074
30.569916
37.874283
20.656319
16.915329
31.355255
31.631752
39.008953
23.646444
38.527653
35.247578
21.063334
17.205488
20.000519
22.61564
20.795156
17.721567
28.013058
38.556953
16.7348
20.142372
25.56384
33.155426
18.71497
15.644643
23.143421
25.06534
34.1295
36.173916
27.044144
22.026144
27.728472
29.291597
26.72255
16.533108
23.828344
33.126595
26.699524
36.63782
21.481932
23.160236
24.305668
18.19033
33.63138
25.817514
30.214025
33.485107
32.558468
36.394238
22.149702
16.236048
18.050007
22.718817
23.425562
24.08089
27.612139
33.129063
33.0255
23.40354
31.795847
15.838574
18.841581
19.163015
16.237017
34.573795
34.368546
38.630726
27.367897
24.482141
17.668987
30.463125
32.92281
26.74304
33.744755
27.37471
17.339514
28.058075
25.584917
31.826685
27.948593
28.252874
19.107866
35.609566
16.446787
19.592669
32.974926
21.973286
21.566212
33.094986
19.825066
37.04641
17.079865
28.117172
32.865147
25.686253
24.324926
17.802988
16.947311
29.614822
24.278795
16.591747
26.274965
32.72065
38.888847
26.925032
19.701012
19.744696
26.835455
36.530235
23.216812
36.218723
23.198736
19.216743
33.67756
33.48754
21.603113
38.98979
28.069588
26.92185
39.32972
21.468573
16.69731
40.016342
32.615192
22.089447
30.552338
39.968075
38.896503
25.381584
28.824554
17.543036
21.114819
31.721668
30.02467
19.564257
16.35763
31.405798
35.510075
34.19261
31.096668
32.62097
23.340563
27.32194
20.070332
25.955091
25.337793
40.872974
37.462734
37.453648
22.982038
26.545946
37.447582
22.912775
18.352148
15.679596
36.393543
30.092678
22.699333
15.264832
37.068855
20.841858
15.442685
39.87399
40.036358
31.741898
16.384092
39.292194
15.096205
19.814102
23.76249
21.975136
34.11201
15.073439
26.40215
39.10795
29.847198
40.271908
39.65697
15.002864
15.541838
28.042572
26.112488
36.848583
32.876266
40.83711
33.079613
24.41228
25.696327
37.543964
37.798885
32.195526
39.416035
28.480705
35.971203
30.758295
23.367043
23.57343
17.740887
22.450613
17.530233
36.967648
27.57912
21.629322
20.063374
29.059237
30.650568
22.587767
25.829668
19.990692
18.193283
15.889195
22.735664
33.02704
26.201761
19.569931
18.102911
23.907412
37.27525
17.76639
37.526318
15.262473
18.87821
35.72032
39.713192
23.494415
24.457083
26.829576
30.650396
15.135526
22.867271
40.437077
39.11312
32.632847
18.386534
28.388609
35.007317
19.750673
36.22572
28.040337
32.32873
16.33921
30.895094
25.35998
25.625172
17.086912
37.044193
40.040833
38.764473
21.05561
40.46549
23.135815
25.539278
36.291718
38.83687
20.619062
19.180698
36.613434
25.475174
15.4954815
26.206465
29.792984
24.882917
24.60409
27.195166
19.784588
16.192387
26.098843
15.05671
30.393034
29.746307
29.741032
38.160175
21.83428
21.001333
32.600258
19.283659
35.00874
18.700508
15.536324
17.766872
30.989489
26.833063
22.92236
29.475601
35.22182
28.28467
15.469788
19.228292
31.237131
20.278587
23.7287
37.188465
23.303398
23.71783
37.8626
26.392689
31.365992
34.36082
25.634287
37.062386
16.87684
27.397718
17.190184
20.63873
32.66651
24.441887
22.193117
32.58342
21.882982
39.210724
16.129147
27.904125
40.202457
33.24237
22.201754
39.091957
16.011774
29.87956
21.127243
38.69923
21.06856
19.449083
31.357977
32.139423
15.264431
35.075253
32.785515
38.457188
31.548191
30.887852
31.813639
29.794762
32.810127
20.519924
40.841587
28.072206
39.585094
31.737986
20.660717
36.00237
31.801311
26.807024
26.043262
24.97749
15.483302
25.764893
18.889666
20.59293
32.311714
17.165504
33.70141
15.614408
38.249233
32.04746
20.859129
40.04881
19.061071
27.894545
32.21123
18.644464
15.490083
22.17676
16.816051
37.625492
31.090693
31.69536
30.331024
34.755634
25.282555
38.402603
19.505287
37.930695
15.05386
22.626669
23.507376
29.414604
32.925976
16.704556
32.40773
27.562653
18.285175
31.910383
22.035995
23.416523
29.993874
15.263957
33.646057
15.909186
30.31291
24.314083
30.347143
34.583782
37.5981
21.313478
30.097137
22.709108
35.978382
21.336826
35.204777
36.465405
20.279516
23.840832
34.750156
31.4775
17.826487
23.924875
15.108441
28.388628
23.439339
32.12315
34.849552
32.39646
15.931373
15.943889
15.68698
31.7142
21.7252
38.56863
24.861776
24.772852
21.821394
24.134148
30.373146
15.64698
38.285984
34.84199
28.804998
37.664658
35.667336
34.77537
30.148144
22.45341
35.30947
40.75029
16.980768
25.777435
24.398045
15.787705
24.645184
40.43738
18.756943
33.865696
18.646725
24.232521
18.907448
39.495403
17.401112
37.526134
26.70868
38.361755
36.669407
16.308472
23.0171
39.779808
36.54517
28.817648
15.2345295
40.03972
26.696228
40.757336
37.35827
17.84819
38.713947
31.941185
26.203548
25.021507
27.885687
31.797337
39.83765
35.344967
36.48161
30.582495
39.946785
30.085857
18.73485
35.383484
30.850746
16.031895
26.094423
21.025238
40.187286
21.124203
40.04321
21.857721
23.906998
33.763824
26.79868
15.060235
19.151379
20.6929
15.551935
29.580149
24.83073
28.986504
29.551064
35.11405
21.27527
28.138308
33.29762
28.64288
23.20195
34.483086
23.400532
39.948532
18.421078
36.27131
37.219547
18.268105
26.201086
21.595816
40.330757
37.782772
40.01629
39.06785
17.059597
19.991928
15.521719
18.649525
35.852207
26.189209
26.030764
35.372
23.093758
25.235529
26.515362
15.803459
27.132927
28.615255
21.205332
40.078205
40.734432
40.36521
35.23237
35.058025
32.957073
35.882145
35.44602
16.769152
26.542479
40.84291
21.523012
22.642984
16.30027
31.512499
19.79799
16.285952
23.688143
16.568718
36.862816
33.513714
36.810852
26.238195
23.91328
32.207096
21.39988
37.016994
34.06618
40.18202
20.98605
33.5401
35.426353
26.712795
35.440166
37.26759
28.5524
30.60814
20.332191
28.571213
22.151548
40.811275
35.14735
20.533813
23.32807
26.380474
40.297962
17.314806
28.51652
23.403545
25.082607
27.288647
20.350029
22.909538
37.269806
37.32911
28.145658
34.16325
23.821043
33.59077
31.432835
15.862841
37.41854
21.9301
21.007647
25.708153
26.926052
25.712027
34.364857
24.567108
25.686192
38.16398
38.041122
29.039776
21.645945
36.667778
34.39707
29.604511
39.702175
37.420864
34.672573
38.72783
23.371943
40.751842
33.768562
34.329407
25.91787
32.0413
25.140518
18.81593
32.396564
24.677462
30.43286
24.53219
35.748615
31.767113
36.039993
40.925205
24.011518
40.42593
17.649143
22.976782
20.01224
16.38819
36.00147
26.532328
39.484123
25.40444
40.602356
26.03836
20.453125
19.43676
30.918203
27.898563
35.951313
40.014652
34.716328
32.16786
29.640953
40.280704
26.636145
38.626373
17.770353
19.233652
34.823963
40.40981
19.033113
28.467484
35.5204
21.320137
16.365223
39.30875
24.85851
33.700108
17.48988
34.670242
23.812365
40.327583
38.10784
27.167757
30.230057
20.170221
25.031406
31.087631
15.19156
30.038456
28.273119
30.646278
21.55124
30.184462
21.125614
28.648964
26.456244
35.716988
35.60693
16.13358
36.876274
25.336823
21.296015
32.876186
37.736862
28.344776
40.54605
38.738598
26.11733
20.133999
38.338554
36.754314
24.156397
39.450565
34.62918
24.577646
19.80237
21.591108
18.936514
21.461817
30.351677
16.403553
35.137993
23.285414
34.838455
22.466698
40.962555
20.312578
15.769718
27.146753
37.507427
27.350758
20.444624
30.363611
23.256956
21.76096
37.153133
19.846985
18.544151
21.378908
23.918371
17.422237
26.171114
39.821518
15.12872
39.43804
31.992348
20.881632
34.399822
19.83275
17.665356
36.754993
28.313229
15.5336275
28.485838
22.696898
35.297653
24.892872
40.25015
39.372055
30.850426
36.686592
26.425629
29.639624
22.540798
17.837725
30.559744
16.80645
27.7935
30.471052
18.821924
32.485077
38.320038
21.16836
31.847328
30.109034
33.246838
37.36394
21.63969
20.886477
16.483528
17.705482
38.19077
26.514313
26.68129
36.90258
25.686823
23.328337
22.250294
19.094975
15.697953
35.73103
25.336952
33.094772
36.58396
26.717175
19.405806
27.991753
28.500874
24.108356
33.12753
20.558077
29.855064
22.711096
20.643663
38.648544
39.82742
21.029245
22.960354
31.364725
18.677729
18.389826
27.21746
19.13613
30.940031
20.382555
37.886116
27.068813
22.33241
37.36676
28.566887
32.921597
21.230223
24.465427
34.992363
30.892298
15.889531
39.94462
27.08215
40.031227
21.258041
32.167564
38.454845
17.546371
26.17356
35.41619
33.670753
16.524513
35.02555
39.78889
30.660746
20.664782
25.54315
16.111847
38.290714
23.505898
26.273388
25.342249
30.817894
40.325638
35.526375
25.29526
18.114258
19.400805
30.089422
23.692583
36.963985
15.638289
26.85012
27.508995
26.48609
21.722507
25.618664
16.384289
33.789894
29.87184
40.902714
36.47147
22.34027
35.056404
24.163378
16.5082
15.191127
38.101818
28.168839
26.126877
16.239779
26.488276
27.462555
33.45983
28.961521
25.851652
23.6758
40.949623
23.702814
28.203045
37.439754
24.940397
23.543167
31.705393
37.990215
18.104841
24.979904
37.480675
19.208391
28.05222
37.246704
19.368372
36.80416
36.56656
32.94588
40.815685
37.623524
17.840029
28.856018
33.15226
24.649889
24.795052
39.270794
27.386908
40.169247
36.129776
33.031357
37.36114
20.782122
19.07497
31.53381
19.60402
39.470665
22.016472
30.425034
16.555153
33.76702
17.11581
20.444162
24.95742
25.219622
29.852654
20.92367
36.168243
17.81688
38.016247
22.833237
27.898022
33.80313
19.089006
40.9311
21.45662
34.40962
18.193956
30.581821
16.973501
30.423674
18.81874
28.105999
33.25446
17.232119
37.382416
28.146606
22.947584
19.000357
20.37725
15.468273
31.513409
26.98647
23.296322
23.849985
20.128933
21.640018
23.848642
25.288286
22.10249
17.098207
40.067123
40.597237
17.636185
17.96735
20.830675
27.672998
32.844913
35.865585
36.05026
18.18511
23.825706
19.103083
40.309708
23.26305
21.268427
29.088942
39.105686
27.865948
15.608642
15.579315
26.99716
29.954882
31.04569
25.719246
25.953209
36.331314
24.883797
38.98103
29.979128
20.061941
36.60131
39.56486
24.704212
22.779278
18.812927
37.60287
16.03063
16.82903
39.862034
40.595596
28.171356
37.22936
37.165012
26.91025
32.446114
19.71387
27.62672
17.883125
30.057772
28.74922
16.45603
20.093813
20.737747
32.34994
28.532604
32.716797
34.627342
32.757175
37.110878
30.506395
19.05309
31.604668
21.094454
36.93395
26.957632
39.06455
20.373894
28.271439
15.663659
34.64698
22.793144
18.00374
27.377014
38.82198
40.19463
25.852007
22.376007
37.438354
20.690256
24.903605
22.187565
27.033714
29.81541
31.869436
33.216824
20.561382
34.545223
25.327345
37.275284
29.80394
35.287216
34.96067
34.243675
16.799917
37.91161
19.263985
29.709211
23.97927
16.640486
29.963352
28.832886
33.384865
15.189076
34.486385
32.931004
39.351383
23.937399
27.21776
23.296179
18.3197
23.107594
25.98873
35.636505
38.0839
21.93216
18.274591
28.17761
40.69975
27.62048
19.911911
16.950928
30.527601
21.565908
33.797733
33.08235
29.439318
21.6828
16.99591
20.999153
35.08797
39.022778
19.951006
23.388903
33.320698
25.891712
35.098206
30.47274
16.309206
33.573658
20.057995
35.696304
21.779161
22.465313
26.817284
29.295206
19.838686
33.934258
36.824028
21.357866
20.337965
35.536552
38.760323
26.98713
27.436031
19.364016
22.909311
21.953035
29.107445
31.238762
23.494102
31.832655
23.690758
38.232388
38.14238
23.048927
37.262253
19.559376
21.718187
18.448936
18.612617
39.279152
20.162804
29.103083
36.910824
18.438416
34.699493
19.860117
36.758686
15.295195
25.782341
24.85904
24.271097
15.088267
31.507238
38.67736
38.06125
25.450436
38.85349
15.086247
34.566586
40.011353
22.087393
24.486565
28.020567
32.99538
32.93457
29.015924
29.556835
33.692234
29.715658
15.045233
23.426558
21.56291
21.540392
34.324383
35.11637
24.440704
36.86805
25.390142
40.273483
27.796831
17.267508
24.015402
22.776127
24.362469
37.048153
29.45734
17.031687
20.533806
35.58322
26.053236
23.641502
18.93393
19.610086
21.316015
34.94045
31.265156
25.567312
26.09776
33.60104
16.157671
33.11629
19.617836
33.486015
37.105145
32.3956
34.19337
29.239838
23.775187
37.269123
15.363301
19.728903
39.992317
18.854387
38.7632
30.371708
37.51343
39.955418
25.586678
34.644455
38.350388
27.674858
39.76013
21.604204
25.841743
34.44297
32.06106
30.140812
35.93533
20.976467
21.326334
19.850527
33.21569
38.26812
32.625164
24.918291
31.095146
39.60841
16.812677
35.202393
36.28446
21.853376
23.23335
29.834269
40.168972
31.67824
35.509773
17.077938
26.038242
15.394259
21.330513
19.937607
33.251965
32.056656
16.942083
40.058704
15.372326
39.054337
39.65333
28.836712
31.052635
29.147568
37.07673
28.32977
16.044308
28.007566
30.059496
31.565258
20.069155
31.712479
35.298504
40.13709
35.501087
34.36698
31.48644
16.60967
25.811167
23.038244
27.502722
34.17612
20.552181
32.538795
34.64116
30.262407
40.293713
16.237288
35.157394
22.325794
19.36589
39.040993
18.52265
34.9651
26.529816
40.969322
32.686337
37.64184
33.764927
16.325445
22.378588
27.805634
21.248272
28.373632
40.024788
29.02364
28.298023
24.642633
19.197744
39.833237
25.56323
35.501007
25.699034
34.46854
23.06413
26.488043
39.33974
33.355595
29.822126
35.034367
20.281666
29.327799
21.76571
28.669281
37.403698
32.882088
31.358507
36.587124
40.574024
22.478172
26.967743
31.532982
15.937342
25.877247
40.37634
38.368397
29.36734
17.823183
37.038967
15.390572
16.088104
33.988396
23.692327
16.504097
22.13422
37.038204
29.751951
18.681938
33.79784
33.911648
28.562874
35.80296
30.501947
15.973356
22.01852
30.916086
30.642647
37.560234
33.32213
26.256575
22.859238
17.628307
15.737137
27.92783
32.919426
23.699295
40.05783
24.062504
24.947973
15.113041
36.22878
15.489591
33.080673
17.711134
21.05136
18.459534
31.791466
38.50864
34.23788
31.817354
38.11912
24.655052
39.208706
34.1641
26.810858
30.042168
26.974895
40.00986
18.003788
21.285782
37.208782
19.697002
20.481182
32.489685
28.17705
37.960083
33.768925
37.19462
18.595747
28.389421
27.378653
16.22149
25.663855
17.778053
25.357548
23.737276
24.541845
15.357321
36.970764
34.80364
37.36392
37.264114
19.821003
21.912567
18.507345
36.233303
40.000744
27.569775
23.289652
22.471642
18.976187
28.855944
31.524128
27.94497
22.81793
24.07739
35.436386
18.8983
28.121979
35.111958
17.329506
22.328848
30.505638
29.86253
32.082523
29.344917
17.916424
35.349735
17.076818
37.86896
16.158064
23.407028
37.46722
38.98101
34.01626
29.68549
17.849375
19.34909
32.15781
32.732323
34.32223
28.656054
25.580322
39.27616
39.704292
19.707792
25.805586
32.533936
23.234402
17.995506
36.238422
36.348232
30.472828
18.885244
16.153618
33.27064
39.315437
30.320734
29.62722
33.325794
38.043716
28.950964
31.394402
38.122437
27.15549
33.931816
32.09469
36.221916
18.356125
23.30149
24.656267
18.231321
27.537102
24.792336
33.674717
15.957365
21.828749
40.217056
18.557405
37.139008
17.886095
32.155224
30.933426
31.770788
25.45163
37.566345
33.369854
37.835552
28.935972
17.168682
29.788729
23.384363
36.26727
17.94837
36.145046
34.333057
22.582367
31.001295
40.904743
17.089016
32.467575
40.06057
24.652464
26.178415
36.40413
17.525354
28.762592
15.413255
16.833206
24.582132
28.482958
26.819248
40.82759
30.097473
16.009136
16.539679
21.741915
23.361671
24.168322
31.237015
27.410593
26.475569
31.185253
18.133236
15.472393
