23.188574
40.88095
25.01198
27.146961
23.378399
26.887304
39.49385
27.041304
17.606892
17.113358
29.785175
23.533602
17.246727
38.80857
20.995548
36.110104
16.325188
24.431377
32.630116
16.506096
27.990993
33.56914
26.170277
23.11903
20.369576
15.165447
21.666288
24.206171
19.177284
32.2303
19.31087
27.398819
39.990295
34.374874
25.394476
30.387405
20.90196
15.490907
34.787094
22.76654
38.45265
26.68591
32.148014
29.976357
26.1791
20.18885
31.434229
17.036243
31.905674
32.356976
33.95968
38.339367
38.98771
31.142975
17.251785
16.16107
26.117691
15.4226675
20.258276
36.73162
36.017796
32.436996
39.0765
36.7334
23.367672
29.267996
39.309044
40.90503
26.654371
16.747025
28.393623
19.069593
27.281595
27.484545
35.811848
18.351463
38.23839
17.814201
20.950579
19.605894
31.902796
38.36002
37.57131
36.15796
16.143787
29.664059
26.33704
27.83204
39.785393
23.852795
22.652866
39.9504
24.70955
20.67415
26.195524
33.489174
30.399843
24.402994
26.938896
22.902266
23.566023
23.091486
40.226524
40.25857
40.639698
27.4317
18.49888
24.285015
34.39439
25.101383
23.652254
40.667824
31.718615
17.879827
33.687756
27.536652
37.658474
23.049261
16.303104
25.440924
29.246689
25.638231
36.386467
16.325048
37.347866
25.916954
33.990803
29.018951
15.775176
17.22061
34.298767
37.582573
36.27151
18.6551
31.332397
37.477806
23.59865
31.530777
30.71841
22.988588
34.94071
27.473179
37.689133
33.569614
24.103683
30.075848
20.680685
36.87642
17.580715
20.688745
28.384197
18.114367
22.453087
30.47692
38.91245
39.041283
25.309912
35.23744
35.863533
35.468315
18.894785
32.628788
39.49468
25.425798
33.025646
15.445303
23.963644
29.295729
24.484396
33.36029
17.651585
38.15964
29.035809
27.165031
16.950558
37.37056
39.51056
15.946801
36.580414
36.929844
26.97519
34.87763
19.493954
18.63457
39.412098
15.326481
36.73593
20.15839
32.045692
21.861115
24.240534
16.23849
19.47605
28.371815
39.4837
36.963604
16.119469
18.027796
20.150707
40.79278
26.105644
39.06801
37.53617
23.381895
40.74401
22.531681
25.262632
26.554552
30.947319
18.949823
15.085702
26.826494
23.58831
22.747606
18.047699
37.777184
30.665762
29.648365
27.048521
37.259632
28.369099
31.723616
38.0215
24.949255
33.656116
40.899456
39.333717
28.05482
40.796272
20.708183
30.774355
23.1493
17.482386
19.865095
18.551315
36.025738
19.576515
19.853811
33.08546
27.242973
25.331068
22.1196
38.07351
38.598328
30.014246
16.698605
26.28471
33.149197
30.269146
21.151978
17.863098
16.602617
40.248894
16.52734
40.526268
38.901817
34.59544
25.736101
21.983206
25.660868
32.667606
37.213623
33.13794
39.73339
20.074408
27.020239
16.20232
27.648603
23.53241
25.644691
32.710426
31.907581
21.341469
25.687511
22.608759
20.20507
32.36094
27.33042
33.090477
20.526817
29.268883
32.038834
28.648573
20.7697
23.099749
37.29808
37.942078
33.041714
35.581264
16.349907
28.500978
40.121128
27.629307
32.874454
39.03966
16.688847
16.509806
27.353807
35.205395
30.895363
18.639694
19.456806
29.95745
24.583408
23.774246
27.20077
38.45411
37.05961
15.416114
30.874348
33.318977
35.69338
37.681667
37.74669
19.46465
22.81837
28.57324
32.44168
22.270855
34.421696
23.631172
29.52193
36.845974
35.92835
28.277496
19.305845
39.344837
20.02301
15.813509
31.231983
39.872437
40.898727
22.996288
37.18851
16.372267
38.581646
32.39471
34.141567
34.079704
38.05339
30.313303
15.124839
27.614937
24.777227
22.972786
26.193687
34.596603
24.931648
39.84889
34.30066
24.776455
27.164616
29.596579
29.215275
29.126999
39.004017
22.824615
25.58944
33.058167
19.194693
21.135786
19.060904
22.99578
33.17962
23.311056
26.890657
25.92368
38.70254
37.29126
31.046202
37.172966
18.081799
34.697853
31.871134
28.736092
27.089596
37.034622
31.522493
40.690025
27.56847
21.42515
28.210873
19.931946
19.92633
22.766256
26.944233
39.362514
16.473763
36.515427
23.954983
36.895992
21.20204
29.980766
30.280802
29.23298
40.047577
27.94481
23.073252
16.200829
17.948278
20.72892
31.12424
23.648329
31.06956
25.392948
21.8289
22.375462
26.462517
37.665176
18.344442
31.385618
31.114073
27.410452
26.058126
17.86686
15.858581
19.969847
32.643414
25.740385
22.942749
33.54303
17.961973
23.358574
29.170435
40.93495
24.860146
28.99156
25.501148
22.451336
15.512075
16.110464
22.735878
17.502832
30.377634
27.157034
27.496117
21.565615
36.071873
38.483612
17.086704
28.546583
32.483673
34.45393
18.030401
30.314194
16.334845
33.314472
15.071889
19.18138
38.036907
35.377655
15.271061
33.46489
33.1813
21.30235
33.44039
40.895737
37.289783
32.813793
26.628267
35.618404
32.555344
20.0742
28.610085
25.791788
20.219881
21.096874
36.42104
28.39275
21.963507
21.090914
23.849436
23.723625
20.221272
21.430141
19.506485
16.337769
24.696688
35.059063
23.598442
17.622786
32.5074
37.580315
37.84909
26.11884
36.376884
15.012197
35.15543
24.799921
25.077074
30.261456
15.506654
30.008793
22.930328
18.725786
30.456253
28.511738
32.595146
15.121966
16.009398
33.22713
31.5886
16.629824
25.172459
18.582247
18.039417
31.748821
32.60883
35.165585
25.01921
31.883167
16.85499
36.367413
25.465328
23.603056
24.372934
23.039099
17.187315
31.773706
24.34999
21.852222
35.740044
39.300602
27.604204
33.001286
30.050022
36.10838
35.21325
21.169306
35.597427
28.152523
22.55716
34.263428
20.684946
30.757133
38.34987
19.328074
36.86551
17.378696
21.93182
22.25607
38.95449
35.01487
39.605732
21.443539
23.218021
34.909042
22.11978
37.372295
24.3075
27.945444
16.537306
24.253801
16.301514
32.186325
36.67938
40.331707
34.819756
17.371796
35.086327
20.21531
17.589666
15.884607
22.01658
23.704222
18.07497
21.676247
29.386003
26.964926
30.816324
31.957415
31.748093
17.632694
33.987778
27.075043
26.425209
37.4379
38.338833
15.929682
32.723305
18.293474
26.170296
15.531215
17.797293
26.430769
19.283241
23.84752
18.181597
30.133932
38.943848
34.969788
39.260036
25.89827
25.822914
38.799908
20.0216
29.426027
15.597375
29.959438
37.333344
27.77333
28.442142
36.426315
18.65894
27.174984
35.99412
15.524632
18.661192
25.599188
27.536291
37.324383
15.449048
25.922113
38.128155
39.25233
22.364452
18.762701
25.20007
36.771656
19.151619
35.48089
24.73225
33.357304
34.111095
17.617935
29.55546
20.675499
16.413221
33.145298
20.538773
28.870121
19.13038
16.289047
36.470898
23.165192
28.744694
20.409536
40.295036
40.611908
23.897573
36.441578
18.023232
31.74033
26.969828
22.738148
22.134764
30.119879
16.715755
39.81116
31.554058
20.389542
26.621946
15.4256
25.407185
22.187756
27.921293
33.778786
23.671974
33.59361
18.26491
25.084444
36.56533
15.18512
38.939533
24.781572
28.052315
16.62705
17.215122
38.80104
33.215107
33.81974
37.91726
26.848236
32.38594
30.072235
29.641108
35.49797
26.926682
29.506977
16.15853
27.048214
18.328629
36.96008
24.517212
18.542171
19.909779
16.010286
24.090378
24.143559
34.802647
17.45138
33.40798
39.13785
25.154415
28.51692
21.985016
29.232662
15.502052
28.472885
38.559814
24.54328
20.138664
20.812859
21.165064
27.67485
19.953302
40.22212
18.276402
37.650463
22.704987
29.721052
29.91836
38.084934
23.98271
37.955044
31.05456
40.966824
16.206713
32.467033
26.848942
20.68676
29.942331
25.970646
18.456995
38.5379
29.526224
21.135952
34.890747
17.814844
25.545835
19.206446
27.198576
19.850166
34.066402
18.885122
37.710587
31.853127
28.665926
36.359062
23.422659
20.253004
28.316912
29.076097
32.726963
36.39993
19.944866
36.943848
38.644047
20.938906
37.096863
18.990389
27.471323
28.948181
39.569683
37.207687
15.335136
16.020967
19.075436
20.292841
26.51823
39.869938
29.063606
22.308992
26.631811
34.74674
20.672033
18.906782
36.711117
18.994314
19.445295
32.67898
17.135654
17.387482
36.93749
15.464945
20.910103
21.567858
25.607449
28.978292
38.289032
21.841908
34.51793
20.000278
22.988485
29.88641
27.266304
30.562994
34.299618
22.49346
26.302843
37.040684
17.304443
27.387558
33.33366
40.874065
35.090927
25.360191
15.858915
25.771748
30.374517
38.492725
25.062914
33.664394
33.255383
34.076317
26.251183
34.43152
22.975449
35.987934
21.82073
20.477352
24.48656
31.744476
18.35309
38.601414
15.400914
40.232353
25.835876
18.291048
21.467068
20.197815
30.246998
33.55731
35.099735
38.983654
24.776785
28.742264
39.68871
34.71088
17.816702
27.344854
18.422121
39.129242
29.50943
16.84418
34.18145
32.69847
27.133541
29.743116
38.700497
22.112453
26.887053
39.61193
32.627766
29.441435
35.73764
34.78057
17.391506
23.342754
19.923307
31.510069
40.838913
28.378523
28.415852
26.967545
31.505714
16.378998
22.200407
34.135986
31.069725
28.003342
21.577982
21.909126
23.05161
17.174833
35.863796
26.053343
18.148455
29.905468
16.832829
28.462662
36.72044
24.175303
23.054958
23.189623
26.89824
30.99479
26.865618
34.10384
38.538456
40.55369
17.133873
34.711792
20.826773
15.448146
37.21839
17.665478
38.713135
15.377718
32.542725
37.794212
24.560707
20.417315
34.074917
26.113043
26.399921
40.99408
36.662395
37.19279
29.001389
18.037407
26.651669
20.52098
36.616074
32.42048
19.513338
22.039488
28.67845
38.774757
25.296465
34.913902
26.028162
19.034119
21.652351
28.771235
27.277857
31.653326
20.896286
28.136734
20.839798
27.34581
39.11685
31.607277
35.820946
29.398745
17.69588
37.41781
18.506123
22.148682
16.768187
38.489086
16.471025
23.038982
22.128687
26.789055
15.501666
15.830604
17.885569
22.896816
17.444113
23.00077
26.761658
26.027302
19.868092
20.13936
40.36217
30.456448
23.000353
36.240807
34.95553
18.28073
17.768427
15.189651
22.354963
25.751614
36.99268
33.45081
22.342108
29.044605
25.774317
39.00097
40.73985
39.25422
40.949306
38.87549
23.720146
17.650303
29.112875
39.35544
36.22365
36.787884
20.166586
39.7825
20.471344
36.931686
28.599695
20.264637
17.46454
32.438297
23.788805
17.123444
38.09807
15.232939
35.484573
33.834515
39.052425
36.32453
23.351482
15.424925
37.98433
29.42188
15.936519
16.817432
34.700912
33.14537
16.764736
20.448847
25.981594
20.072828
27.394617
23.640402
35.502357
37.914726
25.213263
17.660877
26.92099
38.4831
15.511283
36.19858
35.597603
21.800228
26.949524
39.046227
22.653452
15.687169
20.914494
19.20309
22.11195
27.47899
34.45667
38.31177
35.719402
26.132587
17.515558
38.372223
16.708916
19.92468
33.95777
39.013615
27.249498
23.181702
40.58897
31.255081
34.61337
39.03991
32.747963
18.64908
38.19802
32.103237
21.350924
22.976746
29.45557
31.048018
24.325962
38.252285
21.51048
24.717815
25.263058
25.693995
28.787722
16.058348
25.801659
15.532308
15.326979
32.361473
37.787964
37.050674
21.624529
33.719017
36.556213
28.093008
39.822887
20.331215
33.823055
39.421753
23.859411
17.37128
33.631317
37.773586
16.788458
15.476705
33.53933
38.23513
25.90786
39.619553
21.824112
39.64892
17.54883
23.102135
35.851616
28.160294
27.429543
26.731136
32.964394
33.728775
33.32611
29.842327
39.246853
16.45283
32.480698
21.779728
27.350594
29.894907
28.645
31.677149
28.196932
31.243893
40.948402
28.946747
20.821167
17.115162
30.883558
32.748295
17.882746
23.063686
26.618238
37.894592
39.437897
16.473598
15.5707
19.142506
22.455915
16.388008
28.72698
27.625828
30.257711
32.055717
29.531925
22.305258
26.564829
16.496935
22.3518
15.742419
19.169569
32.22788
38.484913
29.249046
20.3715
15.434703
19.487589
17.51904
33.27295
22.3499
32.186466
23.22025
34.78585
31.359842
27.163965
19.704535
39.77455
16.45999
16.732452
28.988691
16.143967
18.074636
15.453502
28.465597
29.879745
33.97102
24.112236
17.423952
36.05686
34.022972
28.722763
23.386719
18.655312
19.91719
15.619182
24.522469
38.656364
26.54561
33.97769
19.940466
24.340088
35.790207
30.218834
40.549515
23.96464
23.682009
16.654928
33.342175
19.080034
34.503967
25.476263
37.460117
38.613953
24.307673
34.71061
29.203089
31.56431
21.526884
35.1442
15.262942
27.643188
27.896164
26.35822
30.896038
16.538898
32.72083
26.0135
32.491264
23.597746
27.694798
31.30704
40.047695
22.674385
15.925845
39.127483
36.44503
37.65931
31.603106
35.85279
31.071482
26.764393
21.82963
36.961742
17.368128
38.032104
25.543114
36.671997
27.15518
30.731289
24.160873
28.670961
29.224878
17.312199
34.6105
40.671646
37.617344
36.415703
21.745506
38.004322
16.239834
27.066372
27.79571
36.745716
33.046513
39.62641
15.464935
30.991034
40.864964
38.34716
16.56407
33.790127
37.137356
35.42717
31.655315
30.997591
33.33825
39.37061
28.083982
31.827671
30.63775
33.13704
31.986923
31.258276
35.497776
34.083324
30.392244
33.594498
19.320911
34.020786
24.36269
23.480501
20.015404
27.845354
23.28557
28.439692
26.396582
35.145897
19.874975
25.626545
36.71401
40.955482
21.227367
16.889559
36.2754
25.382786
33.35962
24.47324
40.132465
15.245482
25.058836
20.728107
27.100449
24.02476
19.586348
15.051167
33.00231
31.469933
33.803455
29.945353
27.960106
37.00428
33.624607
39.564945
22.800276
39.71809
24.353907
26.404978
39.19622
20.18212
26.423853
30.896162
23.040625
27.574442
15.330524
22.582909
24.721678
23.685946
19.1474
26.290482
25.471468
23.254473
25.900291
34.228382
35.761448
21.774908
28.298862
23.330557
31.839052
39.44222
32.845493
16.299059
37.93114
31.206795
30.180262
30.796253
32.38411
18.056149
35.67105
32.021755
34.067158
35.5843
25.720865
15.513747
32.734314
24.669981
34.039627
21.430328
15.72249
19.657003
39.215813
24.795118
29.356943
37.814945
40.323536
24.232315
36.742226
34.05557
21.0136
16.569918
22.235752
36.890087
22.562551
28.355864
32.83284
35.43479
20.691454
27.810339
29.936174
32.90716
17.616669
26.02852
31.539305
33.50199
15.757733
18.351532
26.722893
30.796701
36.80284
33.739445
25.544128
16.907373
35.420315
33.708603
39.89382
22.501774
16.80483
20.936615
36.70232
20.472853
29.460121
36.991894
27.994596
38.586056
23.145157
36.81056
20.726406
26.73598
30.748798
40.5221
25.077627
32.582718
36.008263
25.016224
22.93552
25.285467
22.449615
30.24675
28.669743
28.810753
32.703938
18.684507
39.98265
39.864918
19.440672
40.559673
25.612543
34.88523
21.560055
36.575012
36.9741
17.721294
21.99944
15.624967
36.439484
32.648136
26.533691
21.721622
29.89519
28.174715
26.287727
35.80703
39.453766
29.746252
28.329699
40.422413
19.756369
27.88611
22.676128
38.308277
32.171085
30.582731
30.315794
29.925508
39.373642
16.799326
23.446993
39.616
26.291334
25.868881
34.023193
27.662405
34.197517
37.23423
37.915024
27.860071
38.86328
28.50273
27.521908
27.38036
33.104454
21.10738
23.50452
25.682886
18.806303
34.000927
18.459717
18.025372
31.564898
16.75681
29.822353
24.723274
18.453245
24.210564
20.053917
39.727345
30.101978
33.34752
31.26573
19.31583
16.278461
35.52747
34.824867
19.738998
27.454903
21.334196
16.203829
35.507256
25.475088
33.347515
35.360447
15.680045
34.36113
19.957775
23.272314
31.991302
37.54563
16.977535
25.900448
17.93826
24.371393
15.252348
29.81986
24.063833
32.569923
31.732403
15.029957
29.578955
30.611597
20.53903
20.045704
34.199608
34.31451
31.444807
22.270842
30.614443
31.905697
39.883316
20.867294
25.352314
38.847515
35.114338
39.860355
37.985054
32.173603
23.492517
30.057112
31.579456
15.823087
39.922394
33.505924
37.103256
15.518154
34.529793
27.687723
31.093609
32.09945
17.339516
20.405226
35.312443
37.91526
21.321404
34.424114
23.341635
33.85463
39.551674
35.320553
26.11198
20.921242
25.433699
30.702374
24.21342
25.86393
17.932104
35.996586
23.50002
15.311455
24.596422
25.33381
37.98169
15.103213
23.785213
39.710606
20.285698
19.064249
19.948881
22.57353
19.074463
28.342058
36.08917
35.244213
16.722242
26.604319
21.585577
33.192554
25.281712
25.890825
21.463703
27.065607
38.312576
30.719526
34.87782
21.592546
16.497784
34.165745
36.089676
29.011534
16.138952
17.065247
26.547901
25.502213
33.60116
20.236032
19.80701
39.257885
33.56822
23.670288
37.972424
15.294403
16.573107
26.017145
25.117535
34.86809
19.68424
32.358482
21.69128
28.463032
35.456764
20.274202
18.319263
30.708315
30.299068
37.499973
23.598906
29.298832
24.258274
25.099665
34.498745
20.018543
27.8944
20.006275
39.794346
16.303032
38.391476
40.029305
18.607994
36.42861
28.344893
28.983187
27.56668
22.37801
34.767735
21.460543
17.352562
37.70825
32.774925
33.95558
36.492416
23.333982
26.132494
25.537243
15.117364
20.04019
27.400307
23.078182
16.121353
36.750805
37.75008
31.164965
39.65675
24.105415
28.706577
23.246346
33.227524
23.733929
29.038342
32.320793
25.775442
38.769596
27.815378
36.520927
26.101765
18.603588
27.254677
33.32178
23.726883
22.65979
32.390522
23.781332
23.862467
34.056286
24.835016
29.216064
19.555536
36.420475
20.935287
21.020716
23.26109
23.837612
30.48733
33.960743
19.109734
16.937939
20.83251
38.19753
21.95897
35.465504
20.641195
17.550543
39.951607
31.322138
33.97905
21.05734
37.752018
16.04295
38.35503
35.76135
25.890692
34.935062
34.366142
32.839104
27.719864
40.699276
17.282503
36.672695
17.367727
36.254654
34.4573
39.27985
17.775976
23.698988
32.799744
30.633204
33.415264
17.863396
15.7151785
38.831932
31.595367
32.757328
24.89485
16.833128
37.421604
35.35054
19.12914
38.506844
38.39642
19.601503
19.921299
28.147974
27.424643
38.41716
22.09492
32.259686
15.553394
22.316761
38.816822
38.417324
38.16219
30.972973
40.498062
15.328346
20.516197
29.516272
29.88928
28.822903
30.605312
23.514076
17.352648
22.44147
17.013952
28.873955
40.771137
22.52993
15.201301
17.570612
27.846895
28.309233
39.01896
15.059269
18.644045
33.25587
33.552742
34.51345
37.14714
23.311049
34.447586
24.613043
38.33517
35.93059
19.759369
25.508942
39.811867
37.79422
37.074654
37.803417
22.386757
22.11203
37.149136
25.910803
38.167225
24.897614
21.637894
36.00094
25.700535
27.321396
40.6252
39.8782
25.495691
38.31443
25.609045
15.611894
31.858513
23.962011
37.355236
31.509085
16.389406
29.908117
35.6081
26.108929
34.72173
21.985826
17.029806
15.277864
17.119724
28.595499
26.937346
20.198015
15.408511
23.971668
17.416185
37.066437
17.374578
38.411175
31.21169
38.66084
29.253834
33.779312
21.434334
25.577696
39.2152
40.167263
35.561874
36.911667
25.85129
38.443405
38.481487
20.420519
25.603754
19.62253
17.387117
18.807743
19.779293
19.471327
27.23201
15.65535
33.353493
29.574997
35.133778
31.752306
40.11303
30.209057
25.63898
16.0894
31.8529
39.792065
16.076557
25.629251
21.323748
18.43906
28.364172
26.110552
19.4155
37.19222
32.578842
26.608532
38.666927
15.87434
16.3629
35.34902
31.606806
39.1924
18.808735
17.36135
23.66092
22.712631
29.850365
19.955826
38.400024
27.635069
18.387331
39.724197
25.757597
39.91486
26.376009
36.787186
19.512033
25.20905
31.945814
28.350813
38.806576
32.37189
26.232487
26.283798
19.771254
22.778221
22.06792
34.39111
29.414589
28.623672
39.925774
38.33418
18.868912
18.532103
15.594349
22.736164
30.801556
23.29477
32.93301
15.911054
28.345306
20.37239
15.765668
18.868275
16.254923
30.91043
33.474617
19.769876
29.162615
25.449532
15.180288
35.85522
26.783836
22.257187
27.527256
15.99856
19.715816
23.26338
17.04406
24.527712
20.074701
26.952072
19.804216
18.707455
34.63328
23.242008
30.688057
18.37917
32.349697
16.384537
21.929737
34.648647
27.218603
36.212708
39.831116
27.226826
29.229797
19.695082
21.533892
17.053661
34.88522
23.679308
26.56369
20.173246
24.203905
21.954723
18.494555
16.478569
39.435394
17.319777
36.529564
32.90735
35.80558
32.209305
39.053024
20.94565
32.535137
19.618273
17.282034
24.883934
33.09901
39.55276
19.029873
24.170593
23.236597
31.04562
26.291061
28.420843
25.575726
23.893343
25.867567
35.164352
16.899492
35.702335
33.57801
20.252758
18.063658
38.576942
21.72644
34.998684
27.363174
17.838213
32.4545
18.580755
25.750074
24.531487
40.360584
23.024454
34.720844
36.162598
34.341938
31.156624
38.91999
36.09656
19.000181
15.331747
15.547524
25.35933
24.14834
32.44105
15.511565
31.202234
40.966896
20.740892
22.933306
40.720493
37.178917
24.374727
38.090107
23.06121
35.24885
26.113405
40.173477
30.312984
31.057062
33.801403
24.342213
19.038355
39.76175
29.27195
40.467052
19.59199
38.632286
36.08202
24.691587
36.861626
35.522743
34.318375
15.475317
39.875416
28.351622
34.938923
15.138171
26.838524
29.46356
34.63888
28.091883
22.59336
23.071129
15.069244
23.92206
29.242096
30.109484
15.385383
39.275887
17.726648
20.784
36.566505
33.11384
18.530527
34.85074
39.72213
19.299847
35.348534
21.241856
18.689531
38.73286
36.564457
24.032852
21.62665
28.263748
37.6836
26.945812
15.017682
35.495037
27.486004
15.592544
16.534082
35.226944
17.59797
23.48383
20.531546
36.79173
15.423616
32.465702
21.613943
31.809399
27.934782
28.690973
21.658062
39.00125
24.68678
23.494028
25.968409
40.613873
32.60915
20.609076
18.819218
27.734596
32.614662
19.056906
17.541178
15.320567
28.876516
28.722431
17.523333
26.11693
17.742746
29.155031
24.025944
25.80585
38.688576
29.446037
16.538015
35.7064
16.451523
30.17241
37.5636
36.136555
15.550756
21.342962
28.183834
39.15185
29.761301
29.04324
17.517149
19.791487
31.79537
38.047405
16.287798
32.190983
18.437199
18.050293
16.113504
18.961645
25.684456
19.370016
33.83567
33.09054
23.06837
29.981302
36.241116
21.28074
32.25642
39.562004
16.862211
24.130058
36.28555
15.869952
17.192562
27.837585
34.330494
20.21465
23.618397
20.230772
40.780964
28.048027
38.641163
16.821901
32.583096
37.77074
24.554668
24.33122
35.29465
27.735289
33.640644
33.655113
30.110163
28.124498
19.159288
25.611113
33.231316
20.893616
23.936956
20.957678
23.389507
37.28661
40.190872
21.165033
25.071697
36.572006
25.38127
22.204554
20.057238
15.590822
28.344133
22.227533
32.242584
40.46898
25.733234
21.420311
32.41236
31.418787
34.88792
38.551174
22.609491
38.938942
27.64358
39.765495
28.06358
18.91961
20.314615
15.039092
36.2561
37.1691
26.105059
24.365782
33.63235
26.700745
31.539944
39.23364
18.714478
15.753466
30.160887
33.235493
21.926323
16.96675
38.692253
26.762669
35.310196
18.39049
37.159645
30.647047
25.497114
39.08247
19.030348
22.345016
38.786346
33.93096
30.345787
17.797869
15.996615
22.037256
24.028904
24.456764
32.870583
38.502655
25.07476
34.126373
31.245762
22.786709
24.17058
16.259815
24.949196
23.938335
39.44183
39.128548
24.429928
31.948574
34.483818
33.89437
25.51231
27.233673
27.61367
29.026709
34.33496
30.82931
16.365477
31.736864
20.534266
26.26162
28.651754
21.141983
34.037918
38.257923
19.72727
38.724895
31.453247
15.469819
36.116657
39.32212
17.96659
22.203596
22.00517
40.350765
19.914213
35.78762
36.242283
32.276115
35.74186
25.653717
19.070747
15.425142
24.939184
17.469236
18.969107
27.167307
17.716946
30.72882
19.583567
17.212421
16.688982
29.099632
32.62549
21.316416
23.627636
27.511055
16.823694
39.03937
23.480442
24.489689
21.546131
31.366163
18.267513
32.562683
18.543358
34.978603
29.223202
31.687218
24.41671
23.758984
26.602297
16.611252
39.876835
30.708414
28.940084
18.830376
17.633787
28.879408
19.23731
19.3779
22.847635
32.150616
38.53518
30.070051
20.469036
19.712704
29.65218
34.025455
16.512041
17.987843
17.473665
21.28779
19.326843
26.371277
23.116785
30.202833
22.27804
22.661983
33.537426
27.83581
28.884365
28.340473
31.702578
23.162304
33.43877
36.95521
17.320555
29.025667
16.403095
30.795273
36.30327
24.926208
24.459475
31.755243
20.628765
24.592155
20.000998
35.839485
19.078995
31.97967
16.057072
27.10636
27.446821
38.858974
18.174273
16.018991
18.238008
28.465866
36.611397
31.147755
36.637997
34.83275
24.357822
29.960583
23.569946
16.360441
40.947147
18.040775
24.039677
38.95196
28.813478
28.487993
25.644754
38.601585
36.025654
16.48661
22.119123
29.717344
40.635044
24.066652
18.091326
37.65238
19.585472
22.936016
15.853489
33.930305
21.15922
28.928745
18.869904
22.47197
20.2709
32.09259
35.998142
22.765947
26.571482
31.730122
26.952333
35.37206
40.287487
15.811209
31.407345
38.407265
25.99597
29.090635
19.32421
40.73541
20.123556
25.993172
18.571388
26.467024
37.85843
30.869473
21.722977
20.072803
29.376852
31.57959
25.03419
25.923956
37.81132
16.527021
33.026066
18.395075
36.22534
16.244629
25.855467
22.79978
34.010082
34.424854
31.703114
23.376774
18.58125
37.890125
26.78152
28.303638
36.02969
18.415382
39.24633
33.28801
16.467373
35.543167
38.288708
38.6705
40.210514
20.57274
39.99308
26.171055
17.654768
33.758186
29.163647
34.4201
30.722576
31.416489
31.254738
17.238255
17.100824
23.125128
32.78423
27.26296
28.137232
21.479647
16.16587
33.967823
25.226843
23.98528
39.76551
39.38009
15.795388
38.572674
18.167847
26.874054
40.574135
40.95627
19.134514
36.302876
22.761272
19.594921
20.540869
26.428574
34.877743
38.367867
26.69806
23.119797
24.650846
22.24514
26.898573
31.109114
31.096804
21.210087
27.767597
26.23644
32.123898
28.482594
29.059168
28.052433
23.440653
26.69521
29.905214
27.415445
15.328927
38.090343
39.207275
34.28793
40.92972
20.035221
35.85478
27.32292
21.08981
33.192284
37.76043
27.028492
38.530277
32.536304
35.322357
32.30788
40.123383
25.075438
32.854397
27.995173
34.40209
28.6119
26.769918
24.641294
20.076954
37.16917
17.861313
15.252237
34.29805
34.81588
40.886414
34.941273
36.67482
40.53277
35.854694
18.529142
18.654873
30.497475
39.900288
26.010984
17.762878
20.70304
20.435472
32.50603
40.41386
16.179426
15.397479
31.815857
33.54034
23.253448
24.832989
39.03927
20.110855
32.26099
15.808982
39.82662
40.767666
31.916368
27.695116
19.803644
27.274399
37.147324
23.23202
21.454744
29.239744
33.61999
18.481516
29.327705
23.671213
28.406836
21.748901
27.806879
17.3134
33.291496
31.874107
40.898888
26.438
17.058027
33.907627
40.48479
25.77829
21.777992
15.118821
38.31494
17.638678
17.587452
38.52829
27.65741
35.86023
36.736843
16.712666
26.958244
25.286095
40.800285
27.499344
38.13154
21.646042
20.846888
21.350225
34.16953
27.367262
31.1051
23.727827
16.64777
23.71897
20.192188
36.543594
19.397635
38.911217
34.334446
18.907541
18.128199
29.293736
24.169773
28.829847
37.101818
20.63853
30.702698
30.269312
23.10247
28.640276
28.773037
15.980092
39.883186
34.231556
18.002842
39.977367
19.038729
26.085255
27.602282
30.124182
15.821811
35.76445
26.643702
29.335875
30.80606
24.38038
31.454014
37.20512
16.496105
31.33208
40.629185
40.469757
23.994938
33.72663
15.840527
34.677258
28.661018
25.416801
39.081085
22.64377
27.322285
33.24339
40.291344
35.862328
39.06158
31.032246
15.407074
32.884
20.84768
27.171627
35.7881
19.877352
24.358429
27.18314
19.715342
15.065732
27.227293
32.600136
37.184387
36.548553
20.64178
15.680219
16.577547
26.131874
17.732096
24.00389
31.962156
38.22525
17.510523
23.849323
32.741573
16.605885
31.256922
22.383617
33.176235
30.907871
26.192884
36.173706
35.895687
21.063349
27.046926
29.29563
28.938517
25.604095
27.685331
26.408627
32.08564
34.726223
38.36803
32.560963
39.293373
31.327219
33.38619
34.207325
17.886297
28.84383
30.847881
30.942911
23.835878
25.650787
29.200588
28.797373
27.929352
18.024649
19.713915
31.581997
39.924397
27.233568
22.593285
36.74654
30.88865
21.18299
18.655075
32.477467
17.839071
37.228928
28.565922
29.357172
31.524763
24.264578
23.533754
34.804333
33.73782
38.99267
19.035284
33.72818
40.89028
33.41515
32.67452
32.355087
17.761362
18.00337
22.58912
28.023695
25.297483
27.756096
33.95616
35.895065
25.138884
22.409357
22.096106
19.987465
29.149853
17.431223
25.433687
40.720592
20.64584
31.116282
32.14646
38.242012
23.239084
29.088697
38.71675
34.208977
31.265512
26.829428
16.799847
32.41167
24.609081
29.462227
36.83113
16.649326
20.40586
27.964804
16.617079
22.608517
26.58855
38.21556
32.78981
15.143368
39.523247
21.843052
28.452187
39.320293
38.093727
37.714348
27.600176
24.865244
23.504553
34.080265
19.981443
25.239372
17.802807
21.889418
22.934
26.46939
32.65931
29.589779
25.445877
33.071804
15.303646
38.85558
32.186646
26.935555
34.67337
23.108955
15.58385
19.86556
31.816292
36.44995
20.152147
25.63999
16.375685
29.66509
21.230276
26.896973
29.5919
28.353916
20.040691
21.941927
25.669744
37.89445
34.559002
32.654476
31.58961
38.962776
33.06507
31.07437
36.481285
39.628517
24.444967
20.958721
25.532936
19.667116
24.32266
29.628248
30.073755
25.661528
18.922651
32.75807
16.947237
39.71
23.199497
18.419056
16.583174
20.11332
32.21742
28.638588
36.279827
21.284016
31.023018
33.02496
39.123894
24.301615
36.32629
19.58758
15.704292
37.032284
17.190012
16.785503
27.316858
33.537727
27.624718
20.04971
29.71057
36.617413
31.496357
23.54994
23.591888
36.75982
37.47592
33.814808
22.082363
33.522545
24.895103
27.964258
38.11562
19.417744
20.319359
29.776388
20.363443
21.748516
17.409454
31.585968
16.696568
22.523518
27.214874
27.099966
25.414408
16.57117
36.42724
15.615706
22.518948
31.281527
39.319107
25.840221
18.161451
22.022957
35.103386
25.534733
37.05681
19.212498
38.270702
19.546083
38.138714
20.262798
33.097023
29.43736
40.019993
38.185303
38.96091
20.892788
34.925793
32.498352
26.369713
30.347414
20.683546
17.27067
24.666122
37.87998
32.081913
21.624681
25.27142
35.307728
21.452108
31.830862
17.01889
22.634897
31.678423
37.24344
40.640743
36.531822
35.010838
16.759352
25.794037
29.359774
30.031065
22.226593
26.146019
36.406727
24.91446
36.284626
19.986372
18.462399
27.733671
32.488777
25.593811
24.636106
33.965984
19.252092
16.1566
24.409018
27.5948
16.132313
26.431381
30.312672
39.236668
33.29825
22.521996
33.338566
20.578901
20.628996
15.169681
40.20901
25.078741
19.831074
25.76836
40.97732
18.353539
39.20266
34.953445
23.075825
23.982544
24.230808
32.05989
39.89303
15.544271
40.07663
26.004955
20.236715
37.629543
38.18508
24.223457
29.62758
31.298742
26.750097
16.167988
35.2685
16.992868
33.572548
15.5839
19.747276
22.261518
35.96749
39.278587
34.056217
34.836857
19.809013
23.426884
28.349768
37.561264
38.5449
23.589151
35.01175
36.467247
15.070172
25.565878
33.066715
30.911825
26.717613
28.972435
15.74529
17.083529
36.304977
21.989817
20.101257
25.428732
32.172863
22.132032
18.97857
24.585014
37.45373
18.068037
23.339302
33.262756
33.43177
23.54588
40.989
17.182243
17.784943
38.288994
26.073755
22.652014
29.744629
36.369347
20.373732
27.665207
34.765034
26.00938
20.380724
23.494234
19.163542
32.024513
17.422773
26.680027
18.374935
37.19017
31.68675
27.040726
40.956497
39.70213
30.890121
27.865602
18.28765
24.596174
26.566156
17.813599
33.02694
29.50289
23.452063
22.201813
39.82083
23.435635
18.307554
40.34783
15.502871
39.444523
31.641666
37.42082
35.07846
21.916487
15.288574
27.85972
26.159615
15.06132
34.548523
26.833063
24.195677
28.69577
35.697895
36.443275
19.840214
32.82261
16.072819
26.41947
16.10079
23.698809
28.64362
26.896168
28.537611
25.096762
38.02279
37.541473
28.708603
31.284704
16.18707
32.776695
27.302603
28.887318
17.84461
35.12039
20.959057
15.234706
23.341053
25.793459
23.641685
37.067738
29.273811
39.637722
23.61527
29.540007
19.571672
18.129185
36.56882
19.341396
26.697254
15.807931
34.235046
25.46556
23.842743
37.800354
27.975193
36.653343
32.514736
17.275282
28.229908
21.866446
37.741863
35.654137
37.481026
15.280425
39.289314
15.186285
28.425703
26.233362
23.727232
23.104227
24.433527
27.326296
28.975363
24.989305
26.038887
36.443817
22.034227
18.207132
19.214981
32.847916
24.01346
34.31292
20.482492
17.695559
38.28087
34.180477
22.525135
21.340069
39.58116
21.274565
35.915882
15.59883
16.311167
38.964893
33.801838
40.80447
20.788733
21.071043
30.952343
26.903986
35.31548
28.931038
24.444086
25.13006
37.108852
23.202457
40.438572
35.84106
18.76688
28.33332
16.001486
39.01098
24.829433
34.18113
36.72013
32.547836
17.21264
40.611908
39.994205
32.128853
38.81854
23.07707
18.306917
18.562958
27.45989
36.14455
22.527481
20.825912
31.39053
19.751541
34.352737
36.860706
33.194477
15.549784
33.364765
35.995518
28.562428
18.130316
15.863003
36.403923
22.572142
38.14312
19.62351
40.41666
20.489647
19.368158
19.044668
37.69171
30.821035
33.64772
22.75775
25.25899
33.37007
36.25611
36.712425
32.278442
28.394651
27.76117
37.991432
33.984932
24.60561
16.723127
22.165236
17.740639
27.714235
40.67988
33.866673
24.375486
29.510225
40.783646
22.447266
30.068293
34.039734
16.182705
32.07089
31.906214
32.35356
33.78264
38.40729
15.957192
18.508358
15.375324
24.206963
38.200027
29.02921
39.289696
15.470604
17.978802
19.879784
31.696941
28.670454
20.783312
27.13663
21.493763
37.537537
34.104275
20.027113
38.290894
25.297907
16.871975
21.765884
19.449995
22.922613
37.559166
24.712608
27.340693
31.950373
40.413937
17.774155
26.030386
21.748405
25.48536
33.687267
15.473113
21.696154
36.11467
19.843157
36.929684
36.708202
23.38685
32.653347
21.829826
35.75685
34.672344
22.106504
19.578157
37.611465
30.835882
16.12883
31.9092
21.880798
29.949102
35.636066
26.312809
40.62623
30.416025
30.752943
18.779789
26.307903
15.305076
16.576416
32.658543
25.632433
32.37875
27.071796
21.767101
21.990002
24.82167
32.216408
24.070904
17.600283
29.990088
16.343159
29.215187
40.230762
31.64071
20.786932
28.991913
40.40772
33.043877
21.399477
16.424616
31.409197
30.145977
15.27396
36.570595
22.011003
15.518234
19.108185
28.368425
30.950869
37.213722
18.03588
29.899712
22.382551
35.85177
26.468357
21.287565
17.210836
40.258713
19.514236
34.120316
18.129997
40.816093
20.88279
15.76743
24.4324
30.302372
36.826912
33.24567
18.210648
40.461227
15.644544
28.397038
40.445724
30.78958
28.532814
32.05605
17.655287
22.110434
20.177042
35.6124
31.27038
39.380684
16.357132
25.916098
30.715471
17.881056
37.06676
21.825682
25.28589
40.4453
23.166231
37.86615
35.348343
18.707916
20.427593
40.441658
40.134335
18.484465
40.98125
24.839233
31.45302
32.34585
38.635925
40.863083
32.019047
39.20767
15.319437
33.35521
31.772661
17.327927
32.975517
27.086523
27.563526
29.491396
20.652328
29.54365
18.876205
29.355886
26.231243
27.990173
32.894577
37.945667
28.269804
30.847023
38.133926
39.099457
29.77072
15.915291
23.113743
22.31519
26.33908
29.255732
31.10078
30.880991
22.152935
20.642736
35.82113
36.44166
36.44772
34.426575
34.221706
36.222065
40.80291
16.366243
34.855648
32.013798
19.419716
25.536205
22.272827
22.728567
18.79146
23.763945
22.915741
30.831638
33.693707
23.221113
34.452736
33.29087
19.259127
17.769728
30.224691
25.811697
28.052382
31.455746
31.53782
15.075608
18.523335
18.145983
28.904524
15.459523
34.99215
21.720274
31.01576
32.28565
33.407837
18.459309
37.2226
37.03623
29.522135
34.309624
33.611237
29.16482
16.833519
39.560722
34.374943
18.145544
24.681545
36.13528
15.117914
32.22395
18.209599
28.17197
40.970394
26.967989
19.564495
38.87145
29.950745
23.164782
19.664335
29.679457
24.87961
25.86867
20.141333
25.797182
37.3327
20.478315
35.65426
30.737392
26.613012
33.605316
21.665548
22.185934
29.529934
30.194176
29.99099
17.781704
20.891703
21.863104
29.955294
26.5942
34.0495
26.75752
16.824759
24.056276
25.575466
22.342798
23.338629
20.900757
36.21363
27.510088
16.62362
22.253075
39.611874
17.128843
23.551497
23.448076
31.024681
18.751923
38.68747
20.36774
22.170568
23.563875
34.377544
26.137466
29.734768
17.86036
34.23592
22.872189
27.62679
37.356308
29.318817
26.82953
35.034218
16.442825
30.60909
19.805784
19.558218
24.147486
20.086386
36.90146
31.272806
24.000004
39.62035
16.886675
37.419174
26.265013
36.200016
28.312765
16.627928
22.075947
15.600137
22.244804
18.056257
15.888785
34.48587
25.031004
32.633728
35.37169
15.169857
15.878219
36.729465
16.356321
23.761377
30.169025
22.985231
38.79892
15.284952
38.434177
22.802889
31.833925
20.496275
32.685356
36.031597
23.950285
22.586203
22.41667
39.769
34.080257
29.738922
31.999239
17.87249
34.962875
21.598312
35.421894
15.770647
27.52889
18.096924
25.371912
35.47168
16.251461
17.814844
25.50323
27.28477
38.41637
34.061157
39.405693
33.701912
23.088064
22.208584
37.267296
35.13194
36.182404
39.462227
33.51242
30.735113
26.504366
38.20636
27.802677
32.475746
35.86867
36.348427
29.702808
24.692001
32.493584
40.667435
30.04281
36.976147
38.74289
40.074295
23.54829
34.965157
19.988342
20.90446
39.66468
15.760765
20.874628
27.888777
17.666931
32.1296
40.59111
22.28613
22.124807
20.378294
29.8895
24.812107
31.584917
36.854996
23.533741
19.460545
26.934156
35.397972
40.62823
27.090431
26.325237
24.73346
31.842745
20.738363
38.773483
38.81927
32.937218
16.017256
26.575106
34.43711
32.18676
25.674824
33.550697
24.955822
33.31711
35.410793
27.78366
25.119387
15.38289
22.389664
38.001823
32.957626
24.655987
26.536236
36.041542
23.4742
37.03837
33.66402
23.937061
22.635666
24.773708
30.76204
23.093895
15.366974
40.304203
19.353376
20.733616
17.752914
17.003948
24.739302
27.338333
31.45168
31.217293
21.155605
30.176722
33.44587
20.540554
37.39324
40.159473
24.687855
39.607613
32.273182
36.25055
38.940613
22.774712
34.5159
25.451588
28.171741
33.047047
17.008621
18.980476
31.227518
22.349546
25.249083
36.68089
22.19555
35.816383
17.832201
17.928331
15.858606
22.158686
19.246643
38.3391
37.94896
35.367058
33.961052
37.442135
35.531673
26.015339
15.805125
33.139782
17.776865
19.254255
37.98864
34.26193
29.625208
21.218494
30.75187
36.80905
24.40748
24.017818
35.60376
26.583248
16.348185
39.742764
17.37963
20.822205
20.064844
31.987654
27.93802
32.179802
29.668781
33.27844
38.21674
27.937822
28.879763
26.490116
28.580992
17.686913
29.686089
31.84834
36.92195
21.880936
20.513308
28.431944
33.801956
21.647278
37.60889
22.228016
22.092918
27.026806
29.406878
21.738342
33.017437
22.420637
25.005545
28.895826
25.277494
28.436855
16.572927
19.62175
23.043495
38.558903
29.489044
28.739525
33.976807
19.09835
27.340385
36.157837
22.171862
19.748264
39.501343
39.245846
28.929234
15.719387
34.96888
20.145351
34.609028
28.91993
29.36096
24.399706
27.464334
26.930714
36.54576
22.726309
26.31728
26.630959
38.237976
23.019558
15.215774
16.246008
38.080055
18.743135
31.796768
31.316832
37.220436
26.75546
18.982328
38.632107
40.20738
30.309317
23.847717
31.517265
37.136276
25.476429
34.026016
34.040813
38.41984
37.570095
16.851759
20.676874
38.29477
20.273636
19.59643
15.75379
32.23509
26.12981
22.611525
37.622215
27.811613
18.806017
26.970339
19.892141
18.218443
33.122414
30.287495
24.316774
28.681705
34.21485
36.79558
20.942228
26.272306
34.401745
32.471245
20.995504
29.263638
37.33386
25.028381
24.649271
31.10679
15.828108
21.93406
29.2804
18.340012
26.421412
29.253073
36.130325
19.30572
32.12774
20.09006
24.378738
19.41762
21.141392
19.673365
23.558172
30.902006
37.301712
22.71285
31.965534
24.431557
28.019272
35.564148
30.267698
26.876513
31.060816
40.944782
35.851727
19.517323
31.099968
40.472977
22.636326
38.49442
32.26305
32.137867
35.039722
16.014984
16.03406
21.960188
29.590038
20.893183
20.830185
15.565429
29.267841
32.369453
16.318895
36.16684
18.086601
35.836155
22.12006
24.543545
30.645164
31.090937
20.921173
33.999428
21.427504
17.045895
20.231106
21.001335
23.47846
29.43966
31.007565
40.220516
29.750198
16.03128
17.215683
35.03917
34.892654
36.998848
40.009922
15.234278
16.552212
38.82243
15.678807
18.513851
17.346441
25.80012
29.751644
35.85609
39.598656
20.527533
20.738804
26.189842
30.64462
15.165288
29.861761
33.85516
23.06476
23.125658
33.826466
18.495588
21.54868
21.92866
34.20331
27.559307
30.26491
20.409565
17.299273
16.424011
39.587208
23.20389
16.542545
20.31094
22.819832
18.49261
23.347246
19.616232
18.167717
33.359455
34.185566
20.06328
32.61343
18.793806
37.166977
15.167571
24.591402
39.366817
24.808891
16.905922
15.390859
38.91509
26.880415
21.194921
17.072424
39.185295
26.210608
21.80876
39.349407
23.32485
23.174973
37.704514
25.363264
18.347801
21.208567
16.373379
38.573734
28.261839
32.141502
17.799183
40.087734
18.411386
20.41227
33.880947
31.667019
31.773417
33.286697
30.76415
20.38318
15.436757
40.094963
26.425674
22.429611
26.302313
35.196533
15.070431
19.953451
35.16076
28.892508
37.42291
27.936724
17.73588
37.827217
33.83489
22.134207
28.025932
37.555614
35.280926
35.866737
29.331953
16.900324
27.776033
17.072104
21.731188
22.481962
18.525501
37.431667
33.43535
26.378565
17.20459
28.619453
35.467644
32.2548
21.166252
28.761381
26.399075
27.498842
21.087938
39.045876
26.503725
24.914581
17.593918
36.0931
26.624321
21.339113
33.727455
26.168552
16.283562
26.190187
18.797554
18.617788
16.133286
28.395613
16.087852
22.002602
29.702753
19.41631
34.190746
29.334908
34.588894
37.147038
21.31752
30.533175
33.725567
30.363552
21.835888
32.76723
17.175488
24.08221
34.49901
38.710808
16.007627
18.707823
34.35561
32.887146
40.254536
24.167822
23.16866
23.271606
38.688164
26.365555
20.320385
27.1061
33.209427
29.232796
25.64446
18.483828
31.015867
25.42135
21.401394
36.6787
23.393421
18.245836
32.7012
30.422403
26.97245
32.87458
30.07773
28.373064
37.59481
39.96273
22.63197
31.87299
26.557917
25.931534
27.186977
16.758959
37.93334
40.919968
22.235075
18.467093
17.901669
30.069643
23.10822
18.965298
16.60199
22.251232
20.76544
35.149837
27.863462
30.600374
36.86659
34.25857
16.368141
23.303328
38.389534
36.58194
23.288301
40.957348
31.948357
19.293758
32.248203
34.528114
33.18292
23.577446
37.579323
17.436218
16.115685
18.389275
16.269773
26.627008
39.20944
20.178795
19.752737
18.612925
25.01004
16.67755
31.735378
29.424587
24.72116
34.47078
27.638887
26.166822
27.833408
26.48276
37.901863
18.447914
32.018093
22.734968
15.393493
20.33531
33.89629
39.777313
40.489502
23.688093
23.00675
39.04612
31.98313
25.726469
35.3216
32.06862
23.93487
23.520641
30.996656
30.912203
15.809015
31.71631
25.693539
27.567717
23.801552
25.261242
29.773792
22.059547
15.133174
36.15716
28.940393
33.99135
28.26278
38.33343
29.490114
25.964693
32.47102
25.623806
27.240507
25.848986
28.069984
16.524788
31.40816
28.234509
23.614433
23.923862
21.240318
31.566425
20.921408
34.308186
26.039812
18.436155
16.44941
35.09904
20.373617
22.297495
16.644793
32.70467
17.718311
32.478413
35.2323
25.643799
27.57105
34.775417
18.108212
36.66453
39.14254
17.145985
16.488758
19.167953
37.14897
31.055435
37.273125
36.44312
21.932667
36.888313
39.19941
19.229845
19.166645
18.500196
30.303698
31.947973
19.7362
23.464464
28.436346
28.566582
26.040916
23.85954
32.14646
17.53383
38.923534
17.545658
22.114462
23.447947
17.70738
15.796175
23.494383
29.222076
38.412014
37.87702
17.021753
34.38053
22.117132
32.708862
31.549368
18.821188
16.657625
20.100075
28.79259
22.888626
32.358143
25.204634
36.497326
27.924746
32.35332
39.837574
18.98804
30.5985
36.190327
21.071629
16.109783
23.263565
37.87311
27.142239
24.947327
17.352533
34.283382
31.1041
25.386192
35.38853
35.000908
31.910923
28.574461
33.579872
39.946445
30.63115
32.6509
27.16067
28.983248
26.365808
16.724104
26.650072
33.63863
20.10078
20.018932
17.025036
17.44492
31.204197
16.35076
17.436367
34.0495
18.570787
30.64459
26.544977
23.206564
32.518402
24.085316
37.815083
38.038574
32.45808
33.666965
26.173347
30.54333
21.087393
16.403023
32.32776
30.222895
22.397999
30.266401
33.7372
28.923613
24.141659
25.046965
37.732586
35.50171
27.565159
24.745977
32.612568
36.766975
32.202946
34.87109
24.67165
38.307373
15.307429
37.052105
33.065838
36.260284
16.100344
39.766853
40.180603
40.871517
18.444563
27.648235
34.738365
16.771145
27.76437
26.837538
22.267313
19.295496
37.083076
28.155819
18.750776
18.89768
20.900528
29.484333
16.286015
36.714268
20.29892
23.676502
26.403637
25.693739
22.14398
32.568207
21.333595
25.342682
15.53951
23.209692
23.950964
22.108557
15.796832
39.31164
27.394497
29.693314
34.096687
33.079494
39.42319
30.179989
29.749651
18.104317
30.460878
19.754826
19.502157
18.785135
23.976135
38.020317
32.68872
25.876772
27.354523
27.420004
26.196976
25.188896
40.742516
33.133736
39.19065
31.206125
24.477118
39.952465
20.326653
33.455635
38.66261
19.104576
19.805868
32.817924
23.215422
26.781132
21.013422
23.657965
35.2706
31.195284
25.732546
35.64816
29.22792
40.411522
32.957253
16.461126
30.913147
16.893295
34.182583
25.12952
35.339497
26.742943
33.71714
29.80166
23.376823
25.945793
15.04114
34.86599
38.270706
26.580597
25.524298
22.973904
30.400866
16.92146
23.921307
19.359756
25.928205
26.631727
37.978718
37.038372
34.05191
23.838257
29.215511
29.954605
34.482914
24.77482
26.48076
18.966133
27.437218
28.89633
19.245152
28.659758
16.962421
22.890947
33.74928
19.43318
38.732937
37.855038
32.11009
33.01831
25.58429
31.046291
26.277838
30.6789
40.00404
29.09326
17.339518
17.684261
20.556725
17.314949
20.08063
37.342697
18.792404
25.89195
16.945793
18.872217
28.573227
30.031048
24.57961
27.692825
28.949661
27.978073
15.982778
36.343872
28.727787
23.759232
15.984436
31.161478
17.691374
38.86893
15.210254
36.095264
16.077158
18.772621
28.016766
20.600248
38.34906
16.055992
26.966005
25.4089
23.576797
34.327263
38.330482
18.169958
34.796677
19.567242
39.84707
22.434834
19.617027
22.52215
37.47939
22.278967
28.028105
34.947147
30.301785
34.964718
20.885967
36.033886
23.783985
29.483995
33.86217
19.19327
27.734144
39.56292
38.785824
37.515038
37.948807
15.767545
35.251846
22.688633
38.222065
36.71874
30.12908
38.94526
19.781984
34.105953
27.174067
38.668858
28.451084
30.18384
29.341158
17.724207
29.8685
19.74218
28.57687
18.263145
21.965097
19.158892
21.896116
24.795382
33.548767
19.077347
40.360302
27.648212
28.335653
20.493536
35.21193
22.589878
37.05407
30.595133
38.867718
36.354153
26.351414
40.563717
19.731943
37.07917
20.15039
30.733053
22.864016
28.261383
20.829296
26.990429
35.419033
18.725945
26.142282
36.114716
34.47737
15.327661
17.14889
18.863985
17.389055
35.622097
22.588232
34.057087
29.081038
34.584286
24.111712
18.637817
38.910137
24.602886
36.579166
35.766857
21.591782
33.440517
20.226841
25.355904
20.49438
22.626394
34.93163
19.139944
33.16148
22.835295
33.024513
25.377872
24.308529
39.207256
40.14717
28.578213
18.738497
26.275291
19.49922
29.265863
17.630165
37.19382
17.48957
29.737482
40.47536
35.29841
22.283918
15.99717
23.576014
27.677729
37.031384
33.620846
22.459312
32.401714
16.65684
16.166773
23.82889
31.325
25.021446
22.931406
40.74231
18.972958
39.982536
26.34379
24.589878
28.917711
37.424828
26.098469
29.147013
18.264666
31.688677
25.245928
27.48228
30.395288
18.98687
40.89127
23.82534
29.9499
40.380184
30.895983
17.633923
34.18451
19.672802
36.034256
22.046158
23.298758
31.192247
40.424465
35.66436
19.107252
26.83455
31.738075
19.18865
36.514652
40.9838
38.6824
16.80355
39.655075
33.956287
32.560204
40.417942
40.269444
31.473015
34.32837
22.86857
33.91967
37.330246
34.509422
16.019533
35.9765
18.916378
36.55388
17.324919
25.968285
22.514433
22.808062
31.869114
33.840717
25.432896
22.11105
30.158966
32.953117
34.923748
39.226208
37.014313
30.22458
27.57501
26.806797
31.788153
33.74382
19.406084
40.401825
20.844957
32.36935
32.247795
34.127457
37.735443
24.372105
30.154978
29.06092
40.82837
29.01039
26.577957
16.157991
36.294632
36.077576
40.81038
36.551796
34.286327
19.925722
22.83424
20.459799
39.913067
24.243784
21.099085
35.607452
30.190193
15.956895
36.000793
21.07122
21.51832
37.01365
16.866413
24.750195
31.450775
31.54118
20.105034
38.29478
23.515423
38.873215
28.850664
38.252518
40.679543
20.29419
29.901615
24.435225
31.68117
18.99289
38.05196
24.068338
32.897686
22.681984
23.014011
33.152443
18.682077
32.615185
38.04699
32.648605
23.169632
21.321703
24.13532
26.59331
22.442595
38.278008
19.101255
22.055391
19.637545
19.94981
27.389832
32.96653
27.09005
24.162613
37.430347
21.2885
22.933401
36.596992
33.456924
21.724522
18.70299
39.35524
15.461852
22.238663
31.4452
20.008808
26.558847
40.016445
22.589384
38.311497
17.44941
17.18138
18.413834
16.851086
40.913967
16.576372
39.321327
25.312593
35.290524
33.22548
35.33724
39.739227
30.757023
23.710752
37.252766
30.202429
15.899669
21.630453
30.658342
28.630379
18.527966
26.549128
35.74681
25.194643
35.988243
38.406616
19.213396
18.617609
40.330933
27.22226
33.839214
29.038675
16.602955
15.112179
22.417234
35.665115
38.26494
36.13166
39.56457
27.333883
40.274208
37.26128
37.662045
28.323534
37.72781
36.974632
19.67181
20.280815
26.125996
26.257034
15.906199
19.964415
18.294983
40.688858
37.955482
21.658657
20.798952
15.263677
40.929718
22.572931
37.274654
17.980606
24.92953
21.317951
29.538042
31.931852
26.232906
39.637867
27.54092
26.600616
32.06996
33.97764
34.2965
37.39112
20.054749
24.177965
23.746412
24.031736
36.3531
25.615469
20.207571
39.42373
31.487629
28.44369
17.51601
32.75236
31.315897
35.24088
20.275593
36.23372
39.164906
34.33346
26.723217
31.739725
29.364933
36.339363
38.638027
25.725466
18.497948
26.06344
34.450714
20.37716
22.560608
24.777424
31.249964
35.705616
37.939144
15.12991
31.736694
31.429298
33.603134
20.457144
25.342653
32.92262
39.24751
20.103313
40.708527
32.249382
31.246864
40.50947
23.507696
17.357792
15.233388
36.293037
27.20531
23.882654
36.86954
30.315266
20.758356
16.682066
30.95886
36.82197
34.49088
30.229937
27.422993
31.143127
27.419636
40.29243
34.870396
27.149921
18.15882
39.93547
26.491873
37.69317
23.198654
32.84216
36.840324
25.584951
38.831085
22.163042
27.68701
19.335678
34.286858
29.678862
40.593678
30.82168
19.751734
39.92448
25.099886
39.33384
37.845688
21.104445
34.49696
18.045643
24.877375
23.124598
16.044855
22.839472
28.727203
26.871037
39.18546
37.64273
17.565886
17.9866
29.815638
30.950958
17.781279
30.826925
35.005566
29.052816
16.46496
20.022085
34.68266
32.62233
23.600882
30.126596
40.748753
34.806595
37.702038
38.209625
23.857794
18.712612
22.057058
17.918907
23.653751
24.284714
24.977196
30.546053
15.653087
34.964527
32.475124
36.927486
29.153444
25.238272
27.660559
33.634487
21.559996
29.20154
31.803667
31.837393
15.343097
19.609707
35.495777
35.473152
16.475739
38.532364
18.627913
40.90213
27.646465
28.693188
29.011166
31.109083
29.803293
26.851982
35.379
25.68504
29.656326
39.173523
31.24002
31.320744
40.651615
15.428239
15.590767
22.349176
38.626026
26.082685
30.851725
34.993652
16.862646
37.863056
31.55554
30.409693
24.588581
23.213009
17.295176
34.353054
28.091654
29.217352
16.230587
23.362814
26.579908
16.026093
37.056107
24.717716
31.667486
25.58872
15.746707
30.105467
35.94275
36.596504
30.629845
22.938906
28.459303
16.930925
33.370567
34.55962
35.187824
40.629345
22.311123
27.188602
18.476326
24.404285
40.27233
19.41539
15.38884
37.090714
19.402424
39.261017
24.42719
18.046001
32.950165
18.407
35.58783
37.490173
23.942513
17.0515
15.965456
25.049492
23.663141
22.035624
30.18745
22.354212
20.55663
21.37684
15.84783
31.441807
38.724148
30.153193
38.8068
24.929861
18.52999
21.801102
25.731684
40.44816
24.004333
31.321234
31.577263
22.65744
24.706078
28.63098
39.8384
33.332672
31.500675
33.3588
17.354998
35.45155
38.31136
28.744795
31.209146
27.004375
27.318203
15.993523
36.826626
30.32933
35.307934
15.419169
35.77959
39.177517
19.918476
21.02992
38.984646
18.425112
20.375698
18.817427
24.000181
38.375275
17.985838
29.948936
35.94919
34.93044
23.125612
24.30382
36.228493
40.5659
35.763054
39.352837
27.61262
36.998604
25.645582
36.247616
24.620256
26.72037
32.207863
23.169516
26.083607
21.152687
22.980558
31.481112
20.74558
38.08062
40.821995
23.03024
22.407167
18.236246
34.6484
21.075644
32.65698
32.42742
25.50427
16.73493
30.537298
20.445621
21.793066
29.599657
17.635725
27.136906
18.279291
27.21904
38.03871
31.483004
35.076706
15.522892
23.343134
21.314917
35.253296
30.936058
37.49427
21.369274
40.91219
22.93074
24.60329
27.798126
27.64877
37.069748
33.09469
15.955702
24.13766
29.21286
29.543827
32.311073
27.269344
39.49014
27.387009
37.67356
35.73468
25.890093
21.32129
15.568113
28.246557
17.867382
25.658491
36.56072
16.6915
18.243732
36.157658
24.609415
37.420025
40.85748
23.932423
35.10426
15.613033
25.911255
34.914593
26.160002
30.202621
36.773987
31.052431
40.93823
20.179108
17.112509
37.931965
35.300926
23.282187
25.659737
25.83186
15.935523
33.052544
27.670486
37.357212
31.241663
40.01136
27.172663
16.744783
40.733025
15.338612
20.4907
39.692135
36.48274
36.83707
35.199745
40.135185
40.229
29.197466
35.663242
25.783636
40.15769
21.621273
40.6132
17.420906
28.091888
33.71107
17.851593
37.98499
24.843409
29.204485
38.082924
22.268908
40.81947
16.60622
40.13222
38.714237
24.627935
16.063675
37.359264
33.218395
30.387531
32.935207
37.949066
23.136196
18.724745
28.416077
27.940228
21.728392
17.02707
40.315662
19.346949
17.19473
17.422628
16.62049
34.53711
36.126316
30.169092
24.831211
34.14797
40.721775
27.660192
27.22763
17.25268
26.43411
22.09608
34.194412
23.234964
17.849716
34.014053
28.531092
26.885923
19.548506
23.339197
27.27361
39.606083
39.45367
33.389797
35.970463
18.277458
38.751976
35.360264
27.585247
39.364532
36.85025
38.204765
40.23822
31.10966
26.030926
20.557594
34.85318
33.307606
38.479343
21.35171
27.441856
24.07554
32.177723
18.134768
39.236572
18.278942
29.795507
16.732407
23.172947
32.830494
36.153076
30.871336
21.32795
23.948244
29.095491
23.650274
20.834564
28.640913
35.685364
36.33461
35.522926
19.182348
36.508503
19.851059
25.078726
31.143799
17.583473
40.571526
38.863243
26.671839
39.87576
30.500666
31.705378
21.131355
20.739689
20.819689
17.954575
20.977196
33.74586
24.889168
31.874475
37.77471
17.299212
26.276638
37.060795
23.65856
40.21258
17.150095
30.98276
19.200764
19.97286
36.4664
18.97614
35.65319
22.821648
25.784023
27.056746
17.836245
23.969545
15.242394
38.776928
25.564661
33.273026
21.275568
30.01353
24.43306
22.52503
32.96577
19.054329
17.02785
27.1453
23.592808
27.640942
19.188965
29.503578
23.898193
35.729794
38.813812
39.36874
23.858225
18.648626
16.877644
23.04905
26.348194
32.054688
19.838585
38.67356
34.980213
31.641611
35.402245
16.761978
17.610113
32.895668
29.73997
34.73996
36.53422
29.367918
27.686432
29.37923
22.234709
33.907436
24.186382
30.27653
27.682604
20.091787
31.317053
16.43278
34.670486
20.694324
28.581827
40.753544
18.422197
28.444078
16.852425
15.86417
31.814838
33.562378
36.331028
21.01774
29.94876
26.601402
40.210342
38.07124
19.514011
17.963442
22.328829
38.51511
25.427267
37.145542
37.04987
17.363638
37.551003
39.23283
36.837887
25.348316
36.957165
27.454763
33.56096
18.30375
28.16044
16.72212
39.41873
33.89522
33.021626
27.9785
20.575968
38.909523
25.609484
36.928673
23.07627
29.21519
39.209877
29.247082
18.417149
33.195824
38.883842
23.723406
23.28675
25.969625
17.501673
24.967962
34.39415
28.030846
20.017958
20.278406
29.069334
32.08338
29.902943
29.06008
37.36561
33.78414
31.108406
29.795923
27.766237
21.873564
22.721722
30.977894
28.278902
26.742844
27.549595
32.64032
31.695574
37.872322
30.273384
16.176641
32.1021
27.772648
33.530815
23.97454
19.340952
33.07015
17.304268
29.070406
25.062187
22.200092
36.333706
26.502674
16.241848
33.806286
15.922747
28.334543
25.603638
18.392727
24.469193
39.420116
27.24888
40.03279
23.32681
18.904015
37.98138
29.013714
29.192972
21.172995
32.307987
22.178827
17.11721
15.519234
37.902225
25.427431
35.438595
36.128296
30.437616
16.341711
35.485252
23.170942
40.128815
26.23264
24.70722
25.75639
19.06296
40.031334
16.064262
18.295692
34.460167
19.399775
28.953081
23.427376
36.37131
25.194471
29.733843
25.073517
25.002853
21.988932
29.003767
26.422949
36.852596
23.745586
18.165926
23.679323
24.146921
15.925092
31.55433
19.265228
26.68917
37.330627
22.401709
31.839598
15.160543
24.807173
15.274329
24.964201
34.158882
25.550447
24.248564
31.545946
33.81755
31.227451
15.066836
15.285294
16.715544
29.370386
36.78592
17.27709
31.971827
38.577915
22.018492
37.63864
20.910807
40.942547
20.76924
32.58082
24.492699
15.820139
33.07966
38.69163
33.82154
37.567375
16.221128
16.36751
39.47532
16.195192
19.013737
15.306293
37.146774
32.021072
26.998632
40.766743
22.140154
39.350204
27.654726
37.903034
27.638233
23.975431
34.625793
20.898607
31.335632
18.858093
22.012043
35.85238
34.028587
29.736616
30.18053
37.41122
34.05797
37.60706
21.261726
20.996197
37.121418
36.029495
37.524914
27.136065
39.902294
22.036398
27.163034
27.900013
18.206995
16.05406
29.667871
21.712675
23.859123
18.695158
30.939533
17.937965
29.467932
22.540516
36.549397
40.534252
28.370192
31.100283
38.163708
26.81197
30.538767
15.02956
21.035357
24.86575
36.057793
39.370716
29.68421
35.606636
21.883533
21.104477
16.411907
24.486036
17.041605
25.61408
17.134716
39.981525
24.155388
15.801558
37.168617
22.705637
15.2571335
16.542503
20.063574
18.602308
31.202356
27.925434
35.359352
40.111668
40.689785
31.2941
32.223198
28.412348
18.883266
26.495884
25.329966
19.891504
34.93866
36.936718
25.058323
36.84633
20.357912
31.052652
38.10189
18.086725
28.024117
20.630518
16.932196
17.58745
25.015533
38.0449
15.200666
32.62896
38.853172
33.925884
35.129715
36.969765
36.70566
38.031776
18.218493
33.509106
32.256813
19.173328
38.176632
38.62722
35.43539
40.920727
18.899822
34.931587
18.013247
40.521843
28.513836
28.490969
35.197147
32.970085
23.039114
30.805109
19.771202
40.482357
20.065825
16.736498
21.09102
29.782505
39.979774
37.421555
38.287296
17.532795
25.74239
15.782175
23.405695
32.0158
40.00337
25.674551
35.89156
18.741331
28.41259
35.940716
20.822077
35.037754
22.398113
25.669258
27.595182
23.884401
35.39009
26.825193
21.403662
16.25146
37.49581
17.074968
32.754505
38.03602
36.968903
31.111115
26.537708
38.317757
38.46619
31.07206
37.7054
40.10496
34.0486
17.75614
31.49127
15.00134
17.157766
38.24487
22.28197
39.296425
20.388102
38.27901
40.746174
18.867044
26.774267
35.27206
31.63381
29.974636
19.527018
30.199236
30.776976
40.55297
38.67571
21.76604
21.255707
31.903067
22.913692
28.239122
33.435993
39.846905
29.093157
33.112965
15.64397
19.338745
20.278954
16.389675
25.609428
17.292679
22.046232
37.664948
35.493397
16.957281
33.79467
38.441975
19.308693
23.552984
29.252474
33.135975
34.84897
23.085117
22.056149
21.085552
24.86097
30.25522
16.317547
33.553154
18.126286
25.215622
20.427446
18.175354
34.363075
34.546944
30.99543
34.614773
19.414877
15.28552
32.788666
31.268847
23.062708
22.087458
37.80758
25.806837
22.97839
22.688307
28.224297
24.034822
24.83109
17.702156
23.81019
20.12955
40.365738
33.50113
38.69164
26.635477
32.39115
17.426105
36.798588
26.785362
20.047287
34.901733
22.208408
24.683308
25.465229
18.16351
31.7378
28.680119
25.990116
40.25207
20.59858
35.874413
20.506403
29.689548
31.7084
33.088894
36.086437
34.825047
29.335476
29.89974
16.177517
38.221226
24.156668
36.33805
17.84922
22.65105
17.521267
29.735851
27.241922
27.283705
33.738144
35.855103
35.289093
23.460785
22.541842
36.91677
16.03005
38.098778
39.54361
21.437925
17.386581
31.200987
16.436176
27.88846
31.14584
24.22196
34.996597
40.094913
21.07375
30.09957
27.519232
15.047528
37.577095
15.65484
15.211458
19.307594
34.139294
40.75677
19.297474
16.565672
20.873846
22.159172
21.101072
28.06732
33.97118
19.238873
23.21603
19.601467
18.55875
21.999338
38.023247
23.537542
36.55083
36.651043
40.276596
28.00105
24.43363
24.839718
21.254879
35.693275
32.613014
29.165848
39.065125
32.08925
29.946178
22.023516
15.082934
32.78929
26.385393
26.984053
20.228361
30.652725
31.280903
33.95963
26.801321
17.008617
34.821888
35.204205
19.93831
33.71671
19.338394
28.8441
25.402699
22.142878
15.7438545
20.07759
35.38366
33.216866
28.266949
39.44276
25.254293
29.656086
37.803165
18.625166
17.827265
39.167866
38.710617
31.161524
39.546803
33.983387
23.681253
32.092945
33.26871
25.430237
32.43777
17.131048
32.805416
26.416386
16.438192
20.222483
21.251072
25.677017
33.514187
38.53218
34.252026
37.42655
27.42584
33.81296
18.850868
28.661825
29.684786
24.888823
