34.30773
19.778316
38.679153
35.5515
33.390327
30.389875
38.128033
23.554787
21.024628
37.283405
37.1997
31.588154
27.911001
35.2935
40.247078
20.12116
25.735989
34.547962
17.045458
24.832302
21.947784
39.013775
36.661724
33.97078
27.713911
29.564022
21.640934
35.446854
30.64243
31.88976
38.065228
35.70634
16.123451
17.496944
19.221704
24.51691
39.73558
16.756954
22.110065
19.678768
20.062332
24.520285
34.827396
31.369452
38.476425
15.156528
22.98668
25.342325
27.975298
29.04975
32.75721
35.520542
34.98901
16.55687
32.85927
37.663086
36.23216
20.227741
37.902008
22.7267
37.134274
39.689026
24.822708
15.307328
31.15858
28.010092
28.867088
39.11694
40.40688
39.597607
23.544662
15.836363
27.308723
17.706516
26.29962
23.882053
18.905903
24.508688
26.256912
29.634432
31.268734
16.326372
26.334904
23.497747
25.918413
25.116323
25.260008
24.796177
40.78021
38.581284
33.575436
18.958096
23.155066
33.38916
25.605288
35.700275
39.472652
36.89617
38.51688
33.995983
26.176708
34.498787
36.118324
30.495783
31.99401
28.280294
24.835018
28.767017
16.051096
27.971342
18.427866
27.22779
40.82834
37.409817
20.447683
25.973526
35.77878
18.663942
19.164326
24.828882
18.58966
21.773489
30.765835
38.90516
38.52722
16.667511
40.991905
23.703032
26.081099
29.233019
37.04774
27.372705
23.212166
39.73756
20.638384
27.128458
18.908312
38.849648
15.270382
36.011627
37.46543
40.35449
28.58665
25.20602
21.936321
34.328556
15.432152
25.931936
24.52805
24.014954
31.592068
21.57969
21.378786
33.932613
35.70086
35.19094
17.107924
33.85589
21.689655
39.655704
28.808786
15.217041
30.321154
36.065414
17.74101
21.212732
21.855257
25.546917
23.880178
17.436584
32.69541
33.59979
29.695105
18.21341
30.984661
39.46894
35.048576
34.97672
17.552135
20.406883
32.955296
21.00965
29.354797
15.814649
26.081041
23.660456
16.615946
33.1978
18.330141
38.7472
16.231049
16.633554
16.643518
36.282356
20.693226
17.017456
17.217655
15.876488
31.78473
37.74268
39.755104
16.221233
39.58748
15.6624155
19.070105
17.905294
17.984838
19.195461
39.3982
32.483192
21.758448
17.257502
39.096767
37.195023
29.628078
16.33523
26.073587
30.026506
18.13909
38.467804
33.243637
29.90209
39.171272
26.159863
34.589554
21.719927
19.024427
23.322603
39.98919
21.666039
15.530204
36.224155
32.874046
16.78598
17.446392
23.12783
24.995224
22.145903
27.50894
37.806477
15.098994
27.080801
26.948662
38.443554
29.151903
15.006411
25.023722
37.566242
24.905804
31.062082
22.175606
28.603119
31.055992
36.45558
23.785471
30.41885
17.021124
15.796712
37.189365
28.750452
33.4614
23.935257
21.60497
32.854527
18.051931
15.859615
38.92916
34.872143
31.741085
33.06618
20.984802
22.427744
39.748997
22.47542
31.726864
25.800817
22.899343
23.449135
19.162066
25.643715
36.5278
32.75448
23.292894
29.666399
38.17361
32.423714
15.265994
30.96855
23.535952
21.374796
35.08655
18.771805
32.764782
28.386324
38.754482
34.189636
36.056187
39.561462
34.48477
21.369642
18.735138
15.7689295
27.793612
35.852795
33.533993
28.715134
36.66343
39.316467
27.612938
34.280144
16.744236
25.002783
40.018944
34.541096
32.605213
17.081173
15.74275
39.510197
32.419674
15.953704
39.30876
32.030537
30.148169
36.08407
39.92055
22.501364
15.278602
29.31589
33.58524
34.14554
33.48894
30.843199
23.35269
30.385418
36.217163
19.00581
30.831026
19.55936
27.054785
19.904484
24.477774
16.68965
20.124409
39.465588
18.816355
27.303585
36.15843
31.032242
29.690525
28.413029
39.86509
17.818651
15.944791
18.673706
31.349829
24.636639
39.506664
21.474087
40.853886
36.18813
35.747044
23.244673
21.878881
21.914639
28.207916
32.632042
20.885132
33.90451
16.311914
26.348003
40.183174
26.681028
39.506184
38.48277
32.382084
29.829159
32.443447
23.861998
37.8148
38.366062
37.265923
34.63116
30.729826
21.520224
22.833323
26.666628
31.720345
18.156292
20.823832
16.641432
40.855843
24.467546
39.03759
37.614662
40.288082
40.755146
36.94488
18.866959
28.722332
19.123056
27.546772
30.370594
31.076422
38.73984
38.953766
35.76117
40.89434
21.953306
34.738422
17.968912
30.637726
34.991142
18.080833
20.771116
37.847748
35.24063
15.001183
19.443316
33.351498
23.172579
32.561543
34.415203
23.18119
26.85955
40.819427
25.378407
28.681055
40.735657
26.52854
21.646725
37.395992
19.75493
30.107521
17.73542
30.767704
23.427635
39.235394
31.104706
33.40811
39.34852
36.582798
27.803581
26.77653
24.778433
33.65104
31.353647
21.456257
37.600353
23.466265
40.628624
26.907799
38.543213
35.964066
19.71371
19.570143
22.951672
23.300169
28.770048
15.488113
20.577229
36.035774
33.782944
28.263008
33.875835
33.17141
40.738678
25.05531
37.11947
15.341233
20.25306
20.612444
16.263844
15.129917
15.966074
15.851206
30.961712
33.437263
16.120367
23.393566
35.371033
40.091045
18.657373
29.636253
29.479464
24.49647
37.89342
33.428646
37.551453
22.011019
29.379116
27.240133
39.001457
27.946384
16.898903
39.817226
21.506573
29.624517
25.733608
21.762403
20.494165
23.75277
21.287378
39.210766
29.274786
37.53347
23.971415
33.837204
36.03798
31.386154
23.840395
15.79596
23.68836
38.9361
19.893509
25.87613
38.07154
20.01065
15.180576
20.150677
37.524334
18.785278
33.894665
30.70332
27.88085
15.934128
20.486212
19.636684
24.075949
20.665285
29.499636
20.496798
16.309677
19.858807
26.311924
31.493156
15.371193
27.176
27.243723
30.450174
32.167854
28.971321
38.61699
16.295063
30.764975
30.113607
40.249226
18.068727
40.31399
23.411331
31.602861
29.940481
17.131538
23.236866
36.34941
37.513973
27.889225
17.157722
21.461443
20.830904
30.383654
20.908026
34.111515
40.91072
29.67849
19.87149
37.635704
17.4086
16.545147
30.397432
30.610353
29.030752
26.075947
22.734344
30.694204
27.7151
39.103344
16.140886
37.304115
32.26714
17.631088
23.822083
22.421028
19.134853
37.86798
30.738834
38.863888
33.313248
40.652096
37.051857
30.222776
40.988136
31.063158
17.986435
34.308464
27.460564
24.84301
35.24233
32.454124
39.137264
40.878857
21.723576
40.29604
32.929314
24.451273
18.325785
39.763508
36.27017
17.20866
32.793896
20.92431
26.146008
34.90222
40.251347
32.06053
32.0254
40.800144
38.901886
26.890564
17.381931
17.397068
34.61823
21.206642
23.622643
27.5446
16.657112
27.363308
20.666676
32.450954
39.57819
38.030613
34.162766
34.132553
27.594646
16.417032
16.390745
25.847624
25.04621
30.770441
16.261501
35.80173
40.46075
20.381618
37.511314
38.987286
39.75844
32.543194
25.180801
29.40397
18.55288
28.958002
22.7752
36.104225
24.216528
25.944353
22.12194
21.517677
37.40307
35.451622
22.873104
29.33075
20.057346
31.378273
26.844416
39.832367
22.593784
39.97524
25.939201
19.083973
30.887203
16.221252
19.274729
26.531868
29.995245
31.972666
27.310122
27.75207
18.119576
34.418808
36.269085
24.902754
21.21336
26.914995
38.957382
17.156517
27.855478
24.618748
32.19409
36.89454
17.537262
30.520872
26.507368
32.766903
35.345463
27.441525
40.489517
27.858225
40.175564
18.352367
28.262882
40.14485
36.07238
28.989534
35.877155
15.189779
31.070364
25.138037
15.140349
17.59366
34.99388
22.196823
21.37988
28.105036
33.078064
28.674702
18.936735
17.490162
33.983845
26.120834
38.814953
18.27267
30.806084
21.65955
22.84023
19.275414
20.011631
17.777735
15.925601
15.5317545
29.894518
21.304066
24.59879
27.580753
15.098404
23.622871
19.815006
23.420458
23.0318
33.081417
39.260544
17.465818
21.589415
26.277943
36.8467
39.74249
17.493443
17.458792
22.900202
37.245026
40.781445
24.606432
17.675447
21.897799
19.492899
18.966316
17.245459
31.87915
37.44437
19.738867
22.572714
39.20415
33.133636
25.454062
15.6174965
22.408516
15.276005
18.149475
22.710716
28.936075
34.251465
15.888732
19.09963
35.40437
36.82917
19.385798
37.56918
35.307808
15.936167
37.541584
30.348179
40.915012
27.950169
40.552807
21.128826
23.126762
27.02155
29.919146
24.959587
33.88325
19.267658
28.153118
34.015667
28.344082
27.332905
29.288301
24.807915
36.511715
27.770988
34.384827
23.260176
36.228867
39.981007
16.14729
40.266697
39.552605
36.017097
27.498566
19.835377
24.39261
21.491653
26.49419
18.72928
36.998466
39.004997
38.31532
36.63794
16.390419
21.059874
36.24446
21.341688
29.150509
31.256931
25.506565
22.076315
24.12558
36.717804
18.649096
24.362057
31.541052
21.14526
18.73832
22.930008
23.784033
22.705332
35.064915
22.06074
29.686663
36.004135
39.280624
40.644012
38.525314
40.832577
17.928652
22.575108
34.14855
36.06501
32.184048
33.7225
17.656527
35.123222
29.286283
28.633131
32.876755
25.755116
24.624792
31.385813
40.515923
15.527824
16.729254
23.559803
34.31475
33.397835
29.519894
18.154829
27.792614
38.996117
19.089102
15.480448
37.24093
26.854193
26.014181
35.526737
21.50903
32.69738
38.74209
17.135012
29.823639
21.144413
16.94046
17.406343
21.39264
30.677969
25.875359
27.21736
22.86627
16.588627
39.854546
26.456886
35.863533
23.744995
36.56623
33.653664
24.71894
36.505848
40.746685
31.034515
24.364397
32.865314
35.02614
39.733955
27.83341
20.010202
20.03093
32.87042
38.25946
34.868805
38.86082
16.51086
31.43772
33.943535
34.91402
36.164703
16.028994
25.745037
38.69831
29.379644
27.307148
26.483402
38.74537
31.256092
20.985867
19.322392
40.036266
39.253555
38.108055
15.465587
38.44966
16.531471
26.240795
19.618689
35.660267
29.248613
18.29115
24.960108
17.643671
36.739376
22.142792
37.652386
35.48454
22.291803
32.010765
26.139858
15.538853
40.37147
31.921404
22.003399
27.16677
29.566854
37.04671
40.9809
30.231241
15.276093
17.7573
20.912643
33.34852
28.211555
40.20521
27.83349
19.480257
36.16789
30.007742
16.209312
21.872805
21.180752
18.175589
32.402893
18.577972
20.197668
22.813562
19.85498
29.830414
30.689037
18.319143
28.17904
37.410374
33.24646
39.814148
16.393608
36.786533
39.14723
28.366884
20.854132
29.312218
20.10791
24.19702
17.096466
39.039215
28.00667
16.502619
35.767174
22.817028
22.223024
21.808582
30.09109
29.261295
37.425453
29.807987
29.914587
19.903793
29.131357
18.552586
17.263288
34.377254
20.17057
37.54599
36.56591
24.84193
20.302675
37.80286
19.221306
33.02668
23.670124
18.259596
25.02366
28.236074
32.513203
38.056927
38.111164
22.465788
18.6296
16.161947
30.566439
37.37228
16.430449
15.556968
28.572275
17.258652
25.126303
28.794788
24.114296
16.467136
32.570763
21.104813
15.62235
28.609653
23.595991
36.431618
37.65549
22.921446
17.29358
40.797424
26.760736
27.688736
28.625805
22.202162
27.973629
26.179953
19.996521
34.909508
26.079157
32.80101
33.967514
20.414736
33.71429
20.298712
25.175325
19.649734
18.668985
24.752289
37.685173
29.053026
17.330208
33.821682
39.512733
31.01724
32.114082
25.262108
24.851233
18.923882
37.944035
37.06806
38.66035
24.484863
26.358265
29.775797
25.705189
18.432674
29.667774
39.431984
24.877584
30.735737
23.736477
38.527145
35.6888
25.46277
26.417961
25.79606
37.191673
36.17981
29.458715
20.203268
32.271973
24.335705
16.765606
37.660427
40.24292
25.476799
21.335777
39.06318
17.983337
28.328602
22.859997
35.088768
40.47916
31.792221
34.035896
28.861673
25.559622
22.725405
15.965432
40.072945
30.863535
21.012968
31.661306
29.430086
27.627848
27.878489
15.649914
28.41774
21.759624
40.649082
22.933855
18.265444
37.834427
40.257202
24.16489
31.747341
32.158028
30.648233
21.778631
35.979618
20.835222
31.959929
26.0551
33.735058
25.90843
25.849464
34.59478
36.96004
15.060641
39.66618
29.537569
31.157892
18.121214
30.302816
28.002481
21.093489
20.669794
16.505356
28.688862
38.877476
37.402706
20.181322
19.3552
20.904589
17.607828
36.81865
31.979593
32.348984
26.088097
18.512005
22.806248
18.960527
17.180449
20.290741
23.19531
35.75956
27.136097
35.452377
32.218742
32.893566
31.059744
20.427782
39.282787
24.39781
24.849417
38.339058
20.70801
39.892918
30.135311
22.858265
36.16079
18.355953
35.08509
18.235043
21.105476
17.017553
24.124813
25.433321
26.03439
23.16616
33.118748
18.202175
20.133163
16.181475
35.357983
34.603043
40.251877
25.472672
15.826887
21.025429
29.57779
17.163057
32.648148
35.045334
24.24334
24.341238
33.351166
16.615517
28.253582
36.48999
27.665352
22.023924
37.57996
33.307457
31.908863
29.816402
21.042849
40.551388
22.725126
36.452038
20.693117
20.765562
31.913471
25.8443
25.803358
23.78865
25.40696
19.138344
34.29234
22.799221
28.069569
33.084694
39.43162
21.316603
39.916557
35.191692
38.021152
19.055923
18.605978
23.473951
40.871098
39.826508
29.60593
22.061247
23.389936
26.76651
31.3113
33.1921
17.354439
27.122503
33.56538
15.188543
22.524794
16.5114
20.535873
24.89332
32.668774
33.143013
28.70146
17.74806
40.771538
39.835087
35.824234
39.20072
24.733154
19.81871
19.214941
39.45284
19.693838
29.310453
29.342121
19.691956
40.27717
31.618608
35.89288
29.901745
21.5046
38.15451
27.76212
28.102262
34.90984
15.135792
20.128826
36.444904
26.469627
28.997053
22.771952
38.97145
37.367832
38.564407
16.08526
39.043896
15.3226385
17.903847
32.869545
17.461428
27.232044
30.419449
34.912273
39.10327
27.230705
34.2559
15.608889
28.570839
25.901646
35.350895
27.436615
23.749916
20.349155
39.58638
17.960754
28.473331
23.114634
15.403778
18.235119
31.53689
18.505033
32.9767
22.95236
35.20607
17.803936
25.575731
18.506615
32.04824
20.048145
31.113424
23.250023
30.435005
16.578178
39.023586
17.656328
40.381386
35.40878
33.60747
26.84886
16.523521
21.616129
29.770584
22.00691
35.983635
28.401157
38.677197
18.533617
35.630955
20.263905
17.265762
37.55008
15.819383
36.811657
24.796967
37.274673
16.06761
21.124004
17.647057
30.153002
24.344555
26.310915
28.412722
16.22329
19.632788
31.925215
35.05973
33.133423
35.264885
26.228825
38.326122
26.470167
40.162426
36.96248
24.881645
32.617657
34.55455
36.231514
31.848843
38.23136
18.012884
38.39576
27.206953
21.595469
36.711746
31.439375
16.328568
35.62565
39.707455
24.196976
25.439785
22.08591
32.727764
36.02517
24.148256
27.70735
22.472158
18.034084
27.349483
37.32819
30.746153
33.831345
15.800225
24.918762
35.887363
34.88134
40.438942
32.41162
18.888464
37.045525
16.136639
30.62616
27.381857
32.644833
35.97761
22.258738
24.223227
16.473326
35.39794
25.903496
38.795826
34.59233
28.550774
40.37559
32.354652
27.447523
35.120815
36.22785
31.739433
31.876513
40.476555
28.283352
32.607647
39.91261
23.527203
37.250687
31.973436
35.94066
38.942364
30.045233
18.28573
27.72386
33.495995
35.308952
35.53849
33.09582
18.212198
16.802813
37.97835
20.699917
28.718897
40.840145
35.859665
16.0586
15.756487
24.735826
36.394238
37.46798
24.14208
23.365347
17.552757
39.738533
39.65593
22.359474
35.697296
31.640669
37.295155
21.204319
29.158905
21.064178
21.13098
21.57332
18.82164
16.363619
39.60903
39.586723
37.534172
23.13697
16.5485
17.375843
26.742298
18.772842
31.324244
27.32351
27.12054
28.501886
31.757133
23.658697
26.178186
16.400963
32.091286
20.70257
33.824986
32.824
18.102987
36.994736
20.703892
40.071365
19.86452
29.772669
17.733109
22.759987
23.977175
26.833902
26.746824
36.319313
39.191246
28.679764
31.383953
32.313625
24.246782
31.020983
36.44631
24.879099
30.49745
28.219748
28.83252
36.46438
22.420805
26.049345
17.851185
27.276335
30.47184
33.271687
19.226582
19.358112
38.902664
27.9647
35.43247
29.064356
22.149698
32.275616
27.124329
40.849007
21.18079
28.332943
34.387627
36.74389
19.798128
16.41894
30.279434
27.681715
30.308924
26.186138
34.713066
36.905003
18.204264
32.695534
26.120079
36.102863
24.527622
33.360744
31.521338
35.630394
40.467983
21.50158
20.648508
23.19092
23.378569
15.142071
22.5797
24.699116
30.9007
27.932194
25.9877
16.69352
38.163254
20.629112
18.546509
39.62976
22.131819
30.442953
29.301662
19.661287
19.097563
35.733753
27.882084
39.1022
24.024368
15.040323
32.31598
32.667248
24.013868
34.22846
40.910557
17.796906
24.501411
19.665087
33.165115
36.900845
39.96215
32.756462
18.009295
17.190968
30.884789
35.932846
36.793087
21.925682
39.561737
40.218563
23.402431
17.349804
34.847744
25.895615
30.634012
18.39002
28.45523
32.45056
28.535109
37.25369
24.583017
31.988613
24.799166
24.479069
28.716133
37.60542
33.504955
23.698114
18.28794
26.826298
28.497032
33.39819
27.56181
34.154167
17.527382
25.307089
21.568117
40.011692
22.912983
37.676044
31.223291
19.919687
15.911253
36.69838
25.861252
39.623096
23.275085
22.576733
32.323498
19.057354
29.5215
22.339828
15.482671
40.542217
17.332651
19.410013
17.615458
34.396675
25.205229
38.135757
35.394115
34.287796
15.974052
36.028675
19.43207
37.057922
32.157898
37.282528
40.297367
17.5188
16.210398
26.30206
38.69898
39.75789
33.706112
19.432352
32.154263
38.871212
21.251596
40.8549
37.86211
20.718748
36.483624
18.704367
37.734646
34.29252
34.901413
31.860434
26.581465
17.594166
29.477058
30.582079
30.293884
33.537937
31.998034
39.176918
35.54269
15.326667
19.917984
36.23623
35.9814
26.992445
17.126747
35.616604
40.23802
38.35034
27.497826
29.312107
22.081894
36.482674
30.331266
15.636182
33.068134
32.05295
28.882242
34.720436
28.69075
30.242752
17.050282
34.237854
32.616512
34.911495
33.001495
37.47085
23.925209
30.69811
32.005783
39.369987
33.447826
31.215317
32.093376
32.08703
35.272877
16.231377
31.269747
23.616484
36.28194
24.790762
21.975271
19.642555
24.179123
30.594364
21.235712
39.46392
18.895098
22.641525
31.521908
19.956594
17.47492
36.130253
39.72183
18.935505
26.599827
39.918686
29.825344
16.988388
27.746727
15.470001
22.931946
20.880888
21.655159
36.134525
28.01379
21.96969
29.249926
26.867088
34.5013
27.710968
21.458702
37.03417
23.20579
29.314161
28.467407
28.834593
39.353333
31.866673
21.87212
27.03916
36.57635
36.84281
40.91487
24.24873
23.594257
40.810814
40.531635
35.67695
36.01157
22.364555
26.294384
40.582863
20.171904
25.832094
23.495043
15.910449
34.32832
35.150913
22.597757
15.436074
22.525387
28.45029
15.076843
28.781656
36.535564
21.343952
24.261337
27.02037
34.952206
20.711706
35.223072
33.283424
36.113876
22.836514
39.973732
15.770538
20.919304
32.163944
25.27733
16.873444
32.789677
17.663795
18.238073
21.740778
37.04466
22.79906
21.489637
38.544518
24.780817
28.445345
37.29032
18.952108
40.975964
27.754166
20.119629
22.86515
38.990013
39.916534
18.47527
20.354668
37.892982
40.058537
18.485695
33.90454
35.122738
27.088575
22.681684
15.568932
40.86011
40.216297
20.81158
22.456057
20.2061
38.07613
37.938274
38.069927
28.755718
15.913737
38.222057
22.473198
40.4853
22.131598
18.771948
40.978493
40.004837
29.640312
40.73918
37.132183
36.174187
35.92511
34.429974
21.12369
26.841764
34.512432
33.63076
31.435162
19.03655
37.609356
25.567606
31.540337
37.329132
29.089037
20.962498
38.768154
25.274601
18.708197
27.502708
15.065849
24.860006
30.468084
15.705509
31.32775
30.70132
34.368267
34.638973
22.200346
21.369574
27.452961
28.25063
16.830648
21.673157
37.012493
39.15927
30.894129
38.983
30.077923
23.681192
24.42011
31.759665
22.93469
29.590708
22.426613
33.326015
26.281591
26.65576
39.18336
38.626648
19.87424
27.342955
38.040714
34.22473
27.01759
39.25243
29.19401
38.109375
22.10995
37.821396
25.49684
36.021378
23.591375
15.62624
33.49358
20.952393
38.11212
33.21667
19.210447
26.232393
25.512331
39.831226
25.926165
26.192564
32.29193
38.572186
34.137325
17.775494
15.650183
27.658758
30.240303
35.661827
16.887146
35.231113
22.070587
34.49229
29.984783
21.843636
32.37214
26.586287
36.52325
26.264507
37.513493
32.19299
29.738361
24.489563
22.323908
37.75818
28.489077
16.982016
38.792126
29.949755
20.179277
33.06554
36.551815
33.257256
16.265951
34.12684
30.572004
30.86528
18.886337
16.824741
26.277403
30.198202
34.349445
27.856434
38.442684
20.043152
28.762754
18.997448
33.636406
27.48059
20.902807
27.11054
36.734417
21.986568
21.588795
30.609575
20.079227
33.017975
25.2811
15.468122
35.230938
24.151934
22.402197
16.27839
23.937042
25.422659
17.965153
15.094741
16.942417
21.883955
27.495401
36.83695
30.567623
30.62274
26.94434
40.881954
23.602652
30.458757
15.318664
30.138847
36.994934
32.38794
31.087297
35.380306
16.054596
20.461584
30.07812
39.894817
19.456562
40.240833
35.5396
31.62742
27.18822
25.22568
38.317856
24.892763
38.773064
20.729998
32.687492
17.47285
39.594822
25.55886
19.275055
25.452755
22.953241
28.54167
26.72671
21.501158
40.601826
29.484396
28.297266
40.46861
20.949478
22.426477
20.375465
37.15483
37.85214
17.222721
31.110882
40.887535
37.977135
27.417776
24.770683
32.158592
33.09212
26.140553
15.229872
31.979507
25.31211
37.318188
30.086502
36.846672
36.33225
32.893982
33.29383
31.24781
31.980614
19.930899
36.914127
25.49459
27.044495
24.492111
21.624414
17.332438
38.25519
30.012241
20.942123
39.257004
35.56055
32.507748
23.78923
15.75782
37.371124
25.422182
21.976154
17.813215
30.334887
15.161797
25.46222
25.87648
28.377197
28.449238
34.837288
35.32189
31.236752
24.507854
17.369625
19.860184
31.534939
32.786385
36.17789
30.786518
17.535173
36.44358
25.61059
17.090128
36.180386
25.134546
19.754183
27.43321
37.74101
23.775423
37.14144
35.79775
31.462444
28.910189
23.19454
22.202404
24.970114
27.063246
40.712757
16.307682
16.871878
32.03362
31.80256
32.95601
23.991684
36.47143
20.048223
24.734495
25.975027
31.274538
15.4340105
17.501562
34.62586
24.35301
28.554401
38.48468
21.266302
16.131384
22.986656
35.03498
34.65461
32.79338
39.35043
25.415522
18.553493
33.721073
31.5421
39.103447
23.910019
18.840206
24.906733
21.002403
25.790014
40.65568
33.698643
23.689987
15.70396
24.646
25.081802
18.366068
37.768066
34.382607
21.13425
28.521338
38.2633
24.250027
20.84612
38.51145
22.586866
26.9648
22.93868
36.200626
33.33465
27.226025
35.48227
26.629618
24.309935
28.777653
25.753853
34.26645
39.622704
37.922344
33.55031
32.81436
18.725546
34.099026
25.261492
27.779894
15.226319
21.521048
26.407455
24.04506
23.624382
33.06906
23.057133
28.541101
37.736275
34.642567
19.571177
32.787304
35.50847
28.996298
23.449533
27.536879
15.158876
34.722412
15.714704
28.062912
21.145452
20.486662
39.22458
15.720971
23.329424
32.886585
33.58407
19.340841
16.882252
18.371899
17.912706
20.728537
25.979593
39.552174
31.625706
26.100607
31.132206
17.914005
22.59895
29.626383
28.122826
38.479763
21.613686
20.419737
23.949722
35.262222
19.814642
38.30053
29.921772
23.504147
40.06566
34.436836
36.106518
37.639156
37.54984
32.582676
38.701847
34.67
15.73654
33.04184
26.583517
19.23259
32.925545
24.717108
39.27497
32.99897
19.979017
16.644968
23.892447
39.269547
37.56479
15.26963
37.23756
31.614843
15.259965
19.376024
33.141224
19.24915
37.201607
17.080078
36.406803
23.453276
17.621773
38.56551
31.257164
38.810894
36.566998
24.35996
26.059324
32.282692
35.377705
15.859199
25.282097
30.214815
39.090954
24.53682
34.136272
22.262903
36.830322
22.81766
25.153448
39.91019
15.459547
26.946854
23.078897
31.768017
24.302044
30.352364
22.88533
22.169283
19.56621
36.977364
35.4587
19.70017
38.26689
25.849882
24.56374
34.262733
18.896233
40.7606
15.066155
37.020695
25.872519
26.335752
32.06989
19.153109
26.883562
20.02055
35.622192
16.725224
34.64152
36.529594
33.945755
32.18324
39.278934
23.17426
37.776333
15.989363
28.641178
33.143013
19.315914
32.73584
37.068436
39.28922
27.555698
34.71143
34.910606
37.27187
35.27968
32.341015
38.98155
25.998396
31.928854
23.17886
34.43442
31.23447
28.687685
19.208218
37.12771
32.974483
23.648594
22.084845
32.45201
28.707235
25.71689
21.65918
19.8005
31.064894
34.037712
20.621723
21.391378
15.509433
39.15814
29.43844
31.98849
25.689085
28.881845
34.87775
24.216743
30.888508
35.830276
18.377966
22.631798
25.599804
39.093414
31.263746
22.478865
15.657585
17.034954
18.392487
40.163464
16.60975
30.310753
28.196234
21.857193
22.036716
37.466103
15.282068
18.374655
18.385284
16.09649
39.763596
20.482908
34.54942
20.48821
29.318502
39.1428
22.908686
15.899224
25.601843
15.831911
35.826073
40.197433
18.092073
15.061691
35.710583
37.44257
17.70651
36.476814
21.665749
31.179592
37.595253
29.512627
31.474066
35.705635
29.407305
35.48699
40.208004
25.37914
36.019924
30.21567
32.11208
15.159003
34.232025
34.765812
24.566261
19.993162
39.244633
22.80005
27.91964
32.420242
22.886303
32.113987
26.774248
16.804443
37.488487
19.432817
40.902428
18.993069
23.075796
21.308264
37.397163
25.8677
33.10824
18.044762
37.883366
26.254158
25.397312
39.98438
37.659023
40.963028
40.01513
34.1927
31.488693
19.351725
25.025476
36.613422
27.43786
26.730604
39.68801
32.097183
37.61512
17.179892
31.421509
30.360645
38.98024
15.900743
35.259407
23.894659
32.47962
30.092936
34.790634
30.115768
22.686722
31.533344
39.650932
40.6432
32.853462
33.523453
28.514732
17.483866
17.819798
23.680817
22.234795
23.12081
39.581932
40.168545
37.28676
19.025888
39.485886
16.388496
26.99779
24.955423
32.99148
27.908014
29.173512
39.53788
29.74293
17.446686
31.684473
35.125607
33.285675
33.118732
38.333317
24.657944
19.185156
29.80832
33.895992
33.371056
37.531673
23.549139
25.615162
27.590044
27.856604
16.08635
24.621185
40.551968
15.33866
29.418018
24.765882
33.233677
20.844917
38.04491
36.176476
36.496284
21.829908
29.901567
36.471928
17.508507
32.407013
19.498306
16.031158
40.373966
25.00995
34.672832
22.962305
20.16299
32.97817
17.531916
38.494625
31.137255
39.12846
26.65758
24.39921
15.856087
29.916098
21.459042
20.74208
16.066078
18.14241
36.67065
34.78297
24.801092
15.331571
21.4278
40.155323
15.957598
35.87806
29.096891
35.597828
26.760683
30.857147
29.092085
16.455153
27.998995
37.99432
38.28068
19.925108
28.682201
27.705582
25.260687
24.601986
33.862534
17.349077
39.78815
28.25038
18.76227
38.869465
23.93863
40.941185
23.061996
40.87005
35.206142
15.691149
40.2298
16.813652
32.674763
37.56973
34.109516
30.531696
29.64197
26.871628
26.636433
22.51208
33.62971
20.400764
40.511894
39.5398
29.588062
17.171179
34.943485
28.18047
38.27822
28.90256
35.145462
29.32521
39.31552
17.57297
37.194485
32.55655
15.159949
17.9885
23.048532
31.448404
40.460674
20.83942
24.062332
24.07929
16.592804
17.034626
29.17053
25.016335
23.968704
39.240974
36.060146
35.81879
30.762854
31.5013
26.116844
36.713192
20.058361
36.5648
30.704878
22.508303
28.104887
17.135563
31.428463
15.046613
26.371885
15.629955
20.422758
24.530008
27.387693
29.230738
32.435482
24.91091
26.97416
29.035568
38.485607
24.206085
39.418114
31.919859
27.223495
15.068874
15.36517
17.368643
16.767107
24.246647
38.777924
28.979462
34.752003
29.653723
19.169834
35.597984
29.60806
26.706093
16.507624
40.120323
37.663822
25.29275
26.669264
30.880882
38.57976
39.299446
17.151182
25.24169
35.824627
21.954248
33.837513
31.509054
21.43445
34.43024
18.075815
21.625586
31.131636
22.119255
21.047888
27.220427
23.032007
26.781527
35.480843
37.547737
30.630537
23.379686
39.112873
23.603352
36.531876
25.821526
16.00969
32.28168
31.479708
40.064438
18.821749
31.819763
19.639328
16.075554
15.379127
32.972633
35.800766
29.994986
16.63992
21.373886
19.195095
20.515713
27.939745
29.357672
19.954561
18.972084
29.734087
26.153028
19.897457
22.919964
33.5818
21.808786
23.281626
20.095085
27.987276
28.467033
23.445839
25.552105
28.900436
32.67537
33.84618
27.515486
25.167774
32.31296
38.894978
31.01425
24.034393
27.402712
31.222717
32.726215
17.916098
15.591533
35.508717
29.623344
19.092209
36.40307
32.86429
17.98828
17.713978
29.501942
19.902504
28.1633
32.58003
21.155834
23.091484
17.996267
17.499496
17.84155
15.763656
32.3643
26.74507
22.513409
40.24121
35.384335
27.092384
27.437078
16.938417
31.960823
23.248774
17.689333
28.014343
18.174204
32.093563
31.4338
17.174932
17.680004
33.08375
36.90522
25.561256
35.766716
23.423002
23.669355
18.311152
40.01181
29.148571
31.173065
29.344372
16.578568
17.15993
34.85872
29.19674
40.112667
40.394417
29.189503
36.316708
28.925703
16.849495
39.816856
22.13807
21.69407
36.95774
35.81855
30.455557
39.25502
32.939903
17.445723
28.155333
21.247734
36.19293
15.13943
19.190334
38.325863
20.514114
15.712036
38.840866
16.458845
34.01903
21.536009
24.763615
28.442953
18.980164
28.342516
39.107727
23.159016
22.494694
28.804422
20.064508
21.342216
29.884161
16.46306
33.617577
39.670444
23.035234
27.755466
38.973354
20.83118
33.510025
24.90846
40.17698
23.892887
19.186056
33.288284
21.756842
22.785421
31.430038
37.42922
29.891106
16.98499
17.366362
38.41193
28.55262
19.602661
34.670254
27.522005
34.36399
39.99153
28.497267
37.1914
30.48242
28.716063
27.654844
18.110369
22.734337
20.268183
29.928398
37.094612
28.432802
15.268303
22.593445
21.802187
15.835932
37.055267
25.576994
39.717007
34.04257
27.547968
39.47554
25.950493
27.271816
38.052177
16.693602
27.360226
25.935888
38.289833
35.33598
37.244194
25.691162
31.343922
40.168423
25.441513
26.740217
31.440617
20.955675
25.055265
15.057987
21.531458
21.79237
31.210342
36.928085
22.491724
37.661526
25.268976
24.200766
31.417273
30.386898
21.748882
36.021786
18.980593
37.38968
22.823713
37.431973
37.097847
17.216671
26.73281
34.200027
38.262173
27.676119
17.686945
34.52663
40.814552
29.599134
23.929087
33.84567
20.1521
17.738718
35.49393
28.84895
18.414515
22.125038
19.907227
27.073505
24.543158
36.314777
32.5757
24.91608
30.773026
33.403996
34.940624
31.77726
18.596548
30.418097
15.602863
31.188068
15.029086
20.749119
29.574501
19.234783
20.60956
32.67971
26.571857
36.37308
25.9856
29.71482
24.837076
34.810547
22.1612
29.436247
40.360138
20.036934
40.525806
29.901802
24.57044
39.794487
26.637327
34.23008
36.57691
22.806015
30.39753
28.94334
30.85777
22.916271
28.736876
19.88526
19.935966
21.952652
27.216759
17.086891
34.023426
26.57403
26.060719
18.823315
29.877163
40.651993
40.042175
29.285118
21.182459
25.316645
30.384727
31.782993
30.663126
15.699449
30.372149
20.210348
27.816149
16.618618
26.718609
15.607992
21.677736
20.97777
25.9158
34.10659
29.350088
40.48663
16.752064
19.266735
38.152966
20.462831
18.989655
39.8931
22.211395
32.93681
29.789843
23.768288
31.050613
21.057167
29.891476
30.433641
26.341623
22.88179
16.77725
36.138428
37.325512
20.040329
20.102842
29.385408
33.641907
18.466642
17.517672
32.119984
18.296774
32.425117
22.672005
19.541763
37.32694
27.39269
35.68367
24.761461
24.353617
22.00879
31.62863
21.082792
23.664305
38.26833
24.723236
22.558043
24.722368
34.40823
30.781933
34.64776
22.075766
30.52587
30.262735
37.30902
21.52117
30.868238
28.753828
38.643528
30.077051
34.943493
21.10812
22.355726
33.828976
20.131926
25.59861
28.70301
26.032698
39.311367
39.445976
18.364004
37.99538
26.162304
24.860743
15.7077
29.202518
34.28099
33.34596
36.31531
34.917892
34.004154
29.422329
35.288338
17.056273
32.93683
15.166185
19.8705
31.51312
36.5752
17.991821
20.217825
36.333073
34.12929
25.963129
27.770334
16.108536
25.675657
35.58551
17.610374
18.822113
36.10815
16.507622
29.436825
39.98132
37.005264
17.853397
17.341026
15.341265
31.495403
22.008469
39.43942
29.770845
27.476786
15.600964
16.59954
33.890118
25.136703
26.145287
22.99013
27.991428
19.615093
36.358456
15.992774
26.454033
18.87038
34.512093
25.131653
31.371798
18.330904
26.34919
39.109562
29.43573
17.75312
26.073246
20.782553
33.247963
17.858185
28.708488
39.962196
27.191025
40.781387
29.733253
29.303543
24.735964
33.144337
40.304775
37.21856
24.645254
21.647629
33.622044
29.748964
27.911083
18.482191
32.014412
40.63895
15.466934
37.570324
39.19726
25.467512
32.720123
36.67289
31.801834
17.6317
32.775253
36.73697
32.765133
15.216242
27.853241
34.508713
20.456535
24.341635
33.857925
35.39901
17.521479
24.451979
36.30196
16.864922
20.338497
34.185402
26.875992
20.15785
21.71442
18.964127
20.829903
40.189655
35.983585
17.247805
22.032118
19.480934
31.030373
23.512989
25.082796
24.68099
31.920494
24.453115
20.178953
34.987003
33.80484
20.63764
38.56433
40.94016
35.55082
36.925514
24.344124
23.539577
36.159626
17.29741
16.204412
17.390059
17.44378
23.452652
40.148407
23.687746
40.667988
23.511059
21.74641
31.24807
39.89719
31.466436
37.59366
32.49328
40.64931
31.657686
28.67991
38.342255
27.116222
39.45509
35.197052
25.283173
36.69485
39.603455
36.94557
35.56
24.861544
33.22054
31.948204
23.366674
36.526134
37.31817
26.138655
18.218197
29.918354
20.895226
39.065716
17.255842
31.787558
39.145798
26.437738
37.14394
36.23793
20.132341
28.029747
27.428703
29.874737
16.392986
22.98526
16.754904
15.103202
31.38362
33.867115
19.174082
17.400217
33.39962
39.94636
15.928409
21.169945
17.678701
35.165565
18.557163
24.398046
38.755505
28.972662
33.948223
24.735151
21.820154
18.793682
29.044823
22.868818
17.82724
25.297508
30.318216
39.08413
38.408195
19.80309
30.829842
23.766722
23.259323
27.18923
27.731869
26.2679
18.609205
37.489445
39.393005
15.030182
22.61356
22.989021
17.986748
33.16246
28.082048
21.088814
24.342203
39.75763
28.81085
24.459951
21.132984
28.161457
38.976337
21.085987
16.067553
18.129986
23.539404
23.673723
30.64482
33.353867
39.416615
36.611286
32.251637
15.181403
22.293442
31.161686
25.90429
35.538204
32.38659
31.902456
34.7739
25.019842
38.20645
21.55671
31.786106
23.92485
22.427446
29.308151
30.048271
38.599045
20.343084
35.452465
29.632792
40.878044
17.064308
36.80964
16.333086
24.643444
30.613699
16.706669
24.409134
34.549126
24.374907
16.537243
34.05235
31.827614
19.97567
36.914867
33.325035
36.752563
34.61454
29.258093
35.66742
28.811775
27.085503
31.281303
27.715809
25.93635
32.31135
20.311768
26.138172
15.2349615
17.065802
22.613457
22.468952
37.598316
39.746006
18.970354
21.51269
33.267376
40.551186
22.666786
19.786543
24.999922
17.22986
21.699532
29.684584
27.823528
21.677187
28.566273
40.572227
19.529121
24.095613
32.297195
29.856947
30.037683
24.1762
18.53129
15.231922
28.563807
36.814568
36.38623
37.752056
27.103216
31.244576
39.630394
40.177273
25.18745
23.154543
32.23795
38.105854
32.077415
23.34485
18.79258
30.820936
26.608465
19.792496
38.40281
40.48629
15.753303
26.607273
26.80156
18.352737
30.63487
19.295908
31.124903
26.974585
19.200035
18.994589
15.49966
30.085785
28.055817
24.88702
31.016874
34.748432
18.073442
29.894218
30.927847
33.661583
29.281538
39.903957
18.971735
25.106302
26.298273
21.30186
39.628494
15.903228
24.09328
25.372831
17.788189
28.971794
23.22371
29.260597
19.837425
39.605724
33.854782
21.604849
32.48604
25.417187
22.853704
36.71953
39.79179
24.052513
32.03687
38.232517
16.788198
30.245192
38.253716
17.47606
25.880365
15.547241
35.40672
25.598991
39.745895
20.168024
38.735397
25.36584
21.86282
30.749865
24.733356
38.914654
26.983646
26.6228
29.920788
27.364464
30.884504
18.106134
36.360954
37.09494
17.540508
37.76237
29.287615
17.764969
20.513344
21.159523
18.50149
38.693512
37.784245
29.660612
28.297201
21.095203
27.525385
36.03466
40.598328
37.844852
26.3749
38.27127
38.706596
39.939125
19.665564
23.881355
20.612286
25.630283
16.754398
34.179417
15.166479
36.326088
36.110252
25.568222
39.58174
26.78153
36.138683
18.684536
24.706375
15.852206
16.858156
20.415035
31.308372
16.135883
18.489
38.254383
26.20877
30.197794
37.77611
35.25282
33.520035
27.75698
35.43887
28.88859
33.47369
24.205036
36.52636
28.600773
35.362404
22.135332
37.653294
32.431164
37.975266
32.179863
19.101847
17.24907
22.570915
19.382587
21.596785
33.370872
35.911922
38.58215
27.196127
35.03661
22.174534
24.833675
35.186783
23.16861
16.651676
20.768284
37.13441
40.112778
33.08298
33.97081
40.308987
21.65082
36.17414
21.950148
19.592344
23.472279
21.40894
20.083479
20.671215
25.507998
37.61081
31.034616
31.829065
32.05209
35.876778
22.578457
27.972298
16.437382
23.485163
24.5076
38.661106
34.179634
37.169437
18.353888
21.862629
37.96885
20.754164
38.026695
22.9037
29.66119
29.56493
19.151533
15.6728735
18.513124
40.25271
37.88654
16.50606
33.299633
23.71413
38.301235
32.387455
38.671314
30.642607
19.020885
28.10719
35.13056
15.911327
18.771627
31.839338
31.344889
15.467612
34.705494
31.238796
21.165873
19.709145
28.941229
28.60269
15.685104
36.416126
25.625895
27.90184
40.93383
36.229393
25.00388
28.559988
22.421001
26.393082
24.474081
26.743332
28.604717
38.021397
19.422695
16.620121
18.604982
28.502611
18.738174
15.559882
26.99113
21.819382
19.346502
26.564053
16.315063
39.543037
34.849186
40.354626
40.211952
36.050457
15.402884
18.494623
36.352848
37.11574
25.348848
15.6740265
21.30909
17.44478
21.781868
23.867018
20.476294
27.949509
31.242676
15.451172
39.606037
31.599457
19.024328
36.57651
26.206339
39.541885
32.20223
32.08209
29.097322
36.847733
21.429157
19.080011
30.746431
35.719093
21.780704
17.961655
33.657894
39.285053
29.493282
35.027973
29.05404
29.216114
19.305891
16.205673
25.361517
31.303545
24.298573
32.383263
25.603212
20.878464
22.61455
37.785664
16.697258
22.486475
37.259716
29.503521
19.87722
25.587234
16.292297
24.802921
23.973072
36.214268
23.147112
33.163593
40.13039
35.50897
26.583033
38.12846
17.69562
29.833622
24.798862
37.99457
26.458147
37.771915
38.631996
34.135315
28.215311
40.74131
32.4359
21.316027
20.714346
28.170261
40.226498
31.749844
35.425697
35.23421
38.99434
35.838017
35.31497
20.997854
20.698391
21.548553
31.80623
35.477135
19.389093
15.209385
19.467228
35.61302
20.152353
15.127026
30.59748
40.440018
36.122833
31.888926
35.863144
20.836023
18.68404
15.467487
31.397848
17.156021
30.154339
37.316017
39.376682
22.780714
33.752163
33.531612
39.970856
37.152145
32.44033
18.857243
33.803455
24.221966
20.368559
22.805109
37.55208
15.403869
30.0648
32.505558
37.182133
34.100426
33.270325
26.02063
35.444763
23.665392
27.369944
18.808609
20.73655
24.266163
24.738058
28.785622
19.1932
24.527084
17.00274
18.002731
18.977617
19.062765
36.22429
35.34161
35.122936
37.051636
24.291252
28.829197
17.004086
25.853458
40.45615
30.181551
28.536852
35.340523
30.864674
36.00927
33.54121
21.090807
23.17635
15.751745
37.3562
31.882334
31.931252
35.85465
18.756416
31.031548
16.186523
36.964935
25.495638
24.034498
20.128077
25.989838
24.39098
40.69813
33.857
31.751106
24.76134
34.49004
33.356846
35.663036
18.24683
17.18853
27.767075
29.372574
38.561245
15.080836
20.519657
19.622057
21.567514
27.935886
32.63984
28.729918
25.216501
39.769012
39.568886
17.03192
32.352375
25.019522
33.235607
39.385326
25.163162
23.178013
34.785202
21.41058
36.143036
17.128944
24.368055
20.5299
34.833202
27.514874
32.697807
28.05945
22.321226
31.282331
40.70708
31.621494
16.503935
17.235346
16.56096
29.965218
34.457035
26.901114
17.532469
30.919666
23.904856
33.303326
19.800804
25.649534
29.746626
35.342197
26.102442
38.644253
39.871006
23.396248
23.346626
30.943155
31.078508
24.489391
29.80112
35.9842
38.831898
26.907942
28.260563
15.16107
21.767393
34.505596
29.729002
17.683147
39.42509
16.100544
31.579838
26.655203
27.494734
19.347319
18.900457
24.428371
23.02345
27.257019
29.785576
25.221235
30.494972
31.143097
28.712387
39.76964
16.465157
26.185852
24.81228
37.33612
17.526606
39.037354
37.848034
32.79453
19.775558
24.92948
40.01201
34.702847
27.667067
32.60129
40.280045
18.286762
38.169903
37.02802
29.987335
35.07901
20.470554
26.412348
29.536825
38.594162
16.125992
37.18985
16.707132
20.86578
15.527823
30.903791
26.896305
29.932758
23.815872
19.720633
36.81928
31.433767
24.967012
35.08605
27.671066
36.3536
38.685593
22.562296
37.574306
37.662445
34.93459
27.241262
32.24903
19.098867
23.472075
16.293585
21.274073
19.66958
38.59544
34.1927
23.053665
23.573809
20.446213
31.943716
16.65954
25.207335
25.691216
36.25055
15.087809
16.661112
40.171196
23.970701
34.151684
18.70152
22.195929
37.435673
28.225191
39.604214
23.56519
37.255913
38.35962
39.410633
20.107943
31.082853
17.913692
28.186174
32.557365
31.466434
29.769999
23.681173
33.917347
23.425173
15.4544
36.43062
25.126396
22.636799
22.031765
30.775871
32.787827
24.260967
33.520542
20.55134
33.01047
38.321617
19.750275
32.25133
23.99207
24.305029
27.080349
36.37715
32.87785
39.170704
30.2049
17.361675
23.639757
37.325573
24.387901
19.978474
30.24708
18.27827
18.904163
29.464767
21.237255
31.668505
29.206053
17.722313
23.945889
28.157701
37.392437
40.907547
25.117998
24.270613
29.925442
22.482101
19.397856
21.69351
30.222307
22.367056
22.282688
18.763197
15.743714
35.229053
31.525894
23.922039
30.50665
23.123724
30.688332
21.767714
36.56897
15.731518
24.561605
39.992455
29.964478
33.243454
38.525192
39.985004
37.811516
16.588936
28.549606
21.159594
37.874615
29.1451
21.520737
19.17967
39.727997
21.326971
28.83584
35.160248
17.85129
38.52986
27.809593
30.661139
15.481961
27.780334
37.32897
39.82442
21.855682
15.149204
40.40864
29.363007
24.584887
40.489914
32.823917
17.273134
15.357482
22.387823
35.83625
22.122208
20.881807
32.340733
36.176567
36.554348
38.060555
35.138245
39.91474
35.25958
34.745525
20.167315
20.618761
27.068563
25.106743
27.94361
40.29516
31.063364
31.643524
15.553045
40.00259
39.63563
24.171886
35.885212
37.743366
33.277256
29.741606
34.550022
28.263098
36.5544
16.368114
37.19135
30.726591
26.194506
25.70835
18.54604
29.888397
26.50669
37.366474
33.044052
20.339418
30.459665
38.38443
19.005203
15.686317
40.657185
27.653957
30.56024
25.108337
37.179558
40.480873
17.308783
30.63662
24.800869
17.338997
31.423897
23.713886
34.444984
22.9703
31.422836
23.117842
40.909424
35.41947
31.145794
36.16947
28.86479
27.335222
23.619183
37.29784
33.928318
23.927319
40.42735
40.49589
23.213802
39.337467
39.97628
26.97709
38.176
17.86378
16.605175
26.430693
21.796225
34.47277
30.886572
37.673817
40.196877
26.339361
15.652858
26.211323
37.62606
29.774628
30.296879
28.239988
21.419582
18.832579
23.716583
20.971249
30.02609
29.131435
25.908363
39.797287
34.47207
36.981525
25.661112
17.788021
19.747028
15.781011
29.062666
22.282051
17.505169
16.822353
16.602701
26.922392
37.20834
22.146536
27.540764
39.38833
19.376114
30.888697
32.905537
39.287533
33.96236
27.678
31.001095
19.198025
33.043617
28.08615
25.61821
32.687412
23.983225
39.863194
35.28355
18.28728
19.026045
27.75579
29.826838
15.863419
25.882204
18.072327
24.305851
23.598083
31.274292
40.840904
23.901361
21.888239
33.650963
34.400322
30.778913
38.864223
26.310863
37.57087
23.111599
20.946133
16.034386
32.170845
23.467731
38.880608
34.986763
27.576355
22.589615
15.038587
29.134428
31.266157
19.224363
31.405037
30.707756
38.84983
35.11496
37.65446
39.346645
23.946829
18.519571
30.981495
30.481537
22.465496
33.699345
21.943682
22.230917
33.32537
19.699686
15.473997
35.63739
28.472647
31.447336
27.43352
25.417929
33.15788
35.695244
20.600073
23.569897
16.876596
17.669588
21.826546
20.152996
32.117718
17.40798
40.25296
26.358257
26.12116
21.725222
32.919315
22.578766
34.215343
36.502716
30.901535
26.612772
23.9868
36.56988
36.180832
36.358387
35.528282
20.830738
38.85709
31.400082
20.31847
34.486046
16.029875
24.740688
15.905359
32.211174
33.695965
15.598679
39.497257
27.972145
21.350237
22.668932
20.809254
28.797009
25.627155
30.536299
25.069841
31.267076
16.282934
38.03472
18.961388
36.75221
37.09391
26.260725
15.449855
18.48663
35.834473
21.678598
33.95328
24.466606
25.398397
34.29558
26.105215
32.848427
18.340189
36.238926
40.48837
27.03505
15.638529
38.23268
16.145475
35.96193
19.32179
32.45058
32.418396
35.22739
33.745945
36.012455
37.723255
28.660072
35.7781
25.995037
26.238417
27.675892
33.91429
24.244104
23.163841
19.349064
28.448086
18.50343
30.204481
37.506603
21.2068
31.416939
23.236969
20.352974
34.085274
26.814108
15.738067
21.141262
30.63225
21.35454
26.484913
25.229603
32.282543
19.086271
38.281307
31.496284
20.47839
40.76328
30.020882
30.534243
17.886408
30.87127
37.267105
34.30544
30.191854
29.22676
24.711843
16.007874
34.53986
38.74307
21.36815
38.792713
23.593666
16.497738
32.159782
37.666363
35.39278
33.589527
25.688953
24.421972
40.719357
34.439095
25.395512
22.767225
15.519037
40.16596
40.064934
35.949963
40.072796
39.46543
39.69904
32.1305
35.079315
18.012627
36.132607
19.509224
15.582763
17.836805
32.46061
19.790344
18.76871
27.33765
19.334974
18.947468
17.05137
36.656246
19.496445
24.453844
29.58821
35.966972
38.526146
32.149998
21.383339
35.922523
33.733273
17.743656
31.47906
23.962868
40.339268
29.571695
24.385233
21.489817
30.67567
18.70103
33.859123
35.01262
33.981815
19.705217
27.423704
25.285769
27.570322
24.525757
35.600285
38.18889
24.622334
26.71185
15.731811
37.639553
15.681241
16.029627
24.485931
16.183338
38.032642
33.94169
31.65246
19.071491
23.590008
16.779943
34.687634
26.615118
19.649632
31.569647
36.608055
27.395746
39.9351
35.40967
37.300026
15.515707
21.720642
27.073883
16.085403
34.48773
30.504368
39.07077
17.472996
26.591732
32.69655
39.783173
34.424923
27.567719
31.094725
34.50728
26.180206
26.367298
31.536575
29.219837
30.703281
34.35228
18.053114
27.724709
27.163055
27.807388
24.088924
25.464764
37.498417
29.925056
18.912804
29.732315
16.0891
31.523918
33.21127
34.271065
28.826132
27.678465
22.039097
22.33482
37.46402
38.165993
20.795166
24.152985
40.037205
39.177895
30.698483
38.450115
17.336185
28.095913
38.35849
23.176565
38.96417
36.299942
15.465333
23.929543
38.332893
18.952536
25.3699
21.67866
22.106777
29.49626
19.380169
38.357292
26.067331
32.203514
32.969418
33.640877
36.14523
18.534582
26.773588
32.8055
32.455322
40.28799
19.249212
25.944952
39.57021
20.568483
19.169899
35.021584
19.98094
24.451294
32.758614
29.2362
19.71881
22.887424
24.184526
19.024397
33.450012
19.873255
21.397427
22.621521
33.005424
26.198679
21.829266
16.585768
40.27063
31.19162
18.361622
22.928589
24.63662
38.792664
21.139421
20.573961
26.799675
20.022192
33.30546
35.752743
18.599087
18.443272
28.536917
16.635654
34.794476
16.577234
23.384098
26.018183
27.20974
25.394732
25.843431
18.192966
36.508587
23.9837
39.34075
20.279984
24.016994
24.2866
30.357607
38.232124
21.47084
40.402855
24.30249
17.49353
18.342318
27.368412
29.910435
15.860299
24.48666
36.552856
23.448706
15.477934
16.251085
29.855572
34.312817
34.107224
38.900738
18.735853
35.216312
24.799952
23.24184
26.778044
23.109428
27.948095
25.660118
27.97114
15.20577
26.305025
16.442976
17.173397
18.052921
34.024357
27.216772
36.33599
30.451962
17.02197
28.605955
37.975777
21.212494
38.038944
37.8087
20.115675
22.224012
35.667885
24.68407
16.45236
34.13096
16.302492
16.15864
27.864231
20.018095
39.479824
38.285866
16.538874
15.944314
20.407146
17.12945
15.977592
17.907293
30.599865
27.792238
30.925684
34.87791
30.504469
35.3752
36.88059
30.912584
30.740011
36.426292
37.24611
16.033264
37.164047
18.52706
19.429403
23.558996
29.353638
25.065039
29.218424
28.87958
38.289352
19.953074
25.63106
33.281017
37.039913
27.081964
26.093195
36.364056
34.067413
25.63078
28.281466
37.84131
18.407843
33.009537
18.257452
36.055023
31.428852
36.171875
28.623621
32.426777
31.126476
33.31073
21.347298
22.231962
23.994884
29.537878
39.627506
34.586082
20.387808
30.048635
27.720491
36.336533
23.987795
34.48592
38.99327
27.672659
24.508978
16.743176
40.640594
33.69857
21.081493
31.28368
28.4792
15.957247
19.90032
36.20403
19.02421
28.951208
35.668682
26.732565
30.656141
33.07409
18.125809
16.628834
35.10291
27.049133
24.52123
33.038162
16.689812
29.964777
20.282473
28.755669
17.851385
33.30406
27.320284
24.56707
25.252684
16.983862
38.425358
27.35896
21.533405
26.35147
39.032692
31.02911
37.16691
35.330246
36.264565
18.87781
15.217124
18.462698
35.610313
38.124046
34.8799
33.468475
37.86095
17.465843
15.61133
22.116415
40.988766
23.19183
32.374126
16.703922
35.547062
16.251627
40.074154
34.24357
25.862158
17.905447
23.61265
38.576004
36.79983
25.098713
39.145847
26.059853
33.210407
18.545435
38.122013
25.233427
24.291634
24.65439
26.457159
36.89976
22.055666
38.895134
30.814005
28.455555
25.84624
30.976185
32.3649
34.966297
19.424452
35.295696
15.647902
27.48397
29.526243
29.525192
34.16621
20.410381
32.992012
37.900005
27.234686
18.328266
31.57852
37.81528
22.243168
20.654047
15.385514
22.664438
20.98489
17.710142
17.464287
16.50725
29.989222
24.371471
21.62261
27.117682
36.901546
31.309881
20.700308
31.237
39.869064
37.041893
31.66193
31.445515
22.619852
16.479252
20.737825
33.96676
22.463488
31.48851
34.542095
16.930758
17.795116
32.08489
19.605778
17.148468
33.850796
15.31739
15.085772
22.287338
30.440514
20.646255
19.544853
26.488327
17.176294
27.67047
36.645367
24.927614
34.31624
26.432205
20.358955
18.60164
26.761503
40.206703
21.866917
26.701977
28.971613
21.68023
31.710638
24.346947
39.60456
29.725424
35.9487
28.149796
32.541718
27.602446
24.08708
19.128563
33.623455
28.34599
37.371193
23.800804
39.90009
27.342403
34.66313
25.95655
30.493584
15.657739
17.574898
27.565939
37.269073
32.546738
26.788052
21.553205
15.431284
17.754377
27.56258
39.75673
40.88937
21.715773
18.32243
28.295116
16.774801
30.566807
37.902546
29.77229
29.85035
20.997107
38.551918
27.27985
36.71433
15.4084835
27.109457
40.99297
39.682697
32.586254
25.904291
36.306343
25.022657
39.14736
23.879286
36.91975
39.814953
16.39842
19.19643
27.058046
16.137993
39.91849
17.154945
24.0984
30.495512
33.175423
39.63775
38.277885
36.450504
31.791332
18.499182
31.867517
21.28161
39.691902
29.316679
16.224125
19.144194
34.305817
21.751282
29.469456
27.696932
29.22479
36.39674
38.196148
22.445585
33.291286
27.444138
23.56326
21.159327
20.950193
37.748764
21.419281
39.630875
25.882303
19.958275
39.678604
33.780254
32.431664
18.245842
28.07765
21.64305
27.14542
25.88937
35.649876
28.137465
19.863993
22.447552
21.784208
37.670555
26.231
24.605822
35.569378
32.622547
37.236553
30.900034
17.276937
37.539078
16.464102
34.472965
25.298801
35.464836
40.08025
39.778473
37.63031
38.267982
22.288511
28.720469
15.07796
21.033293
39.962166
27.098547
27.771086
29.643019
26.478006
17.429474
31.269892
18.517893
22.39193
15.223407
35.587463
18.156796
19.528877
40.616062
39.78136
39.592094
35.30392
29.89276
16.420727
37.16863
35.647785
31.887585
18.197853
22.157955
29.779318
22.500603
27.228344
35.63531
20.249043
38.64844
36.17211
33.775444
29.172077
36.84817
23.207678
32.26435
30.375315
17.331852
28.105247
32.87752
39.30292
24.098688
36.169315
18.441307
27.955885
40.6342
40.65956
26.372559
28.885376
16.160429
38.449097
35.78266
40.31649
18.228498
28.142052
38.73563
29.84791
22.22472
24.647896
28.665934
38.854797
40.933525
17.29773
16.190275
23.71628
33.685402
17.988232
40.58848
37.29561
20.815254
39.55179
30.082277
40.720108
35.16631
26.57676
29.706636
33.43983
36.197056
15.239688
32.04701
20.787762
29.883362
33.361706
15.406657
22.821287
15.055292
40.86421
32.071922
32.093597
16.067804
32.07432
26.25916
33.18542
22.776857
28.91855
17.05576
19.321651
39.677174
23.943388
28.20848
31.203968
34.7552
22.314543
25.966017
28.309814
39.120537
26.47188
18.348625
27.33965
30.801428
15.954998
24.196222
40.238556
36.22459
22.064806
34.137306
35.274956
32.847027
22.489319
32.224644
37.028275
38.167137
40.797318
16.399654
16.819078
25.914766
33.79137
34.175907
16.109331
35.604576
32.112137
16.97319
27.707052
20.834381
30.198732
30.387169
17.228817
20.719889
18.735369
26.345556
32.205166
29.67952
40.05233
32.58035
22.45813
33.417732
18.599754
29.136637
30.936728
17.402615
24.575586
40.742
39.065426
16.393188
33.064445
17.77659
34.84221
29.644169
19.632072
21.3124
31.416994
20.300737
16.220337
39.23137
22.687864
27.193043
36.40079
16.785381
24.57162
32.750015
32.570034
18.127281
26.036875
30.074308
35.508114
29.320532
32.732025
37.354897
36.87154
16.126177
24.097065
36.741234
35.655434
29.469246
18.21739
31.562515
16.434649
33.902794
39.35929
22.347954
34.281635
31.616253
15.121105
24.48872
20.659227
28.575834
25.44052
40.57938
22.299389
28.238157
38.317715
16.486599
25.104332
19.944372
29.04569
18.014944
17.444384
23.580553
28.9832
20.674572
25.877281
35.381073
22.462425
32.5027
21.27652
23.855291
16.292624
37.150646
38.631756
39.733864
31.50262
27.52038
19.372152
29.559433
31.459194
27.1194
20.963947
29.087603
20.305
26.999931
20.746428
30.01749
18.77884
18.65824
29.495853
31.73726
40.91272
23.59214
35.0448
32.74848
20.844318
40.349503
19.434765
26.224236
18.04002
19.847864
22.542757
36.759377
37.592968
27.504978
26.898016
26.787342
27.94206
32.292458
40.49285
21.366514
31.352116
34.209373
24.79205
21.080025
38.801945
30.869957
35.858078
28.64652
36.546253
24.909348
23.534868
23.50537
36.54903
26.733559
40.97066
34.1183
27.229996
33.7746
32.410942
20.020494
36.522587
33.859
27.155323
34.75769
34.110916
30.557657
23.847595
28.761833
33.894817
26.457354
29.856108
35.94631
21.226318
34.178837
23.402012
39.34293
30.26738
20.663843
21.305782
15.456155
26.938005
33.763035
38.74783
16.17627
20.355412
25.479206
27.276913
27.071562
40.409077
37.354824
15.450447
27.67072
37.173153
30.440197
28.953676
40.95003
27.226877
29.038479
39.820107
23.656145
22.635206
21.995762
29.463451
34.323517
30.336107
37.689476
27.631765
37.88677
24.98752
27.065483
21.107271
20.641727
18.946182
33.084
16.000881
38.9748
34.98214
32.756824
37.82818
23.759022
22.576895
21.593058
24.204126
37.605972
27.209799
27.717754
15.956576
36.266422
27.906445
18.187775
15.734113
24.388447
25.50441
27.101313
24.771595
33.57035
32.58591
19.982367
32.377193
21.18675
17.833511
27.618675
30.917585
17.819624
32.684193
35.041424
31.603392
15.292233
20.588747
27.657274
31.214767
20.282274
38.92754
18.678034
31.05754
20.281647
26.69043
19.940565
16.903097
23.273773
15.397659
17.969301
26.440657
19.915386
20.42025
26.705956
18.85844
29.238203
30.852547
25.715853
39.570656
25.926987
40.396202
19.877506
21.820086
17.083933
35.33403
39.571865
35.911453
19.055391
18.603786
17.209938
36.168682
26.375402
33.226124
22.572191
29.359482
17.171604
39.897533
27.88051
24.293642
18.482513
26.428272
39.78313
22.576763
26.85125
34.88695
21.505344
35.0891
28.289259
17.80749
20.30345
35.659515
31.244627
31.620916
23.05675
22.61747
34.563084
33.59352
30.342144
40.4314
17.5958
17.984594
26.658098
27.479643
23.586613
25.88105
25.599586
40.150494
28.26232
33.22295
25.73285
27.930956
25.15323
16.903019
33.67855
20.918964
17.587093
21.504906
21.484241
22.281914
36.528152
21.239134
33.75172
27.584625
31.474005
26.942205
34.182247
26.622787
16.476484
16.62362
29.212225
25.423342
37.018833
15.977062
18.234333
16.411108
33.959877
32.51627
35.53377
21.391386
36.04702
23.552643
30.516607
28.96115
38.603313
16.100872
24.06694
15.236808
36.90988
25.980442
19.941893
26.374456
26.533606
25.875055
24.998184
33.258877
37.390774
15.918625
16.741308
34.950462
29.691164
35.495644
27.198126
36.00465
22.072836
33.375397
24.435913
17.616278
39.21657
15.043557
21.185696
17.691748
36.019825
17.151453
15.974976
34.414707
32.013588
27.372322
17.934671
23.64638
39.12164
23.635588
26.017433
30.58956
16.090067
31.70429
38.749187
26.545689
31.956057
40.367496
25.833096
28.307297
16.778414
29.138567
25.934797
24.753494
40.518288
32.281883
27.800179
22.55412
36.43713
21.234766
20.491587
30.538465
21.669888
33.04787
40.97569
32.24751
26.734974
39.33663
23.555994
38.463814
17.658579
22.417831
25.715263
36.101326
23.119347
40.799583
30.817816
18.737541
36.56057
38.999676
27.81902
23.283495
25.570427
20.786259
33.63901
38.812355
25.996925
22.366663
29.179943
31.405375
22.242659
18.794106
21.100843
25.024239
27.97553
28.918804
20.41142
24.881836
39.095104
17.579107
23.705929
34.558807
37.210247
16.409899
27.430452
19.201143
27.11227
24.639671
37.96176
16.534481
27.768782
36.55431
38.47312
31.143677
29.216942
34.924774
15.572262
23.491533
21.400892
17.627485
18.518877
39.488583
35.4766
21.930399
29.463934
21.076092
25.398397
15.474338
22.600183
17.2474
33.704975
32.84836
33.37316
36.20815
38.338665
23.83951
35.97412
24.963705
15.060307
27.93153
16.221228
38.522644
16.563044
27.433613
33.632473
23.117893
38.74188
20.7396
33.003643
22.372671
38.741875
25.649479
30.1269
30.176098
24.386366
16.429348
16.420277
35.183895
28.377583
21.342505
27.185709
37.32235
39.26559
31.75357
33.972923
34.449215
38.597473
27.589148
33.098835
33.413025
33.88722
18.932655
23.756826
34.15276
30.08773
21.837631
22.34756
32.192646
40.09998
16.062933
24.672752
19.912262
29.520245
17.364922
22.45557
26.310087
32.304974
21.225807
25.286135
28.628874
28.32378
38.45405
27.537834
33.174282
36.874596
29.961767
18.05989
40.933495
28.151064
26.20582
16.52399
40.188442
15.380691
32.273323
20.187449
17.218683
21.893385
20.398996
22.532682
27.401888
15.7334585
31.820942
36.75257
24.545177
17.594206
33.313
24.373476
18.118572
25.832697
26.47604
26.44251
18.212133
37.113415
25.927193
35.65291
36.501274
36.832928
25.895077
40.541077
18.280113
27.89373
39.41083
19.46122
39.710648
23.623987
32.27885
36.42817
23.835896
22.680857
21.317709
17.116327
28.618065
24.628628
20.981031
17.312359
28.288168
30.548922
36.39957
27.941628
27.631422
15.518691
16.129986
38.423027
37.483166
33.082794
24.452398
15.554171
20.672886
31.951439
24.927994
16.388714
24.929335
24.068798
16.109547
32.639763
40.847702
40.927578
16.79187
39.02814
24.92003
37.54544
33.995888
20.69158
19.843107
28.87255
35.999104
33.280544
24.84339
37.565666
31.156946
17.688848
23.596384
27.04265
23.003534
21.501825
26.468374
17.522238
17.177137
31.192142
25.271172
35.35756
18.084654
18.853151
28.496082
39.38777
34.90115
36.831867
37.081043
20.260786
23.49459
35.008472
27.16538
27.72102
21.172548
22.666502
24.999454
38.70967
28.766838
25.907618
34.201912
23.790964
33.503635
32.387165
24.895094
26.896439
34.35078
37.78146
39.89957
25.67023
31.090656
36.845024
27.131712
20.801916
19.236088
38.17574
37.623455
28.649475
17.088423
15.878179
35.171505
22.183424
38.73106
27.20012
24.52342
28.824211
29.558361
40.914524
34.221077
30.098467
21.05894
40.72902
29.74725
19.20572
21.00412
25.327188
28.459087
36.565735
33.93629
27.780771
19.94252
40.20755
36.90874
38.019077
25.884617
25.46499
30.797499
32.801727
32.336246
40.85919
18.187496
28.213135
38.325333
20.277441
16.829441
28.081795
34.18132
15.598495
40.970417
25.924843
40.644478
24.768084
21.480421
22.028027
27.858849
29.994383
19.62863
17.093521
21.685822
19.21166
24.607384
35.5228
17.425428
15.251418
37.458485
24.84902
31.995546
25.263752
15.925514
39.09315
30.894455
23.847805
31.937626
24.890348
35.860195
25.07856
35.92426
28.117834
35.040462
33.15836
37.967
31.4528
31.699722
20.774971
26.91385
29.798655
28.01563
28.414053
15.012889
20.84014
27.354689
32.852448
31.366373
24.12266
29.567476
36.84963
32.563046
15.998424
35.306717
24.658295
33.21547
27.541721
33.146797
25.390936
34.810955
38.108
25.371216
32.507915
18.278688
22.5961
16.694948
22.733454
23.98234
27.670282
38.901443
33.559532
30.46663
21.208536
37.399498
27.163658
26.217897
26.06578
25.043034
26.045046
32.942852
35.875435
26.207323
21.97471
16.426422
31.06009
32.077938
22.958487
39.89865
25.481718
22.38423
36.828087
37.02228
38.23424
15.396962
30.803694
29.106804
18.965874
34.910126
17.912706
23.961391
32.81611
38.13987
39.502758
35.918266
28.561817
23.99884
30.253067
29.98969
40.88934
35.042164
30.066795
29.865944
20.844074
34.53163
22.018036
33.518215
17.456448
32.527603
39.130604
39.53959
38.30288
25.693468
25.18179
36.03882
31.332556
34.585487
39.952785
35.89585
24.67574
39.601105
35.388485
39.494595
17.34642
38.47182
29.98287
26.667612
31.762049
32.212067
16.372244
21.519104
36.82526
26.773373
19.59704
15.036582
35.94727
22.303581
38.783997
32.958393
17.839952
22.873718
39.103973
28.233294
29.163284
24.810488
23.776724
28.58996
33.18718
17.360327
27.622408
38.228516
15.5114765
21.311256
24.200722
36.45264
22.585075
21.411745
19.931961
19.180164
19.275076
