18.951113
32.760384
29.701538
30.058914
15.703948
39.898785
28.799768
34.54736
21.59138
28.984112
15.4020605
31.993462
37.87492
25.577614
25.302546
35.202267
29.474058
21.358883
29.177061
23.828485
34.086525
39.591763
22.105177
40.433952
34.19075
29.481073
17.121227
25.874033
16.72272
36.892635
18.9353
29.591923
34.24495
35.57506
34.89673
39.222008
36.76319
28.500332
38.516834
26.538218
24.996777
19.231197
30.424213
15.230634
31.871489
30.326878
32.495148
30.253275
27.279242
39.714703
17.083181
38.558357
33.73665
24.683662
24.76619
20.917015
17.475061
24.69704
20.835848
20.223751
28.707472
38.574654
34.87356
17.191698
18.343113
22.761353
23.188513
23.667963
20.258438
33.376923
32.637714
36.933132
18.383593
19.533482
24.404518
39.296318
16.326355
35.010086
25.681198
28.05679
18.03092
35.790195
19.882868
31.475601
35.056797
30.196182
24.014135
24.785376
39.463474
36.396122
27.116537
22.46357
20.9994
18.91156
22.343916
37.00447
21.31921
17.420998
21.144583
36.24731
38.29106
21.63237
17.273212
18.952715
20.106222
21.288767
32.91207
17.766953
21.866127
28.47518
31.050344
35.973194
28.597307
18.310108
21.451908
31.501322
38.232624
39.834293
16.036098
26.55251
27.99762
15.449952
21.302639
35.89211
37.853577
16.617344
40.551018
19.374166
39.17444
31.68153
33.076267
18.58308
37.672493
32.680714
19.267256
33.612774
22.73815
27.778553
15.590162
35.95093
40.822105
18.566347
25.809063
15.195677
30.26346
40.89705
32.477108
18.90432
21.055355
26.141506
21.725927
38.258533
27.439972
26.798437
40.687584
19.427652
19.937773
26.243061
26.502476
19.521458
38.4411
37.06542
36.79829
18.846191
21.34025
25.927849
17.769176
19.812216
19.300474
39.16219
35.541042
37.289024
28.271286
24.430674
27.377918
29.46312
18.584806
19.690626
37.46605
16.326479
19.58779
35.43151
21.506496
38.808117
20.152376
29.693903
19.153637
19.258543
16.623478
19.733486
17.456123
31.506657
39.286118
19.359203
37.888527
26.030844
28.273933
20.95317
38.305965
38.92093
35.990414
17.971014
29.210697
36.25475
39.577396
23.32478
33.088825
36.272987
21.740644
25.466604
26.256855
30.308163
33.330338
19.21982
26.651981
39.808346
40.47456
28.445229
28.30668
20.993574
40.776905
26.483746
15.867281
16.692602
23.114552
39.982647
26.447796
18.729908
15.911254
36.191216
19.354544
31.867685
15.409834
17.102486
24.773592
25.754766
36.43189
33.921463
18.382324
22.594221
37.38767
36.256027
32.02796
25.3136
40.887012
36.155403
27.110113
27.906637
35.20265
21.661997
31.110973
16.312374
34.050003
37.895966
16.836018
16.707554
28.673111
17.857872
18.35959
20.410316
35.064045
34.1133
23.414022
24.728016
18.293749
28.314337
29.017464
21.029276
37.394978
24.116339
19.504835
17.080114
28.013487
34.464375
19.807877
34.25627
22.131472
18.452335
23.824451
17.628616
16.567678
35.99862
32.02391
24.1158
20.671497
22.435907
16.054426
38.90808
20.653673
37.778492
25.049873
31.188452
21.334274
28.909164
38.577976
28.81211
15.738846
19.218704
24.728064
32.052395
40.936638
33.334473
40.705933
30.78123
26.79013
32.49069
15.484949
15.524313
38.873005
38.821434
15.556652
32.71601
39.71412
36.398495
25.630796
40.17634
33.737877
25.189611
24.253878
26.34195
24.796803
15.278761
29.746822
18.105543
35.030067
18.668612
20.6067
25.252708
25.932003
28.776276
26.573935
16.43256
32.97763
15.337036
19.935606
30.358273
15.9275675
26.846718
33.317135
28.505892
36.02257
37.901894
18.208723
15.964548
30.67838
24.838135
29.779608
19.288477
22.004417
39.920033
36.152298
16.211021
35.49526
18.002716
22.24061
15.903051
39.581722
28.063147
19.499489
34.09299
23.378798
35.29043
39.49118
20.812916
26.930511
25.527933
35.04153
21.794977
19.52723
36.77607
35.94176
25.614609
39.258804
26.19294
38.645298
31.561829
36.867336
15.571315
21.215757
19.919104
23.176212
17.623686
31.90142
18.834135
33.897514
21.57331
40.14316
26.298061
24.457712
27.527618
26.566887
33.874462
36.632027
38.901367
23.568222
16.7717
32.24065
24.76045
22.466318
36.611008
20.935514
19.373331
30.885288
40.81488
21.194035
32.48546
29.015903
31.925234
16.036835
16.873209
33.716866
17.357908
31.69917
37.587288
37.034065
33.110004
38.511276
35.96156
34.64792
27.758669
30.58072
40.94186
36.002956
17.724846
18.520218
20.580269
21.430561
29.222643
29.427252
27.643892
22.44481
20.574852
16.597311
25.20323
17.573088
20.647339
34.0403
32.79364
29.577215
21.03981
21.77022
19.284534
28.727516
35.367756
29.051035
16.944395
32.9114
16.480106
32.306995
30.355682
28.789618
17.779385
26.243645
25.812332
34.95756
29.945982
34.876152
37.623425
32.12556
37.315342
29.624363
23.350224
40.701317
40.9167
24.409512
22.41976
18.839195
25.754208
36.775352
15.786619
32.01533
16.296156
31.456835
16.355686
32.494034
24.335087
20.532413
24.732038
29.670197
17.391567
26.32138
20.530235
22.204035
35.656506
23.525612
19.953758
26.108603
27.10171
17.765379
39.646374
21.507198
37.83568
36.621887
32.92071
20.646894
32.041336
20.574528
39.385326
40.936077
22.90471
40.8087
28.720121
31.26804
16.828321
40.770557
31.890884
19.699244
31.920303
26.557768
30.44738
15.670114
28.260065
25.760925
32.71526
32.38777
35.76352
19.207998
34.67077
30.734312
31.605755
19.21472
29.078053
17.120832
37.106182
15.406615
17.072561
30.076609
15.741048
38.953804
27.789894
40.044407
21.52045
28.147596
21.868093
31.847075
30.35169
34.64829
23.692314
37.59723
16.208168
28.446457
23.104332
17.440945
26.932703
28.605408
21.96542
38.45801
27.326492
20.190443
32.439537
20.2855
31.809633
29.4408
20.154926
27.587973
23.38643
23.203218
24.505564
38.366806
15.908489
16.921335
18.270111
25.282816
34.700798
32.06307
37.454353
34.66039
28.500875
16.768503
27.804258
24.648117
29.358181
24.713728
32.790222
36.129898
24.650915
30.71142
31.029142
35.412277
38.699455
23.406864
15.089437
36.45783
18.590527
35.578552
30.415134
20.491043
23.773455
35.01528
34.70873
38.17237
31.749592
37.717186
22.528467
38.21767
20.748297
16.255928
15.084226
30.334423
38.667603
19.529726
23.257248
25.652822
17.754982
15.861755
28.722406
16.448853
16.513353
37.41587
17.71776
16.88822
36.1398
28.241474
40.484657
31.764078
28.439184
34.909737
26.692633
36.75815
37.602104
35.666313
15.266937
17.623997
17.496445
33.301
19.952423
34.872833
39.194035
20.522795
19.676182
25.03636
34.33862
16.529081
37.3122
23.387825
18.658741
21.670635
31.804937
30.12163
16.438768
29.639517
26.77465
16.42336
31.083666
29.444796
37.705856
28.606403
37.04781
28.591465
33.611332
25.547834
28.345453
40.340755
37.667564
17.025444
24.620192
39.705513
28.733559
34.23943
23.323046
26.922096
33.893482
20.796398
39.933556
23.540789
23.204552
36.73994
25.355537
26.989418
25.685186
23.831255
20.628916
40.490463
30.244377
25.214863
37.921333
16.549679
18.731812
24.848616
15.397948
21.884697
40.57924
23.63387
26.015194
17.625017
35.607132
36.05082
38.54392
16.890083
27.486706
39.285614
27.199705
40.440105
17.07582
28.330019
34.142845
23.994684
30.388414
17.341066
40.807762
38.02711
30.310488
15.667227
29.531437
30.367693
34.341827
20.379313
38.27261
31.787312
36.621044
35.88843
18.348385
30.882772
19.282595
29.289988
28.062014
27.048466
37.797955
25.441832
29.855541
39.094193
39.36909
16.466331
37.193108
20.156937
22.67096
34.36025
15.765594
30.95474
17.280699
38.702972
33.804504
15.1437
25.984785
38.072777
24.302748
28.564564
36.821358
25.712458
29.762232
26.50324
20.193462
39.229748
19.723026
17.739923
25.68002
38.67467
36.776
25.124456
17.274765
15.205054
38.020702
23.690964
40.69949
37.733086
24.002464
24.91257
36.16637
27.43992
24.047483
25.597572
34.505264
23.852041
31.611946
20.141167
39.925266
35.292145
27.770937
21.372347
16.84593
22.949
29.295237
36.073387
31.212013
29.554905
39.898796
40.39978
22.49665
36.715908
25.187021
15.891353
33.201366
15.309202
27.595663
38.540688
32.077335
39.04371
27.182499
27.47287
27.520876
30.273949
35.51866
32.190964
24.637062
25.464062
37.12374
32.054504
31.319008
27.317831
15.898653
28.683727
35.35626
25.522343
30.83237
23.320059
34.064312
28.296957
19.893534
18.823904
20.218283
20.495964
39.465122
25.953526
15.177262
26.88239
36.940178
17.84432
38.0019
27.372118
38.168827
21.195591
36.0963
34.541588
23.331615
17.57237
18.446268
18.498968
30.511417
29.442726
16.87961
20.337877
17.745993
31.096317
29.939941
28.824362
21.665472
40.427967
35.944283
21.711927
39.953865
27.720285
16.58551
29.13614
21.82091
34.02239
22.044315
33.909393
21.430405
30.497019
34.991405
34.218094
19.803354
29.196404
28.08908
20.218704
23.099089
31.127455
25.642431
37.33562
29.374763
27.17989
20.903845
27.683123
39.933395
33.51619
32.200607
18.965178
31.192862
33.36024
25.533815
35.451084
24.643106
23.771873
20.587868
24.18155
29.90595
36.957394
39.193367
27.428926
15.171789
34.94164
16.202168
23.617033
36.359665
16.014904
20.461952
33.40003
23.231953
39.268578
36.118603
33.406567
25.392221
15.746105
31.82829
19.274467
23.604527
31.261368
27.62706
40.03291
30.194735
16.774448
22.184378
33.6332
26.429161
21.36508
30.95797
36.485867
20.713158
18.307068
16.37089
36.2309
39.21195
30.522263
36.547752
40.64972
26.068413
39.780636
29.375546
36.621445
17.777105
26.413336
27.695496
25.332811
31.471272
37.01856
17.285975
33.570145
15.889184
34.665367
29.962404
33.853447
18.60855
21.438604
27.59868
32.41682
21.772396
40.818306
21.165648
33.59611
30.977179
27.350008
15.985631
34.053688
16.253572
33.33771
30.318106
28.452093
22.14271
20.879091
25.120054
25.682224
39.755356
24.463058
32.365604
21.55857
31.398829
32.56252
23.66302
36.01299
35.86617
22.180693
32.073204
24.250217
15.804424
22.147196
36.01231
38.07253
25.71354
37.110447
34.9121
27.637398
26.074793
30.635912
29.915241
35.281395
29.867304
32.59505
25.298687
15.725011
16.303522
37.117744
23.546867
22.967325
18.999325
18.78134
27.037357
27.486055
39.99163
36.422363
22.155268
17.977684
25.026194
29.982363
15.318613
21.803951
31.360518
28.137188
24.875368
17.555208
30.961569
17.109419
28.124027
33.697712
15.425296
30.026585
36.812923
15.141112
18.204638
31.463129
25.389626
24.744013
36.805054
27.392063
28.000208
25.269632
36.491325
16.672543
38.77926
33.110218
39.746628
36.412582
21.324944
24.218056
38.234756
40.07142
17.419516
39.112442
16.338428
24.00404
30.03411
31.576317
31.481607
33.300667
29.447767
34.712677
18.390894
31.236961
39.914078
18.400202
20.210808
16.42607
29.724852
37.86909
24.960146
21.851507
29.748774
36.112236
39.201256
18.360323
22.56402
33.153538
27.991383
23.908806
30.15728
30.814312
25.195047
30.87845
24.827671
34.550316
29.05858
21.11773
19.412584
36.176144
26.58281
28.015676
21.243444
30.850306
36.67709
18.876118
33.34293
40.563545
38.337677
37.1368
32.291237
22.55445
30.165655
40.565567
40.91738
26.57069
29.424498
20.466133
31.512714
27.700762
18.534441
24.138813
27.617157
37.620327
34.410824
34.367104
27.594852
18.528805
17.375618
37.53876
33.19429
28.796076
31.506248
22.160505
35.079105
17.395782
33.23308
15.988287
26.919182
19.570816
37.756626
32.77056
28.047739
40.858276
21.427856
24.689774
29.918612
32.595287
26.619797
25.987755
29.6389
29.333696
23.815742
28.973543
16.705755
37.210896
33.649323
17.637594
28.741985
36.255493
23.453793
32.43419
18.503792
18.850872
16.512817
24.444283
19.724865
21.13622
21.652147
20.093876
25.464645
15.993751
30.071455
28.878428
25.54454
27.452507
17.387825
34.1317
19.384434
24.833311
35.747158
34.777798
23.09278
24.765955
17.557001
40.218124
33.017185
16.329002
22.904118
31.030231
34.128292
26.994099
31.042353
28.993618
34.58838
30.800919
34.471107
25.107733
27.64704
39.24543
32.072033
23.73048
40.609886
35.733402
33.531258
28.740822
40.042187
16.132587
40.846832
35.716988
34.59786
18.951319
22.10574
40.52223
15.90532
20.977734
33.912098
15.402875
29.795128
15.833088
23.858046
24.728931
22.82043
27.82424
27.250938
35.845234
22.499699
35.7245
16.945312
22.151686
18.002293
36.668682
31.57535
15.493901
31.100874
15.217412
39.743324
15.221029
15.1307335
34.827236
27.791739
35.855373
32.424583
36.45739
22.671734
34.218872
24.232414
19.850569
39.11747
28.07433
29.489489
15.144315
23.846079
35.864723
27.961636
19.901192
18.824972
26.971815
23.2754
19.390057
18.7831
28.065601
30.131773
28.00747
33.089962
39.57916
31.6056
21.097279
38.886024
37.11871
36.848877
33.10823
28.92037
37.706684
18.74462
20.023403
29.936268
40.15595
19.099005
25.302107
17.642508
18.58625
21.81302
31.193832
30.318209
18.119284
16.140854
15.215652
28.921043
32.126743
38.62077
30.828472
27.203526
31.056074
25.55526
35.904285
28.78938
27.82151
28.020742
40.44562
25.421707
16.023422
34.30311
24.200138
27.66693
30.846859
16.38394
15.307297
38.24329
28.390566
31.643238
30.920874
38.83993
19.390644
24.297977
15.870044
27.802359
15.828429
33.261898
19.853518
22.382307
25.750027
28.090378
29.405312
37.384903
40.775364
22.465296
29.927376
33.99314
28.237465
21.278286
37.45344
36.30958
27.668133
32.786835
25.490114
24.72737
39.433975
39.54612
21.275335
18.627457
15.727247
30.860594
40.101032
18.096203
22.828773
19.352745
19.965866
19.36725
32.58565
18.91257
29.755636
19.513866
30.384312
16.769716
24.393103
30.552708
36.54989
28.721333
27.955515
33.567215
24.065796
19.652184
16.627392
39.718616
17.782732
23.399548
31.53765
25.084793
20.87425
22.74398
29.024376
30.15203
17.196447
15.84803
40.67716
30.481894
37.42218
27.818491
25.626005
22.585312
36.345627
17.23382
32.977585
34.35817
18.590893
27.456839
39.0436
36.567463
26.10876
33.343872
22.062767
38.824383
19.308563
37.564976
40.487045
38.240417
18.447556
21.165934
19.584343
31.534843
30.988068
16.231218
15.1041355
25.74677
30.033066
36.548126
38.05899
32.902092
20.663692
33.0258
19.294212
19.995562
23.027721
30.288866
18.449427
19.470398
29.36574
19.344004
29.160048
21.012627
32.812298
30.508608
40.903244
20.924633
26.772121
22.89445
19.762148
22.60213
32.946888
25.655035
39.563663
18.711086
31.675983
23.93406
19.339455
28.54581
24.154959
38.99322
16.866213
34.746784
26.308449
15.35131
19.160555
20.066498
34.619526
33.932358
17.235476
25.193857
31.055506
15.199309
16.169445
38.782494
37.38053
24.04056
36.59589
32.77555
36.608143
24.780262
30.089905
35.879337
31.122498
40.099384
24.610718
17.610415
17.084751
29.88289
21.152557
28.725567
17.141466
29.049555
39.06321
15.041252
20.164907
19.274368
31.108685
20.658993
27.780352
26.179495
20.294071
27.435368
24.773546
27.048346
18.694817
30.170067
30.121729
38.40822
38.109226
25.432707
17.354628
29.9306
37.212227
36.20892
29.227129
19.014145
24.072014
24.618425
16.273329
31.143906
30.385332
16.842617
25.711912
34.661407
36.59384
28.096457
40.385864
18.933653
37.163094
30.989178
34.944767
30.075188
32.73734
21.940655
24.31593
40.35582
16.627472
39.45497
17.660906
32.217686
25.146128
35.000057
27.47692
39.428802
18.67301
26.001986
20.278038
30.316252
27.015234
21.034817
24.378904
25.250744
28.62158
23.671595
23.704132
22.595238
26.516191
29.659433
26.259466
24.18383
16.436388
22.091345
19.926088
25.063183
30.590948
21.069742
16.577457
30.707209
25.699274
23.991327
36.168346
26.206823
16.528593
38.03031
21.408728
22.040014
40.01539
31.656727
40.910496
33.94355
26.238987
25.098783
18.282898
30.13613
21.00929
36.543083
36.552986
29.683832
20.637352
21.563684
17.500235
37.15218
24.576553
39.780823
26.01992
40.85521
28.053894
31.072334
32.46768
38.990395
22.554907
33.795647
15.088106
29.739372
35.082497
21.425358
26.093132
30.017818
25.47901
37.771336
36.731308
30.973938
36.782585
20.514397
30.77699
32.56351
16.582909
26.181498
34.268864
40.57044
19.64818
20.879562
22.040068
15.295251
19.714218
38.116875
18.607655
23.800121
21.25825
35.86322
16.326912
19.077309
32.324135
33.634724
37.36655
25.799118
27.022367
32.83662
38.023613
35.41088
29.1973
31.856874
20.172335
37.24451
16.935806
21.476
23.229136
21.05871
15.085588
32.042984
38.91622
27.952904
39.758064
35.564667
20.319271
22.955488
32.909916
31.365595
20.259993
21.753036
16.528936
39.29765
39.842243
30.005568
40.69408
17.61353
34.180847
40.484013
21.836145
29.565464
30.785048
32.86959
18.89472
29.550184
26.843996
37.470695
29.74866
40.193604
24.749565
25.341553
26.291475
20.153305
30.592075
25.327826
15.829693
20.614235
28.07756
25.417881
33.10136
18.462791
18.340456
37.444477
39.14349
35.94673
28.463564
18.660116
16.48147
26.263094
32.1675
37.00033
38.669952
19.963594
21.094744
18.952703
30.084047
28.326763
26.3888
23.86539
21.04115
34.91827
17.856821
32.25751
17.827957
33.445736
15.904534
24.234684
23.013811
22.711525
35.645084
27.466608
32.550697
17.976877
35.108913
18.349508
18.591831
40.372837
40.319565
24.954868
18.704924
40.1284
17.150843
24.156794
25.212858
29.333427
37.34345
29.933971
40.763622
19.713661
21.834846
15.258116
19.913044
20.467506
38.643764
38.20935
25.497942
36.59894
24.951305
33.999985
36.884
19.37822
31.733442
36.441666
16.791786
31.571762
22.325079
35.056885
18.336014
18.904955
31.633776
29.514347
24.1572
35.85628
38.371582
15.35872
37.08164
20.328503
16.63636
30.108797
34.61463
34.002373
25.44935
30.714142
33.753635
29.250652
23.44358
30.088762
36.10211
27.374891
36.79821
17.981394
38.071426
24.624802
33.72669
31.795515
37.077454
39.969746
22.352045
24.138182
30.070011
35.914124
18.640553
15.855329
21.477474
22.783306
33.21529
20.102169
33.70555
27.853853
20.33415
40.60087
18.698359
35.461727
15.092155
17.65364
27.751518
26.794277
25.995811
24.708014
32.761196
24.456724
15.4577055
18.311895
19.399624
19.10096
20.472357
19.149729
23.326763
31.414402
23.759789
31.516945
34.479473
16.588793
38.00112
39.068474
33.7236
34.02366
22.440933
15.968076
18.711094
40.46641
40.093975
40.668793
21.653465
32.05077
27.06925
20.470816
40.904335
15.767564
25.112364
36.73158
20.738241
35.786655
30.367395
27.143911
25.519253
16.745966
27.572483
38.85162
19.572283
36.63348
31.428684
20.33783
16.501488
36.210224
35.719574
40.99998
17.444366
20.057056
25.909386
31.11639
30.806776
18.27539
18.410488
31.512754
20.393242
35.631664
21.48628
17.653053
22.528563
16.507704
24.843523
27.107782
33.76086
33.40386
19.36855
20.393456
17.042858
33.93907
15.1746025
25.030893
35.907345
40.301785
39.15303
23.335735
39.08435
17.927883
22.55889
35.933216
28.25179
34.81661
36.811935
25.280224
37.167877
21.34268
31.65687
28.581137
29.302883
28.682585
40.10207
25.400055
39.26926
28.045282
31.14397
40.000443
16.843513
38.782364
26.184612
23.98427
27.179647
39.149902
28.262781
35.156277
36.933323
29.004072
34.744556
15.70495
37.44734
35.03483
27.956957
16.77036
28.893343
38.27673
28.398819
37.259983
15.3212185
32.583237
37.625824
34.37717
39.93675
15.510592
32.68213
25.742983
20.60985
21.629679
35.038795
34.220516
27.60977
32.668945
28.399725
30.591965
38.870247
39.088844
25.448624
18.092165
40.70688
19.697939
37.635933
28.468294
35.84045
21.743105
34.44258
23.714046
15.824252
17.541027
19.207714
26.917517
15.529926
21.16547
19.57061
17.765581
19.215628
27.964542
27.852184
31.163599
30.88187
18.754448
28.289524
33.157722
28.114573
27.421003
31.937244
26.888163
24.421474
15.357429
26.262291
30.655268
16.187248
16.676712
38.984314
34.346256
32.804207
36.459126
22.551498
37.449
22.279745
36.430176
40.792274
35.670254
21.678198
38.411636
32.746048
29.779219
18.124016
33.647957
24.451674
25.713404
27.774752
19.682713
25.560118
21.212202
21.1665
15.844472
16.038244
27.284632
17.641098
23.598736
30.943516
18.67124
21.183495
27.032343
26.274809
22.126139
22.92939
37.55907
22.242403
34.82369
23.84732
31.569834
33.95063
15.485345
26.656063
34.19824
23.449532
39.9257
26.907362
32.631935
19.387276
16.63278
17.345572
16.472557
15.082998
28.72615
37.15004
30.531694
40.740047
36.177437
36.472607
39.147778
24.732618
20.531324
34.80178
30.618296
40.42404
25.531187
25.116821
29.664276
40.81295
25.03194
32.539017
30.978506
37.453922
28.373798
36.244164
17.85639
18.562061
38.99406
18.76935
30.668032
15.986429
40.47013
33.52883
38.502415
19.825062
15.415458
23.34785
27.699324
22.85473
16.691072
38.12997
17.181883
40.661522
39.249
30.392622
34.512432
31.383642
28.589748
39.33712
34.416626
23.315783
40.294613
15.363676
15.155459
19.274796
36.38463
27.498497
17.572239
35.58924
18.361378
26.069159
18.901146
38.850834
19.701027
20.146217
22.496468
35.153694
20.301348
25.76302
37.526203
38.447643
21.922602
36.73242
37.371105
20.84477
25.016613
28.998173
29.97992
32.243763
33.504395
35.89047
15.753935
27.474533
29.041214
27.399208
18.668596
26.315933
36.098988
17.635202
20.287333
25.202303
33.799427
15.018724
38.08242
25.209978
15.847332
31.416357
27.05002
25.002787
32.14202
39.441345
34.991272
33.81593
20.685806
19.439194
39.02859
22.270538
20.26202
29.299475
33.936096
27.836601
31.021074
29.166397
19.685352
15.099852
15.591546
39.364857
30.242355
28.638563
17.624317
35.415318
22.099026
28.279123
15.78131
26.88001
15.282125
34.774647
21.096361
22.964603
37.654903
28.538752
22.3643
21.293587
25.211437
36.96703
15.755318
25.084312
30.760992
39.091652
25.205235
22.063726
32.90939
37.839916
29.298252
27.903517
34.56674
40.00542
32.337357
31.693468
29.345594
30.190971
34.088478
21.029537
33.16086
27.445232
28.288109
39.662273
23.102554
24.09045
16.420012
39.332787
38.22486
39.32654
36.49526
39.41774
31.279484
37.597206
38.610764
21.311344
20.618841
39.416607
25.915058
37.091557
37.50418
24.38054
37.276043
17.949314
39.87607
26.42396
32.423965
17.10375
29.279488
30.037025
17.6339
18.482998
37.08295
39.114838
40.11551
18.319323
25.39091
17.39132
36.1939
17.98898
37.120937
20.995653
32.093876
38.9213
36.601944
29.570059
20.680906
22.208176
30.746946
34.60057
28.865732
40.66428
39.363712
40.13789
28.545357
29.5199
35.48881
21.923254
16.931911
17.672548
22.765411
16.084686
17.91171
36.480022
34.8324
30.031832
40.68046
23.446795
19.452196
23.953035
31.316523
15.837273
21.676884
33.40616
35.182663
30.243515
37.737015
33.89504
35.087784
30.441765
40.534786
25.036417
23.993567
21.491163
26.632977
18.947489
15.717044
28.959778
25.45333
40.822163
38.558594
22.407099
38.03284
17.314524
31.07589
19.808897
17.133661
22.310816
32.3278
40.479416
28.762114
39.94675
24.828362
26.227533
23.224518
27.314709
17.179317
23.977682
25.732416
24.20596
24.890848
37.892918
40.26689
30.445728
32.25359
31.156704
31.9216
40.904484
27.291023
25.00162
34.266262
18.106638
29.799915
29.317305
19.407227
32.50823
17.277401
35.22664
21.368946
22.97811
29.136902
23.388258
24.17994
30.79248
40.03106
36.46517
32.61915
35.540558
38.32835
24.193382
25.963312
40.739525
31.83111
32.791054
39.27325
22.669813
29.67618
23.06788
30.76674
31.967157
39.025436
25.526016
25.647923
29.845736
27.631914
15.987996
26.39791
17.477139
28.658337
21.843758
38.978607
38.012768
36.228317
22.878023
33.661427
24.01265
35.106544
39.820904
26.26494
32.631573
33.632744
28.258755
40.47018
24.81383
15.575276
39.348957
28.57968
20.96073
33.92372
35.901424
28.59597
16.060442
15.805782
26.821257
35.817684
26.107635
40.69241
20.651196
23.285986
34.79074
31.846054
16.009016
33.36153
40.887596
35.570415
35.084293
24.471699
26.585583
26.236172
28.040527
24.640322
35.03025
21.285568
33.162773
22.796719
23.806885
17.459892
33.897568
28.058231
37.77229
15.347227
19.551083
24.190176
35.67944
38.014053
35.343082
27.26937
38.375656
26.96265
21.758389
39.212215
20.005196
22.947323
18.694204
16.27553
25.610172
30.286018
38.770798
25.898127
26.799034
35.219856
16.354675
27.323366
25.739733
31.601648
22.3375
15.327716
38.63513
18.735483
23.52072
36.07758
31.051079
22.54299
31.574892
31.64644
26.992933
18.39789
17.97446
35.04665
29.464272
33.94894
32.05278
22.7649
22.391851
19.042456
25.378904
26.737732
40.26385
17.459047
39.026695
24.463228
28.603699
17.595238
22.988586
32.517185
15.489826
16.449184
36.980354
33.126965
33.731953
39.31069
27.189926
37.653404
19.027481
28.409222
24.142435
30.840942
39.446907
23.4397
40.785347
33.518433
35.93512
33.364285
17.141575
15.067786
36.165764
30.17946
36.43525
38.424973
19.048788
19.441164
39.46381
21.63756
40.46673
31.256792
29.171877
37.075317
32.403015
25.181404
19.876385
32.275135
31.526197
34.996418
37.399136
19.098785
19.50668
16.70269
27.48211
28.391836
19.86806
29.225817
24.292448
17.654236
31.013035
22.310043
28.568226
17.367947
20.214193
37.86817
22.012693
29.574183
36.822952
17.658405
20.913923
20.052605
18.725243
21.574993
23.648293
17.027124
40.160473
23.068195
29.72052
40.707672
31.420685
35.24997
40.299503
15.174605
21.659681
23.095366
27.828392
21.122152
19.067316
21.81564
25.219
38.799603
28.002037
26.957548
31.384708
21.123674
28.325151
32.074398
23.422783
33.38278
24.143145
22.917831
30.626032
16.21366
25.439854
29.015442
27.685486
18.603174
18.668083
28.227755
19.93985
35.552692
39.27073
27.41919
16.334148
32.739918
16.314333
26.731058
33.86911
18.022684
40.94335
26.11076
30.754513
38.95148
34.201374
34.729767
24.223791
18.592373
33.915886
28.714054
27.023909
38.909054
34.806007
22.21416
17.963606
25.712732
28.748177
39.25801
22.584778
21.76064
25.222454
21.058222
40.015884
34.96886
25.36265
29.486603
25.372932
32.90236
32.74633
30.282053
19.692701
16.714876
28.086098
37.224117
19.314558
29.533613
37.321526
36.98292
35.871292
19.918446
21.261415
15.647311
26.606083
28.47258
25.889046
36.036415
40.601864
36.941433
21.718346
21.81599
39.690926
18.20868
28.176933
16.169325
27.306818
40.483288
18.892294
39.31356
38.34721
23.66852
25.970242
16.505764
30.235476
38.41372
35.88027
36.34913
27.800518
16.671926
24.400206
26.18815
24.338346
24.72119
31.22304
35.17273
40.275703
21.554577
34.291645
26.174555
35.225033
23.303852
17.702528
27.155216
22.90188
17.93384
33.107628
36.814014
21.369799
37.82943
26.943539
16.38437
35.38461
29.094353
30.530516
15.301362
33.228897
39.390633
23.108868
39.128838
17.359358
36.96993
33.21841
25.613134
16.433681
26.18268
31.476854
39.021408
29.840311
21.198318
21.776073
18.026121
36.723618
39.929466
26.190443
30.313221
35.678562
36.225433
33.479404
17.82011
20.783188
30.284962
37.966827
26.050451
32.44378
38.93555
34.792503
21.266422
37.646824
36.93637
39.056705
20.525055
31.643394
17.78409
28.216398
21.503746
19.835865
21.635674
27.242264
35.851116
34.693367
18.909521
38.50852
21.402882
39.89166
40.88603
35.162872
15.018372
32.554626
35.200943
19.811934
27.021944
28.468834
26.509682
31.75766
26.27446
36.44918
16.797947
17.733475
21.753563
36.6528
33.823902
27.113922
28.187489
23.570055
33.99925
16.909737
31.765676
19.665586
29.65148
22.510506
37.240437
26.199013
32.056725
29.10008
35.837467
23.624016
40.892437
25.945187
38.30901
27.146215
27.831402
21.345673
25.19199
25.514332
34.883396
21.935135
24.874443
32.925827
18.787899
18.233625
31.427084
35.04731
27.27129
24.87949
16.322893
26.581648
25.30398
16.80529
25.146095
33.557915
35.627872
39.77316
36.182907
28.57683
17.771704
35.147804
36.390007
33.61361
23.531652
20.560848
15.652588
32.661743
32.466785
24.207905
22.472513
29.495293
38.343807
26.92044
35.267967
32.134064
32.66268
28.867098
29.31961
31.215033
24.404608
32.76474
24.064213
20.405128
39.966007
28.817259
28.915277
17.23457
21.876959
16.250656
18.081167
38.286613
27.349834
40.275692
17.954784
37.548702
37.96358
31.58493
32.564823
34.911644
33.86141
26.078743
33.30721
29.297606
27.724411
21.41539
38.71627
17.70433
31.480875
26.193
32.388737
31.572132
38.220814
19.096869
22.339714
37.31186
17.107584
17.183178
35.04825
36.576176
30.213095
18.620813
30.241085
27.913143
29.1505
29.675713
20.066858
20.810165
16.13795
18.497639
38.72882
23.818153
28.699303
19.357155
37.872845
30.439705
15.592384
24.380922
31.068392
31.771925
33.752758
33.54642
19.573652
19.513498
38.05064
35.72247
27.242134
40.877377
17.48088
25.879944
16.906424
30.194546
23.04075
22.247332
23.86591
34.55093
23.997473
30.148817
28.20872
36.668736
38.507225
32.537827
16.614227
31.425058
25.61963
32.826965
28.010899
28.894838
30.586473
37.515633
24.005325
32.611774
40.090706
34.329433
18.351805
34.860027
36.521492
28.111032
37.89781
19.241169
18.74338
15.539823
30.419254
20.504927
36.94242
34.908318
40.550407
20.689001
37.07932
26.645964
37.61692
28.98228
34.239475
30.056496
26.596367
20.407475
25.742048
23.822887
33.659195
17.413328
40.254887
16.234272
26.784145
18.773193
28.359566
21.80213
15.795522
25.805891
27.020334
15.958459
32.83584
32.86642
29.23327
18.866468
35.765854
19.29828
30.766502
19.024803
15.275
27.595655
38.34977
15.309128
19.588732
25.39308
33.931282
30.370335
24.575382
39.081608
35.692116
36.896523
25.783558
24.34484
36.39319
29.146273
34.48216
29.714657
33.327053
29.373621
32.12866
19.36578
31.65658
20.290592
24.857193
34.7998
26.244831
16.550943
37.55666
17.813543
26.215195
28.389254
27.899914
23.20323
25.428127
37.012314
24.288755
25.02507
38.82061
20.115215
24.095375
18.914522
35.12668
30.982393
33.809437
28.960646
22.882181
34.034267
22.741043
22.938555
24.814152
37.393063
18.783241
38.322197
25.724985
23.066721
18.403885
35.431206
30.803823
27.687723
23.515055
35.309895
20.93238
39.394085
15.15931
16.49287
34.99965
35.402576
30.055593
22.681126
26.499727
20.099724
30.963543
20.5339
28.759268
25.063938
35.553566
39.275894
36.025806
24.332588
27.01098
17.625977
26.345491
16.440662
22.9561
24.6727
24.668533
37.283096
25.428093
39.753544
32.942883
24.690723
39.659016
18.139013
38.091526
22.760187
35.155434
22.37929
30.715939
33.441036
33.208473
39.540318
15.128065
28.658659
36.36933
18.237808
26.885473
16.339548
35.65558
20.371868
15.389022
26.105806
20.29481
36.771458
32.299747
29.118702
20.665522
29.577188
21.541334
27.576452
35.761303
17.12249
27.476913
36.70931
37.98276
31.317356
26.483568
21.765432
18.352745
33.09554
31.595335
30.44389
40.353893
30.355175
30.145128
23.506565
16.50356
29.004475
32.40835
34.888565
20.509678
37.21826
19.135712
23.527224
31.392153
29.81775
35.56002
26.342554
16.307875
19.80515
34.97151
19.32752
19.98346
33.51626
30.27847
25.544312
16.638378
40.59842
27.104797
28.973188
19.072071
22.07777
38.92331
35.623432
15.192258
31.148964
25.48338
22.091236
16.67757
40.00204
34.363808
22.837317
23.696249
39.995438
29.866556
20.857409
35.643574
35.790604
35.66425
40.131687
18.714262
28.682936
33.62409
32.264538
16.792091
26.295362
23.053152
28.064041
36.61747
39.044994
34.244762
25.460844
31.48474
32.350006
21.65285
30.129068
39.824528
27.412941
19.281128
18.447237
33.94237
20.59833
33.945988
32.025105
15.913523
19.916689
26.956938
32.922695
34.174698
40.933502
27.455568
18.900692
23.707159
27.541027
23.16388
20.566772
18.871466
27.46238
34.615005
19.12031
36.932793
24.10145
19.074148
26.548315
20.106718
37.4089
38.304848
39.58833
40.55885
36.803623
28.095423
30.549416
36.20777
18.87062
25.032675
38.17025
35.409203
15.550518
39.394825
30.093708
35.640373
24.842455
22.232729
33.250298
29.157053
37.661293
35.718395
27.468035
21.261717
29.421726
20.661892
40.964443
20.299911
33.165985
37.732677
30.026566
34.792763
16.60851
27.36851
31.147888
40.217213
16.340055
33.614944
24.166422
39.86152
30.615402
33.210667
21.536083
38.91211
21.64289
23.118658
19.76388
18.468796
39.100754
23.400476
20.258375
30.539078
40.72427
21.84071
34.36019
24.227999
39.23941
36.050896
27.163292
37.318817
29.662897
33.916992
22.88612
20.230547
37.045044
20.201714
25.014574
26.942062
36.101074
33.872894
25.214222
37.888454
30.858149
31.301182
28.096983
19.06382
34.439507
30.855255
30.32796
29.605658
32.41374
34.619938
28.270967
22.989666
25.756405
34.97237
24.396685
16.629618
35.40281
23.573713
23.015253
21.155586
29.614855
37.968548
20.54558
21.934814
29.941656
22.43143
30.496395
37.50297
17.422567
22.959879
30.609612
38.48964
37.86308
17.385233
29.20437
24.350315
25.508064
24.457687
23.660532
29.758284
20.243555
22.459017
26.193298
35.863186
16.577353
32.406273
26.596045
17.789171
35.080425
25.232033
22.466286
18.724007
26.715155
34.461506
34.580147
34.74151
15.533189
31.854103
40.54354
39.10326
23.594753
29.236818
29.623734
32.201492
27.642923
21.329037
21.752743
29.533611
26.060524
31.743176
22.094532
31.139774
26.943932
15.542788
31.280783
17.78857
27.74721
20.74957
36.445408
21.8617
37.88166
36.012936
19.525923
38.367233
27.89999
18.29062
20.95012
39.801926
22.450949
36.83603
32.789413
25.686647
37.059437
30.047813
31.735598
17.514954
36.968693
39.809387
30.845673
20.583403
35.775383
23.83098
33.89977
33.71315
34.394943
28.20388
35.430058
40.22598
27.0138
25.886547
21.00403
26.703812
28.116571
20.164284
40.18329
34.039413
17.420717
31.259132
16.729433
22.076841
39.607468
21.21377
29.091629
16.743881
29.107271
28.933054
22.985586
32.9946
38.879436
29.839066
40.96184
34.108707
16.119923
32.980293
37.261417
19.935488
15.137776
16.632874
15.9699745
39.52342
34.25993
17.441517
34.50681
17.242842
35.55565
37.97011
24.82311
25.987343
31.416122
23.16666
23.334156
20.330662
26.58127
27.69452
31.573044
36.619392
36.075035
35.3417
32.828983
39.89779
32.692017
38.792202
37.621033
21.289505
20.172495
16.928133
22.758574
34.002052
24.009485
23.528683
30.952644
33.473396
18.950665
21.741713
28.467783
33.34597
20.689568
15.026014
29.141747
19.932095
30.984684
31.397087
26.251015
27.62556
34.50164
19.756516
17.162762
22.317923
34.042896
24.844788
25.489471
19.293823
36.510876
28.9297
29.550175
30.308372
16.944775
15.727221
16.342726
33.59046
36.27777
17.248957
34.944424
32.36955
38.08058
33.280178
32.28367
36.18939
26.488966
38.014534
15.56319
36.750664
15.75684
29.00645
21.265903
28.31562
21.433388
36.04941
16.637156
23.811172
28.031662
35.848087
31.81267
23.683062
34.237785
20.4246
25.34933
31.282131
34.20403
29.083885
30.816305
34.104797
26.27574
23.460463
39.316956
34.563305
16.621048
36.678658
28.337358
15.127417
24.664204
32.980564
15.155085
18.657608
39.967255
39.310844
21.192411
15.540971
38.261604
39.29468
18.160883
20.844444
17.700066
38.80503
27.619635
27.116076
33.081627
32.887486
16.65773
33.69349
21.79539
30.19595
23.811178
25.41977
26.53667
29.289476
19.038166
28.520498
28.467474
35.150482
15.601449
23.061659
28.425127
22.106726
36.044746
27.88669
27.02708
22.974289
17.100323
15.221931
31.076448
31.686008
33.327896
32.24327
21.542019
19.929583
26.560375
15.812784
23.56816
33.39187
19.81978
28.32267
33.464096
38.09062
18.267183
25.124846
37.428783
23.97218
33.963287
27.378023
37.88659
33.463467
27.74175
36.31014
29.740837
22.988766
30.335178
35.872513
32.596233
31.596645
24.044144
38.553154
40.05789
20.789667
39.70247
23.720074
29.583883
19.409132
23.467379
33.2816
24.049772
20.999578
20.05108
39.67907
25.177795
40.46237
21.410624
34.268394
21.289995
20.005041
18.625875
32.00048
37.4637
27.402805
27.720798
28.976439
21.09946
32.410946
23.52108
30.932167
20.155642
29.80149
29.291615
40.997753
40.86049
17.944921
33.86019
30.180782
40.58173
20.117386
22.209114
23.938562
27.71526
39.786156
26.104437
28.932882
23.948776
27.010855
28.2328
25.601826
33.0627
28.795216
20.528828
26.5368
36.54996
25.733942
16.90138
27.818844
23.767902
16.621433
16.40487
28.446867
33.079525
35.824005
25.052223
17.78147
26.49816
17.164413
38.92901
24.531496
27.71861
24.827261
18.04356
21.226488
34.099586
16.366241
27.435883
37.34675
17.156256
29.278767
31.468521
16.323727
19.428514
16.810932
28.935389
32.476902
30.209642
26.665482
20.650042
17.619482
18.551624
38.10769
23.512695
35.54359
35.20766
34.598885
21.705723
27.886784
17.728928
32.534554
40.63023
26.985111
40.801826
35.92377
38.47171
30.234098
35.09365
19.918968
35.87069
24.207403
30.368631
36.989758
38.074615
17.324013
40.443077
24.231882
18.160172
39.208324
26.667387
26.812073
28.440601
35.053463
39.0544
24.871868
40.010456
22.27673
17.917643
27.348204
15.530652
16.547071
27.939709
38.11591
33.81953
38.867966
28.960186
15.61692
34.591095
20.815176
33.45405
34.71335
29.769384
23.257296
29.665754
24.886307
40.20845
40.92806
29.670769
30.099607
23.36018
19.072863
29.255484
36.6573
18.45768
35.058018
37.438095
40.206192
15.119816
29.309713
35.697144
35.669323
40.93284
34.240746
34.531063
18.343603
23.527987
34.92648
33.841267
34.65459
38.94929
31.20769
15.812842
25.133673
34.693768
19.626251
38.461197
38.06763
18.706455
37.140846
28.819519
31.967903
40.82581
26.923222
24.861126
24.516567
40.7002
23.701641
16.682411
38.968353
40.03421
22.096664
40.21619
34.122776
21.17393
20.185387
34.80197
24.927692
32.503075
40.133797
25.308699
37.535442
17.89745
18.152945
36.187325
33.204887
28.572918
15.263098
26.824509
23.827557
31.062616
18.391098
38.875546
28.053192
38.77188
20.179646
30.873686
23.0
20.584902
15.553236
39.34467
20.356913
22.334873
37.564034
32.899433
19.320166
15.599892
34.331898
30.334583
32.25357
37.249702
30.996424
29.639414
30.221783
16.443794
25.514723
19.98979
22.618
35.36923
22.867313
15.303493
33.992424
19.907015
34.77542
33.738132
31.884932
26.628637
23.38656
18.631973
33.975327
37.04988
23.551249
34.819572
31.186668
16.906853
25.292233
15.998388
33.512043
31.369543
27.858627
17.879007
33.282352
40.571213
25.360868
30.220915
40.35248
23.60715
21.39842
16.537285
15.255455
17.244404
40.320667
29.246462
17.75897
17.98433
25.80245
32.354397
15.455991
26.83277
39.269222
25.371506
18.030779
35.158073
29.372808
29.098967
19.66406
17.355013
33.197296
28.163733
38.6758
23.683058
36.165527
38.738056
37.95126
20.6104
22.720287
30.748549
31.955854
26.270456
27.77019
16.061394
26.216537
33.225483
31.618858
33.62451
37.032223
21.632359
16.636986
21.354042
40.873047
27.118439
18.290344
38.67177
20.437965
39.200798
38.30287
17.031607
33.662563
39.92007
35.712498
30.51755
31.10357
32.51048
40.368286
26.652021
26.07402
16.390535
29.021122
20.92276
34.662537
17.534277
22.576075
33.21799
31.342754
40.37085
18.30315
30.35378
20.263393
26.760527
34.844135
40.184135
34.506973
17.308275
16.70675
17.40349
17.614784
34.301247
36.603367
23.082926
35.498066
31.894592
28.470007
33.2256
32.490116
39.82025
17.292463
26.183435
36.741257
37.85637
35.969738
26.646368
19.418398
37.570324
30.361166
15.097006
19.24323
39.43626
21.392025
32.11772
16.787762
19.328417
33.633453
38.74387
35.64324
32.60441
23.126015
23.175892
30.088295
36.518024
33.38232
38.5948
35.204277
20.539019
25.482523
20.569593
35.520714
15.307716
21.96764
27.601843
30.220877
34.41516
32.839066
36.721825
40.69742
38.974964
37.38872
15.7322
23.820103
19.040846
35.812813
16.689365
15.662567
24.324265
29.603079
27.51933
35.63229
21.37947
25.563087
20.283972
33.957623
39.448643
30.963013
17.545311
22.308105
34.497677
36.824917
38.519444
33.959038
20.623638
16.621555
16.268557
16.35846
25.97768
24.775244
40.048485
21.214586
18.62275
17.259327
39.11092
33.293896
36.333138
37.333336
17.753576
31.004908
31.24349
38.983883
26.218252
31.539938
31.467632
32.996956
20.15576
34.856834
19.333061
27.753117
34.808514
34.105045
31.714806
26.815874
28.805538
33.235073
34.102722
18.174248
28.521437
33.477654
32.499233
31.604263
17.31987
37.13878
26.019909
15.030022
18.683868
35.728928
18.157076
21.993547
40.22934
37.82962
30.06721
20.38361
18.904804
34.29776
38.95559
25.427267
24.299582
18.417849
24.657177
27.613825
34.9142
22.434584
15.850553
34.69953
33.491016
15.532989
15.992118
18.232193
32.059643
29.78056
36.020676
15.1385975
17.220928
37.805668
22.157888
29.833447
37.374874
19.058695
36.71803
26.037178
34.092
18.387178
27.740747
32.031006
19.634333
31.353481
17.4736
40.430984
25.751331
37.233307
38.25635
29.72901
29.307674
38.955578
29.197006
15.827116
16.044012
15.379031
32.179955
39.58245
20.828405
37.248127
27.209421
20.983852
31.12531
39.930595
30.866854
33.99698
34.09065
29.611265
19.748806
22.343374
30.695555
15.0015745
19.152153
31.519972
40.588146
33.821373
39.9865
32.219017
17.021734
18.319479
27.918934
24.974346
40.1095
36.921646
22.094208
27.338598
26.909939
19.72942
20.423841
17.186794
38.403793
40.040543
32.400467
40.8454
30.292635
16.32147
36.66921
24.661886
36.73056
29.134663
39.17568
31.358328
25.594896
33.408226
16.610723
20.053698
40.708267
26.132637
23.084705
23.19286
30.543608
19.07914
29.489761
24.786467
24.37529
17.45657
40.846157
30.344318
37.58374
30.558231
31.07938
23.675867
25.87748
31.397623
17.137411
37.335026
35.56574
25.091667
19.133104
29.902445
37.69639
18.322266
34.284393
30.526937
23.868092
30.591845
33.825504
37.18881
36.832203
26.185797
23.775234
28.00125
29.619133
21.764475
28.473684
18.532091
38.855442
26.329672
32.136845
36.60663
15.182171
29.945293
32.328697
33.34331
40.2415
25.039198
30.213453
27.277567
37.567963
33.372902
19.725971
17.345104
31.90211
36.83819
35.386177
26.22443
39.938644
39.124348
24.383823
32.079494
39.327717
21.997093
22.77273
36.096783
39.867123
20.43996
30.139086
15.377173
21.25493
27.231209
17.946257
27.721546
29.51605
29.66408
33.908943
30.639906
37.27303
21.065514
16.212421
15.517549
27.400406
33.528137
33.16802
17.287611
35.283634
39.842686
29.983774
28.18801
25.89776
38.00273
34.72979
27.221672
20.22758
18.850868
26.290464
26.79257
27.170277
36.44526
32.121384
40.65604
19.993061
15.5477705
16.966387
36.800377
28.662533
23.269594
35.340816
21.167725
24.919136
30.35761
24.549793
39.225826
33.839188
35.864452
35.285755
18.318157
31.808603
15.017524
17.437443
30.448503
40.326607
37.98698
25.642818
28.697096
17.864351
40.949963
18.331362
16.818882
16.12246
36.35811
29.526556
34.740536
40.46324
34.63766
24.517262
28.651371
37.037373
22.686258
32.657085
23.174255
15.181557
27.47772
35.013695
36.706238
37.032726
15.845962
17.365509
25.434519
30.986126
28.09139
18.13098
24.76199
33.61859
17.437937
38.21615
20.917526
40.005135
35.5661
23.479013
36.379772
32.975952
38.457207
26.534657
18.409151
27.792732
16.606295
24.962955
20.46135
21.967194
23.295815
31.631083
39.546555
34.501453
40.06966
23.80593
34.70222
18.698994
23.806684
27.006939
20.663195
27.876566
40.865276
37.137737
20.541449
29.80162
20.655207
28.33535
19.86885
25.486351
17.69028
20.188688
33.709736
29.088734
17.685118
28.50333
30.716179
38.102436
19.581581
36.627598
26.97736
26.761745
27.525208
15.505243
36.30538
36.64419
36.759212
36.08299
30.203482
18.822783
15.163439
33.476547
34.17855
21.601297
21.737864
34.386627
19.288399
28.860353
28.715044
19.656849
28.855238
20.348494
39.183174
16.578356
20.130335
18.871735
25.111145
40.57132
21.360844
26.266644
29.489326
33.211395
38.188305
24.286177
22.934473
23.219608
31.599346
30.084095
29.554527
30.997074
34.75261
16.852982
25.128742
33.561207
39.921955
40.35247
36.73092
31.328154
21.524538
19.558495
18.808247
29.08643
26.743269
22.470905
34.425507
28.719696
39.606853
16.236107
27.894236
20.762
35.55645
30.172806
28.32861
27.706644
29.506588
37.033302
18.804638
26.140347
35.19904
29.889212
26.746506
19.2371
21.251732
27.399824
37.92369
33.92166
39.720932
16.902784
35.01469
16.100416
40.223385
24.761034
30.078035
24.757767
40.70608
40.706535
36.46845
39.429115
40.804928
29.54049
15.745857
21.586866
15.399511
23.481304
16.947187
32.81375
30.449753
29.695858
37.225597
19.288261
20.491182
16.106083
18.30919
25.06972
33.269154
20.432169
18.490852
39.946053
23.908283
34.61524
30.933287
37.19513
16.741922
23.256523
27.957962
20.51093
17.467516
30.516712
35.684017
15.55877
15.64719
37.038277
35.892906
26.149082
23.738909
34.88521
18.31687
27.857248
17.822124
16.23878
32.684025
15.067317
32.97276
28.64451
19.800165
28.880337
40.846
29.97476
28.707167
25.103432
16.441242
33.952915
32.530075
17.623636
29.252228
34.07935
35.00978
20.870903
39.04624
18.1059
26.915451
35.787567
40.369907
20.824875
26.540579
24.746967
32.545017
39.87005
35.30893
36.201797
23.39645
17.471462
26.151237
17.493147
19.245173
34.662323
18.760927
20.214127
36.80284
35.30549
38.096817
36.79727
22.520609
19.488733
28.573069
17.58293
39.673126
25.331978
34.26136
24.526098
24.999918
23.056477
37.127617
34.912193
37.07963
33.28498
20.83528
19.977531
29.778847
40.97357
40.969475
27.168217
40.095543
25.120024
37.671112
28.92157
26.508362
36.45013
31.6173
31.31704
35.546364
30.652668
27.044146
22.718992
34.709892
39.41522
34.080322
35.621662
37.101826
37.507244
35.044548
34.306873
39.16931
39.463486
29.557384
22.638128
35.809822
36.039837
19.327501
38.33998
28.76119
24.545527
27.294847
32.4495
38.673912
24.399574
25.447956
37.27711
18.554964
29.816105
37.07981
21.17683
26.37597
23.392288
18.506521
27.701468
19.554459
15.554267
38.345314
24.306166
31.745554
27.310602
15.333085
21.664047
30.922453
23.569412
22.364033
22.870653
27.077505
31.394499
24.934717
18.33923
32.041763
28.0074
34.507015
35.02682
16.899414
23.086477
39.43441
35.781517
36.264442
20.97074
20.044077
26.064068
37.290462
38.745293
38.22724
33.07254
40.700653
21.866913
37.462353
16.38646
29.353207
29.982393
26.580484
27.647413
24.898779
17.898945
31.779627
19.505873
28.939903
18.285109
32.40427
17.089436
27.768337
31.612213
30.828964
20.585554
29.234896
35.090622
17.419333
23.182253
26.597233
23.911606
21.99121
30.573147
23.294647
26.97483
29.448423
36.508545
24.514956
23.463095
21.351942
23.462278
38.14698
16.12012
19.057924
36.38426
31.253262
21.893744
21.759417
38.721733
30.551079
32.72615
24.276272
33.41749
18.555885
38.70426
32.76008
35.43129
15.019819
18.527685
29.615694
36.481052
16.08888
38.30814
15.888199
27.16331
21.206001
37.083538
34.12389
34.38782
26.203123
38.11142
19.286198
19.149076
30.254023
15.000697
37.69214
37.057877
40.400555
25.0472
16.132225
29.769022
20.218575
38.75772
25.346483
19.46655
30.855726
32.478905
23.851543
16.905855
23.151918
28.291395
35.748466
34.162403
30.844187
33.886387
21.588299
30.19966
24.961296
33.010788
16.632065
36.644222
34.429317
18.248924
21.914223
32.74405
39.63806
36.402733
34.40331
40.38608
24.259138
20.539206
35.25084
38.26241
19.960056
33.892796
33.629208
28.799553
26.824657
17.242306
35.981728
20.303318
27.26883
37.125797
38.64251
19.922077
23.031342
19.313772
19.731422
18.494177
23.423248
28.329975
31.98886
36.12064
16.435259
25.49085
39.7875
15.392149
32.531055
24.928783
24.942951
23.599733
21.995451
25.37092
39.1424
21.971445
22.559948
31.06449
35.820194
33.002724
30.6941
40.17122
29.131577
36.286015
33.42974
23.197529
36.31047
16.895641
37.876072
39.58388
28.144539
40.34673
18.687153
19.445759
36.560566
36.422516
21.659359
21.640404
38.38529
24.752098
18.364826
28.827623
18.23181
37.921238
24.268036
28.999537
33.15879
37.111572
39.12608
21.073332
29.259499
30.789095
27.63924
37.572742
37.66001
22.80056
38.297024
38.168068
32.54066
22.386978
23.15577
23.901209
28.742052
39.0861
24.887531
29.291344
17.276745
34.271355
31.855858
30.198519
35.640007
26.162401
37.202705
37.31651
30.197748
36.543076
19.971684
26.473042
24.12704
15.135161
23.146324
19.534521
24.394407
33.602028
25.148169
25.644093
37.0793
21.493858
19.817879
21.766016
27.984972
21.09679
35.193653
30.065926
30.9262
23.110994
21.504768
27.525745
23.343122
34.35825
25.713982
18.373629
23.962633
38.307377
23.671179
32.403446
26.113638
21.106308
23.481564
32.064987
34.999695
40.022503
35.045235
16.325197
27.74231
31.71872
16.89102
37.73236
25.330471
20.629131
38.405975
38.85935
17.74673
30.851133
35.352894
27.358652
37.487442
34.43105
17.17175
39.23105
22.454475
18.697386
23.97706
19.59143
28.768084
25.383146
15.391511
21.209454
25.435251
38.679104
30.397379
21.409254
22.00522
34.07284
23.240688
35.531708
31.35359
18.853724
31.089115
16.094286
32.55868
32.501923
32.623096
29.027697
21.46862
24.829916
31.030746
23.925222
17.004845
19.707863
15.980506
26.109673
23.507519
26.479559
37.061687
28.504644
17.500612
29.763676
29.911404
22.790834
31.139149
29.235247
31.787489
36.13482
32.29839
22.19538
27.700535
19.896873
34.77452
23.262463
29.384098
22.156015
33.388626
21.356113
37.36077
30.634598
15.920557
16.295422
15.152719
18.661444
38.746487
19.796
16.288857
34.18165
23.813803
32.425697
19.176851
32.50279
23.159199
25.166777
26.136623
35.46143
17.560574
17.632652
34.93307
35.00051
30.110676
38.700302
25.999222
33.767242
21.510153
15.344748
20.207087
37.272877
21.69992
19.79995
18.521917
21.399769
30.087582
19.820826
16.166685
37.597866
24.069832
27.784016
16.027042
35.981876
40.812607
39.640377
36.943077
23.72194
40.32294
36.320126
28.262655
36.6149
28.731339
26.091879
38.57224
37.529793
15.40064
40.589783
19.874445
30.540379
19.987207
29.74829
22.647799
29.98914
39.90249
17.722044
26.202486
25.471373
38.75775
19.01871
24.53704
20.784555
24.322136
35.53546
24.504375
39.257385
20.283813
22.965322
28.511564
17.554497
31.676437
31.127281
22.20633
15.046975
23.217718
19.174658
40.6442
40.14552
19.00432
35.34901
24.283787
16.6121
15.016966
33.972218
36.823704
29.797773
32.711956
39.7074
16.3731
18.99828
18.610033
18.769571
29.738838
27.675838
37.24082
34.72991
28.71587
20.164612
37.06082
34.832947
37.183334
25.658949
19.03519
27.333693
40.53747
35.777733
37.458344
37.262394
26.533388
16.804693
26.28563
33.237194
36.961357
39.823772
21.758158
37.470596
20.749165
25.40023
19.425045
20.953428
17.0607
24.202335
36.80219
25.950354
37.75193
33.015095
37.853886
24.40397
18.148891
18.966652
34.24342
31.61984
35.528374
35.469646
24.87099
23.692728
19.910536
25.373857
17.602081
24.534689
15.813612
30.133247
37.28674
32.078587
40.474438
28.409546
36.179855
25.255938
29.704561
25.466194
38.69496
27.685951
15.0301695
27.950628
34.05867
36.66295
17.05511
15.219497
15.88027
24.992289
16.08979
34.23054
36.910683
18.500315
16.004753
22.206554
20.337301
15.631678
28.996256
31.770903
21.845942
27.447851
37.492184
37.060802
29.37847
34.553493
36.780113
26.443651
18.024357
28.002714
24.105455
21.893358
21.80678
16.07523
30.965996
36.82775
30.25851
29.962711
33.120247
25.2648
19.630274
20.868582
39.43055
27.524511
34.333862
18.79989
36.077797
19.38503
35.79466
17.417776
34.913277
22.595566
39.272953
35.71342
33.754063
38.955425
30.410686
19.989294
36.281918
19.787638
36.270096
16.650883
21.871714
37.567184
36.452843
39.651978
19.153893
34.708073
24.52321
20.086992
25.406437
28.070086
24.405931
39.38665
38.97542
38.615253
24.689283
23.848835
35.839207
39.825584
17.836065
38.82422
40.1598
27.98795
23.190056
37.776676
30.206015
30.258411
16.36269
26.651457
27.386478
28.537657
31.094501
37.509396
23.296656
24.62067
17.008154
21.223375
33.662457
24.82799
31.804628
37.18363
32.85413
36.382545
15.401399
28.42138
28.247566
21.16519
40.271217
27.335665
26.126204
29.163643
30.81236
16.296173
18.045218
29.923824
34.966007
30.795155
26.620718
31.619036
23.493599
32.53455
30.560154
23.971722
24.336918
15.859716
20.416193
29.194113
21.30575
25.289082
37.02479
26.358212
21.97288
36.539486
35.879284
17.162237
25.103357
26.409775
36.795696
22.929739
23.204794
40.160667
23.140673
33.859314
22.85764
36.616795
36.62176
40.036896
30.36925
37.117165
24.180937
25.529325
32.99275
24.653265
28.885672
33.99697
24.461483
34.059334
38.877968
24.694878
25.912115
16.957254
27.420166
25.476015
21.404215
22.308949
38.867496
38.466846
21.191395
26.891966
18.000713
34.45458
19.65888
33.789413
15.568301
37.70716
40.414616
21.073248
25.116142
27.941078
16.405817
23.260303
33.223644
28.458824
18.130077
22.833424
35.11877
21.096933
16.020012
18.145279
30.310495
37.557163
39.902557
17.360563
16.355639
36.937508
39.068924
21.742453
29.16815
32.83646
34.9384
31.552223
23.382357
26.272915
16.55897
20.106277
16.19772
38.845963
33.26004
40.122715
40.86118
38.052746
32.657223
33.389977
35.48416
39.489357
23.90652
32.002995
35.244843
26.778807
33.614902
28.937643
31.19231
19.501764
17.136602
31.572214
38.847706
16.149904
25.119217
39.915
20.588549
35.178333
36.11095
31.759975
19.40583
18.602741
18.800081
33.767944
16.039644
29.268473
30.03006
36.55842
22.727463
26.913006
35.118343
17.297907
30.840315
21.449795
19.2044
26.983124
16.535572
36.520702
34.362015
39.643093
16.221094
38.295845
35.033382
35.021946
40.103954
37.743774
17.977112
20.954662
25.388065
37.151653
22.369705
22.610825
22.788462
27.544107
28.959642
17.056934
22.946014
32.831196
34.24564
23.175632
19.05497
19.009972
20.535322
28.88065
38.556557
18.550825
15.437809
21.779127
28.10558
33.21893
36.85357
31.958378
18.182827
33.01269
37.84703
18.412067
28.704668
38.64533
37.92234
23.77111
32.772274
30.052292
37.169796
23.467562
34.30632
17.776394
33.510384
23.235113
28.729134
19.764153
30.837936
26.937695
32.08472
35.10101
27.243443
15.118115
27.028116
20.51971
35.703014
15.37152
39.969055
31.135244
32.621025
20.67386
20.320923
17.791487
28.442072
39.133457
28.284512
35.64867
39.180218
40.284122
19.887098
28.197594
38.16122
27.001183
31.100882
17.75556
21.533222
36.397213
34.780815
35.68063
25.173683
39.642033
24.890417
27.035028
38.505035
27.552078
32.025143
15.235059
38.428837
22.007032
16.59641
38.344135
34.097984
32.77702
37.205376
32.09708
32.56881
19.181591
35.714134
37.488064
24.50956
28.1521
21.31294
20.811127
32.089222
32.731907
17.48565
33.411427
35.93017
31.82434
32.191513
25.086973
36.580597
27.086166
38.810078
27.074722
22.347359
24.2647
21.436842
21.86159
29.527042
29.989622
22.970907
25.680067
25.083084
15.055966
20.101894
19.479742
17.638714
17.572544
37.781837
15.410211
36.290543
28.000587
23.058842
34.407448
34.194687
35.07018
30.252802
20.344929
23.137197
16.837496
40.369473
25.392324
20.372763
22.733738
31.37769
17.718851
29.900492
16.357033
26.51561
26.484898
25.042746
18.97149
25.145304
32.184765
21.702868
34.202972
28.841042
24.834936
25.999825
15.25902
34.375195
36.246494
24.11262
27.150782
19.056597
19.676882
34.114548
17.85771
20.479843
18.525393
27.337154
26.151096
22.159868
29.418407
30.376013
19.880514
32.75483
16.0245
40.235226
38.927547
19.621187
28.246216
20.304783
35.744095
35.298496
17.054466
35.8747
15.417974
20.187384
34.163082
28.712128
18.546358
16.162704
37.985268
30.862396
37.848057
22.154922
30.870266
20.28215
33.408466
27.836224
33.48779
27.172638
19.726473
39.46394
36.409283
23.953337
26.320412
22.662327
34.429348
19.70096
24.550646
32.46479
39.97719
17.57611
16.529177
29.292162
30.087196
19.269632
33.51209
32.708622
28.829329
19.822954
39.008553
26.775434
27.8441
21.311527
25.990461
29.613575
21.683733
36.82766
28.049702
23.389997
28.030008
38.958893
21.125408
25.358137
31.54112
37.53026
21.511505
21.81189
22.073929
39.763577
21.25517
20.853258
17.334625
34.2042
31.769754
26.727388
24.63003
21.775322
38.511127
40.14474
20.323303
39.14237
27.904264
23.488644
26.84206
29.204607
28.357264
21.097504
37.643475
38.978447
38.16297
18.914455
24.410124
18.396694
28.363634
30.713259
23.93196
30.620224
24.24205
33.83775
20.623903
37.343353
27.002924
21.933186
28.435282
39.27142
17.421164
21.50133
15.026352
18.458899
29.75913
19.27714
39.518894
19.51856
25.092846
30.403444
20.871965
24.84706
16.337439
15.170987
24.990494
40.95948
28.725136
26.694767
31.043657
28.785252
35.26436
35.313595
39.151474
22.350012
36.796494
19.728302
40.592323
23.65283
38.66719
31.935068
39.990616
26.745436
32.742058
22.86383
32.563133
29.029867
28.521856
24.297781
28.434015
30.613232
28.450344
38.12843
22.272661
23.193026
26.1582
28.291777
36.06539
36.393715
24.349396
25.834623
27.70084
25.73509
33.31178
25.476067
40.23075
26.485102
21.621487
34.757748
22.161886
39.53472
29.51124
20.417444
21.941547
17.129591
30.585426
24.974087
35.91819
35.802994
31.09031
33.678333
24.490355
35.17699
25.785524
39.96132
33.901276
16.433256
35.613506
40.305233
25.193108
29.202482
38.82629
39.062874
35.203888
38.38094
20.004591
26.169365
37.17203
18.955076
40.491917
33.917736
36.50722
39.299797
37.16685
29.011036
32.593243
39.613304
24.189617
34.957264
36.107445
38.161198
20.38426
37.539295
39.273155
15.82474
33.255886
22.570591
19.705498
17.08301
29.292585
18.438467
15.067713
19.005888
37.16472
34.040165
35.624252
19.094633
39.709515
35.633095
20.9585
15.87901
36.176895
21.848993
25.617136
15.064767
24.112831
16.662882
24.249859
16.72246
26.46934
29.461155
19.932209
35.518444
36.055756
27.51916
21.790987
30.311073
36.283672
15.177143
37.795826
29.569927
18.308447
25.794485
35.637154
19.02319
34.132965
39.165596
28.97991
37.69799
23.014797
18.496916
34.06404
28.090857
36.6058
27.272984
16.616894
23.590181
30.653517
23.38049
19.349321
19.469793
21.806694
21.712812
35.926422
16.782635
17.09263
19.143536
36.235485
39.305656
40.97189
15.2359085
16.017849
28.321941
40.526394
24.34633
17.488026
28.4732
17.299692
31.883335
18.432598
40.17571
22.583746
35.399673
39.463
22.164846
27.53428
31.92353
30.590475
37.61832
22.397308
28.475964
33.098095
35.005287
22.342176
31.075193
26.80395
34.31849
40.92203
28.6943
30.24115
26.668629
28.020332
24.617514
28.024504
20.355148
37.29254
22.431211
29.730341
37.47467
32.574986
15.489284
27.985104
29.888262
39.50823
15.108559
30.13996
17.94087
39.710266
35.97847
23.90284
37.71108
30.235167
23.310162
28.605928
26.76656
26.7657
33.103794
32.405815
24.410446
23.013931
30.57873
25.645082
22.22598
17.141577
40.28991
29.848345
36.361717
22.662334
20.744656
30.382294
38.446682
16.25134
24.437698
22.67852
21.28478
38.162193
27.138226
15.099491
36.549873
34.539993
25.99128
18.022198
32.58786
36.819145
38.53682
34.520645
27.129257
37.60761
20.103298
35.14749
24.225557
20.984638
25.198652
29.746769
27.044958
33.977016
25.500023
18.973806
24.29776
25.12906
16.83465
39.25502
18.00904
23.5447
32.147846
17.289513
26.115948
19.555187
40.86995
37.875935
28.939241
30.254011
27.322737
27.842278
33.96347
25.540897
21.846695
35.16289
28.557438
33.029694
16.184212
19.966154
31.276363
25.200314
35.319576
31.067844
23.209444
31.512865
17.45538
17.90947
35.471245
35.852367
16.095768
31.337368
33.382664
21.635464
21.310633
35.527584
20.146893
23.185873
29.170765
19.543154
18.898205
26.573208
33.07254
22.504581
37.88601
36.01019
34.211727
23.160913
37.253975
23.116207
20.819508
40.767952
25.383797
15.880496
30.93984
27.611845
16.09535
25.99619
33.505764
38.26033
27.129871
15.386771
23.263327
18.680666
35.289967
27.20949
34.695255
23.732344
20.370071
31.39554
26.512596
24.224308
18.58321
39.87482
17.510962
22.720661
38.57474
18.033426
36.629143
32.585308
29.310932
34.664883
36.90126
33.37527
23.140066
26.701605
16.659742
35.623993
31.146013
31.350897
35.82485
25.300058
35.54896
36.910187
40.407516
34.783485
35.35527
16.499136
24.455833
31.070766
38.718166
36.22162
37.591404
37.101616
28.543325
40.858448
34.010483
22.594378
22.758024
30.092155
21.365625
22.583805
17.35997
24.477943
27.29729
24.973997
34.87155
32.900467
21.550695
26.850945
39.14758
26.093784
32.591835
17.043274
17.619358
19.952429
19.427551
21.476397
20.005163
23.824251
19.938051
32.234467
16.27698
34.7512
30.446339
34.92612
18.245625
28.712074
33.47744
21.94417
22.511162
28.321589
19.701452
27.516024
19.722721
33.153126
33.907814
38.060783
28.101688
27.877815
17.52436
28.300571
18.004393
30.750523
29.673101
23.817802
36.935307
16.623737
29.045792
34.30676
26.868925
38.633205
15.985804
16.636961
23.998308
30.974558
40.078854
37.02746
17.100576
33.778072
27.283659
39.125317
18.594313
25.98912
38.174618
27.588238
36.061195
33.37469
17.222065
26.89032
27.513868
28.301832
26.20178
20.50171
21.014399
35.771694
40.803833
18.336943
40.38236
36.34329
38.30191
38.42346
19.678888
39.043907
23.747831
32.110928
27.912851
18.138647
18.571869
32.823612
29.98744
22.71923
22.6981
26.35221
32.290386
25.472836
27.324993
33.988148
29.528156
18.704435
40.37495
28.422596
39.414318
33.711636
24.282537
24.263945
17.644522
39.948803
26.26967
36.27174
31.225246
33.067703
18.547009
22.961693
29.67085
31.8848
23.984365
27.105474
24.843094
