19.600632
29.708908
19.830698
37.279655
18.184769
16.818495
25.520607
15.742918
34.740036
38.938454
24.519638
19.417522
20.872715
17.70368
33.770164
34.695004
18.620813
37.41387
37.937355
26.806059
17.330276
20.08835
23.32324
40.695786
29.019588
25.937777
17.92773
17.484451
21.235903
30.873762
37.38342
28.616196
32.1814
34.093227
22.172712
27.370228
16.976341
23.002989
18.529911
34.793972
38.32574
25.791033
15.737549
24.314758
29.569464
15.804421
22.145409
16.296503
35.120934
32.55985
33.172295
22.630074
20.637508
29.691341
26.794765
28.080757
36.916016
30.430618
39.583675
27.56357
35.469814
32.31915
15.2185335
36.776886
28.019083
18.766966
37.59131
35.697124
18.714067
25.801786
18.10543
16.322027
26.811216
37.893047
37.58244
37.747253
22.735191
15.088925
27.30781
15.170915
35.985058
24.87047
35.17916
28.742786
31.180847
20.105488
29.664175
21.309809
40.69707
37.275803
16.33223
37.05671
30.792717
40.75507
29.092817
29.800348
40.922554
29.33029
16.955553
34.268665
35.00254
20.388784
35.12064
22.079865
32.802486
35.233253
36.515354
36.334724
29.352018
15.841176
28.511208
40.744736
16.271263
35.05084
27.488134
37.040962
23.275627
34.63465
25.156128
30.043335
34.754345
33.011604
33.10147
19.217396
35.285416
20.454105
27.893772
28.80512
25.224962
26.56052
32.2717
35.688908
27.096838
32.493217
26.419453
35.032467
17.40885
19.022968
19.152586
20.439606
16.734682
20.774029
29.951075
37.881763
31.426147
27.230288
19.20898
36.967297
35.158184
36.041348
19.814356
17.260374
17.659466
15.958431
36.229603
39.304565
39.444344
29.333542
27.611652
29.765976
33.13724
35.531284
35.19296
21.683043
32.06855
40.83129
31.138483
38.194897
23.22139
39.44023
20.400448
35.31743
18.321556
24.085848
16.711771
32.345974
39.888355
35.331524
40.790787
25.285824
38.40186
40.22839
17.073923
33.346493
18.392605
33.212982
38.849735
18.98295
23.22256
29.261992
18.536745
22.226818
34.601624
15.231652
38.02924
34.122784
35.471783
36.037838
27.529312
21.970205
21.791492
27.873938
26.09003
16.767223
33.96566
33.017155
21.21382
22.764418
38.19209
35.939766
16.281742
22.35729
21.833029
22.420527
33.333496
18.681686
25.070997
16.142374
20.774635
27.223473
15.570802
40.86604
34.956623
40.513573
29.645159
20.68528
15.256949
38.551758
32.509182
34.097935
30.280756
23.987299
27.609367
25.667969
32.111973
33.281906
40.725685
17.907263
40.161167
35.090115
20.570623
35.671886
32.0889
16.914547
29.94711
37.84609
16.527603
28.72826
24.177452
38.378296
16.881506
31.70364
30.478464
18.83688
23.35342
39.447075
37.23323
33.569546
19.528732
28.210897
17.69794
18.278574
38.341125
19.438854
36.58256
29.365345
32.05123
40.698673
36.156994
24.750914
35.988445
27.564943
23.059824
35.04556
40.237946
21.33795
25.824583
36.918625
31.19891
23.618723
20.288881
34.311134
29.996742
20.707932
35.51464
19.736973
29.101091
36.555965
38.623062
33.334694
18.183245
30.563824
33.035828
17.560272
15.240504
25.91919
23.014467
24.45236
37.321835
33.349377
36.102657
34.25493
22.80825
36.182526
18.101662
24.848383
36.13295
29.430742
20.547003
24.918543
34.070473
28.24368
36.30479
18.084126
28.280703
27.528183
30.869123
38.30666
25.662682
26.789572
31.217245
22.822973
22.254929
16.322248
40.66719
35.568737
31.912994
32.76217
21.08285
25.602726
25.801662
19.710943
26.984447
35.394844
28.85839
40.65112
23.647724
15.007042
34.816154
32.69445
27.113014
20.17475
20.118017
38.83972
16.175827
23.087492
27.112473
31.363987
30.893427
32.27083
36.287586
33.730804
36.91725
34.387783
39.98376
22.971357
36.048977
38.006485
26.019
40.87908
30.81835
19.421711
26.967196
30.555729
28.593876
27.47155
39.44917
18.856516
36.76274
17.956434
27.72772
17.104263
20.85437
18.746292
19.142189
40.077316
20.132267
21.952585
21.474628
20.723083
26.141806
31.645533
28.208826
37.309055
38.976944
38.512802
36.82503
24.795202
37.616745
24.584501
35.767483
31.09654
34.583015
17.690279
31.5283
29.601946
33.38319
28.66793
24.410639
33.82492
25.728092
38.508816
23.96551
18.384443
36.351948
17.604
20.840836
28.648693
36.41254
35.046017
28.83801
37.32174
29.91226
20.54465
21.340302
38.013077
29.356096
40.931152
31.959106
17.40209
30.950695
29.453875
24.238237
16.994373
20.048796
39.109238
37.562973
38.66402
30.256397
39.10551
24.039865
15.185853
32.64532
18.222939
20.04483
27.783697
36.851757
18.312124
36.38126
17.355745
33.49176
37.463818
34.546474
18.485151
27.28756
33.48651
21.474066
23.60387
36.573906
30.244503
19.30119
30.749979
23.44166
24.137428
22.204147
26.243505
35.676083
19.543362
25.15213
35.303017
34.860283
36.401093
33.548206
15.135031
22.539658
20.273193
28.158224
34.350574
24.18097
37.20998
36.47249
19.69791
18.810219
28.525555
21.701675
36.04783
34.676254
24.200544
37.977592
20.327589
30.062511
36.04225
25.011091
18.671864
27.457142
34.961376
17.45345
36.44386
18.692202
40.765556
15.514348
38.97699
22.375423
29.723394
24.008562
28.897263
24.963533
30.818754
32.935215
21.708862
25.163921
18.093584
25.937546
40.960064
26.001911
29.768496
33.547813
21.75399
35.8537
26.93392
29.991034
20.628422
39.02051
37.52063
15.502994
40.901165
24.007318
32.986954
32.61201
21.462242
19.569946
19.700985
32.64065
21.69141
22.807198
16.349691
21.802654
29.689337
22.100088
26.872711
32.70208
23.332968
32.538136
37.397297
20.785704
23.800413
30.62305
37.441734
34.356415
19.157948
28.503057
38.258183
15.124487
21.361485
17.76647
34.60187
19.955215
35.59713
36.91106
38.44205
27.465588
30.270231
17.006084
28.171204
19.429258
33.149536
40.77681
22.72246
38.56828
36.18292
25.366693
24.671217
35.241623
28.323318
30.370333
21.875465
31.784763
34.338387
28.380587
33.50033
36.811096
26.024504
25.25632
35.375904
28.65527
16.505707
29.59245
21.553337
25.31998
40.370205
31.461948
23.65288
15.7820835
38.28207
25.399874
21.138317
20.320366
20.40281
33.812294
22.00602
33.646584
30.46743
28.518473
30.542625
34.05293
23.681738
25.972452
18.784058
28.533308
38.74251
15.860717
29.099468
27.89232
25.229336
35.235332
26.927305
37.22517
22.376732
21.117504
19.106657
33.83318
29.80745
27.594282
30.475582
32.63383
39.19256
26.831577
39.44911
32.4309
18.001244
27.139553
40.143166
39.029324
38.51295
19.251802
24.27663
17.11114
17.086855
36.31767
30.56231
40.032978
24.318335
29.757404
36.588566
31.262169
22.159393
26.09279
32.296913
15.037731
31.339796
19.141218
35.076874
23.024137
19.497902
37.54911
34.227894
30.219847
39.31495
39.54099
29.079187
19.189291
32.643818
26.973343
34.411816
30.806133
35.133102
23.30784
26.99341
34.1272
40.16948
28.9564
38.014366
27.76073
23.09628
36.600895
22.00545
20.149105
36.61328
22.553274
15.420204
26.555498
24.02263
21.9972
31.481586
16.22538
20.557995
36.040226
22.120777
40.188095
32.41882
36.905937
30.877117
34.47023
38.328865
18.30831
38.48165
15.111792
37.447945
25.076035
19.512766
36.307655
28.288004
25.432325
29.990913
25.241108
37.91956
36.98623
20.070469
18.732748
23.201656
29.454252
33.09022
29.697294
40.028343
27.406616
28.160084
29.582397
26.656921
40.920204
26.19006
30.457758
33.06798
28.920797
38.808575
15.229447
30.004461
21.210001
27.970757
16.573484
22.846855
24.697643
23.223263
34.614388
18.80378
29.19841
39.57083
24.118504
27.032057
20.301754
21.680655
28.028625
32.247616
39.2871
25.764244
23.535486
21.148308
40.831696
30.89249
25.56341
33.542046
18.346395
32.728077
28.541508
38.458363
20.175028
20.70048
22.638462
31.718822
23.605877
26.502253
21.258074
35.451435
23.669247
31.451366
30.524395
17.856524
38.032906
30.742825
22.729427
25.16622
29.957657
23.903847
36.272945
39.187088
20.23812
30.870407
20.493246
25.075071
38.32925
18.018904
28.969135
39.064285
28.446962
28.215313
17.36776
22.755909
26.331663
23.485126
21.719366
33.27069
24.576334
36.260952
30.119358
39.078392
16.946268
25.330593
31.289557
29.639702
36.955383
25.587065
29.174767
37.13095
27.114458
34.472843
35.807365
40.469223
40.72955
38.614353
25.041819
29.615223
39.90419
37.55854
15.442556
23.7035
39.48688
25.75204
19.602942
15.934451
19.105843
24.94435
31.47957
37.35972
32.14571
27.049984
40.945347
36.702423
17.546482
22.170643
19.696398
40.175915
23.642729
29.956837
18.892057
15.899496
20.911541
30.779537
20.463753
25.956785
36.460587
36.285866
18.89779
29.402298
33.363033
24.828865
40.47868
15.593884
34.533962
19.989964
32.473763
33.11362
33.74332
25.953638
21.546587
35.236874
15.573304
35.84745
36.805515
40.419117
35.653534
26.32654
34.32585
33.5923
40.345177
17.660173
28.727753
29.197336
23.195662
29.369057
15.44895
35.826538
25.94839
33.065514
30.720346
35.10966
34.66743
16.56475
36.934303
32.04936
20.624865
26.563858
21.089483
36.396725
22.998987
19.226294
23.302786
40.854816
20.144402
38.863056
32.998077
21.907845
38.220455
38.56778
22.313025
40.895916
30.30232
25.1415
23.509478
16.59008
35.749466
31.933908
35.72954
15.96964
20.569115
39.331303
30.308544
27.163404
24.78768
33.537598
35.037796
27.588959
18.431114
24.023205
22.264166
33.20864
29.615376
16.557564
39.52016
27.518305
28.461273
38.09475
26.497253
25.394644
19.073183
19.947456
36.606976
39.24912
38.65912
18.66327
29.118305
21.071352
18.020012
29.808117
24.916628
17.892035
19.09891
26.465286
37.29858
19.955236
23.056232
21.67449
24.898834
30.462233
32.42511
32.263844
20.838955
25.133715
27.301186
30.568783
38.4951
27.034567
36.234207
24.385366
29.900526
27.115108
23.514069
18.171423
23.73046
39.744987
29.881922
27.987614
38.061016
37.150684
17.34727
40.96136
34.650574
15.11484
34.754944
23.160242
28.361044
28.555365
37.021217
33.677322
33.518204
25.674618
27.54616
15.459598
40.504337
15.25364
28.209799
36.95152
32.683144
27.363705
30.572504
24.97927
33.875916
35.277287
23.425396
40.467415
34.03971
25.682678
23.674486
26.557966
25.542366
21.441406
19.692652
23.493128
20.48579
38.074738
24.736422
36.226284
32.8982
15.925394
18.799955
27.14196
26.297525
26.512848
16.36647
25.493935
33.122402
21.985353
40.917786
21.211699
33.83376
32.769085
26.77552
27.578997
28.10924
40.524567
32.872902
36.954197
22.484207
27.342838
29.393986
26.180725
24.037355
39.74854
40.867523
29.626833
34.27549
29.524374
34.26559
29.897518
27.241238
28.63122
35.932476
33.177357
23.049063
22.570328
22.757185
39.891586
34.54912
21.418928
34.903427
31.913769
40.625103
26.467714
33.623657
40.901886
28.75138
24.898565
22.209284
20.51071
19.866419
21.262987
38.96703
22.206875
22.363483
30.656673
16.261717
28.203978
33.056458
18.432728
35.12877
15.638682
17.347548
27.055908
32.73502
19.524714
38.50545
38.272537
26.054384
40.250202
40.9566
26.155458
15.525243
32.424824
32.798775
17.780657
25.169392
31.736723
34.365555
29.302025
20.67772
37.145195
24.601593
18.012907
26.305676
23.213638
27.253029
17.617884
35.07205
19.678286
32.433815
40.38553
30.717344
18.451782
23.997986
34.1126
40.153584
20.17661
29.329487
15.902415
15.72511
19.171986
21.655348
40.644955
27.500477
19.158747
23.794611
17.783396
23.02829
24.500395
40.374573
19.461702
17.515383
38.864357
30.977514
26.470041
31.223454
35.18611
27.425303
15.539595
35.030834
27.609838
32.465786
38.485622
37.56881
23.68273
22.494135
30.45738
28.117401
37.496147
29.62388
17.125748
26.533379
19.695335
16.416548
23.024239
34.88364
16.320353
15.885417
21.456245
29.17002
25.294508
34.008102
18.391253
25.55696
23.042477
37.914265
24.594872
15.85137
26.198904
16.158924
21.872484
23.634407
18.65922
28.048462
30.753386
21.407764
34.32799
18.855572
38.2022
24.392485
28.836092
32.94103
15.016567
24.206194
25.226488
31.29432
35.45482
15.545015
25.149532
39.811756
22.334734
17.209366
30.462046
21.749947
37.354126
21.338161
22.290583
38.223995
40.70632
39.55393
27.597786
20.364077
40.198376
19.871628
37.081657
25.800566
24.027094
21.686934
30.84123
28.517134
29.127743
31.935127
29.658005
36.792778
30.582533
31.599566
37.971153
18.947979
36.960796
36.149174
31.665388
18.916706
33.65999
34.19725
15.643999
37.285297
39.32646
21.699245
22.82557
40.37069
33.25714
24.345154
33.681324
32.15478
32.31812
28.452404
33.721165
15.448221
38.363327
22.62819
15.439929
35.526184
21.396317
30.745426
23.1514
15.660193
15.79033
27.364529
33.866165
21.464315
20.766748
21.633492
20.910372
29.780628
38.029137
22.91174
35.336018
25.948006
38.95997
36.888523
19.339346
18.72993
37.109295
20.804588
37.88252
24.921156
32.83949
20.53621
39.504673
25.709719
33.93736
38.763554
36.912052
36.239883
26.764757
38.220787
24.352869
30.503311
29.091057
33.113148
28.011103
33.679848
28.135624
25.186663
23.694435
23.35593
21.545692
40.649075
16.945038
21.667849
27.044825
30.165882
24.367977
26.34866
30.309359
38.49333
23.450455
27.901691
36.265076
24.960588
33.436184
30.680273
26.443535
24.97623
39.922676
37.522438
30.297306
20.009459
40.765232
32.770924
27.445614
25.084545
16.599958
29.003096
38.706623
36.72722
39.83916
20.60183
40.46994
16.514673
29.345934
18.417791
31.472565
39.9063
32.16082
28.204956
15.36391
38.870026
38.631927
25.255499
20.580175
17.969687
25.0909
18.716803
26.99568
27.041607
32.820633
35.442387
28.578512
15.364024
39.47667
38.910336
28.850096
34.31091
29.35275
17.736841
23.333107
31.882038
19.92191
28.61913
34.36934
35.214146
37.93815
30.161257
28.698969
22.203354
15.049665
26.967785
29.01491
38.706905
18.353098
17.634598
29.340673
27.442753
39.609375
15.822679
40.52748
26.668274
27.945143
26.46985
22.426111
34.994938
24.779877
25.377121
21.361185
19.283512
32.44719
33.900394
29.420465
27.464872
35.519955
15.284972
35.768898
29.344324
30.20235
27.299385
17.706955
37.972748
30.31789
39.25678
28.515104
38.00579
28.401127
38.256165
26.260942
35.62266
31.191639
37.532505
18.692877
27.039051
40.432465
25.173811
16.103926
17.424032
18.291185
38.144905
34.621536
31.118727
19.950294
24.551868
38.764023
39.454853
39.95463
20.387611
22.301579
24.184258
17.757053
35.61831
22.469473
30.555824
21.569578
26.401997
18.403408
32.414112
22.105812
19.4748
16.301735
18.34443
37.09136
21.29688
27.266445
40.851982
15.522539
36.419365
23.034752
25.83803
19.569721
22.71512
35.885174
21.224035
33.750053
31.610428
39.88693
21.475006
25.535471
39.261173
35.358685
24.986246
18.915268
33.736404
22.912384
25.823067
16.598675
39.703686
27.7803
32.14091
19.521236
29.854809
17.258064
16.76373
26.109964
25.367157
30.043806
32.86137
22.365614
34.064995
26.013248
35.442066
25.236534
24.626774
40.542873
19.464058
33.987057
16.178572
28.87804
17.770777
31.304337
16.920431
19.24024
40.76685
21.74115
39.05158
22.377367
26.777637
19.758121
34.19205
16.083208
35.37288
33.107403
23.742449
37.847103
33.5854
39.590797
18.180212
17.241999
24.918787
38.328896
24.159832
21.91883
39.3132
28.593742
32.46621
21.147566
32.826557
35.98613
27.364386
16.729818
36.688538
27.279575
30.695562
30.8054
36.5979
31.606623
18.188515
17.584799
18.658876
40.829002
26.88702
19.361904
34.190357
25.911877
39.3382
36.296078
39.791973
26.913246
38.243214
36.39988
25.51408
25.803198
36.64093
20.928558
30.753937
25.74368
35.37689
30.939714
28.588453
19.687984
39.603817
17.176216
34.654102
39.200157
37.366913
39.62282
22.39752
21.248034
37.945942
27.096643
32.545822
26.389675
27.558018
17.053894
26.983355
32.251427
39.269043
15.430145
39.872185
25.486887
22.518381
21.77851
17.8164
15.509561
19.530525
26.230026
18.145727
28.20802
35.069126
21.872713
27.981853
27.580858
30.482935
15.030576
36.65125
19.7698
16.799774
20.62107
18.22114
17.322786
32.74391
22.27935
33.46073
31.684925
27.983711
39.259808
37.367573
24.89367
17.660704
20.260294
39.54948
35.24563
31.307762
20.26155
32.21521
40.30591
25.633291
20.234259
20.302505
30.046932
38.32989
33.138275
24.360048
35.132153
39.0602
19.023506
29.20023
38.401134
18.079136
27.239
26.052511
37.465984
20.571053
20.76674
22.972584
34.99509
23.711798
20.518791
35.600403
22.738697
35.709938
38.07123
20.010546
29.641846
37.637985
33.75565
17.361305
23.493685
15.7336235
35.288593
16.324188
33.478218
30.032547
22.191824
37.86354
35.72007
22.68872
17.140785
15.836292
35.459827
30.144457
37.076145
34.094723
33.847073
39.43184
30.4229
18.300613
18.505215
16.318752
24.08389
22.49696
23.000734
29.756786
35.00928
22.633818
25.140533
35.145035
24.090828
29.70782
37.624493
32.292896
22.889585
31.950195
28.996447
30.646626
40.277885
20.586061
28.06526
32.33854
16.461248
27.088188
25.008726
40.924435
38.043114
27.561214
25.226477
38.29386
25.805058
37.91781
29.674181
22.169607
30.697456
15.846089
17.889769
15.856843
25.170263
32.217995
27.213432
22.45901
28.420883
39.551258
23.80674
15.6467285
15.395876
24.412968
33.9921
30.247595
24.455471
28.240576
36.16246
30.41887
37.494675
32.956696
18.052
24.971762
17.011984
31.9668
27.512236
34.535076
35.1265
15.654442
15.103861
35.677708
19.866516
17.326385
17.793196
40.85352
16.187386
22.710554
34.833176
20.08889
21.123764
29.572493
37.512268
16.702248
34.241104
33.79148
33.87072
33.026627
38.12348
34.325306
31.712135
27.10039
37.01968
17.893122
30.279285
15.597905
32.966682
32.918674
16.816664
17.891102
25.71944
33.301567
24.90824
25.064486
31.638182
37.922203
28.957455
35.950317
39.319145
35.436275
25.467436
15.807312
16.201975
21.877794
32.88301
26.135355
30.646786
28.86476
33.67203
30.300346
24.046082
36.78974
19.05211
15.137483
19.421612
36.27784
18.309818
27.507854
36.653385
32.40743
29.012964
16.902449
29.997921
39.714558
33.582573
38.619217
26.875032
25.839676
37.669674
40.783077
30.037207
29.82575
24.573048
20.53532
20.182959
33.539837
17.537613
18.087997
40.83521
19.465393
38.1891
32.020626
31.878109
15.20067
22.589228
15.190525
24.53043
40.39879
30.43658
37.934906
34.7309
33.59808
31.791893
15.861807
17.920696
18.416607
27.372522
31.45879
40.0305
34.922733
26.939314
17.99227
27.114305
26.64389
25.590174
26.727144
17.519487
38.638718
31.87809
26.36543
35.74232
19.333057
38.58746
26.784319
36.19045
24.40817
28.73097
23.648136
17.958605
26.92999
25.870438
26.275408
26.421062
32.121063
37.218384
34.26131
35.954132
31.702244
20.143288
36.787483
26.42427
35.56912
25.6798
38.29524
40.212124
23.718458
20.436422
25.254953
40.49006
40.80298
30.896465
19.133476
37.23062
15.468021
31.52427
26.343054
20.99543
34.711643
38.317116
18.949451
21.93901
33.910072
38.484283
20.223545
24.659126
39.86327
38.7882
30.739794
40.535084
37.240856
23.748756
31.656706
28.01767
18.146395
34.390163
30.05847
27.969189
22.168571
36.501
28.793634
37.59928
22.250612
32.481396
40.1158
32.80205
21.984667
18.767435
38.612976
18.77222
38.52582
21.55137
26.406387
18.662806
40.22077
35.05717
18.4061
31.744152
37.259052
32.984566
21.530067
24.0338
23.180204
24.900646
17.224789
33.689053
24.907967
35.336693
29.369875
38.588768
33.133224
24.138853
23.70555
34.478264
29.330082
38.22483
18.291168
26.810892
36.465008
39.314766
21.184536
25.99221
33.54679
35.433006
33.5259
16.117334
27.565464
40.01847
23.517202
21.489399
36.08124
21.334812
23.406172
17.21681
19.749928
20.53764
27.516733
28.009195
32.4091
35.234566
20.611034
18.926756
38.9998
36.664803
32.4253
15.285011
30.561333
38.728645
26.090721
20.176638
28.812197
26.0131
23.332232
29.144411
38.418
35.688515
15.832271
16.424007
22.947674
32.691994
29.95312
31.872715
18.732155
18.967014
29.130657
20.209808
39.365074
33.694523
40.683987
20.516684
22.422932
36.429485
17.529474
20.079556
39.132587
26.847683
26.344505
18.604815
15.17682
25.411278
24.09523
22.596905
40.60405
32.677464
22.524393
37.260834
36.89627
33.203228
21.189339
16.6762
17.649586
33.04014
17.947004
30.186926
40.03463
17.666637
15.401839
17.960546
23.229609
31.87134
26.764196
29.493307
33.356483
40.57933
20.81093
19.471983
24.1013
39.904495
27.196543
31.850636
20.16251
34.814377
28.232368
19.260311
30.946558
25.710194
27.43294
16.94189
32.517838
22.952982
26.622797
16.277142
22.710562
37.90803
32.203667
18.690233
23.52302
33.43317
35.301064
28.201733
28.439926
33.902508
27.940994
20.23945
36.166687
32.8358
34.151615
35.445152
34.40958
22.994532
32.941345
22.163506
33.798904
17.40944
23.47398
22.059368
40.827404
20.220089
31.443146
15.881783
31.764328
23.435736
35.642445
30.777803
26.905666
15.767674
33.034344
16.756594
32.234222
30.536776
31.239985
25.913912
31.588373
15.325992
37.30374
31.84948
24.776388
24.526031
34.830482
40.344364
17.723536
31.213528
28.150143
25.812908
35.70205
24.904446
40.033333
23.303381
25.969475
40.641544
24.663404
32.89389
33.72881
18.60323
26.064453
34.21479
39.224167
37.96207
39.99145
23.526115
25.998697
34.07492
18.407808
30.288363
24.866756
28.25241
40.107307
24.487133
34.99037
24.334267
28.78149
36.107
30.600231
24.0878
26.890238
36.097176
17.364557
40.05051
28.062403
33.931324
34.18438
35.853706
38.435005
24.436161
26.281788
36.29261
34.333637
37.948227
33.848064
26.44938
22.003366
39.05545
15.231464
15.029019
40.718586
16.189981
40.669872
15.734203
35.531834
19.160915
39.911366
15.983479
34.165867
32.35041
30.71622
32.568382
18.109768
27.743877
35.196625
20.948511
24.84912
24.22474
25.225967
34.799587
40.341877
21.636505
40.73723
25.15809
38.345707
19.999662
31.630589
28.047052
28.009184
39.96819
39.223137
15.821083
29.258451
40.120182
26.698997
22.634758
38.942493
35.99949
33.85608
20.417015
19.444384
30.959805
39.596054
20.525175
21.522474
39.81021
36.06704
29.855745
16.514647
27.020636
35.14384
22.605228
17.720383
19.81818
31.01857
24.102564
28.769556
16.889946
32.07474
27.175968
38.093483
39.605232
20.930937
22.370344
31.23291
34.679783
39.565437
22.997551
38.64926
39.027054
18.771189
34.480244
29.94961
17.176147
25.840805
38.741074
19.992468
31.083395
27.344196
30.492554
40.210644
39.42436
35.136868
31.198833
15.669056
30.525187
19.324741
26.209272
34.869503
39.977123
29.811792
25.10458
29.121092
24.675203
18.269695
24.649918
29.414091
25.531889
28.894009
39.9153
37.166683
17.43876
23.149376
28.102179
34.958187
35.18404
28.856565
21.406124
28.418987
27.98105
19.437124
29.84897
32.81653
35.022503
30.90671
28.42991
25.558386
36.047657
40.296177
31.173428
26.827576
24.294329
37.579796
21.693052
20.871859
28.40483
39.90288
31.743418
28.088018
16.8648
17.926582
37.899082
20.973635
21.376076
23.445332
25.97714
15.26309
36.19962
29.082987
31.111647
39.121178
18.951607
26.836489
18.491364
24.136744
34.595787
38.51132
21.688408
36.04058
28.447247
39.680832
26.233862
32.56576
17.887674
37.70211
29.637407
24.67541
28.189337
23.533615
15.401621
15.501873
39.354877
30.62558
29.747501
40.773087
22.202187
27.99178
39.746384
31.245895
19.058441
32.721767
16.344397
25.72284
37.374676
23.655617
21.369072
24.598024
27.331951
40.718464
38.023857
38.55932
29.082525
39.500202
25.604662
27.06829
39.654137
18.065924
17.213657
24.54592
31.742826
28.695683
16.099092
36.81126
22.629467
25.277502
33.91581
38.25188
39.27739
37.415485
32.679745
37.449043
21.303383
32.965202
17.480682
31.537212
16.961458
35.671505
25.121046
23.446665
28.538652
27.859253
32.76452
39.35954
36.63436
23.715326
38.406815
36.203884
21.679453
40.60075
39.52195
16.816877
39.748684
20.044548
21.590832
39.527477
38.22975
16.596436
38.385056
17.340483
39.23448
37.553276
20.85727
15.648105
38.77252
29.72466
15.280524
30.451729
17.655119
30.865843
15.882496
19.445782
39.85634
19.181635
38.636513
25.997179
33.631325
38.392822
17.09985
39.048027
18.076014
30.256958
38.230713
30.27585
15.009963
21.148376
33.968914
37.46477
29.073677
22.327572
23.03122
39.972755
23.754143
24.868053
24.85087
36.42405
29.68702
29.859137
19.881788
28.31278
16.03119
24.466022
23.59152
32.072575
15.971162
38.703922
35.382973
18.348967
25.475063
38.37088
20.413473
32.705242
30.320745
38.48428
37.82078
22.799248
40.09977
40.779045
39.219124
21.187624
39.418816
16.350725
40.494366
20.34572
19.840343
38.36481
27.905962
15.235514
29.239044
27.903736
36.294323
40.810486
40.197956
34.486156
16.795757
15.215608
19.827848
19.568312
33.88317
22.122164
33.965706
26.425299
18.779207
25.63134
21.093008
19.210339
36.329556
18.487093
39.511658
31.703152
35.27761
30.957987
35.325275
18.283846
17.54777
19.679329
24.595718
16.006649
18.623095
20.991053
36.679623
19.298214
36.394108
25.863462
25.196846
17.768091
37.959015
37.372055
20.342604
26.894386
36.771667
40.864346
19.327246
16.935488
18.262045
37.455692
38.612476
27.319143
32.595127
17.297781
28.31003
37.97305
40.58751
28.182573
17.618578
33.586533
30.967064
27.476221
34.496964
21.630793
40.1396
19.121426
38.906555
20.115477
15.417387
30.503578
38.90282
20.522429
33.26793
26.344978
34.615993
19.132639
31.55746
16.473164
16.732933
32.050488
34.99207
27.303507
35.47705
33.629627
34.00043
15.182849
29.280508
36.71784
31.155603
33.36012
37.352562
26.16356
17.899382
35.281494
29.170233
36.3646
37.811237
37.15184
40.552296
15.290105
28.954817
32.26073
20.424763
23.369535
26.938581
40.440594
16.645844
31.917995
16.243105
36.206104
19.330664
26.354984
24.096119
36.61807
32.000717
32.374146
18.717379
30.721743
22.580338
20.434408
40.108944
36.52863
35.772255
27.468376
38.732494
38.942474
39.666515
16.541592
25.39382
24.77424
22.571856
17.346863
28.445597
21.047602
19.005878
26.880562
16.023155
26.165531
38.54012
30.423315
31.443869
26.190268
23.768375
26.035326
23.129404
26.483036
26.051466
25.177
34.450996
34.25658
31.888775
33.778427
29.751501
18.212677
28.776787
18.106632
26.463951
21.368471
15.237038
36.117447
23.72487
32.419556
37.330673
27.62922
15.171621
35.544434
23.424076
39.618458
27.716572
24.424105
36.229824
28.21292
17.00687
23.432117
30.219433
40.545536
16.007162
33.44468
39.38917
37.53296
17.683575
39.526913
35.057476
34.855373
30.120811
28.870634
37.882263
23.939693
36.570225
19.79055
34.608654
19.586037
31.905254
32.32997
24.19252
30.027863
18.751612
24.08379
31.892359
20.678982
27.163134
19.215572
29.681894
30.596096
39.13022
38.32726
22.908018
32.77334
37.436295
19.834162
40.503475
37.78576
35.418804
19.804502
37.260895
23.011547
24.044601
40.841965
27.68466
36.688156
35.375843
17.521294
29.759224
27.395435
30.98082
32.13119
21.607391
17.209213
30.135262
24.035316
24.45922
36.73173
39.76316
26.831411
37.612072
36.480625
29.98215
27.670204
35.13453
25.706154
23.847012
16.589806
29.95169
18.606632
39.42592
38.528076
20.646662
17.125088
20.697445
40.794468
31.822721
19.035364
32.922543
24.214577
36.193024
27.863926
20.124043
38.90472
21.699389
23.34394
19.097376
35.69051
19.90903
35.56114
19.979633
35.552574
24.69782
20.726294
27.820175
30.164124
38.800953
33.597134
34.824463
38.57935
28.196684
32.972816
16.983826
22.438097
30.485983
40.396984
31.657389
24.671566
25.440842
20.230917
40.33839
32.62532
33.716114
39.596027
33.315662
29.760101
39.354614
33.335484
36.23201
32.647495
35.16243
16.107504
38.644833
29.846754
37.29119
26.998396
33.61022
22.43063
22.436285
25.631176
39.040386
32.42222
17.944767
28.646074
18.125265
35.21153
33.824024
33.642097
27.46261
25.139551
38.15196
38.19419
33.70695
33.869267
27.711752
20.39851
32.526325
32.907204
31.809065
28.548557
35.446613
30.695765
25.176712
23.008001
34.766987
21.065664
33.63173
33.12127
30.14576
15.519533
23.721886
26.09092
18.684748
38.81179
22.983591
27.151209
33.380936
37.5966
18.630318
35.08017
30.66804
15.5348625
39.500446
18.117865
28.436401
39.18273
32.915768
22.696402
15.398222
33.22848
32.736515
39.037674
40.95617
33.200974
37.34623
17.6377
15.836892
32.64229
32.55936
30.931807
33.66696
27.91861
38.5169
39.022785
28.397377
23.337656
37.520035
23.25457
34.023632
18.047575
21.449127
28.626844
33.40201
28.311346
38.925007
39.571415
30.128681
30.18239
37.691956
17.44901
25.426737
40.351234
32.83642
20.27566
34.777336
34.98968
34.40277
15.650572
30.63458
39.788147
34.72728
34.632954
21.97983
39.063362
40.383625
31.402977
26.699615
25.807898
40.018093
20.942585
18.81241
25.859509
31.549858
32.684685
25.42291
19.987522
36.22155
16.104645
17.948643
19.625027
26.807478
36.56594
38.64208
33.219883
22.92179
22.382166
32.72258
32.73414
35.815952
23.020517
18.535944
19.69058
28.314842
17.647247
25.07534
27.3468
32.612926
26.8035
25.925951
30.071337
39.53677
23.900263
15.236693
28.803026
31.577446
39.434177
28.675797
28.593853
30.506096
25.3512
38.493176
40.6673
36.708237
35.823105
38.79092
15.168228
17.507093
27.852192
36.89433
15.837036
31.693617
30.58237
29.319378
34.209988
27.24046
37.970318
40.248585
40.629185
28.7496
23.558178
40.655663
22.339819
24.567968
32.489716
35.26044
37.259075
18.702734
38.624763
34.34906
25.620007
35.677666
21.632076
20.160362
38.625526
35.294277
24.278744
21.018055
23.491714
32.896145
29.784592
20.679102
15.816271
33.18222
15.072927
33.47242
33.077118
37.874477
32.024414
31.717918
39.247807
39.617783
23.42867
16.644455
30.010462
22.374386
21.228672
37.566277
26.853704
32.272884
21.865839
24.431047
34.462116
24.381168
23.059143
36.018604
29.23542
16.195173
18.189436
28.04802
15.519705
19.769993
38.61059
24.241663
32.189724
25.367216
24.671946
24.998396
27.590317
32.252087
31.0119
40.74408
31.52676
40.84634
40.770485
26.256107
36.98793
34.827396
26.768991
26.299625
23.592813
31.961746
19.417786
25.76672
21.370062
34.470284
19.138657
27.175772
29.411877
21.545425
27.426119
36.866737
21.187735
36.27481
17.322317
22.519144
16.860018
30.673456
37.043175
26.723057
36.8128
31.786188
19.7688
16.249357
33.786686
24.894249
40.19899
28.394108
35.5067
32.744946
34.375183
26.312866
39.496937
16.420267
39.48297
40.61428
26.894716
21.970364
40.874775
26.648346
20.508736
15.259839
22.390104
33.90317
16.109787
37.609787
31.20129
33.715195
20.999285
22.765577
31.875368
24.10122
40.269924
15.480307
36.118286
15.936707
36.854553
33.575993
36.75544
24.933296
32.453327
34.72944
26.902916
38.909462
40.735996
18.42687
39.99678
35.70182
17.83523
32.541325
29.37307
25.730553
22.07854
22.808926
37.429092
18.710953
35.150555
36.115025
40.04696
26.294134
36.433926
28.948385
17.923286
35.523407
15.146443
16.641468
16.724215
23.908909
31.07343
15.086959
20.572987
15.651504
36.18871
36.505642
40.277546
30.088108
26.264069
28.537848
36.918617
15.78396
31.686275
15.440529
22.944054
28.86351
16.13231
17.49429
20.753178
40.150024
32.4977
33.859413
34.90521
40.475063
25.529385
31.067257
40.54873
33.122494
31.983776
18.093096
39.444622
34.7877
37.812225
25.528814
18.042685
37.661198
23.870342
24.758558
17.472616
29.286865
34.954155
29.237753
37.02293
25.698483
15.585337
33.98568
38.70668
37.00436
33.899303
21.224016
28.85089
31.068283
34.234135
39.728546
25.296875
30.226038
35.574913
28.908524
39.76155
26.08034
18.877274
35.887897
26.185265
40.33292
17.475485
20.934912
29.479523
29.341118
19.27461
23.471323
32.988384
26.627306
29.232943
35.589794
29.190218
28.922983
35.759953
40.517715
38.691868
37.49542
15.086782
29.788067
37.40518
39.48322
37.410267
15.012582
32.946262
23.758184
33.668327
32.09986
26.760656
20.434433
26.17349
27.52076
24.25311
22.561646
18.01313
19.795668
25.288433
38.767914
21.11903
16.763102
29.830334
32.65865
19.215576
38.386215
34.19806
26.631504
25.475004
21.863691
32.446022
26.433315
37.639774
22.633665
18.709463
24.26356
19.616291
33.494156
40.009663
30.519855
34.10079
32.51069
32.97504
37.384533
29.667439
40.641632
26.20987
31.367336
17.930243
38.083965
26.630302
22.647797
15.88452
34.22697
30.987688
40.601913
37.340416
31.7987
31.012117
27.251184
33.479954
21.299677
30.13454
37.53812
34.00085
31.140694
25.583607
21.310902
33.054424
32.03626
21.803865
32.690758
24.241552
35.152546
39.60479
34.09931
26.299862
30.26843
30.225506
34.63897
35.796818
30.78053
36.587997
15.748166
23.137672
34.76781
19.411928
21.094042
15.50381
21.528751
19.577154
22.518883
36.95614
37.01365
28.145329
21.522509
33.86988
31.39708
21.789968
30.241364
19.111193
35.670143
38.03467
35.176113
26.922745
17.579494
17.6621
39.022984
32.3545
20.499912
28.93175
34.88019
38.257538
21.899336
29.832365
20.829264
17.353016
30.940207
32.49531
27.43205
32.694855
39.458084
38.108055
22.03784
20.96402
31.068375
27.192322
17.960876
23.463799
25.474186
30.949402
37.56722
19.429695
25.183187
18.525415
18.10077
39.324127
25.788507
26.512297
33.68196
36.155346
38.728573
30.775618
36.328445
36.541534
33.012985
26.788267
35.075806
38.23528
37.786324
29.04938
21.317173
23.130163
34.799026
30.880836
16.3343
38.390446
22.864305
30.918997
21.658503
19.276373
25.202202
31.957273
20.378534
29.481861
19.206816
23.44548
25.803373
30.357857
16.619854
32.914845
22.991491
35.263927
30.353546
35.87293
18.574121
33.472157
18.278107
18.300583
31.028622
21.541662
28.1738
22.783484
17.09899
36.888634
31.744888
34.52367
24.414164
16.39593
33.102467
25.001892
37.52067
18.33797
16.445538
16.89948
34.52482
40.64072
32.804367
16.03881
28.330484
22.553257
18.657497
22.564373
34.06229
28.17656
39.99348
18.361818
20.679691
28.976728
39.960735
26.800228
22.016304
26.404093
24.633656
40.283287
24.51958
39.046204
33.62038
32.807884
17.819624
37.361908
34.24736
40.754116
37.92183
32.97532
33.87821
29.468464
23.296652
36.752666
16.559002
31.852425
23.430733
24.441582
39.62948
40.131676
17.507183
38.521614
35.199432
19.256247
23.798853
32.096325
34.46171
17.970171
30.086842
27.151499
15.698158
33.489296
23.957659
27.310633
37.531975
25.939001
33.185806
28.338007
37.489826
17.228867
30.57471
28.071283
34.25923
27.87922
22.607344
23.209732
36.161575
16.46494
15.048949
21.44078
32.308315
27.804735
15.247758
15.756789
22.667768
37.799526
22.295668
27.495535
26.84208
26.911448
34.439266
23.632074
34.73873
32.67536
26.172712
26.156254
29.518324
28.347727
31.297413
28.989307
30.209969
33.82295
28.899488
20.824615
36.20801
40.285328
34.674557
36.52184
16.49854
33.715076
24.320314
25.240265
22.911377
34.32975
22.820992
28.366365
40.953045
33.317837
23.363705
26.472221
39.848454
30.809177
30.355282
28.035543
37.30383
19.92721
34.54915
35.458748
38.200626
20.98099
22.645359
24.043613
23.94002
29.380285
28.892916
31.009731
32.479736
40.694954
38.20195
30.389074
38.239845
38.430183
29.064493
25.68567
38.0013
40.552128
40.185894
21.558485
29.680893
37.573727
27.14518
20.467293
35.43844
36.09858
16.630919
32.21542
18.956852
17.120941
39.840424
37.629898
38.933044
40.09294
17.483416
16.238714
30.827246
21.79544
18.497454
37.736473
38.74076
39.38687
31.060833
28.273956
16.926796
19.654749
39.779778
27.16363
37.886353
25.457514
25.03016
23.462402
17.260931
39.619644
39.350094
19.074467
18.805992
16.130987
15.508165
33.511288
35.614006
24.401558
21.413198
37.252377
20.453058
38.535973
34.38485
27.769651
20.596825
22.117125
19.470428
20.709875
18.844006
23.826479
27.471786
22.47369
38.559982
20.378918
26.137228
39.48653
38.520847
38.71281
34.576794
19.825762
29.099632
33.151447
38.37538
16.550035
18.90684
37.339867
21.106615
15.071052
22.382221
17.161474
32.99147
29.214481
32.031895
39.551746
37.29907
30.235987
40.01475
33.15172
31.753162
33.98993
24.604338
36.08181
35.68632
35.692448
25.68714
33.767006
31.974813
23.277288
31.905514
19.707184
35.89076
17.211857
28.313227
18.36192
26.924034
16.82263
23.483847
27.906826
32.3551
36.67321
34.897022
27.519037
34.900715
25.344929
29.124895
37.06219
35.10825
37.08906
26.85072
28.566788
36.340115
26.251347
30.073975
22.73956
16.1685
33.11362
33.99106
35.886013
36.79155
23.854103
16.9879
39.093082
34.685608
34.6969
18.940592
36.29428
38.124264
39.00299
24.59242
20.927639
40.423332
20.049116
29.16043
24.297033
18.812025
35.5476
37.52191
32.460526
31.683994
20.579275
20.341011
16.494593
30.648026
31.543333
32.31786
29.32108
28.276606
22.972094
35.377464
24.934147
31.741646
25.615232
37.06276
26.827251
28.63015
24.067282
25.656141
27.695717
18.148628
25.393724
18.625898
40.07825
22.653559
34.705254
37.87885
33.501213
34.986256
29.436321
37.997696
25.90228
34.44396
17.203331
40.151386
31.63561
18.385056
28.549349
28.68907
37.198418
19.444748
33.62651
19.562912
40.96933
24.128635
20.923758
15.672442
26.711754
19.155058
30.516844
27.982712
36.370876
27.333174
15.999082
38.84093
17.780811
20.99218
18.245487
15.30096
31.298803
18.01816
34.46962
39.462296
40.096302
17.408504
31.651518
23.83999
29.862047
31.919924
40.34687
26.604185
15.010315
36.86453
19.131536
24.162678
36.13772
22.399527
33.492344
15.007289
15.434979
29.75953
21.844141
31.004463
29.0354
31.796577
17.534712
38.382885
31.869663
18.921406
23.193346
26.555605
25.497023
35.080536
32.585484
28.611435
20.595776
20.757326
25.254974
30.820217
23.321358
31.151052
32.667164
33.8187
28.578236
29.66668
31.310118
15.278648
37.40222
27.63894
18.268005
32.80601
40.112667
26.817923
36.149704
38.579758
33.669434
39.55929
34.937435
39.81123
28.757387
32.89089
28.314272
27.489685
39.521595
20.66836
19.336151
30.07692
28.589243
22.886103
40.93295
36.823624
40.039753
16.875706
26.655037
29.2024
19.32237
21.602686
34.32576
34.587208
29.771008
31.563246
27.81688
39.7561
24.328909
28.886395
24.033316
33.05406
24.371134
35.162678
31.375
31.124914
21.100794
28.249367
16.437897
15.006045
24.895267
37.84293
17.52285
17.077015
24.191614
26.96313
22.64006
20.862799
38.025726
20.65913
36.128628
18.01476
31.17766
30.22645
37.754787
40.927135
28.026035
21.014708
21.208984
23.394194
22.677183
40.50955
35.29126
39.472828
20.710205
24.788153
24.755863
24.28778
31.966955
23.676311
32.7803
27.901371
40.216328
25.976011
19.330578
36.56684
20.23518
23.985975
31.31358
32.694283
33.873558
23.203693
37.339153
15.680327
28.00981
18.575914
28.158607
18.387493
24.951551
40.955624
17.402988
38.50649
39.801353
18.527063
22.1136
40.294388
37.581394
35.87632
34.73894
16.25394
19.499212
20.113554
15.766285
24.204071
20.637117
22.993969
38.962864
28.888758
34.56063
40.338097
25.320686
32.78143
29.866842
35.21803
23.23067
38.064125
29.531301
35.354713
37.15598
38.895515
24.062614
29.962461
21.13097
30.02912
37.93669
26.880346
38.781445
26.602842
15.55801
19.246126
36.24338
34.493168
16.083195
40.196938
24.351631
25.012175
21.842546
30.121914
15.776536
17.922771
22.80808
35.845505
37.405727
24.757313
25.581993
28.786173
38.19986
20.24703
19.717411
23.613808
33.995274
19.304495
26.833618
26.220009
33.283195
26.44855
28.9509
33.919163
31.864206
29.820963
17.745453
17.713987
23.458334
33.016293
40.01283
18.18795
29.84537
30.831223
28.528612
39.127842
35.91648
21.73691
25.708063
16.333384
20.137497
38.387608
35.991764
31.236712
37.355774
27.801167
17.722225
25.933126
32.626747
30.981688
26.426794
16.015507
15.792872
27.701967
16.885109
28.208286
26.916868
29.923061
17.134714
29.212936
28.352705
28.900581
39.656364
34.405373
26.232048
22.412148
29.38091
40.066772
40.45042
21.737614
36.872566
22.68275
35.85649
15.033496
38.068768
17.511906
38.279617
32.565304
25.29466
32.10321
23.2748
17.896187
33.920734
22.732788
19.020918
29.577673
24.994911
36.834133
35.677258
26.147896
28.4559
32.411762
15.684928
37.315144
26.122387
36.156914
16.993992
20.08918
20.55316
35.52489
34.003662
16.320139
33.086044
22.387087
37.122173
37.61454
27.888983
17.036856
19.2845
32.92023
32.69447
15.306846
40.51025
15.206825
33.0389
20.34643
29.640732
28.615467
25.291368
20.211407
21.7633
36.211563
38.531742
18.834145
18.512735
39.046318
30.425823
33.170853
34.433567
19.61773
15.645702
35.363693
39.89388
29.018932
37.096416
15.608974
17.660255
21.07158
32.235275
19.08862
32.175213
24.564175
31.108263
26.800716
29.82259
36.35006
19.378153
35.41588
33.022953
33.507046
30.582026
33.389732
28.870295
24.020372
21.131123
31.477812
20.202913
32.523045
15.153969
39.52768
35.495464
38.51227
36.184036
31.96412
35.765877
19.158035
30.906105
17.736746
39.80994
33.32963
22.700914
40.665367
35.507984
29.788158
31.565523
37.09703
32.692253
18.627867
20.137253
21.579601
30.120226
30.996391
37.011932
29.860306
29.468174
15.8837595
36.322575
27.933662
24.941076
40.34229
26.6325
22.091738
38.088932
38.88425
30.597315
33.9707
25.726334
33.00147
31.563042
22.441116
34.471203
24.760761
18.293085
18.85551
20.35025
29.251413
38.354626
17.645172
40.16289
35.295624
16.345385
26.549225
34.851974
36.28016
25.104654
35.862526
39.998775
15.227157
24.327814
36.004913
30.741428
18.294397
15.591491
37.442863
29.910076
38.77996
33.69688
28.53569
40.978603
23.403618
17.451681
23.231834
23.552055
32.14699
38.536407
21.706861
38.540424
30.256765
28.938845
29.013338
34.913624
20.150015
27.590666
27.603674
25.989162
19.908066
19.30329
19.190645
34.573093
27.804895
21.875246
29.82624
34.956528
30.888515
28.331425
37.308018
39.764107
22.018436
20.654766
28.063217
16.95745
39.959633
17.084019
15.51431
36.915806
25.14319
37.076454
23.59575
29.447655
37.52602
18.372375
29.570175
39.83131
18.616903
21.248674
33.58331
35.539055
23.18329
24.011482
24.5004
21.168566
15.413092
21.05348
20.482924
20.287058
17.377962
40.38921
18.492947
33.387604
36.52935
27.482212
19.453417
40.963833
35.65582
22.390606
31.146267
35.828327
19.239946
23.783247
25.096184
17.231598
30.475359
26.216349
28.666428
17.082825
29.33924
36.21095
37.38408
35.629986
20.062859
18.134447
29.115654
20.32632
38.10254
16.664848
23.12998
25.291586
32.28563
30.704205
23.313805
23.770788
39.190903
18.008186
23.846577
34.299664
18.020018
38.511566
23.494375
24.905321
39.226475
37.35481
23.348976
28.602177
24.99073
23.954847
38.316574
33.687305
34.26494
27.113514
26.951647
39.896137
19.558031
34.119972
39.335045
24.348455
38.891598
34.078922
30.611305
39.396336
24.429365
36.28422
16.5288
31.97979
33.167698
17.357904
32.867275
38.902565
24.772003
36.087612
18.990894
40.559593
37.153507
20.420643
40.930893
17.079351
37.703236
18.91092
31.380463
17.588428
35.23478
27.065397
28.775537
29.362278
18.634693
35.499443
37.23862
40.99529
24.979092
33.58603
19.578823
34.40494
38.44737
31.371542
28.769838
28.478903
29.748653
17.93133
29.36852
16.480656
27.973875
40.051052
15.190319
15.9483
24.796173
39.145267
31.223793
27.752884
30.764517
40.66259
36.244965
40.22668
19.07029
30.877138
27.88328
40.828552
39.613754
34.928856
37.994473
39.682644
21.457182
29.250757
15.111611
28.508234
32.82359
21.108948
20.47416
36.95286
16.684885
21.881708
40.675896
18.147299
26.680449
16.916826
15.32601
16.420237
30.616901
15.331733
24.283768
30.5421
19.122166
29.958895
30.005602
33.611607
33.16164
40.789307
24.334547
27.755243
18.071533
36.72983
23.665396
34.179092
31.524279
32.265488
31.835056
26.793983
16.41309
37.70572
38.315983
36.6291
37.02759
38.094067
16.331694
22.555878
16.089642
28.573498
17.36684
39.46308
37.2283
37.025124
19.21028
19.955666
28.29509
20.135866
20.1482
33.894096
33.55553
40.701023
18.215288
39.647522
35.240143
37.93064
39.515507
15.803245
29.197918
26.803898
21.539988
20.256681
35.467476
39.10366
40.13814
27.100023
40.46595
33.66374
24.339066
40.534554
15.192866
28.574284
35.573837
29.15068
29.356056
25.616093
39.01531
17.351337
32.64892
39.032578
28.73051
15.438636
25.543087
28.898466
27.131886
17.94023
36.907894
35.807205
36.816902
23.120993
36.52766
30.374485
35.301815
17.307297
37.16025
22.143108
38.383728
21.645262
27.165005
21.874882
37.90615
18.221039
22.92542
28.928068
24.556826
27.090298
22.301823
33.444355
35.99248
27.695736
30.171387
17.407145
31.063877
17.395573
28.74775
31.28339
32.20528
40.38264
26.819672
15.924116
34.156284
36.14279
25.30797
30.674072
28.099678
29.783047
25.612234
38.22896
16.027735
21.053951
16.103563
26.678982
40.69023
32.697353
32.81688
39.390415
17.83105
17.869888
18.906107
27.902225
37.58623
28.824116
19.747736
15.852737
30.894852
16.773392
22.713161
17.10165
34.56512
25.923218
32.57734
24.675663
25.241613
33.020916
33.291122
32.941334
33.935577
39.45716
16.41693
33.49667
31.008694
19.94699
19.912077
27.673382
34.54186
26.124601
28.141489
39.25458
38.873848
15.005366
25.011166
20.038115
38.760918
19.200125
36.93609
16.213608
38.08685
16.010973
28.991058
29.171703
40.3439
18.09439
26.040113
40.326836
23.20875
27.246729
26.900078
35.810307
35.453518
23.048645
23.665928
33.478287
15.160312
19.599306
26.21054
15.579789
27.748999
40.377728
35.568546
33.642548
18.681253
23.387863
19.42389
17.660063
30.869982
20.175571
40.242855
31.501099
26.80179
33.049854
17.729164
34.613136
26.171093
32.897316
32.224976
32.554344
33.428078
33.34795
30.441381
39.663906
22.05866
35.73205
27.474302
22.268448
21.643122
21.262121
37.446377
28.222794
29.78118
16.18029
29.312798
38.296005
31.824669
34.231
34.3787
36.93924
37.025078
32.75019
37.89811
40.309654
30.181723
19.906513
28.759079
16.075169
15.167314
17.186642
36.707043
28.487635
32.81117
39.08592
27.818054
35.48744
28.536442
15.147242
26.005983
36.19042
36.876114
25.98522
39.232338
37.00838
26.533625
40.73922
23.784836
18.867409
19.007488
26.518145
34.500443
16.513472
23.965216
26.831406
39.130993
31.73285
33.53049
21.744612
39.18417
17.465185
29.438433
21.555275
29.519964
29.249905
33.6174
36.15285
26.742481
26.222124
24.171734
33.909145
15.999164
29.962078
32.96838
40.939217
27.184376
21.902456
40.071396
29.87959
16.741472
18.710958
36.121742
26.949694
36.267265
24.09075
28.425909
40.994102
37.9451
30.77939
29.995348
30.44727
19.467455
40.177235
23.069736
15.719145
29.556324
36.99912
23.76062
31.369131
25.4493
28.618607
16.367975
38.617542
31.791683
35.361965
26.650759
40.23781
40.259556
26.909348
38.87353
40.67938
16.936146
33.173634
15.804739
20.390318
25.973515
27.552746
30.008308
28.740389
29.393856
26.289143
30.74862
26.68934
22.01951
23.82056
29.620052
22.401972
37.468014
36.469025
17.615757
38.380543
37.9083
29.59047
30.766312
37.36681
34.84642
40.395275
40.707466
36.260063
18.593927
40.05033
36.577187
18.604239
26.269304
20.386202
29.495707
22.816242
40.192635
36.55834
38.548344
23.259363
32.355938
35.349136
29.669329
28.509665
16.286343
15.448099
30.115902
23.720034
21.06663
35.010166
35.32549
23.855564
21.537292
27.067757
19.864738
33.755703
17.776678
30.959883
19.907745
27.472664
31.840431
35.842144
15.221786
19.142262
28.438797
22.554243
35.992428
30.762506
18.740053
16.647112
31.985863
22.68687
40.81063
18.20959
26.524845
16.383335
16.337292
33.28501
35.54564
30.066923
37.223873
31.130907
36.606873
16.182611
19.415033
25.35048
38.137245
19.397112
36.871582
39.012352
39.4375
30.752182
20.006779
24.2755
36.993145
19.93874
36.090267
33.749153
26.507889
29.270226
28.136057
17.842886
30.733776
37.865288
33.613247
33.699924
30.652523
20.793974
32.952915
40.957195
19.853584
25.498325
22.271923
15.538437
17.057983
38.66732
22.994083
36.962143
33.65295
24.927828
17.12147
15.233957
25.830942
16.20735
34.79335
28.293598
24.467625
25.430937
40.467533
30.19917
20.226913
32.33387
23.568708
23.757225
22.547195
16.603266
16.770494
37.14477
19.141338
34.305984
32.212883
32.219788
15.434171
23.616776
30.903845
30.679789
32.964554
23.229803
23.313719
39.003246
36.19524
21.518312
31.743277
20.196697
30.40223
30.501314
19.431072
15.770655
15.356268
21.982853
19.563
33.08038
40.36281
25.848513
33.35672
15.192953
23.892572
34.435516
20.215881
22.779995
31.513535
34.136826
30.583864
18.185701
33.126083
25.956425
39.573967
28.782858
24.606617
16.60192
16.71281
40.004818
39.88092
36.88246
16.205929
32.029312
15.177099
40.673912
37.01933
19.990402
33.74894
17.519983
30.768023
21.807737
18.713997
21.057112
37.912342
40.247673
17.816843
23.88256
23.085104
16.668715
36.906265
37.22928
40.507423
21.054123
40.7064
38.86781
16.398281
22.397419
36.065155
29.024538
17.042719
23.281916
22.27934
17.78737
34.755737
20.583294
35.324524
18.463932
37.36384
32.624615
19.858461
35.664093
24.023317
35.826088
18.720669
36.497765
37.20427
30.917278
28.316565
30.210508
15.491433
24.117306
15.753224
31.823708
22.4879
22.33904
25.884737
18.902617
23.554825
33.436134
25.528723
19.444801
22.380184
26.78715
22.031553
37.0631
33.44178
28.098907
38.088337
31.131378
20.314539
33.211617
26.26477
38.36798
25.469349
22.901173
23.021412
34.450977
20.720512
16.199474
19.207062
31.690813
40.80111
35.591427
21.9663
19.53032
25.680313
21.597752
39.797375
32.69844
40.18408
22.71558
20.100103
17.213394
40.24022
21.464195
40.969437
39.112442
15.641307
22.371206
32.218887
26.779736
23.603497
25.134808
30.659039
37.050243
15.596709
31.910646
39.509865
19.88693
21.931307
29.697283
33.49156
26.360046
36.408726
39.132023
17.617199
37.901447
22.978241
23.659382
39.00141
33.363567
25.789354
33.99725
17.102943
16.281813
15.288999
30.101307
30.73485
33.92068
16.085114
16.416044
29.90466
16.178242
39.18278
26.101171
15.087826
28.23003
21.896524
22.135101
31.891336
15.912746
23.251987
23.722574
27.230331
21.279655
19.012634
39.271362
26.119108
33.5038
38.601723
32.353397
19.968904
33.36172
16.137182
32.528576
21.88839
31.89962
23.556746
18.684841
15.898765
37.565372
29.382942
38.636093
21.203941
27.084148
40.062366
39.11979
25.697218
39.66183
36.010834
17.049068
38.739475
19.719751
23.50589
23.899569
21.909834
28.295736
16.39032
30.449028
31.908318
27.490732
22.185133
24.73813
30.081005
23.896837
17.65771
36.08395
40.141735
33.81172
31.150625
28.252762
15.580407
19.226095
23.048874
31.486858
32.97644
39.064987
39.64801
29.980364
30.976965
26.970228
15.382986
30.612047
39.052883
17.030745
33.887234
30.268356
29.31185
40.29879
31.673801
28.927948
16.625868
27.674519
15.365089
35.82928
29.122099
30.79783
38.345085
18.50573
24.68906
15.955625
23.467642
27.248167
23.566402
36.694218
35.02671
16.642693
38.314938
28.82083
27.579153
15.231729
20.504625
36.78466
21.408026
26.059515
32.31177
29.047258
28.424026
28.888416
34.88263
39.983498
40.125015
33.21041
27.799192
25.098604
38.868332
15.82844
17.27395
20.903358
21.157848
27.745264
36.80387
20.658707
36.907516
30.372797
20.929913
40.38267
17.715372
32.66282
28.476927
22.006565
16.06681
26.660364
32.189705
38.374187
26.08309
37.19394
21.034603
35.89683
30.94093
35.942127
39.60203
15.108485
18.41121
16.954067
20.023752
23.109882
38.099617
31.851608
39.609844
22.946587
17.919327
24.403898
24.013735
39.335484
15.085587
15.940547
21.149776
21.835716
26.494286
27.157333
39.316254
21.554157
40.731453
30.268913
30.017797
21.782274
37.15779
36.175797
25.834717
36.580273
26.522177
18.338287
30.35266
32.25608
32.380337
32.38797
40.644684
20.930954
17.229609
34.157703
15.088714
20.939953
31.718023
38.774
20.40693
23.68487
35.545696
31.730995
17.729652
38.738693
24.748775
15.453235
28.21475
20.494911
37.940914
33.754704
22.294724
24.46153
21.784615
15.814594
28.976988
37.418915
35.47445
28.815628
34.789013
31.092089
19.336445
34.228565
31.938435
29.732397
23.782772
18.877087
40.049305
36.05994
21.808
22.37996
15.439088
33.387444
22.973087
21.342905
16.317156
38.427807
33.395454
37.76043
17.51389
21.281742
40.64826
18.488247
30.390675
34.408493
18.669308
26.359877
28.434456
21.0019
37.78976
35.546326
26.70661
15.12555
18.81506
22.095726
29.794403
17.205027
35.725258
15.240065
22.204288
33.031826
19.009281
18.019226
37.23982
26.302715
40.907284
21.04775
21.323004
25.899883
26.907614
18.837755
36.446415
35.611435
16.729692
33.99178
37.984352
29.798384
22.721264
36.79224
20.444967
25.633432
34.10837
18.23953
19.911148
40.968513
19.858582
33.428753
30.89659
40.632168
37.052795
27.305416
23.13443
15.014473
39.60824
24.30331
34.419365
19.1664
17.954983
25.143225
29.040154
30.32213
17.840614
24.158985
17.567978
38.74692
25.822447
38.917755
24.807106
25.119883
32.203926
36.61436
40.56782
23.280046
35.181652
18.74486
38.58763
32.095795
22.79168
38.902405
22.405216
22.46192
21.878584
34.1889
35.282707
20.985067
31.757975
22.6988
24.375242
20.787674
26.502956
39.80676
27.262943
26.041914
17.857275
28.578861
37.688797
34.339527
18.662663
34.52737
32.88708
19.809887
24.385166
40.142002
29.24041
38.01787
31.83499
16.155935
16.169516
15.104748
29.496675
26.342897
18.138393
26.37941
31.021185
22.791784
25.448456
25.623907
36.378727
37.06838
40.09887
23.746435
21.930933
39.44904
27.406229
16.096516
31.25327
29.499088
19.305273
21.751259
32.92329
22.669083
31.293346
31.388275
15.687676
19.295017
15.834846
36.9799
23.430674
16.413887
38.707848
24.475025
40.18894
39.14394
23.253736
19.87908
39.09241
27.029339
36.781525
27.69915
16.558247
17.711843
31.482225
28.590586
30.324488
33.567524
25.124537
18.222902
28.98251
36.53437
36.53165
21.87705
31.55198
22.257114
21.380054
31.092684
24.339367
24.888393
23.21462
35.80325
26.83079
18.410875
22.740412
39.82835
30.69227
39.18273
31.430025
33.336933
30.085215
17.559374
37.276394
40.95159
31.452198
17.907116
33.124474
22.53328
30.687935
36.09995
19.431187
31.36749
33.18254
15.678414
29.531652
31.467047
33.60896
40.249985
18.53056
16.01326
39.52375
28.423248
30.791235
28.576439
39.860104
38.593597
23.660856
33.68827
40.214306
36.23599
28.54883
39.58281
27.46158
32.010746
34.76634
39.479427
26.684542
38.95126
26.638609
16.650204
25.657223
15.277853
38.31745
34.695915
26.199928
21.969944
19.450113
35.94885
17.60494
23.129013
40.401577
35.727432
23.030338
30.377844
22.080843
28.286636
37.268963
38.066814
30.58785
25.739946
31.621895
15.895953
28.876162
21.972652
26.740417
25.711866
16.417543
39.623013
21.247932
37.701492
17.458103
37.576836
40.712814
31.980095
40.871674
19.102783
22.115652
26.658726
17.844627
28.749804
39.339005
22.876842
23.667316
17.43468
21.405022
18.998613
38.76089
35.76694
25.196178
38.196854
27.734215
39.589886
18.216494
29.986412
39.74411
22.960768
38.58545
40.91923
24.72327
32.34964
40.904102
18.616217
40.143543
21.705706
25.892586
20.586363
33.898438
25.22146
40.7705
36.871574
20.617188
37.119247
18.236486
31.455946
33.263615
39.591297
24.600473
39.59117
33.22676
15.143633
24.131914
34.715145
36.276066
40.025738
15.009561
33.478714
32.732483
17.17209
34.3931
18.545929
31.99798
26.138292
32.08426
28.296013
40.18926
27.883669
24.004719
18.330688
39.037685
31.933813
36.290447
39.778374
34.445827
24.450779
24.186872
29.787151
36.13209
40.045147
39.12653
36.311325
39.648407
31.783459
32.380585
22.321707
32.721954
32.776043
22.497942
39.907784
25.350449
24.974457
28.38039
32.390152
29.37148
18.364416
16.289469
26.52467
22.32999
40.609173
33.340584
37.15497
40.383858
33.379997
40.112057
31.25809
31.716257
33.104534
24.881695
17.228153
19.464281
24.670446
37.700592
38.456097
39.527
32.74088
22.023743
25.78869
29.782013
40.769997
16.939268
23.288132
39.21817
24.550863
36.172825
35.863724
18.283068
25.18468
16.991053
23.810196
23.347502
39.72951
32.88763
20.062485
16.605057
18.468199
24.507868
25.06479
15.953511
21.729445
29.652407
21.552027
37.445774
22.50252
19.397997
15.254735
15.751561
23.705347
19.382965
33.56388
33.737083
34.897236
25.127335
34.52989
38.748463
26.471737
39.892292
31.220606
34.47566
39.921757
19.030977
17.425837
39.377235
24.638105
40.042294
37.9714
31.562157
34.884426
32.611786
16.493658
15.753582
21.085497
31.80829
37.425747
30.500355
21.372566
24.302433
23.159737
39.155613
18.448563
35.982754
15.874208
34.30787
27.267569
23.6675
38.35479
32.328407
24.767197
37.744934
37.28541
22.489948
23.949066
38.52224
37.95109
37.71495
18.97176
18.822865
25.0683
19.42797
25.602255
28.944477
30.547003
33.215065
36.366005
35.474335
23.388704
15.034152
40.042427
24.656307
21.637854
23.573818
20.771748
32.013416
27.32928
27.024069
40.97078
26.75208
16.712223
24.001017
32.49932
22.109064
37.68193
28.658527
34.075558
17.249262
20.312717
27.123363
29.807924
28.582388
40.661686
18.306374
35.8926
16.438745
20.600285
24.870798
34.019882
36.929134
35.33121
19.679768
24.839348
30.511158
33.461113
33.398605
38.952904
16.293959
30.024883
16.093523
34.336365
24.435728
26.695225
23.646868
19.834417
16.12303
39.561638
36.600048
18.43047
35.568287
19.32577
30.638792
39.361973
15.221557
17.53551
20.351456
36.83349
29.964941
33.568123
19.1195
39.07389
38.44278
28.47303
28.040426
38.79075
19.878025
25.497837
25.636833
28.69409
22.734983
35.1465
23.771353
39.693314
31.410833
30.956503
37.665737
40.615276
38.77313
34.83221
17.213339
34.84809
37.80776
15.734585
38.877785
29.18446
24.901602
36.802666
36.38665
15.319815
32.356342
17.57031
32.157413
30.95492
16.614737
29.841887
31.93411
15.258987
31.377853
30.003647
40.46641
24.568668
15.301573
17.072832
28.229094
22.629871
38.282906
20.624445
40.158245
27.43345
24.481478
19.886047
37.17157
33.752544
32.168716
40.753826
21.843779
36.858383
34.257175
37.258537
37.023884
18.57311
24.934544
26.097843
16.40995
27.812254
27.211754
31.251976
39.137707
38.076126
29.391882
38.41249
34.29295
17.968594
33.476177
15.979307
37.923847
33.7533
21.345978
40.719147
28.607492
35.201515
35.19392
21.828775
35.916378
37.542522
37.125195
21.109484
25.233719
37.196457
21.109257
25.234482
30.282711
23.15131
34.53485
38.678917
23.46332
21.339825
30.505743
18.782492
35.63113
30.178694
35.71203
31.627651
31.306404
23.551659
32.221516
38.9416
16.467411
28.949644
36.857975
40.068413
34.060715
23.22533
36.967915
27.207777
25.152012
40.476078
34.324596
20.579887
39.24472
37.938374
15.678023
30.951366
15.709468
18.458519
29.03167
22.04495
35.49618
22.098484
35.111668
34.75613
32.3415
20.742458
33.691288
16.812769
21.537704
22.18877
40.443455
19.53915
21.995432
34.143513
35.81613
39.72379
33.810905
33.77631
21.060406
21.240694
34.83947
19.055386
31.988102
20.036734
29.880695
25.948076
28.295755
19.373077
22.996391
18.754774
21.363901
23.796612
37.211277
33.338276
40.32544
38.217613
40.387234
28.817184
34.894115
18.682846
21.415401
40.411217
39.953907
17.958668
15.036531
30.557814
23.23236
21.87656
26.578468
39.16369
27.515743
33.543953
39.690643
26.911497
30.811043
15.986094
28.758999
23.911009
35.61972
15.560037
27.100775
29.665815
24.060322
38.569817
16.267078
31.320692
36.96181
31.912197
26.822231
31.461407
22.246824
25.295277
36.82231
28.357922
32.933723
37.59766
36.88146
28.473553
15.908655
33.273777
36.192852
29.306786
19.253551
34.36128
22.162457
36.189114
22.363306
21.609432
21.417063
23.531397
25.345074
28.52271
25.864105
21.192844
36.264988
36.701756
22.209425
30.140942
40.69226
39.7642
32.879982
16.377186
29.687967
18.340847
32.652153
30.222725
37.895576
30.167942
30.452227
17.489576
32.712475
35.13427
17.774189
27.807264
22.656633
19.2922
15.9510145
19.431355
19.989716
22.304617
24.11905
29.229506
21.41773
33.57514
20.131207
37.222298
37.26261
25.396898
23.90316
23.050217
27.882877
38.8555
38.717728
15.044887
20.31874
35.93477
38.866188
23.20164
40.146854
37.29915
31.67125
27.282349
39.352135
19.564667
30.41495
36.52141
40.658848
22.520586
25.985727
37.964516
18.210432
15.726947
37.16248
30.33891
37.747272
39.188442
26.369373
25.5356
38.503963
38.39303
33.46378
34.27796
33.932274
27.904072
16.660593
38.357933
31.053362
33.907673
29.049854
22.940111
26.752554
26.642262
29.330488
38.865707
29.652208
28.475399
26.361565
38.632393
24.33302
32.543137
32.923466
24.782839
36.62133
32.33015
30.684877
31.803751
38.419834
30.34433
17.787516
38.31895
38.131256
28.127241
28.689064
21.354128
24.109447
24.242483
16.945724
18.757574
37.769466
39.596645
39.469425
39.4803
27.998167
20.47311
39.46059
32.35064
35.328903
22.996729
36.69608
34.22252
32.978806
18.397915
30.142696
15.933283
40.294403
32.40742
40.970417
39.37602
34.410988
22.388632
27.955303
23.173069
34.003544
24.401964
37.99073
17.931454
30.891695
15.296421
25.966442
18.867664
34.958496
26.136236
34.628628
39.708336
35.352577
22.795897
30.20003
15.205044
38.26545
19.394758
25.517784
30.345516
36.7106
40.392864
15.2376175
24.400276
22.67814
17.632414
39.25655
25.3128
30.798643
17.384808
26.9223
36.622967
17.222092
39.550976
23.826057
23.10772
37.80249
20.563204
39.016365
30.629406
17.876097
27.249466
39.32531
20.30158
29.930937
