30.94671
35.164246
31.013493
19.287514
23.487446
36.624863
37.59879
37.54544
29.334309
40.01231
24.490496
16.997934
19.100275
15.040662
30.57355
32.475933
18.967455
37.837105
22.127724
24.155798
32.10542
32.629543
27.248016
25.74938
30.090302
35.533566
40.936134
23.192497
24.538855
17.208048
35.175903
17.45758
27.697046
39.314785
18.737001
39.438564
23.560621
34.696033
21.195679
40.990856
40.25549
32.974865
20.717623
36.156456
39.86865
39.8867
39.517365
30.364105
27.695837
26.066496
36.590233
38.966557
32.959824
39.244534
18.307013
25.861872
27.453842
38.8447
25.768076
20.142908
23.277428
15.832817
21.432938
17.728893
31.85731
27.328442
16.472794
15.755272
15.784009
38.972183
40.537746
34.132797
18.645056
18.331547
19.187117
19.13405
29.998701
25.731815
17.100237
20.12541
16.907389
28.814571
15.366984
32.634663
18.0381
31.854864
20.65122
22.829325
19.237139
26.409155
28.827108
16.17791
30.69974
32.219616
21.807356
34.576214
25.380342
38.4664
33.714066
23.542902
36.127228
29.43801
31.287027
22.223509
15.175605
29.4809
31.48097
17.889132
24.096125
35.693016
30.572329
27.375994
19.071234
31.24189
37.777824
34.484203
21.459585
25.41651
36.381256
20.738844
19.009195
28.563185
38.671535
39.113842
40.79288
40.909115
23.614126
32.328716
16.964937
19.943378
34.10975
33.150707
16.775826
15.503665
35.938286
19.769428
16.932182
29.007921
33.04249
26.758566
25.352165
29.373793
39.675232
35.39879
36.641712
31.084604
27.115719
28.208435
21.205038
29.58921
19.154118
37.41317
37.803226
25.764055
28.350851
21.7832
25.587507
28.519281
38.195778
22.776318
34.159348
24.796757
28.724287
17.247303
39.047276
33.186398
24.891308
22.119066
19.1408
17.17818
32.061043
26.358068
26.084631
30.670761
31.33924
23.356407
37.411873
31.773613
29.15652
36.39519
39.282658
23.16813
36.505432
27.248558
29.095175
34.334183
27.540499
31.185017
36.948833
34.802048
30.869682
28.632545
17.96481
26.255728
19.79739
38.596085
20.807013
18.792187
36.02314
35.550907
25.39696
16.931974
40.856842
33.98259
34.77891
16.080317
30.880604
37.004025
34.367012
16.05369
29.168737
29.552267
40.394108
39.01548
22.67174
18.552689
22.282225
16.705275
19.176641
36.13526
28.86767
18.199924
39.375298
27.497448
35.939053
24.610437
29.0038
32.33059
34.384426
27.09739
34.760372
35.861298
28.394157
39.37846
27.7657
30.506716
31.628986
17.505257
15.698809
31.902279
16.038177
30.102636
35.423294
23.6328
19.10052
21.492167
31.912745
23.382547
28.661316
32.162468
24.59093
19.417221
24.251429
39.90266
38.82144
32.320473
33.79982
30.581125
28.213064
36.72991
32.9889
40.03038
40.6514
37.452328
23.152407
29.789787
31.523792
23.78504
34.578453
23.56143
17.473831
35.13015
39.355686
40.150414
39.2033
28.060673
15.48852
28.389439
30.33359
31.88231
31.907663
30.088474
39.145267
18.431906
28.215141
38.403866
21.13357
22.36336
35.52838
29.187258
32.7493
40.494072
25.625803
15.853181
26.438679
38.919735
26.746752
28.095263
22.152433
40.552574
15.861528
17.384382
22.863413
27.497866
17.002636
29.598282
33.313812
26.255905
33.336235
23.360516
32.207123
39.121246
37.05327
39.707718
26.366566
16.348421
25.87247
26.557678
29.001024
36.66304
37.97305
28.116678
19.150948
18.519424
24.512527
22.843122
31.631006
27.14079
26.53578
23.875465
28.342833
20.825123
33.04408
20.935987
36.700314
40.259777
31.268429
24.637953
37.09161
40.66003
16.779322
38.852238
34.796154
26.431595
21.965439
28.330475
22.581526
21.754374
38.62673
35.135372
40.324306
39.99451
15.952688
34.594746
31.430553
26.17404
24.994488
15.474465
22.575779
39.862183
38.89015
25.856405
37.34087
30.799686
28.564625
15.8110895
21.689592
24.32726
30.402285
22.370714
23.914946
22.261503
15.476962
33.536697
37.675728
27.246471
25.3253
26.097017
40.05139
24.806252
30.961905
36.882023
15.16234
29.333748
37.860245
38.75347
33.834526
40.073097
17.96115
33.10005
19.031258
26.78792
18.421082
33.903652
31.331846
40.254845
25.775358
26.544153
26.605862
37.981598
25.46675
29.426582
37.21332
32.62108
18.277897
16.242895
16.555391
17.437748
33.10632
23.221752
28.606718
37.87982
31.733654
33.073135
27.179745
16.82057
23.766256
29.500654
30.102907
39.35428
34.76203
15.132937
19.238834
29.16721
33.708908
17.51648
30.325268
18.45115
19.483164
28.41589
34.990555
25.086878
33.69122
29.08344
26.977253
16.3972
27.386436
20.388363
33.60145
20.15394
27.552803
29.73736
25.78215
38.72052
27.960335
16.571293
37.594093
19.221552
30.022354
16.889044
33.229122
15.453144
16.62273
38.728046
35.4953
27.882357
33.531555
30.822014
37.539597
36.531513
28.99063
17.75991
28.349201
15.802879
28.325457
32.886173
30.76803
22.371407
35.02847
32.910816
16.259243
35.158115
16.658434
37.73894
27.451162
24.093836
21.11402
19.382795
39.623173
27.8929
20.364801
34.985455
15.7197695
40.378548
28.560936
16.963793
32.225105
32.036648
35.593086
22.069365
17.287024
38.421604
27.63706
36.769356
29.848677
21.797966
24.993093
34.765816
23.227491
40.973705
32.617485
33.699787
36.5754
26.665756
18.144777
16.128147
20.96085
17.93571
37.911507
36.71429
27.43227
37.243355
33.51799
21.23992
22.354366
29.488003
37.80245
27.52374
26.552633
18.042253
35.752193
39.623764
35.35823
34.230232
34.839504
22.803553
24.514477
15.961973
18.545166
23.658684
32.08778
30.307976
26.420593
15.52827
25.020124
21.682682
23.93979
15.857333
24.766678
34.00292
17.605337
35.529427
23.581415
27.697077
19.297968
40.35483
29.445126
30.763096
36.697178
23.87823
39.374454
31.208101
27.750729
28.460718
15.907165
40.14974
32.63375
28.19463
15.927989
22.6191
30.413612
28.625532
26.681118
26.677347
33.724525
36.484364
36.80943
32.842915
23.15635
21.673687
30.567255
19.023476
17.774815
21.605492
34.972656
33.156525
19.21595
20.654085
18.596716
26.584858
16.13519
20.966022
26.93161
33.827785
29.44222
23.160135
24.835785
24.856398
18.715368
30.554188
37.423744
32.240807
32.464798
40.470676
20.949564
27.609602
33.501667
18.90291
30.72743
39.746582
31.570755
18.363377
29.939096
36.347004
36.61702
35.090046
15.297331
32.965374
15.581833
16.952204
30.96603
28.009163
23.462688
27.375944
26.881853
19.767437
37.52038
35.400482
39.67885
18.410791
39.9807
35.57991
39.786694
26.65869
33.353035
17.861141
26.954782
37.382557
27.576057
22.797129
18.448599
28.797806
23.60126
37.495693
21.47139
40.095142
23.737812
22.55757
15.983322
32.371376
21.107714
37.923496
20.021948
19.542122
18.898058
36.028522
24.871935
31.553638
40.747616
25.952902
37.98867
19.658213
24.56789
30.362236
19.449474
36.777386
15.374084
29.945803
40.887814
15.049462
30.28942
31.790264
38.36003
39.542587
26.786568
28.66718
24.400759
19.811935
27.442871
27.566105
31.642328
19.489271
19.011404
35.97119
22.805107
40.415466
24.447859
21.357635
35.609863
27.96129
39.683567
39.175377
40.21988
40.129047
36.397896
21.190968
23.189665
24.787464
33.818684
15.4745245
35.57883
36.964382
38.667168
31.547228
31.88371
35.506706
40.76437
23.245787
20.746033
21.614212
36.52869
23.713886
34.017128
32.76367
39.61994
33.59658
25.687664
38.361946
19.322863
20.992136
34.43717
18.101519
20.913595
32.00686
29.11419
24.439173
16.215504
25.861933
29.327057
32.878304
36.826054
16.417307
37.506916
23.807596
35.084423
16.706234
38.298775
15.533607
40.749836
18.615002
33.943012
19.841991
36.573605
40.19599
38.42885
26.931955
35.473118
22.268148
18.633059
15.890716
23.85405
15.937505
25.401165
20.009562
15.77732
21.461412
31.585175
37.190342
23.130346
20.483624
17.420925
26.45099
29.737427
28.083416
28.309809
20.110977
22.43203
30.31044
32.06379
27.622288
39.514153
24.917997
31.979227
29.208858
20.728798
33.860985
20.724228
31.487144
22.926977
23.790733
29.955784
27.062721
33.908634
25.257492
37.82722
25.732653
35.59712
30.622347
25.103024
40.37057
40.657917
22.783827
18.46729
29.831217
37.949547
37.740536
34.793697
38.283398
39.782578
27.739595
26.638992
33.265198
25.863031
40.301765
19.028715
15.45237
33.009327
27.767542
22.72288
29.640814
22.257343
28.174644
37.58115
24.766098
39.806076
25.255753
25.391026
24.91792
39.40666
15.136373
32.579304
15.254549
23.26059
25.916275
15.596179
34.48216
24.268198
17.733894
17.442955
39.13611
28.556408
33.14167
28.808588
38.286114
39.61521
32.661263
29.586771
20.484428
36.08513
22.241104
30.16456
25.785967
30.263336
16.004822
16.805048
26.491562
25.734102
31.157486
31.690851
34.900272
38.179394
30.20773
15.751741
38.804
27.388624
16.767279
33.268894
17.717375
20.76171
29.105423
25.429934
22.90813
17.187634
16.364508
25.502985
22.178053
19.081
31.883549
25.104733
34.041687
19.572042
16.43052
39.15644
15.459939
25.37088
39.309967
20.55372
26.607794
27.664717
29.291079
24.319822
33.2903
23.557096
40.09233
35.068966
28.568104
37.021187
26.762377
24.975285
19.913692
33.11448
19.71288
20.124706
22.791653
26.290152
36.38745
29.121086
29.94114
19.04076
20.591927
31.124725
27.835938
36.822826
36.36467
25.12036
39.807274
31.236225
22.931683
32.14352
19.13683
15.770219
19.769753
21.438179
27.06214
33.078365
20.091906
26.075293
40.083855
29.707376
33.172966
27.431002
20.224102
29.48049
18.849
17.104847
26.95741
32.323666
27.253
25.352535
36.420513
19.223448
39.390087
20.914442
22.20449
40.218163
39.50913
22.240099
38.54263
30.849457
40.393623
32.540684
27.02946
17.339216
39.67319
16.84554
24.1414
39.90714
39.048138
24.295485
24.776482
23.107222
22.922949
35.274773
26.790644
39.836815
26.360638
26.665192
37.080093
15.759692
32.498436
31.499994
25.144209
25.285126
38.60624
39.601902
29.26058
34.957687
33.822796
27.408646
21.41365
17.138023
24.27062
22.121086
33.940617
38.192646
36.729187
15.553171
37.493023
31.06122
36.336807
32.619514
36.359818
24.032713
36.895374
38.26566
17.4573
27.837143
38.267895
26.827604
29.363718
15.747589
30.087479
31.301403
21.661055
20.28746
22.53727
22.810225
28.543743
31.350992
21.314522
40.675457
38.163883
24.070234
29.057842
22.930021
26.50475
16.59978
35.495285
23.856255
17.709188
40.140785
21.361929
25.18733
27.736704
35.988804
38.73907
38.98033
16.98289
29.165297
26.88328
20.850742
26.06703
35.280556
23.841908
20.252247
29.37856
26.676262
18.19286
37.79238
27.170218
29.608652
26.09978
34.19373
24.995638
34.258793
32.539913
35.44195
17.111244
17.694252
24.040426
19.906147
26.097208
30.556896
19.549894
35.773624
18.399376
21.214441
24.175304
25.010328
24.75395
36.388733
31.43083
23.23982
17.52889
30.86166
37.373226
31.427822
23.9008
18.759981
24.539648
37.065975
22.483332
37.133236
24.957277
31.66766
21.532904
23.064302
29.660072
27.820288
21.179792
18.390068
29.126574
34.782654
24.267403
19.260027
24.843618
18.672596
34.329845
25.223568
32.804394
25.65932
26.99764
20.312077
21.165264
26.256384
20.69367
38.66985
36.514275
37.805504
31.866322
23.688238
20.245354
34.547997
23.203892
40.310318
40.385612
38.299713
30.28423
35.198784
28.889303
35.677143
40.935783
36.797623
15.8903675
32.06628
34.221004
24.968567
36.696667
28.082722
28.400312
21.846146
36.412376
19.140385
15.494616
35.830624
24.991117
24.928059
40.13663
21.22597
40.2509
17.087011
34.286015
20.930326
29.922928
28.189594
25.080572
34.7995
32.159916
29.237892
38.605606
33.829185
29.095482
34.333107
29.685705
34.139713
28.02476
27.91052
18.938044
22.89735
25.567408
39.991516
15.273529
24.769169
15.777627
28.273262
38.791935
22.283865
33.58189
22.558334
35.58933
32.558773
30.15357
23.020662
32.381016
30.25374
40.87469
33.11084
19.04031
36.32542
29.38848
22.522991
21.163374
16.180912
28.912506
25.577007
18.59253
31.167557
22.460651
35.614098
29.465235
35.986156
34.913147
40.560295
30.803211
23.577682
17.977516
40.681625
25.915934
26.308992
37.999172
16.73632
25.964996
25.870943
22.309036
29.223658
15.920597
24.20268
30.336473
17.23549
31.838694
19.968786
35.069405
28.535877
26.897099
31.641333
16.609455
26.925676
15.951096
23.076803
22.548548
16.693249
20.503876
24.628235
29.684277
17.008955
19.934418
30.295792
38.19504
39.49034
32.585136
15.194424
22.8118
17.846514
17.883936
31.705105
15.751955
39.504333
16.060055
29.076574
25.221754
25.425762
17.210354
21.95736
15.147241
31.944742
38.482475
24.363289
18.45971
15.383717
16.963514
30.92356
17.740175
20.453978
36.497734
16.898823
37.3184
33.000717
17.103949
28.427685
38.025467
40.52275
25.923126
34.733315
17.714994
22.078564
18.69891
30.609844
25.396545
22.684435
34.678596
24.408592
38.365807
24.117086
39.519356
39.957
24.069633
32.152378
20.2942
20.368628
23.610102
33.703262
20.014547
29.54039
25.770147
18.064327
40.220936
37.283653
35.23449
24.526913
21.14073
32.498642
22.282972
31.997915
39.671448
35.57707
25.649488
16.937037
30.020529
40.305717
17.468216
35.921368
32.21724
30.944162
37.26983
38.452877
21.909584
17.86267
24.843956
38.24344
24.868887
35.1517
19.450062
17.143759
23.447008
37.95235
31.337584
29.126648
33.865856
15.9074745
26.827017
18.291739
32.666206
24.09606
18.307285
24.727892
23.90249
18.088871
35.42069
19.251184
21.74265
27.351274
33.435215
16.530487
26.016699
23.119486
23.345102
35.919308
20.95514
19.089449
27.593948
18.431704
19.867933
39.782887
33.480747
16.731709
28.83714
34.292984
35.287766
20.749853
30.631021
16.262568
19.960093
18.597023
19.994728
24.410454
35.770325
30.814999
39.23239
27.69718
40.817787
15.6847105
16.567757
33.309067
34.44026
22.307339
39.15527
30.040049
39.657112
24.480057
39.810726
16.363546
26.616367
38.007343
33.540424
37.512108
25.684193
39.02045
24.770014
33.22036
32.293774
21.121695
32.80898
27.437262
37.96162
30.726995
21.533955
17.276487
32.982838
22.84908
15.533906
26.749258
40.232944
39.74553
25.032358
21.411674
38.232204
36.34994
29.786732
34.95915
29.169699
27.21109
29.862045
26.013329
21.93762
39.784195
20.68602
16.872349
21.39244
22.34992
29.114927
39.83307
21.038116
31.581022
16.374203
22.84444
33.117413
38.83305
20.685226
34.713978
19.701057
29.604773
37.14932
32.86468
16.78038
21.295542
39.032375
15.727701
28.597635
38.381042
34.97823
37.256393
37.4892
37.435425
28.876183
40.760326
21.370407
21.047009
21.11785
15.283163
16.656694
27.60642
33.800774
36.08624
20.894392
23.190052
26.070984
25.450073
40.665363
16.318512
35.24397
40.96892
36.433315
30.23877
36.603325
29.788866
28.915554
32.56039
31.848537
38.827816
27.292555
30.570396
35.04817
16.916231
32.10859
32.35788
19.651999
21.010246
23.070364
34.998734
38.625393
33.154194
20.116446
19.48238
34.091457
25.707571
17.108908
17.806633
17.001312
23.501719
27.28956
20.7234
31.30008
31.0545
36.2467
36.987087
40.81592
40.746567
21.554287
20.639235
16.67176
29.950747
16.473997
17.857012
32.404102
35.50647
40.151608
19.199867
29.170527
22.643997
30.5927
16.707773
30.437382
32.488693
23.36863
18.236126
38.361263
33.613335
16.482336
19.65651
40.712776
22.757048
32.11444
35.10919
25.63832
31.792097
33.073704
28.362328
33.81529
26.2954
33.691906
40.514507
33.62855
29.66931
23.63168
20.771435
32.88062
31.656765
32.61692
35.834133
26.24535
19.3087
22.448833
31.55525
33.184685
19.987026
29.83675
23.951643
32.37026
33.824394
31.55135
31.40559
21.786451
27.21235
28.198927
23.943602
38.6387
31.352322
22.518843
18.850952
33.950703
22.679369
22.522379
26.561687
39.30639
33.05642
31.019638
16.758001
33.57725
39.037174
23.122248
27.919535
33.673004
17.208702
32.163048
36.182274
35.363194
32.650204
38.14003
25.298344
28.039688
39.88222
19.270258
24.732208
34.92478
26.331062
24.53057
21.485325
27.676876
19.296015
39.165318
31.110538
21.605408
26.682364
32.057472
38.559063
36.779118
31.351107
21.58787
17.997112
17.196339
20.836641
17.148504
18.535809
38.88337
20.396595
26.82912
35.937206
38.29673
25.88338
31.962555
40.790833
40.72735
19.764902
34.192657
21.399395
16.539488
40.77227
18.519688
18.668825
35.02454
33.115273
38.38164
22.66705
29.409512
16.98169
30.245869
20.197495
30.132345
34.12453
31.413975
25.727493
30.880941
22.741526
19.783943
24.31833
15.090042
28.564228
26.16696
40.822926
19.599916
28.099386
28.422403
36.548668
21.002998
25.303173
24.153057
24.827139
28.839437
18.61924
32.993504
38.489082
30.249804
29.274452
18.628283
27.112097
30.952877
34.00157
38.592327
32.090187
37.488823
19.945993
26.634792
17.068464
37.55272
20.414118
23.9683
30.092882
26.94075
15.333728
20.079254
27.944103
33.14108
15.8222275
28.940792
32.55614
26.923729
16.096416
22.448542
36.164658
36.418552
24.107914
29.6903
35.886375
19.117601
20.751204
20.26431
15.800217
17.998016
32.266678
34.276814
23.28245
32.533836
23.548965
20.878048
16.3422
33.74983
33.471153
31.236925
22.010418
30.667727
17.048512
22.708113
40.45445
29.505127
29.290611
28.61122
33.42202
38.809372
27.928684
34.520386
24.86265
27.343695
16.855444
37.253532
38.131023
28.990067
39.077465
26.854033
26.046118
32.19297
25.25564
40.773643
25.26146
22.540607
21.497091
17.193989
16.896002
17.964802
37.962326
26.964933
27.181833
18.73811
20.0643
28.991703
33.00399
20.956467
34.56146
32.068604
17.63934
40.517883
35.68472
35.13572
35.745586
36.74255
27.5887
25.726
31.708181
22.726936
24.880495
28.973633
35.821964
21.284216
28.754549
16.970621
40.466038
28.895672
32.35021
34.487026
39.424557
17.482454
15.348808
40.111332
29.812721
15.004327
36.54014
29.720888
35.68634
18.901863
26.113426
23.858421
37.345142
29.220728
30.765959
24.069145
16.58394
20.891527
28.372784
21.543968
37.702587
27.08593
36.923878
16.517818
26.95463
39.82954
36.71049
38.78818
15.296402
22.124277
15.330359
36.447376
40.792213
17.717762
33.981762
27.463179
23.838148
24.35449
30.72941
33.09587
38.48595
29.853352
31.950409
23.305853
38.58026
31.678284
27.00656
36.284405
16.16649
23.803644
17.33955
21.031313
37.68332
33.623146
25.648548
29.506454
28.822966
40.410942
29.58506
19.298534
27.623943
19.415771
35.48782
22.982702
37.355236
28.053757
25.08086
24.37971
20.057417
40.86278
33.770847
40.782845
38.22539
31.891113
21.205067
15.884919
26.04909
23.015217
21.089409
28.615992
24.87256
38.31642
31.916113
40.393665
36.088593
36.09345
29.213797
33.391205
38.555073
35.347515
15.20786
33.3448
38.800983
32.648994
19.367094
24.149752
26.784073
24.17942
33.21279
16.036476
33.76883
36.43985
30.979557
30.470612
40.012608
35.626385
26.242332
21.087626
26.379322
33.995888
37.462147
32.950813
29.744291
29.67977
38.55337
16.21254
25.110493
22.350872
38.038292
34.86218
25.725557
30.90835
24.130035
24.660149
16.170547
22.917667
37.17295
22.585999
20.385626
26.927567
31.269793
23.169506
26.904451
33.9832
37.638023
22.927238
39.188187
21.664322
37.26294
36.7931
31.881748
30.799726
23.753166
29.909826
24.058912
17.643883
36.95452
24.439499
34.079754
24.748987
21.841093
22.154568
21.552805
20.02541
33.477776
39.48695
36.076122
17.555784
19.436428
38.441284
29.925518
31.612738
27.948149
38.319416
38.66488
31.027578
25.287138
25.5567
35.77263
40.56692
33.40692
16.136728
28.81
35.29664
38.68765
37.029667
23.401003
35.047127
40.80357
37.890266
29.350534
21.041311
15.1826725
15.855282
32.59624
33.50643
27.305847
24.6959
29.371428
25.663
26.180847
38.80946
34.950348
21.8691
25.726715
20.575583
36.65402
33.895367
36.517204
34.455505
29.4136
33.315887
20.357141
32.879307
32.120323
17.822378
30.503565
21.444304
36.234753
40.90393
38.99385
28.23889
28.685162
23.781694
27.50592
22.209599
38.9536
15.747809
37.451084
22.405178
27.430178
38.130028
28.587833
35.66002
34.609974
15.98832
37.345432
26.820253
34.51382
20.346981
20.258953
16.96936
20.833218
22.27553
22.442795
37.27618
22.731344
30.45396
37.8677
27.066679
40.976242
21.99268
15.356541
22.511864
40.138916
20.224707
37.67717
18.927797
24.958189
18.947498
34.88593
33.09957
24.655853
34.164024
35.16333
34.269756
27.979755
15.75747
30.783848
37.472706
34.059074
38.731243
37.57457
30.74978
19.775291
22.655659
29.242943
34.446373
21.283836
34.78503
33.29166
22.270334
21.565693
22.943604
26.88918
36.082283
33.44479
22.726028
21.027206
25.4918
16.376148
39.817886
35.57193
15.249628
29.49146
20.313974
16.403616
40.15438
26.88284
39.79691
36.739616
22.73339
25.912169
27.635792
31.948696
37.310757
33.452614
38.474472
26.690004
35.24173
38.40048
22.201271
33.047897
40.07107
35.539738
26.826666
28.484175
38.16398
21.898247
21.642847
34.892284
23.96182
20.10373
18.798698
30.813265
21.43079
17.929298
23.996098
17.961315
20.500187
23.212418
33.398182
28.607033
15.328053
22.637842
32.037457
22.079456
34.085377
35.494213
39.021446
34.673298
39.616077
31.445635
36.655777
31.585712
38.808575
28.603691
24.239456
16.157331
27.805656
20.741997
22.734241
24.655146
16.282993
22.36455
27.769884
28.110262
28.942537
23.520725
15.519226
20.311419
28.095667
40.753994
18.861895
16.955536
33.751896
20.377964
35.952663
15.169465
36.982483
19.39261
19.82022
21.142532
26.49434
23.785103
21.944464
20.44729
29.328064
19.70381
36.89508
20.776356
38.385044
38.050762
39.061573
26.286036
36.09202
19.406862
22.264507
20.5129
36.92753
25.885925
18.610197
38.9173
19.763174
37.507645
18.335627
20.50823
38.013702
18.986292
35.58781
30.716848
17.443302
32.451107
18.091505
30.711342
28.14169
22.545889
39.481445
39.683697
26.66193
32.59956
17.710058
30.289375
18.603022
20.116028
37.388878
37.383713
37.023808
28.70082
16.181633
40.47434
39.990734
27.723673
19.439249
22.896725
19.29055
22.51029
35.151802
17.620398
21.879988
22.663244
40.98967
26.806255
27.998083
34.23103
30.71595
33.760788
29.032692
20.875975
24.574427
27.770905
34.211376
33.935886
17.392197
22.453459
31.977772
37.330833
21.083265
24.716475
21.518114
28.635748
28.999226
38.20443
34.318596
34.3211
38.145405
20.187874
26.86277
23.157963
15.665592
34.258015
33.61914
21.09066
32.195778
40.899876
22.322748
21.499006
16.697054
16.042889
27.220438
32.704082
17.2001
16.0258
34.428062
33.81547
19.528498
30.063122
20.83892
34.57451
15.51529
16.263159
20.126184
34.717396
39.487038
26.52323
30.29815
39.56345
24.86187
37.21535
38.993584
33.02806
25.592802
30.476274
21.24555
29.066565
25.884817
25.12846
19.795528
29.674232
36.12404
22.784117
24.20569
29.99944
35.279526
17.522215
37.995735
36.871
16.173042
30.678852
18.821665
30.097467
33.959362
17.754175
25.317396
26.265219
23.91949
24.214512
19.636164
18.44387
22.241415
35.05621
22.95715
18.201632
16.847757
27.398088
22.263763
28.639936
18.527012
26.082327
16.5536
36.775734
31.634758
27.288935
21.30602
16.531534
32.453537
26.506924
35.511883
25.837437
37.93488
24.855621
31.86093
34.90595
23.994122
39.712505
35.78589
35.609627
26.788582
31.879297
26.9783
30.07315
22.481773
36.105953
27.71969
34.08562
16.881205
32.69261
21.912617
21.74548
40.034523
33.10238
33.049736
29.869627
32.37857
40.043293
22.524954
30.129898
18.358118
24.315668
33.66936
29.62428
34.565918
16.8714
29.685497
30.646805
28.402842
26.994736
29.257215
35.789265
30.01676
40.289352
38.028233
15.1895
38.85103
29.244566
15.371114
36.73514
38.518192
24.553759
25.909376
37.338375
31.911833
15.071127
38.10893
26.0164
26.47924
16.318157
17.92111
21.443867
29.399797
17.789173
19.93805
15.887833
22.048822
27.955675
21.812157
31.992247
40.573814
28.83205
19.794985
16.748272
36.66983
19.240717
38.1668
16.168314
27.713007
37.50252
37.05667
38.67575
22.295963
20.178717
35.693882
15.029061
17.906136
15.7037
35.485054
21.718159
21.99783
30.273018
25.477331
25.202335
28.031042
32.189163
37.74648
24.103464
28.184893
38.01796
36.039833
25.52462
22.400736
37.371273
17.60749
16.033546
31.169828
16.907217
31.571152
39.531937
25.052664
36.226795
25.40859
37.2257
19.301853
20.746462
30.172688
33.217987
21.157734
21.33886
26.917494
26.865908
36.39558
39.55941
35.469845
25.973537
16.525646
32.614376
34.163475
19.13788
18.681963
37.87632
25.44374
19.121174
32.68311
40.715866
21.354362
25.99201
24.007927
31.693972
40.833866
28.959429
29.501478
33.746883
35.47771
27.318218
16.511173
40.89627
31.963198
23.730385
39.85042
17.23002
33.687782
27.18681
40.496807
20.424429
39.33738
38.4248
27.254122
33.916573
26.079811
37.32139
37.742294
35.985878
15.869514
19.83882
24.026619
30.46694
16.9532
37.467884
24.957314
20.590925
35.08212
26.79633
21.862843
28.540825
24.165134
20.823755
28.6251
40.706245
24.137814
38.95104
29.361881
24.336258
20.676245
31.191452
38.951805
31.314238
39.05033
38.08232
15.459089
35.11656
38.889828
27.020159
17.150457
19.667337
25.927355
18.298897
36.24354
15.764295
34.88622
37.99994
22.786093
18.026348
20.5968
30.064426
17.137453
24.901207
26.153858
20.372269
40.40857
20.17182
29.468071
31.459038
20.914072
38.61333
34.918644
19.621107
27.199703
22.97759
36.979885
28.590918
18.530668
38.320217
25.673088
33.708496
33.86123
26.835495
19.486168
31.571945
32.25312
17.827406
32.006886
16.518766
23.470167
27.220356
33.93167
34.97152
19.0487
29.101183
24.340424
25.675472
33.52817
16.18428
40.16878
30.16256
38.723618
28.804697
38.662815
31.395012
32.931396
19.069351
32.267155
37.47381
35.781868
22.134481
26.876017
27.541096
28.087477
16.227757
20.667704
22.562462
26.481955
18.99646
39.846565
26.544058
16.906132
22.038433
37.532497
35.921185
33.068058
26.060493
34.766544
20.34912
19.89003
28.00928
32.14217
36.933617
23.652203
18.732525
34.925312
22.057617
34.052414
17.254
23.692343
40.392376
18.723978
25.583391
24.493536
23.425323
21.888058
30.13265
27.3407
33.893673
37.76441
22.273363
33.421154
21.88185
28.124165
33.34494
29.856195
31.022545
33.940483
40.511475
16.050764
17.235249
29.477705
27.265352
37.72202
33.742836
23.356956
20.088709
17.548035
40.725864
39.1458
26.809155
19.043861
21.905922
23.841959
30.52409
36.75071
25.593472
32.255703
25.618347
35.115025
16.292295
22.74298
39.362755
40.537727
36.821796
19.000921
33.85663
31.98996
34.10003
17.709785
22.665081
19.320078
32.22447
26.690075
26.402433
16.917812
22.29422
24.940847
23.725893
31.75489
23.536444
18.43504
34.729084
24.98748
16.731443
33.86983
32.562843
37.28438
30.675022
16.704914
24.261171
15.835803
27.473309
23.768705
33.21303
23.601177
34.834446
30.472416
37.496166
28.77042
15.203143
34.244045
26.376898
32.641586
38.578205
15.17923
23.680367
21.158869
18.159912
28.10308
23.448473
33.208416
35.593067
23.246908
30.328224
17.43547
27.503397
19.566072
40.471058
36.82482
37.26892
33.359844
34.37412
32.57758
21.524712
37.301548
23.05735
27.920847
23.768494
19.246922
23.245636
20.402773
29.616232
18.260979
29.81315
39.954136
31.750992
19.188364
32.64743
25.538485
25.414963
20.78947
20.303627
39.566425
25.41373
25.974392
36.3447
22.415737
27.033457
33.989
30.10129
15.377355
36.01584
17.5422
31.735376
23.138447
34.792297
18.810781
39.95466
24.517183
21.548046
39.017857
21.500074
28.57992
15.368246
16.853352
22.61673
34.49995
22.7127
19.389664
40.118843
27.558075
17.772095
39.34285
33.37232
28.538658
27.877977
26.539564
16.543823
21.440968
19.070292
27.272156
34.80327
16.904018
32.17043
32.85912
24.81683
32.03418
40.26441
24.17539
36.830692
19.428373
28.3699
38.176674
24.920965
31.10162
39.24251
33.51435
21.573208
38.756283
37.77084
25.2222
22.655293
22.371317
30.216467
27.15345
39.060318
24.443401
35.674164
35.35648
23.821632
19.377771
27.55932
31.899723
34.339905
16.505186
22.673618
34.79108
22.512583
32.99239
16.456715
19.584452
39.01901
39.516975
31.400793
28.025751
35.78977
32.993614
29.286482
34.662983
40.776844
26.86704
20.892807
23.729818
21.54143
36.52829
23.140446
37.809296
20.88922
35.264153
33.246735
36.79407
16.808392
40.815815
40.40249
16.48189
32.303314
28.101221
31.72484
30.779766
34.367477
17.946651
22.796968
35.937534
15.301992
20.776571
15.974684
23.491291
15.861429
40.12678
33.82153
40.669468
16.29661
35.574444
28.528149
38.89903
16.264406
38.21961
38.978363
28.746593
25.787453
22.206242
37.24347
37.139023
20.972107
28.936966
37.718018
32.03025
36.030827
36.614105
22.85432
38.815983
25.3056
40.530663
21.509773
17.74508
15.451875
15.138408
35.29
16.336197
24.7179
39.336266
18.952677
15.380621
23.342197
21.650661
40.930836
15.496894
38.49238
36.020576
27.341286
25.400124
18.881304
31.75348
39.462772
15.0586815
36.22205
36.884438
26.600187
26.733192
17.021004
40.649097
25.49534
26.527536
32.858803
32.072365
18.001352
16.528805
28.271748
39.778023
26.60693
32.872974
26.621649
37.040627
36.578396
22.145258
31.93004
37.829437
39.98152
21.408932
32.55303
28.135313
40.651787
31.85363
30.785925
22.224806
34.300915
34.563934
29.012268
35.63192
30.379093
31.231298
33.84965
23.676348
34.0565
38.767117
30.895224
40.08809
25.744314
26.722078
28.136578
36.92191
23.944653
16.176615
15.869179
26.360981
34.90035
22.339567
33.049328
25.237753
15.509815
40.476986
34.41207
36.1409
20.278698
25.99021
25.39635
34.83091
26.699314
26.472109
34.945103
40.352734
32.380413
38.39272
23.58585
35.712566
17.493977
19.7002
33.847794
31.27671
37.66241
36.070328
28.034224
22.154123
39.278637
26.797497
18.644548
38.74013
39.43317
18.392513
15.328023
28.327448
30.116545
31.837137
19.151781
15.231533
31.171886
39.142708
34.17852
33.230892
20.591799
18.369846
33.8747
35.288956
30.185171
19.588575
15.707947
21.502644
39.38381
31.392939
25.442755
39.01377
30.015316
30.531408
35.106457
31.22296
28.237885
33.974262
23.372873
20.061714
28.51422
21.311224
26.19887
26.306875
30.496014
21.757582
40.9495
30.962639
34.99702
34.244106
36.960285
35.588894
39.85187
33.07601
39.510532
35.12057
18.38951
25.468353
40.51959
19.2013
20.494144
36.900043
23.928177
31.345627
24.783377
31.676022
38.689964
21.347572
18.302214
25.346716
21.573858
25.26935
23.313354
24.706383
31.565418
31.072535
29.258282
19.976519
15.556159
26.495039
33.77032
24.477905
31.222427
19.130741
25.739973
19.60458
39.52091
22.83461
29.864445
33.23528
18.065731
27.554726
27.857513
27.852684
23.802475
19.48359
28.552391
36.588078
30.857378
39.024616
35.49951
19.168716
29.215303
29.485765
28.342697
37.317616
15.968038
35.640713
33.251415
20.540054
29.274784
38.339073
37.99335
16.428532
29.889679
39.20058
26.85075
24.627514
20.1365
24.094286
27.515642
34.421722
17.548656
35.582222
24.343094
28.546371
22.042923
16.79807
29.898365
16.265106
33.458282
30.334896
37.602997
31.021065
36.56662
31.631947
30.466396
18.038877
37.249928
21.079134
30.383772
35.140083
30.439022
28.598751
15.287754
37.731716
39.621735
16.817526
31.56032
32.437668
23.253841
32.108143
36.54318
25.164581
29.24399
32.75783
40.728973
28.528854
24.83417
30.312712
29.272285
24.518639
27.660233
21.749992
35.8285
21.024391
16.552347
34.546276
30.410395
25.443863
27.723137
21.938585
34.946243
28.952175
21.391651
35.71589
27.530046
15.224885
19.604261
26.7323
40.973537
19.41168
28.038853
16.999186
23.2013
28.98068
28.91671
25.692001
16.274426
25.688004
34.79675
32.698536
23.384876
27.374601
19.989769
21.438923
15.031723
29.552055
17.605673
31.60367
28.772192
35.81137
17.83458
16.184565
35.434536
18.97348
22.963099
19.714252
36.48636
23.597559
28.839926
19.983866
18.371264
40.97285
21.030365
19.674034
40.0582
22.04215
22.737171
35.313198
35.79216
23.839712
18.715609
18.768085
22.091375
24.9737
36.873436
31.074764
16.405495
33.443027
29.021938
25.83473
18.530617
27.65071
28.332056
29.628925
26.871435
22.860605
19.449951
25.94369
27.947222
20.541735
15.939404
20.956076
27.157623
39.054043
20.743618
18.192047
39.755787
20.951826
20.697113
22.549566
27.220596
36.815777
37.768612
16.469553
19.776293
23.971819
21.67879
38.141304
18.677053
16.714783
34.812164
29.544868
36.055584
20.727087
20.930252
38.861515
23.629066
40.26751
40.093483
17.324282
38.36232
30.402279
31.412392
18.934309
37.307274
20.060566
30.773787
34.63448
33.26943
21.018635
16.525682
28.510561
37.696133
21.05179
20.25506
26.38094
25.238176
16.440409
24.255423
40.739674
33.805298
21.776194
22.056564
18.433462
36.617867
17.587
37.476772
36.681805
26.751165
40.683395
39.058155
25.090475
31.975256
22.327322
30.45863
22.162115
24.312675
31.333076
25.399496
40.473618
20.667738
19.032988
26.105444
35.16859
22.12541
22.67504
34.82421
19.70418
20.074383
17.266874
32.97598
26.894995
27.178062
25.140417
21.758053
22.212984
36.39886
29.583624
33.61815
26.030546
23.77534
35.7706
15.910144
20.03523
18.458324
28.918642
20.258915
40.39785
22.631351
40.11046
19.686337
24.441904
32.372334
16.54217
28.388395
40.540657
28.257568
19.092388
24.203785
20.759289
27.565836
30.054966
21.277163
38.36302
26.309378
27.637787
26.19577
39.72815
27.000345
31.402199
30.965853
20.42141
21.055334
28.202488
38.595848
24.254156
21.047277
37.38206
31.766115
21.971321
29.63316
26.992716
16.090376
40.901108
20.917599
29.625729
16.81199
36.37
24.256527
27.078167
39.42849
39.978504
32.0618
19.525175
26.700758
32.93677
28.036737
21.128708
16.778595
38.575054
26.454254
26.085428
15.762317
24.872608
30.583302
19.001333
38.92041
21.389654
25.176079
17.177834
19.996183
31.34042
20.047546
33.903873
35.56168
30.711441
19.210463
27.170874
31.215145
18.307726
18.77324
35.36207
38.568535
39.400425
34.86463
20.41512
28.434643
39.25318
16.218367
39.716537
24.398657
39.22031
32.732445
38.55887
26.046946
23.338558
37.31207
21.376219
30.526236
29.375053
37.61168
32.17104
30.81918
17.147776
18.910826
36.55485
25.147825
38.600708
19.290146
31.647852
40.254257
28.59447
31.517962
21.717041
29.95814
34.664154
38.614574
18.879932
39.35381
32.099724
37.93048
35.460487
40.284855
23.620205
35.756447
37.65632
37.32214
24.641512
24.977386
29.060926
21.37149
23.67876
22.088787
21.281967
36.25028
28.777386
25.013441
31.406368
32.097412
21.033451
39.58794
18.385351
38.31922
23.242008
18.33252
28.547169
39.924057
21.503428
38.17448
22.392662
22.561373
22.221079
26.164564
20.588501
37.356377
32.339817
35.907253
20.645197
36.71929
36.903194
34.42022
17.151817
36.708637
23.048391
23.444616
27.636515
36.240795
23.411257
18.847221
25.131824
20.46359
24.580074
16.68697
29.34589
18.949451
31.714928
36.762573
36.975567
35.014088
38.74078
18.014626
32.144653
22.429596
22.62575
19.024616
34.21016
24.076206
34.17217
17.035067
26.25196
25.664833
22.476454
20.408995
27.445738
18.562944
25.754915
38.25367
18.216574
36.969185
17.586054
29.052662
30.580198
32.20756
32.786007
15.581956
33.401196
32.749886
37.112244
28.129889
29.432283
32.725594
29.781656
34.09743
21.945938
16.140892
21.392714
21.424435
37.529564
26.804644
36.257374
29.969065
24.18747
29.046217
15.376891
26.961874
26.277899
17.710999
30.3368
21.962494
22.010422
35.632084
37.24973
23.366177
17.23893
16.802101
27.54083
30.438986
27.107615
17.807005
18.849056
22.104586
32.742165
36.73401
22.608572
16.262259
27.625637
31.728853
38.97806
29.284872
23.558218
26.652824
18.701761
22.527184
19.172392
32.877956
37.214504
31.169014
28.85977
28.159216
36.844147
32.524452
40.663113
37.73529
22.318172
40.067375
24.196823
31.33508
30.947414
25.855274
37.981483
26.604853
27.838177
35.777424
37.712776
30.621372
30.27525
19.110163
34.93234
38.619263
36.02164
34.231106
29.327938
32.836224
31.697037
40.02586
31.462587
32.467632
19.625338
27.51484
22.116974
36.122375
28.582825
16.534481
17.62687
28.884813
23.731846
39.926315
19.60692
31.112967
23.69107
36.61893
30.274534
17.44105
34.171783
31.232063
29.222271
30.10482
35.90075
37.38866
29.934492
26.671097
35.65369
34.789898
24.603725
32.52819
39.1394
16.289818
31.874502
35.0819
19.20311
40.700302
24.027168
23.50211
38.358627
17.863869
21.811464
31.077871
17.012424
24.650784
26.649406
30.764355
25.908684
39.968727
25.249273
16.342804
15.303048
35.617317
22.807283
37.76512
36.16363
35.87649
29.920801
39.717564
18.301487
28.086872
15.09667
25.213442
28.748709
39.16182
39.31056
17.112534
22.930859
40.965153
19.457945
29.865444
39.22141
28.795006
21.73463
35.493908
34.319443
31.833551
21.994497
37.843475
28.557858
16.35386
19.954388
25.482935
24.727789
33.71943
29.750834
30.27518
39.29607
37.7684
16.800613
33.60711
30.995977
34.043762
22.17683
37.541595
24.687597
24.512438
16.784548
17.7424
20.112589
21.910198
32.504715
38.923298
23.709208
29.656166
30.17243
19.785612
17.006931
32.39964
22.765322
18.933706
35.286053
16.693722
16.500114
16.095882
33.1661
23.034346
28.670202
30.12856
17.578009
37.55987
33.00431
26.744415
17.17843
22.075693
17.086134
40.680676
28.680635
20.749819
33.94701
31.11151
28.804901
32.819576
23.328604
27.509005
37.592407
34.956257
21.30966
23.869936
38.680054
16.553587
24.000822
28.251097
32.79973
28.137657
31.833652
31.893724
36.244003
23.33996
21.604826
27.867992
22.331308
24.431929
23.883701
23.131449
17.007074
26.288439
17.651258
30.17063
19.633455
25.829453
20.110641
34.983017
24.748642
35.48302
25.494337
21.056824
38.117874
16.019596
36.390232
24.219097
40.751755
34.22672
20.618637
30.747879
19.733482
28.324736
36.014538
38.982193
38.675083
40.768402
18.604195
40.8139
19.41387
38.13588
24.612406
19.908447
36.163727
33.175694
35.49653
34.276855
37.751904
18.763931
17.775671
25.909233
32.800537
27.518108
29.808136
25.580467
18.753084
38.120674
35.86758
22.651613
16.499397
34.024414
35.878002
17.715984
16.019188
20.143517
26.990042
16.27669
18.942116
38.37828
28.815733
22.292904
17.213787
23.378086
15.586251
21.39495
25.160452
31.816324
29.756811
24.843697
15.161174
23.632723
26.655258
34.897655
16.86484
16.192556
30.655603
18.151598
36.43028
40.11892
18.055025
37.623306
19.621397
20.673357
26.342632
24.890556
26.755144
20.991814
33.87056
26.4183
30.478735
17.226974
32.072697
37.36635
19.143484
28.704735
18.323664
33.630817
21.146185
18.571657
23.29039
16.647974
29.02495
24.091927
36.200882
19.576965
36.324966
24.746464
26.839619
21.878363
37.290604
36.593464
40.27619
24.018312
23.293877
36.96882
27.343613
27.053469
38.575207
32.53646
22.705002
33.189816
23.351053
25.942875
34.982056
29.058805
34.633854
21.886597
15.866056
39.41723
36.21339
34.282726
17.391874
17.252497
15.164548
40.384052
38.62773
22.863058
18.975136
27.214582
28.918224
31.383898
26.92824
40.47791
38.515377
33.440117
19.727293
22.221916
18.94229
21.136843
22.517937
16.97308
16.756184
37.431732
36.43931
20.79766
29.512402
33.0866
18.628405
23.803791
35.67822
31.85771
30.204681
25.967543
17.005075
35.359577
34.178055
30.847769
22.440096
26.12505
34.452015
19.74859
21.042519
22.784845
39.13455
18.195091
17.567959
17.002548
22.223087
15.206875
32.39317
37.82656
21.395733
35.785835
15.276217
37.458294
32.119503
18.278568
36.081814
35.086327
25.577393
40.830563
31.048708
28.399157
20.019482
27.018368
36.43591
17.664543
24.059465
33.92769
24.456758
16.851301
28.166353
20.439346
33.294548
22.16987
33.14222
33.291843
39.690777
24.62081
21.73032
25.608301
29.106792
29.665783
35.663975
31.00722
22.7819
21.97348
23.44505
20.160652
23.145777
16.343351
31.931967
29.72003
28.990244
39.372833
39.420654
31.89897
33.565273
26.209263
27.317837
30.68412
32.336376
36.815422
29.73463
23.639164
38.525196
24.578178
31.369398
32.573772
37.75253
20.802488
27.902313
15.968443
20.112644
25.658457
19.790173
28.9778
32.830105
21.48704
25.828402
23.079052
15.285047
32.020344
25.138311
24.988972
24.640093
17.0354
27.34114
33.341892
32.56196
32.235653
34.596413
21.802835
23.60289
28.742298
29.910694
38.784073
37.692074
23.47803
29.66384
28.740011
24.884151
18.938568
38.653294
20.134459
36.02203
32.372845
15.1230955
38.606
18.29318
36.230495
15.222706
34.601254
25.793556
35.885784
21.131786
38.80257
38.160465
19.10992
34.69061
40.04572
19.095507
28.539192
16.791769
33.10484
37.1709
27.474102
20.017395
31.716087
21.697403
20.74525
18.047043
29.51799
24.629217
40.094448
16.215027
34.205677
25.490973
19.545029
29.261915
34.127842
32.134323
22.57317
22.803434
17.799358
21.7663
23.542477
36.33106
19.3592
22.138903
40.82689
21.662086
22.872349
24.049139
18.322445
15.672964
23.556131
17.371048
19.636305
37.878235
28.505468
17.725927
17.141758
33.958385
25.298208
33.594334
26.300966
25.693466
17.980875
20.183098
16.18243
25.925352
22.366747
28.682983
15.938192
28.150028
24.322357
25.687233
26.156075
40.132263
23.775167
35.488663
35.46523
25.538607
23.544243
31.73262
36.548573
33.000664
33.777477
28.475437
17.803698
38.24901
17.77299
38.08278
35.294067
39.99928
35.268986
16.599512
20.345398
16.125387
32.905525
20.232533
31.16733
25.320812
38.493267
29.410254
26.218517
40.92754
21.968382
15.517147
32.683586
17.903114
33.4695
33.84912
19.393326
22.999853
35.84171
24.595156
21.794851
30.146296
29.054169
33.723003
37.166405
29.749434
15.512209
35.53139
19.17181
16.177298
30.051239
38.328583
40.062485
24.03503
22.519075
16.20679
32.360374
29.013521
18.284872
35.204254
17.692944
33.068268
40.756973
39.281574
22.601898
40.477077
36.048702
30.48615
27.610035
32.928783
23.300152
34.43829
32.60618
38.211178
34.845787
18.844896
26.695902
36.2948
32.411728
21.131363
26.06625
32.65032
16.83325
37.479572
37.12545
19.490742
15.402214
17.569666
36.204098
29.295683
40.885704
23.145525
25.442127
33.453407
39.50136
24.158672
31.136282
28.147484
35.691517
29.692526
23.785696
17.718288
21.407354
18.128786
28.3486
40.645676
18.795982
18.089893
40.811028
39.027615
21.677458
32.576378
35.068798
16.970667
27.00542
23.415092
18.337002
18.661615
22.624126
35.644115
21.826435
25.055597
32.06635
27.782421
18.264591
21.094677
38.880707
34.067112
38.98892
15.161692
18.033699
18.688301
24.80315
25.077827
38.300728
25.811523
20.562826
18.368319
39.242218
16.749773
27.543997
28.749226
15.354887
31.032078
22.049538
21.829266
32.295044
19.312737
17.420366
20.87413
19.689772
21.07516
33.644245
18.14682
19.983599
20.906496
28.092754
32.81597
27.012394
39.753975
24.567408
30.715212
25.552774
18.021204
23.798754
24.34006
39.96459
37.622387
22.817734
27.384964
36.225555
16.184715
39.20643
38.851482
33.15135
38.473953
15.135718
31.299753
23.401075
37.815468
21.310291
30.168793
38.987133
15.792772
30.46681
16.257294
33.440224
31.8279
25.908932
17.435003
27.524267
33.38264
22.71329
38.445854
31.452808
34.46703
23.7034
35.267498
19.927416
40.901154
33.0639
22.907927
19.000406
27.348686
33.55535
28.748365
23.75828
21.525242
26.690292
33.582645
17.128883
37.182007
32.944065
31.356777
34.73451
25.474762
27.09937
16.278488
32.644726
40.150764
38.161366
34.44493
18.126925
19.620678
33.930553
38.42787
28.049177
20.43003
25.283527
29.35914
23.459124
35.904396
22.487099
27.97512
26.044313
18.814829
19.459215
33.807625
20.673496
15.794814
17.79042
22.24946
18.025034
39.937237
36.552532
24.576567
40.427746
28.509674
34.44662
20.174545
28.471113
31.048592
35.68023
17.196007
37.685963
39.22773
18.114164
19.666094
17.65332
21.843304
21.68214
19.657116
22.268324
22.018349
34.86183
22.569199
39.5677
27.300858
27.06392
35.782425
18.523447
22.715065
25.20599
29.98688
38.512043
24.022568
21.451109
40.350597
20.78753
17.459673
32.11625
31.351418
26.218672
31.039656
37.093643
36.57722
39.79426
17.143415
24.77856
23.090073
35.95752
20.569183
25.459822
27.05332
29.699589
16.471828
32.40484
21.236698
36.523636
40.694447
32.458817
21.742994
37.88549
16.879803
34.878128
38.840862
21.52314
28.446356
38.3308
31.141886
16.206644
21.023434
25.522425
31.526007
27.871712
20.26238
36.743702
25.197939
38.84421
33.075207
17.786188
29.04822
25.919655
17.299633
24.13575
27.096062
40.430725
27.549099
34.128613
27.207172
20.117624
17.578623
18.842743
23.508244
40.610157
37.882145
17.897724
26.960806
29.63705
31.43427
28.04921
29.41069
33.69723
28.499043
31.489338
16.09531
40.859352
33.25074
17.102478
28.069538
28.60004
26.586336
18.576002
33.301952
30.147976
16.956636
20.228716
33.2967
28.670027
34.30278
26.694918
19.01234
31.81734
17.25715
18.190012
33.577427
33.643406
28.652405
24.983934
21.84368
24.712742
17.0797
20.921568
26.171133
22.33806
24.746872
18.354704
36.00555
15.315276
32.20964
19.688042
17.787056
37.270027
28.68367
21.891994
25.519823
25.785866
20.59258
25.798134
30.936283
30.853558
24.766727
37.768295
21.605227
39.86242
24.279928
29.41645
31.561771
23.348902
18.295979
27.46271
30.078165
18.0242
22.494139
30.511732
38.04785
37.221794
31.652483
34.57328
38.121334
21.837502
20.790316
40.480473
28.210823
33.07878
35.905613
22.011702
26.271679
25.896606
23.790659
37.48506
21.372196
26.8424
40.668926
33.86959
27.979292
16.274199
39.468376
21.045406
17.116129
28.33028
25.431246
24.7453
25.588799
18.895197
35.457573
31.923212
24.832632
19.902256
26.089508
31.820377
24.094772
19.74814
34.365723
35.83789
34.648113
18.339527
20.909985
19.474718
26.52278
31.348145
21.565254
18.053215
20.844793
35.61993
20.644384
32.72947
31.287588
20.365507
21.440828
18.37376
23.3706
20.753405
20.027449
28.30678
22.380106
15.834045
28.568874
24.590183
21.541058
27.341692
20.382551
32.59539
33.734634
21.853174
32.80592
38.912445
22.534771
26.02634
27.561926
34.311222
37.627956
15.197855
19.762325
40.429985
39.784042
35.489082
39.94802
40.14193
37.461887
28.75042
16.637922
15.137948
32.86219
30.168642
21.742592
26.164553
23.780754
16.168373
25.896193
23.568506
16.969143
25.35804
19.270071
18.325293
30.87548
31.70221
33.75347
22.56636
36.616867
18.846434
38.52178
21.77048
17.825747
17.57731
26.959808
22.247452
16.616163
20.76961
36.667553
19.317804
32.33183
31.85402
35.847992
21.679972
29.966436
19.833118
22.761328
31.85688
30.187683
40.179893
20.127346
31.32673
20.749979
26.572191
35.367268
31.968168
29.746817
39.348248
18.398827
28.787924
28.632328
28.812422
31.332981
28.549368
39.23253
39.077045
26.868
38.883392
18.070276
38.99536
38.436394
22.738302
33.244057
32.92217
15.23245
15.6134205
33.829067
29.532993
21.13285
35.921387
27.310247
17.73915
26.220207
16.037125
32.910366
26.855257
33.128986
27.116724
19.842213
23.607454
25.755716
18.607521
23.49258
17.314575
15.0099535
17.520893
19.336664
18.631323
35.22995
19.002314
29.985033
26.61153
31.64654
18.508507
17.181366
27.531271
17.851192
28.989477
33.79762
38.90572
34.608788
15.873582
32.91436
29.440308
37.553097
26.36668
19.92747
26.275843
35.3126
35.6018
27.288465
38.81892
19.43654
40.513645
31.964191
27.693092
21.125994
36.962696
30.992651
25.902893
33.221848
18.596457
40.61526
15.17194
19.16146
35.21089
37.381832
15.598046
25.687975
33.962944
35.3531
19.262314
16.981077
30.685371
20.06663
34.235905
40.575184
26.768139
27.28544
30.547295
27.940897
29.595882
26.71472
22.104424
20.927767
15.368905
21.85051
32.31037
23.401169
32.285572
20.91525
18.16777
37.353428
33.526806
26.438602
32.036293
32.528988
27.258848
34.45796
19.889282
24.175817
16.958252
34.54161
17.909615
40.919884
35.763573
28.878506
19.57162
35.95685
25.270996
38.532074
32.97499
27.764975
24.216637
15.621627
23.128208
15.365307
21.82606
25.673307
20.123268
19.790201
28.261995
28.673632
19.69999
19.868336
26.564127
22.462162
33.567444
20.694208
32.750183
18.015823
33.03161
15.222381
33.335476
24.906
40.972557
19.31146
16.428434
24.750412
28.021038
40.240112
25.772522
22.835442
28.90358
26.227135
30.630404
17.250473
24.356735
19.809921
16.244009
20.854416
38.755356
17.07036
31.754618
22.185513
21.656376
17.644543
38.929955
17.029135
26.828661
31.212358
25.820652
20.774212
23.021263
36.735367
34.55636
36.9175
20.716433
31.096066
23.89215
23.115898
34.420418
15.988989
38.82878
15.040529
36.66427
17.923767
15.655727
37.952324
27.818455
28.0226
27.103832
24.397373
35.069214
21.929354
18.944803
25.711302
18.461313
39.594723
22.33763
35.12546
15.7809
33.961708
35.497463
33.183754
23.233854
32.647903
39.85031
27.90736
23.369158
29.605833
35.737377
38.685764
37.50345
16.439907
20.945644
20.225885
21.022078
35.568245
23.866861
31.057165
18.363575
39.739964
17.92479
38.06906
40.238663
38.55322
33.061127
20.348236
24.6915
32.566643
15.533306
20.18646
31.980062
37.356453
37.0528
22.546076
20.934126
15.443943
28.38045
38.4985
21.443537
25.402678
30.895742
15.192222
28.03604
24.652079
28.369802
28.760254
31.123104
35.45381
20.197292
23.243046
37.42382
18.449635
16.68034
26.08134
23.32105
20.714218
28.607903
33.024525
20.460726
35.74357
15.336966
34.40346
15.774264
29.05961
31.857328
36.63293
34.28573
27.183645
19.909584
17.537144
36.55953
15.616173
19.126371
21.633013
15.451051
33.157906
39.37978
37.859222
32.941795
23.416473
25.043253
39.40521
29.272205
37.665657
17.714163
29.272705
37.329517
38.358715
34.09369
23.993486
33.30463
29.544626
36.183437
23.530468
16.001097
27.1959
29.733725
27.805347
39.860977
29.028769
31.96626
17.524454
28.766514
23.781452
24.99439
39.015568
34.98309
26.113356
17.076962
27.64186
34.22821
31.297892
21.867235
34.02525
31.782791
17.703861
20.156168
25.78991
33.805252
34.69508
35.25981
40.827694
18.565475
25.025227
20.163406
30.190773
32.1849
34.064644
37.81018
21.63276
36.650623
31.268066
17.510757
32.54819
26.365559
16.177095
26.349453
39.60114
31.30326
19.948366
30.676598
21.687351
33.95528
21.908272
27.301508
37.040234
35.690456
40.957264
20.838512
32.269615
21.889763
31.781576
20.808884
40.913116
32.276897
29.777433
39.56444
23.683615
19.234018
22.35265
29.87392
32.01216
38.573616
21.84267
17.101116
24.714329
28.23168
32.663017
29.304249
20.64894
34.653934
32.517227
19.29882
24.091646
30.266087
34.489254
37.751637
20.211863
32.350666
23.671463
39.711617
29.52003
25.897144
30.614243
34.633305
32.443245
20.548689
20.330359
37.912003
22.290815
28.638083
31.84711
26.224726
34.78724
21.486876
31.371487
31.55914
35.07872
16.636114
38.01836
19.713026
18.660284
31.48351
32.748974
30.259666
15.0240965
34.921116
24.676796
34.499992
29.995594
15.999232
18.220018
21.760178
24.70255
23.386337
21.714796
26.543789
39.913258
31.451557
25.050556
19.51045
40.08342
18.165255
38.648487
24.028435
25.867508
32.695045
22.676586
31.136427
15.078716
28.568579
39.779385
25.150097
26.122736
23.581188
26.797775
21.862083
30.7841
16.245531
22.964085
21.309265
40.90979
18.512077
27.879858
31.419193
16.013405
19.733404
28.21852
21.497883
24.114136
17.401884
31.542412
37.484074
40.22833
32.05951
38.8834
38.170475
33.84746
20.960268
20.80859
23.180372
28.464823
25.55954
30.577366
27.388365
18.754244
15.711734
20.69333
36.686954
16.35773
30.576431
39.664406
16.525993
23.404856
20.665005
36.106647
37.489967
15.865282
25.203783
25.462145
35.328472
16.626823
34.0465
30.548532
32.318104
24.79496
23.737894
34.917526
18.609371
35.125713
37.011955
15.572066
22.300192
17.732334
30.00248
40.976467
37.37783
15.247276
35.750237
15.491254
17.38411
22.474396
22.210127
28.374039
25.684065
18.232391
25.893467
16.3102
16.556126
28.568987
38.524563
23.071749
22.972303
26.816359
29.647453
40.35014
40.89972
27.061865
22.987793
28.068481
34.23025
31.52412
24.556534
26.550917
27.032932
19.05297
33.97616
16.811655
20.724112
39.512974
31.316881
34.923466
18.963335
19.16346
19.849394
37.93516
20.608236
35.314316
36.55232
26.129858
36.899643
34.51507
36.956745
23.550648
15.198497
33.326015
30.966759
33.667454
22.059076
32.323387
23.664194
17.818712
21.198385
30.40695
33.78724
18.633768
29.009495
19.706528
18.566881
15.026566
37.66696
37.425278
32.911713
29.54859
37.585403
27.810898
27.550747
32.89872
29.017658
37.11201
36.675602
22.209883
36.916847
32.85548
24.867502
39.36728
27.83706
34.07144
23.65118
27.060087
26.61031
35.19629
33.886955
33.528393
31.812677
31.299995
25.39385
32.039368
28.62064
30.012508
31.690765
16.01141
25.558777
34.065086
37.549404
21.402332
27.853073
25.71593
26.171707
32.48733
22.629375
32.495476
33.236294
19.474846
26.034435
38.68519
36.802464
38.543102
29.507416
24.734806
21.11699
20.827446
35.892563
25.426405
28.738071
16.648314
21.859194
19.009737
19.072483
32.841965
31.183008
31.761768
38.416008
28.440866
29.84312
37.46437
28.894016
21.147884
30.60212
39.147663
33.318058
22.05818
19.761854
21.112455
25.906078
22.905027
32.1255
34.723843
17.05796
26.74048
19.846897
35.758938
35.93473
23.409103
40.81099
32.195274
39.458935
21.432764
34.46468
15.242467
40.535336
29.996706
23.605143
37.148155
37.78514
18.611958
25.533236
26.850348
29.89377
29.726301
21.192337
34.901726
39.79112
27.06589
38.43849
22.257576
35.315117
17.811794
29.425535
33.497402
17.753298
31.850574
36.239277
19.841463
31.713987
30.2852
23.377785
18.926786
15.147613
32.15243
26.450068
32.72344
23.020472
16.865032
35.553493
24.200151
30.137314
28.281956
31.190557
25.38959
31.915804
20.506907
24.298563
26.356928
30.535013
37.525433
29.991138
32.2415
33.811802
18.612997
28.94845
16.01978
39.403023
17.081236
37.04329
31.928944
37.488148
35.376835
22.753183
18.593817
28.95609
20.807291
39.183994
35.816006
27.301565
23.240055
25.118435
34.71251
16.930542
39.006264
21.403236
23.432186
34.380947
31.937672
27.201693
30.031874
38.08392
16.97501
27.163605
40.26006
38.72254
20.108366
19.402594
32.97448
33.989193
34.54489
25.321125
25.711027
34.59918
22.946444
25.786488
15.524871
22.787565
37.339497
37.93633
37.640762
26.197685
17.871962
30.980291
18.6779
33.06398
24.976309
27.764643
38.255875
38.898487
32.695606
29.579689
28.641624
20.509356
21.938944
38.715183
24.763393
30.111507
33.25489
18.606764
26.396248
18.533632
21.346445
23.066967
20.614578
32.082375
17.998215
20.057081
15.710721
26.49369
20.346262
17.731665
21.694681
33.58305
25.493397
19.07534
23.218544
29.700195
38.357437
38.351894
24.310186
23.900923
27.33716
21.798607
18.65433
31.867432
15.890572
28.524157
34.325096
31.040405
23.442213
27.406225
21.852694
39.170204
18.171152
25.935493
15.297824
18.551128
39.178455
27.415442
19.611053
19.571848
30.292765
37.70286
25.970259
31.8968
16.344856
21.761837
24.017864
23.587416
15.126792
33.704357
23.96058
29.778744
38.4486
21.703602
38.34787
35.146122
27.715132
31.191328
15.0113535
38.328247
37.268032
16.088724
15.125953
37.71708
30.372526
16.470398
37.644493
24.581715
32.17599
40.024155
27.461105
33.36242
21.225033
27.944536
25.574654
36.152752
36.200077
23.486025
23.25211
18.881811
29.411222
29.302187
38.73259
16.515184
17.29641
39.909946
20.366495
33.712524
30.672659
40.143524
34.25008
37.811104
23.813473
21.300505
21.394312
36.748993
25.560219
35.832905
19.257963
35.59803
17.62256
40.898937
25.0783
25.746038
34.98283
18.8666
29.848827
34.44919
30.891426
34.94815
24.022015
39.469753
34.32516
20.544811
37.055958
39.821003
20.977678
25.594053
40.77747
27.260134
35.86087
32.23711
17.200066
26.101892
26.418493
15.462324
26.913857
19.169514
15.687915
28.030293
40.455383
15.256377
37.4932
30.949646
28.1689
22.340874
37.912548
39.04776
29.986685
38.978584
15.335296
17.768486
37.284428
37.790077
25.308517
38.22947
20.50879
17.76923
32.070488
26.784477
28.62771
26.256102
36.17806
24.861513
35.620113
38.850117
16.957268
16.68547
25.20011
22.283314
15.641221
28.644386
35.761833
39.330215
30.006634
36.521294
29.134634
30.19988
24.080103
19.589039
31.154211
39.537415
15.057491
23.653337
17.283957
18.156359
27.96457
28.529722
18.561676
23.929953
18.784307
19.152946
28.000423
20.888506
34.785988
35.542736
31.238186
29.501644
22.613577
23.187773
33.709667
30.36843
34.325558
22.060104
25.904459
20.094942
23.025673
19.435074
28.37935
36.008076
20.983822
16.967295
39.108624
15.535896
40.21862
28.061062
37.484604
36.579163
40.397854
25.473963
37.821846
15.005068
27.61038
27.305363
24.571753
34.513615
28.072767
22.046862
39.620533
40.55848
25.156204
32.20962
39.02186
29.74853
20.254055
39.19395
18.306608
35.212646
21.957598
27.529358
20.115646
36.77979
23.767332
26.388727
27.317495
32.50775
40.139484
30.36809
31.001413
25.088322
34.052055
17.923933
17.777302
32.963047
22.472122
18.572832
38.66741
27.603146
21.115763
36.983593
30.540842
17.338518
22.71432
39.429985
26.52035
18.36518
21.63543
27.722534
18.081976
39.11688
34.15455
39.70073
36.671516
25.055948
39.932457
35.642403
40.577915
33.11999
20.326473
30.53493
31.53211
38.555202
39.0479
31.053247
27.040968
23.673716
16.3755
37.302666
16.819334
16.191545
23.644476
24.90974
40.84938
18.235315
20.052876
18.882421
16.57483
21.850107
40.961884
40.8111
19.528744
22.897419
21.813921
25.444992
17.296991
32.60133
36.552094
33.453766
19.13561
24.682657
35.99695
38.27219
30.788738
40.01496
28.021051
32.3259
24.094818
26.042997
27.559433
33.64941
15.822306
40.823246
26.503433
15.932756
27.842127
15.477852
25.347994
39.371094
29.222614
38.097466
26.097006
16.342024
30.123718
24.685038
17.378754
36.898182
21.470772
24.60184
23.983128
24.338158
19.304102
39.15861
36.10464
36.706596
24.429302
30.48882
40.459984
25.974783
40.534027
29.647697
16.146177
36.865852
29.290611
37.999924
36.615086
39.814243
15.129925
40.390305
27.462358
23.386793
29.350304
40.336113
23.86364
30.643341
23.016476
16.536264
37.43812
21.377588
32.706882
34.361755
16.079294
23.954319
24.583834
21.673288
25.865034
30.547005
38.48941
29.306322
27.543884
23.980202
32.811108
20.870264
35.29172
23.094036
28.714668
30.127789
40.442688
20.573475
37.00761
23.151808
31.720606
32.52294
34.37542
38.701847
28.13179
38.717255
26.023499
31.818153
29.12752
30.42277
28.861301
18.50101
22.90409
34.957928
23.281322
37.524456
27.780766
22.750414
32.31391
34.92761
15.480552
23.548391
26.48005
35.53355
24.836172
23.656284
37.017677
35.964817
25.953203
15.590905
37.32316
29.056211
24.184717
39.39162
20.428053
18.309713
16.406515
36.968662
35.122322
39.09305
31.029263
19.336563
32.938602
30.65246
23.943663
29.355099
40.62829
17.692
23.167006
23.687988
15.988533
18.265678
15.34427
17.09003
32.940464
36.03558
27.454147
31.846207
26.612247
39.56805
37.080173
19.211685
34.84682
33.271862
20.429403
18.03958
17.032488
39.826233
18.915802
24.433657
38.445667
30.503345
28.572872
17.22611
40.398605
37.659138
25.819685
15.3559
21.400805
30.847666
30.176855
40.811066
18.271536
26.50865
17.413708
34.69876
24.681717
28.984314
21.305162
20.219723
31.957058
17.740833
26.686634
32.849182
35.14028
40.10136
16.8175
40.864254
26.288857
34.541683
38.198475
22.508053
20.775585
38.656265
23.935463
17.543858
30.962996
28.27152
22.502264
32.727875
31.038435
15.8648405
32.326736
22.81718
35.025337
33.44203
18.009813
37.129704
21.027086
33.332424
19.184034
16.38607
34.61348
25.980097
28.027987
37.588493
26.925772
26.741323
26.27536
18.029776
26.554777
21.942377
27.192072
23.1759
26.537601
30.008615
34.44214
31.128592
38.921993
24.344807
40.02282
24.649555
21.263376
40.82832
17.521776
18.316072
36.148163
30.27099
26.833694
23.27796
24.377876
29.012041
18.171251
29.29883
36.802227
30.923616
20.714893
25.289967
36.955227
23.542154
16.568241
15.382998
34.62699
21.7829
29.820747
21.737993
21.294851
38.751553
19.46638
15.746436
21.940966
20.53617
31.686989
28.063976
18.199589
22.54406
23.581207
28.99571
31.00568
18.942612
28.804516
40.157146
40.957584
16.069542
33.783386
34.04693
37.459995
35.29728
37.176178
36.1927
35.379433
18.76781
37.075695
32.869507
18.423006
24.6584
16.08315
30.040398
19.742218
21.195353
21.830437
20.13188
22.367092
34.502026
39.787495
32.53219
30.991955
24.548954
34.263752
25.288296
36.362644
37.968163
30.39739
17.377907
30.05602
28.300295
36.623466
15.145668
40.796093
27.362356
15.621696
21.018078
29.617144
25.855566
40.066963
23.449629
24.162737
21.076838
35.640327
18.202955
38.20048
28.654175
29.70572
22.528788
23.035986
33.595306
25.817059
27.586784
18.925404
15.620597
37.793015
20.536291
24.81454
38.74537
34.481266
24.126415
15.77347
23.383436
25.531376
16.32773
19.349102
40.862747
23.50525
21.573277
34.724247
27.175772
20.476357
22.514462
24.050142
37.031265
39.903606
18.847807
27.610458
22.830826
27.013191
35.731415
17.578344
24.062716
19.181278
30.5854
21.044058
24.787046
39.882874
21.658428
35.71922
28.380674
21.656822
38.642902
23.26481
39.51664
29.23425
40.834198
39.5435
39.47228
19.487463
19.854773
24.262894
28.291636
32.178665
23.801876
30.454872
20.072077
22.622484
29.827904
21.02713
35.70153
24.323746
36.625423
35.22659
16.741999
38.411522
