17.064238
32.27038
16.836594
31.262863
38.315727
32.628532
37.011494
16.09435
36.200172
21.483667
20.55087
36.49685
36.20557
29.746307
15.741934
37.89867
27.651875
17.670633
40.71897
28.764528
17.812542
34.593903
17.87929
36.972523
27.455528
27.613798
23.90069
18.258617
32.22891
16.121502
25.259209
18.877823
39.591587
16.024294
34.327522
39.703583
20.577505
27.21999
39.628506
27.871655
31.58211
28.426554
37.62516
36.771976
15.572776
22.82373
18.54715
15.70182
26.650229
18.129564
19.185978
22.81584
36.725937
29.713179
25.334799
37.143238
38.2308
37.136223
15.605653
35.38976
28.233387
31.118874
18.725975
33.00176
15.121328
27.342356
34.097885
32.54207
37.087402
27.728386
40.397896
27.81194
24.062204
40.877007
23.301363
15.35083
29.448195
15.197802
31.03506
15.955352
19.035336
34.93547
39.392998
17.681131
23.816364
40.769257
20.094648
38.426
35.070206
30.95675
29.92148
26.640234
30.044846
40.09613
36.93676
22.96936
38.84646
30.496868
16.275253
33.70719
17.729395
19.877445
33.483627
32.821697
26.882061
22.649725
32.198936
33.013435
40.016666
40.40301
37.071777
15.776096
32.59606
34.366966
40.27228
23.750963
21.368967
30.610939
30.66129
23.801893
22.035095
25.528471
28.765709
28.184612
24.324736
20.758997
26.066132
33.94398
28.552607
35.11503
29.786499
39.245052
22.793798
32.311462
22.36971
15.7286005
25.229918
29.33472
40.129692
26.179008
35.926506
15.142966
16.189646
38.802162
28.32817
27.054619
40.74776
29.23332
27.09575
20.660923
28.95586
39.029648
21.560223
18.389353
31.25312
16.849354
19.030993
25.948114
18.866032
37.7792
25.471537
30.798079
28.367556
17.344362
24.643303
26.526945
19.68247
29.619396
18.719158
27.541449
35.73257
29.55635
23.580524
33.847008
23.034512
34.155823
22.537817
31.850119
24.9948
29.428997
39.051586
36.097435
37.390438
34.233505
16.182238
18.656376
26.580503
32.013206
37.959057
39.44569
35.36303
23.231718
33.634678
32.240433
19.07317
18.861849
33.878975
27.304249
27.512806
26.67779
18.36683
32.642956
40.608395
15.294249
24.927044
19.726868
39.312992
21.90642
33.44508
20.195395
16.199987
36.50699
29.05024
31.535875
34.440308
23.99111
26.768213
32.01968
23.411417
18.00759
17.782885
20.28214
16.055603
40.674232
21.726633
26.84882
35.286694
34.34763
24.006275
25.639225
24.238459
21.522343
24.072166
19.02001
31.95466
24.631857
29.75091
32.33331
40.23974
37.033237
34.287468
22.991772
26.820866
17.779886
26.580376
31.210453
22.71623
19.921408
15.244161
26.236708
27.760965
37.01699
23.595963
31.542734
21.611393
19.308342
35.4387
32.86144
38.22982
39.570606
18.60108
18.174856
35.846275
27.044357
34.595085
18.80526
27.700272
20.049091
32.464508
35.612762
15.484696
27.888407
16.92344
35.969097
15.345731
22.479261
27.22158
15.655833
25.536713
21.77253
27.823547
33.12634
27.380558
20.47935
28.952332
37.67422
23.064472
32.877426
30.32238
33.967083
32.972374
21.543875
28.97569
27.132898
31.754482
22.74577
38.034725
19.127352
22.140326
29.917017
23.39878
36.463963
22.620382
21.159784
35.93592
35.55489
31.553375
29.031061
37.560375
22.888773
38.000263
15.009693
32.7358
23.06303
34.64267
20.986458
40.40759
20.291485
36.512615
25.879547
23.142893
24.42428
34.942066
37.050083
24.344852
22.745523
35.13494
33.57704
34.80794
21.855093
32.070873
39.648247
38.594242
21.794598
39.06914
33.33385
25.235811
27.243483
30.272865
32.830997
22.606236
22.08977
36.557663
26.903076
24.454842
19.970966
31.925615
28.684341
20.55992
22.484175
30.31455
40.28033
15.732704
34.680447
16.934256
17.666851
38.491768
34.186954
31.735418
33.27505
15.127838
31.841574
19.423685
19.347317
34.091995
32.07794
28.550415
40.658604
37.16551
22.465157
29.643301
36.51994
15.707594
27.784685
21.084229
33.115726
30.427582
40.818184
27.498314
28.173655
25.591097
17.623354
20.787247
32.725857
29.345026
33.491016
18.621727
23.292143
22.934113
33.005116
15.201853
36.200977
20.982273
25.668322
28.401016
35.961098
26.72474
33.409508
40.028004
33.60644
20.102428
21.955288
15.873583
20.759298
26.967875
38.52641
37.452087
26.791433
20.302456
15.610732
39.90505
35.910072
37.307507
18.668137
18.40316
36.255566
15.507345
18.538591
28.564444
34.169666
18.590057
31.053259
38.900616
39.6782
32.612377
30.889431
17.110373
33.929165
33.407803
30.063665
27.15734
25.83705
18.562504
31.62348
36.502182
25.506426
36.161495
34.076473
24.602427
16.142633
29.65792
25.886793
36.850235
40.10467
35.681168
37.972324
32.48751
16.515125
33.374928
35.552067
28.719318
35.41426
21.944273
28.92162
40.240784
24.830185
17.491076
29.775715
33.699272
38.3342
16.930145
27.550312
38.232746
17.66031
15.803714
32.922714
40.1569
29.789995
18.149885
31.086723
32.117775
28.538298
30.230991
29.710838
36.583195
25.124342
25.890732
27.591053
30.415543
20.469341
17.584347
21.92579
19.449982
30.03729
39.713955
22.86905
35.4964
15.918375
37.80159
25.558838
34.990025
26.55239
20.245369
28.171486
22.634706
17.999174
16.929598
37.718483
34.814636
19.985405
26.797506
15.28093
28.294254
17.091812
40.645733
35.167763
33.782906
28.39215
19.862513
34.087433
33.309795
19.615036
20.606983
20.838688
25.036547
32.472027
20.01483
18.254656
35.128742
16.180082
26.415962
37.175453
23.614473
40.40379
21.26275
33.078022
33.777126
20.852556
34.492767
19.657934
18.561153
38.590157
25.387865
36.136444
26.713861
33.748886
35.641792
20.357021
35.94278
21.787754
24.311497
21.839186
36.23736
19.693943
19.602554
37.87341
27.685368
16.59905
24.027184
23.469446
17.608578
28.166376
37.373577
22.511362
35.64879
18.802748
28.138243
24.826193
22.554604
40.258232
28.598423
34.03901
20.850845
31.49925
35.53952
22.065838
37.31672
18.875425
17.802917
15.88678
28.255428
33.54778
35.282364
40.845287
38.907146
20.9056
15.772627
34.13548
38.03882
26.271637
40.161865
24.367964
39.738453
28.579975
34.859665
16.145628
30.74821
26.908266
25.065498
34.43434
27.289688
21.755724
35.50787
32.17959
20.2665
39.780582
32.62212
18.098543
23.973343
39.345432
17.785452
37.868046
22.997416
16.666208
39.19049
37.032608
30.867168
36.62023
36.214127
29.872414
16.185043
32.34114
38.726315
17.199938
15.474933
27.61314
26.68382
39.594738
22.781826
23.774412
28.566881
32.93952
32.180157
20.34919
16.742035
20.286627
24.779066
33.95032
29.67239
40.06249
24.55692
39.1289
23.046875
27.408817
37.41404
35.79479
20.362978
33.062557
35.201782
40.591656
38.272858
32.592888
33.167736
30.182398
33.090557
22.041912
21.250881
30.785563
22.25853
18.056728
34.96733
26.500702
20.284483
37.45415
40.246265
20.970316
26.684982
16.82529
28.50742
40.74831
37.810173
39.26575
17.51556
38.37969
17.074299
30.608213
26.104088
18.6434
27.079666
29.63771
28.728968
24.670155
28.397018
23.685858
22.995895
39.71911
17.353243
24.728895
35.79772
33.282253
23.077667
15.655343
35.5058
20.882484
16.271137
15.722639
22.778032
25.44121
22.687426
16.388113
26.978127
16.41346
33.154427
29.678177
28.944569
27.02343
25.112997
21.050625
27.904612
33.880463
36.11414
17.30847
24.697586
37.015377
31.49072
29.53971
35.1536
33.94923
40.507652
29.285995
24.46771
20.791433
19.695026
35.18416
35.716446
34.561348
38.78144
31.178032
31.282486
15.937286
19.670248
38.06412
38.885212
38.45912
34.239258
39.613045
38.15871
20.845415
36.39491
40.799854
33.275677
29.533323
31.77476
20.779692
31.984653
18.809229
40.767498
17.161394
25.609758
29.970367
27.107712
38.860065
30.056189
28.842432
21.20283
32.350727
38.671387
34.675488
16.562765
30.498655
29.930943
28.950163
17.228014
24.307976
30.349924
35.948498
29.92991
17.908688
19.764477
20.07848
36.867165
35.89324
40.18515
19.888638
39.445656
19.717327
20.792599
37.46876
26.103828
30.295578
18.327898
30.505161
20.434004
17.151333
36.123856
26.64357
39.21024
40.52072
20.330418
40.010124
29.646269
27.664747
20.506264
27.750546
37.23249
32.309128
27.6805
20.270018
17.838814
32.610153
18.232346
26.490898
22.420599
36.335827
38.493443
18.892773
35.627773
32.05507
24.84654
32.35906
26.89264
20.04377
39.27591
23.926683
16.159796
38.345062
18.819042
15.420049
26.321888
15.962084
21.17577
31.647867
40.637917
34.515114
17.85013
15.351124
37.93615
15.860937
28.631931
36.412746
23.241575
34.15082
20.969053
40.974277
18.618261
30.59448
26.838293
32.05219
20.479855
21.800985
16.091536
35.006138
17.396837
19.983475
30.935827
16.783829
36.51704
27.54317
31.19996
29.251846
29.116373
27.589142
36.346874
26.119125
22.509502
23.803751
31.810303
23.969458
16.575708
29.729834
24.165726
16.741747
20.493002
15.034059
19.889862
15.631438
28.923933
28.592037
36.019524
28.833836
18.859488
21.34417
19.88986
31.809826
38.602814
15.787325
33.31358
20.826694
28.962406
27.695889
34.05698
38.411606
35.624794
37.20677
16.27514
25.052488
40.88965
28.7565
29.687887
32.99087
40.475616
24.52444
26.709686
31.273504
16.943121
20.014864
27.490816
20.364317
15.43065
27.201445
28.883814
25.565542
35.864094
26.261368
28.71827
15.256662
24.573965
29.342226
33.448772
20.531982
31.343283
31.033382
19.23489
15.202527
37.30925
24.254536
29.818703
23.325117
30.854832
15.127684
35.1846
23.43134
24.651592
38.064728
26.917656
24.45129
39.35319
32.781494
21.421017
25.961847
16.089212
34.239906
40.709454
18.836405
18.87196
26.623634
26.36526
15.632786
25.304207
27.368496
29.42444
25.128387
31.563795
24.997414
35.45517
32.296253
19.541368
39.050808
17.897202
23.713142
22.220406
19.75674
25.850039
38.900383
35.914127
29.251148
34.929302
26.42056
22.811714
25.137114
25.554884
31.68786
34.4367
20.963013
40.091118
29.397175
34.08325
18.802961
18.628342
35.236824
20.071487
18.539003
22.876818
23.121984
15.750832
18.672964
38.638245
29.570766
36.58081
28.536938
21.626541
32.04204
33.3316
35.624874
19.02894
19.063963
31.472004
30.433773
24.129871
32.80436
18.15046
38.68144
15.564418
17.368961
39.824986
37.058895
30.324638
22.560661
33.56102
23.778923
18.5113
15.092779
23.291306
27.098312
18.00511
21.321617
22.920048
23.719887
34.725758
29.448278
33.053795
32.521362
26.953661
32.837044
23.354544
33.411694
34.308453
29.607353
20.03582
20.28144
37.40996
20.978685
15.860474
38.992367
38.991474
31.982435
26.149261
20.14235
27.29175
17.102108
18.77223
33.945312
37.92146
16.162933
40.87023
20.981821
27.081244
38.3643
24.141884
15.80454
21.002844
20.733116
35.93161
22.42378
23.791294
23.47351
33.067287
15.551846
36.465397
30.698053
21.42149
37.150898
39.925285
24.847906
36.5081
36.30763
29.820023
28.744127
25.076544
27.748995
17.844873
18.659592
28.628769
18.416798
33.866955
17.060722
33.059406
28.434902
30.459652
26.740595
16.207586
32.531433
37.920376
30.949615
15.009128
32.519264
19.65274
28.827332
20.150812
24.791662
40.913536
15.948667
32.65377
38.955925
38.356426
34.120132
19.650986
30.706419
19.548412
18.696339
21.77419
33.8294
28.691877
37.63441
30.028461
38.835537
17.15399
30.26364
39.80808
27.13204
21.087025
35.32001
17.795216
17.87486
19.417246
23.180014
35.883324
37.682415
33.786625
18.42531
38.980038
29.245802
17.650839
27.879793
26.569777
29.536499
24.66862
30.082617
31.254114
15.791045
16.761642
22.795713
33.138424
17.743235
19.78084
35.591476
22.896086
33.677845
37.584114
16.826113
26.617105
21.795982
29.512081
40.376396
20.135672
37.11055
39.742622
33.402336
29.431791
19.631496
19.811665
38.095562
36.91486
21.953884
35.70674
23.88292
34.922485
35.52792
30.371513
27.877142
35.6058
40.868565
23.203623
30.501131
36.52283
33.753395
18.184814
34.159702
21.724398
25.060814
19.651474
15.592413
22.892471
24.316866
25.395334
17.113312
22.178696
30.247301
20.778225
28.328289
35.791252
39.67259
28.851446
36.117897
21.09114
22.937138
24.089418
34.68331
29.984268
37.72995
31.278927
21.275412
37.733723
19.63243
30.349442
16.861599
34.966896
27.020166
24.486597
22.432398
17.615128
20.048962
20.74009
18.909527
32.79881
40.37137
33.518856
17.68945
20.2589
39.95862
17.860579
29.741154
38.83608
31.943705
15.169172
33.874214
23.711739
35.755035
33.23305
17.30291
20.650396
38.975967
40.768627
37.95444
24.320927
39.34411
22.477634
18.10414
24.924513
20.095345
29.663498
26.867651
24.820015
22.460876
27.821112
36.84006
30.612907
36.541847
22.29604
21.744
30.261776
30.014364
18.103289
37.333668
15.156803
19.158958
38.30244
16.998901
21.837526
36.56194
34.945084
26.523203
25.042557
34.502087
27.54208
19.27195
15.121851
26.514763
38.24244
31.721684
22.492487
19.916382
38.472095
31.68873
29.781815
25.175854
20.650097
37.87512
40.57723
17.935472
32.781376
27.42205
38.289707
22.212387
31.219301
36.045925
15.538644
22.852688
29.698008
15.0292015
19.678396
21.663734
40.853497
28.84814
23.61237
40.816326
21.884232
18.541746
16.878334
17.086847
30.746077
27.060959
18.139069
35.300537
21.333006
35.784466
24.675316
34.940533
15.464268
26.14721
15.253433
34.30338
28.180206
18.899984
35.827995
31.810175
30.843172
35.903263
18.94001
32.123596
33.846546
31.555628
33.384285
35.57448
19.354067
34.967007
22.744905
27.06772
20.423265
15.809122
35.735638
17.115784
20.111002
40.410385
15.932458
22.939003
28.715658
38.10965
21.448353
25.675547
37.179775
21.143122
32.37588
36.659798
35.858498
18.410856
35.410866
35.456486
32.35333
40.35415
26.971018
30.878904
39.917423
32.872345
30.33618
23.573032
27.057642
30.717318
20.862202
34.91548
27.390371
25.126247
18.158459
25.951582
18.552183
16.587954
27.269323
21.891054
26.023046
29.585415
20.362827
28.28215
20.088974
17.916824
30.205158
26.4012
35.852596
40.76979
40.787483
23.622993
21.194338
21.108082
34.872017
31.578476
27.893457
21.127556
30.937147
28.759714
34.737396
18.547718
33.026768
18.898129
24.379503
26.327555
32.34694
39.920483
39.949352
21.02913
19.103315
34.578182
20.976503
17.499632
37.035717
18.948875
27.057674
31.802351
17.381588
28.925442
37.879013
28.399378
23.587978
33.53592
17.699173
29.473467
34.992096
37.47897
21.205685
35.973896
34.90334
31.612925
19.776098
39.480854
18.045118
31.302633
24.607155
33.30513
40.15269
36.50661
37.91929
16.374746
24.673588
18.278248
15.5004635
30.4073
31.980099
21.958158
33.222424
19.626694
29.278746
21.750895
34.844166
26.855051
36.489452
32.607693
18.411476
28.19552
26.7676
37.37797
15.86813
32.718834
32.055004
30.0458
39.113384
19.576288
20.071272
23.533558
29.672123
38.78411
39.494816
17.0336
32.38807
35.558876
26.733309
39.119606
16.10723
25.530945
28.646158
36.99299
28.187761
15.422696
38.85698
25.135597
40.854164
28.85049
20.881994
16.368568
21.907825
15.794154
33.20064
32.85815
20.112562
26.975033
19.60752
21.962841
22.693016
38.893364
30.710278
17.982199
18.815268
17.598066
31.275894
29.84624
34.663334
23.396734
29.278175
16.57526
24.781734
36.660988
29.962208
24.94355
20.723484
38.641937
30.016912
17.19639
31.72457
32.783005
37.034702
34.898285
35.12
27.401869
19.837635
20.03138
22.523275
37.81078
25.962387
20.316568
15.410142
34.954124
39.621727
26.395727
22.679283
40.46439
18.79804
17.99212
31.006573
22.672579
31.774933
20.456991
36.366314
16.556156
19.3757
30.213852
23.961918
34.86763
25.452982
37.528057
21.990149
29.758928
32.761692
17.757689
34.157253
38.101635
28.247787
29.782885
18.671837
37.40035
36.99827
22.664152
35.55858
32.70617
39.62327
26.746323
21.56846
30.259703
39.678886
37.40327
24.70536
28.727581
35.889885
28.40951
16.445469
23.843874
20.39425
23.528383
21.095177
31.027504
17.006933
37.32246
18.414656
23.119005
34.588123
21.420395
35.62856
28.764807
30.001629
18.51539
18.251865
37.174397
32.86198
39.224052
17.77806
16.985579
38.29412
24.600325
32.208458
18.795225
22.267605
39.57779
32.645645
32.547726
32.717422
27.904589
15.730626
26.420637
32.626644
37.23874
15.572437
37.1067
32.521343
21.987698
32.000595
28.463787
33.416195
15.204411
18.464901
32.38898
21.14953
25.393251
32.713795
24.470362
31.25953
23.432665
22.501516
19.479788
24.078606
16.987364
19.006062
20.09218
38.560944
24.761507
36.384007
18.35171
22.508514
20.735205
30.944912
23.352419
26.323853
21.130278
35.797195
32.36067
27.193136
18.267225
18.498974
28.179018
32.691185
37.703785
34.24152
30.935907
19.200207
24.086605
17.399633
35.682846
33.247116
17.00096
35.90233
30.190472
16.889633
40.76951
19.80895
40.15718
17.619207
19.629602
17.71992
19.678816
40.899254
34.00968
28.207912
17.27505
21.420057
16.728745
16.324533
36.02804
15.427102
21.859003
33.419086
36.461025
25.067453
21.720243
38.000195
40.669384
40.59924
15.015499
28.177736
27.914017
27.52215
15.471126
36.341595
19.39645
21.212242
19.510399
18.165466
15.257624
37.48231
35.468258
26.768023
25.976816
35.63935
33.64583
24.92044
19.29462
17.07366
26.10692
23.558393
28.543543
27.189407
29.534645
29.538263
40.842113
27.574455
15.694838
37.57149
21.993135
32.707603
20.094038
20.577568
17.123976
27.214275
22.2732
15.315416
18.116568
37.70711
32.844402
30.084377
16.69707
25.58576
32.856297
22.53038
25.689861
35.820656
26.365082
22.149305
34.387856
31.708296
17.191267
19.948833
35.25086
18.861113
25.758545
24.911652
28.215956
19.282763
21.639574
15.397035
29.788704
20.280157
31.974525
19.424469
40.781174
35.176376
31.281721
30.902128
23.072588
29.314058
20.345732
15.294644
20.090643
37.676693
22.846825
31.968756
29.846363
15.605675
38.18665
21.51207
27.302526
19.55385
39.568558
24.689295
34.615555
24.591686
27.807028
17.381966
17.362976
15.470078
21.569063
38.851788
32.25335
24.44418
21.791603
34.97442
23.012794
15.775595
15.872361
33.709595
38.152084
23.855585
37.897606
29.005182
19.140423
23.229885
18.648869
29.576864
24.146894
24.456089
21.421638
22.561821
24.957817
27.687477
34.792526
20.913876
28.937943
28.152529
33.38749
35.589268
19.975756
18.28725
36.43216
39.0663
22.237925
40.17788
31.40639
37.548805
36.255127
29.18435
28.478575
37.32246
18.371334
15.140365
26.561377
16.16463
15.91083
39.36376
19.809017
31.452656
31.552074
37.861263
28.167217
26.671942
17.344736
21.574615
17.190502
25.394587
17.565977
23.290472
26.757526
40.480717
34.184402
25.92429
35.543594
38.248974
31.08479
20.28891
38.150623
16.669191
23.40399
34.171352
20.648226
35.249416
28.338202
26.566774
29.945683
28.221123
17.604017
29.256416
28.893064
39.87056
25.370464
22.566763
26.300734
21.420862
20.926493
29.11
27.170053
34.738617
28.608154
28.581312
17.344095
15.32035
18.58196
22.276384
34.515636
19.508343
18.965675
21.892883
34.07081
20.692074
20.465086
35.392616
33.600246
28.37048
17.215033
25.2264
28.075577
30.38204
39.835266
23.061638
22.667645
20.353775
30.846449
34.30288
33.973866
23.476837
18.538893
31.15868
39.025627
30.085617
27.146399
30.783316
32.862637
36.19884
28.749794
25.109915
17.6897
37.175327
31.719599
21.39189
33.672337
20.943655
21.704422
29.182478
31.281261
32.88423
16.181547
24.507568
37.761673
27.373789
38.408367
33.324905
33.78188
15.246513
25.248137
36.01313
26.606771
23.98271
35.790733
40.597034
31.245192
40.304935
37.948944
38.690735
40.936226
37.04327
22.28297
36.72847
23.068016
21.625502
26.190731
21.95301
36.16365
16.354605
33.298683
33.844616
25.92224
16.755114
30.397724
37.19884
37.469288
39.701553
29.591017
34.899418
30.949015
29.786274
26.455244
34.58279
32.382214
18.44067
15.9641905
31.853788
37.31687
29.692904
40.683243
39.487324
33.214703
23.126875
34.315666
27.138859
25.74526
32.60136
40.066307
37.48683
20.200375
40.59483
29.485624
22.443054
28.095125
24.660673
15.4667015
35.092545
28.687582
34.40908
34.890213
29.362106
39.628063
28.676115
32.04699
16.067389
26.239702
17.097033
39.4152
32.951027
21.035597
26.170107
27.628836
39.59986
37.993828
31.07884
21.546541
27.71714
35.840187
25.034584
30.214504
31.125967
23.12945
19.70824
19.21447
18.093193
29.269491
23.438835
16.397657
19.088284
25.798693
18.338423
32.327633
37.92965
35.20544
17.156908
16.889988
17.421246
38.36965
35.82699
29.473866
16.045212
18.309736
21.97863
15.890262
34.051662
35.334408
17.39404
24.764145
23.37462
20.92729
37.368305
29.522339
16.203566
18.733286
26.247505
15.2963
39.75281
16.869164
40.035168
27.068705
17.796457
26.446882
33.889725
18.215038
22.874493
24.67661
24.579613
15.226127
22.725973
35.2075
15.519382
36.84484
28.468199
25.467743
36.87934
40.109936
34.31608
34.68145
39.442818
25.872292
33.223877
16.968418
22.37938
24.233551
33.73183
35.473892
19.90883
36.054432
28.513088
21.82888
19.950148
38.189785
40.641766
40.407684
31.280975
23.429651
23.440851
30.827726
16.47754
27.260473
21.918995
40.92786
33.96147
36.50771
18.268246
24.064789
31.84914
21.68104
24.670046
28.983286
26.980753
19.415464
15.7447815
37.744434
22.500635
19.786505
32.38054
21.237022
36.666718
35.47483
40.389626
16.650911
30.186428
39.76555
37.466743
20.957024
33.307774
32.18956
38.260746
30.917273
21.138609
36.249157
24.022066
31.43867
30.223696
17.117403
30.251041
38.18941
37.278248
34.460423
29.04757
33.31073
28.158415
38.6042
40.450497
16.786844
39.643154
35.15207
40.95555
26.576319
20.408735
21.856472
29.613445
27.961721
26.696102
30.058262
20.635254
36.74038
20.603102
37.329094
18.269999
31.857693
28.67763
32.08726
24.86978
16.875307
29.544436
24.904558
18.520708
16.270155
27.667448
30.981482
28.393255
25.976212
20.031136
31.840473
24.053513
15.809451
15.518536
25.67151
35.377323
30.457447
25.070274
26.961763
28.422024
21.56859
18.327965
31.050678
37.63602
34.14192
31.397089
24.074226
22.124262
21.897047
26.608555
15.396716
33.338093
26.594755
36.71479
32.075935
29.520826
31.382202
36.825367
17.16706
40.51582
26.152908
37.568775
31.743101
19.131645
23.639982
26.461153
20.394392
20.159435
32.502235
33.269325
29.666912
21.3503
28.016268
29.274788
32.408947
20.186136
22.153622
33.77677
38.317963
40.11503
32.800648
15.916747
34.11418
26.07283
22.66973
39.96333
19.714794
27.575443
20.054028
19.56573
25.542332
24.441616
21.993904
23.165497
18.673124
15.294068
21.651735
16.75043
31.916454
38.3871
21.732824
15.441232
16.112324
34.02169
40.643612
16.020573
19.945494
29.834583
29.74445
38.445866
27.395727
32.585648
26.53269
33.631252
18.57895
38.718216
27.882826
21.340868
15.181287
38.930096
21.574028
31.904638
16.947693
25.268131
35.251312
20.649508
24.759197
32.847313
29.695223
32.433094
24.717506
32.19567
29.8158
21.473473
20.352999
20.439098
24.140217
24.78783
36.58191
16.065742
17.729465
35.984524
25.360754
26.84734
22.437906
25.89706
39.120827
29.645376
26.220657
25.605232
32.012848
16.29282
33.797165
27.757826
22.751656
39.517517
36.39543
37.792847
36.422985
40.961296
28.529806
19.645462
19.999323
21.74917
34.80633
18.84041
15.50891
16.775946
33.603073
17.484837
15.811848
22.902914
31.138977
18.609114
32.759483
38.59522
22.923199
39.547363
24.148024
36.180855
25.86799
27.606018
16.324596
21.875168
31.45161
26.137926
33.56374
16.990099
22.23387
19.321148
33.40455
38.335323
18.755339
19.43568
25.023531
30.718801
27.392324
23.238066
19.415405
15.667175
28.093197
16.1529
37.663914
38.01183
20.087685
34.43197
32.906944
25.824297
23.639284
30.17584
30.735054
25.335136
24.701897
40.169365
33.709705
26.933228
16.945383
24.851742
24.447351
25.117899
22.0307
34.423393
34.287735
36.364124
34.243805
31.086012
20.949497
18.26146
31.63855
27.718885
24.77359
29.00027
28.692266
19.913631
19.164549
30.304169
31.143822
40.22117
40.66215
31.245508
30.16233
40.708897
27.710617
37.03116
34.285885
20.48271
20.639807
29.808634
25.672989
24.697508
38.632698
29.818136
32.125595
28.76169
18.52557
22.80384
32.07097
37.935085
35.17223
25.498251
28.230787
16.326502
39.800724
27.206272
23.059278
32.416206
35.300934
20.041079
15.19828
20.660286
27.703497
19.201723
29.175598
22.477959
23.245493
21.832823
32.36404
16.979572
36.365383
24.469585
33.822067
34.16215
17.729647
20.84676
35.052967
24.981035
36.965656
35.93807
22.948002
39.700176
38.16025
16.493006
40.219967
36.230495
31.380608
15.050791
32.487167
17.784626
22.48386
25.436687
31.833776
36.108177
36.30413
31.08376
18.151085
26.791716
16.940428
23.173523
25.855173
36.724297
27.316156
27.55186
28.680017
28.618574
28.440647
39.65195
25.161108
17.719074
16.875547
37.24386
26.153135
39.299465
28.793505
37.7308
17.266315
16.36118
30.713972
35.925026
29.459469
19.064997
34.510643
15.761613
18.193968
16.858727
39.607357
35.246403
15.531164
39.008396
36.414036
28.084644
16.346956
23.29684
40.001465
33.899834
33.44066
20.022894
27.773598
31.727652
40.731335
31.115873
15.468151
24.557737
30.963293
36.174294
22.201242
20.096468
38.383484
34.54434
37.468876
26.63678
17.70694
23.172777
37.027996
26.94649
32.352608
31.900621
16.40204
17.424425
25.410221
27.108032
24.390673
32.42409
24.090063
23.17752
24.41068
30.60749
34.51086
29.111732
24.754747
17.467066
20.597116
26.82368
37.927116
21.741718
16.585735
26.111446
18.099909
29.35311
27.182697
19.136015
34.431087
16.701475
40.764214
40.34006
20.494926
23.685476
35.182682
18.177116
32.397964
25.648588
34.7163
22.764729
18.288343
34.6048
40.492306
20.631788
33.913574
17.559439
19.317173
38.09947
40.641586
35.516186
31.26324
26.516699
17.932226
22.849321
30.589699
33.56541
27.631031
29.12062
19.616898
29.157265
34.654484
22.133163
15.026438
34.062828
15.645627
28.039778
16.725548
36.3458
16.00125
39.66167
16.892742
26.918917
24.306581
35.82325
39.112785
39.094997
15.660716
34.471935
20.612494
27.875504
23.635733
40.6273
32.524925
32.90084
38.68478
20.791588
39.83804
20.480642
28.699123
40.3542
22.224878
20.928926
31.111435
23.735556
37.305904
39.548225
37.452366
20.541151
25.060078
39.03835
34.589733
28.834484
20.079826
25.849636
28.014343
20.787981
19.156023
15.057165
23.483875
38.43389
37.28268
21.701538
30.095827
16.012524
39.58698
35.223503
40.433
16.503096
21.918867
35.613823
31.809563
21.322859
32.875423
37.206387
30.843195
29.893017
22.888702
28.661816
35.58838
29.795433
19.6718
35.62032
31.288355
16.581879
27.796406
39.746788
37.4379
22.94812
29.466106
16.447739
21.296394
21.94789
39.65321
31.408825
22.250422
40.19729
31.68293
21.28333
28.4974
34.60798
37.077194
32.356136
22.406485
40.087955
16.01146
38.814342
17.610296
15.861604
26.091358
15.37486
33.39075
20.586044
17.322035
29.450888
36.244564
21.278765
34.12156
21.783405
28.648727
40.221874
17.020828
25.520357
30.993591
33.471207
33.29582
36.09544
36.410866
22.373886
23.19418
21.939978
27.796198
15.58593
20.64657
31.055536
39.710674
37.481693
40.39418
28.781578
25.04294
25.560064
21.317467
37.711567
39.323326
22.477516
36.417038
39.642628
20.403694
29.676134
21.376223
23.68792
27.851395
35.22507
19.925825
40.23763
26.853144
22.456816
25.335121
19.32355
19.684208
16.254965
37.269127
32.123875
17.870695
26.438234
23.980724
27.838997
28.057459
38.58564
33.3472
26.975708
34.29138
19.860859
28.61434
16.196375
16.939579
30.918997
21.877144
25.321274
15.784354
28.817062
22.304825
29.816422
17.971457
19.999659
28.908722
26.155884
18.435488
28.894419
23.255283
38.81667
37.186073
20.427052
33.942326
16.346
30.410664
35.85377
19.885208
39.93479
32.734596
32.709255
35.50069
25.237968
34.176327
17.381176
37.72965
34.8012
17.345509
18.84777
36.505905
24.385487
34.253834
18.45274
32.756947
31.724936
33.743343
17.242224
37.31327
30.809944
35.984196
15.35145
40.206642
16.656942
17.753565
19.20407
26.753605
24.70764
19.279747
33.87504
26.549032
27.49476
38.32016
15.868383
20.035519
27.017963
35.839317
33.773952
16.66805
30.39272
32.16254
32.792778
16.859222
38.766617
18.803474
29.958473
34.868942
31.241676
29.298258
28.032507
19.593489
18.597895
18.32638
17.514095
28.812344
29.98239
26.15815
29.980848
23.867235
29.410152
23.040844
28.064163
29.976307
29.916561
21.520447
39.763794
30.42739
15.508446
15.893134
27.518877
30.747852
34.67962
34.990406
35.478123
29.61451
30.188473
35.324078
21.749712
26.745592
24.039316
38.25205
32.061928
20.307804
24.165842
19.273073
15.228309
29.475002
36.18419
21.818548
27.086649
27.691048
27.76474
21.9815
20.168915
16.917889
22.665949
36.507847
33.259678
38.690987
32.280067
22.072165
34.21342
30.157629
32.659878
29.370039
40.92659
40.439804
26.42709
28.881287
15.198054
32.641735
15.707256
28.293121
20.362082
15.613194
26.292679
30.51963
18.040823
39.183323
20.603926
40.013626
28.138664
40.99558
21.70221
35.6393
15.28873
40.303017
40.599037
20.758743
20.362175
18.124113
28.41616
25.382814
21.363838
34.01288
35.56802
25.246462
22.063171
27.362938
26.070492
28.490973
29.047274
15.643918
18.323889
22.270319
34.53328
15.259323
36.27486
19.046103
27.240177
16.818754
20.73088
15.595288
30.895555
27.533228
29.78274
18.827255
37.540718
31.17095
21.78456
23.39141
32.697884
22.551834
34.147488
38.75389
35.676197
34.91265
30.322386
21.93168
32.818565
22.640648
39.77845
20.394634
20.329325
30.852028
27.528858
17.780811
30.473045
15.082687
36.811157
23.017647
30.397717
24.962114
26.899271
29.201363
34.610943
35.15737
27.705645
24.1592
22.225683
33.102615
21.826141
24.00389
28.492384
38.070614
22.987019
34.186996
18.847382
39.99621
39.472393
23.567574
24.732704
31.12774
34.042267
35.83479
39.780365
21.060936
32.095337
17.257988
34.604633
34.000755
31.387426
20.184904
28.408619
40.200253
19.485535
39.9685
15.886948
39.44152
25.319145
33.075176
26.49414
27.152243
18.684563
18.01189
26.048738
23.292454
16.364693
22.406904
19.856117
40.499638
31.645807
35.088776
34.058266
33.14622
37.44452
37.33035
29.756765
34.942142
30.002281
38.55935
20.605547
27.5061
22.16138
36.78439
17.032907
29.93267
38.605583
40.74505
15.027684
27.798466
20.130127
27.366827
30.512325
23.279007
36.000027
30.48668
35.726025
34.089043
38.762184
35.011974
23.753979
39.812515
20.496008
38.685585
37.36419
19.854439
19.418844
19.452038
18.651134
35.72541
25.006699
28.0544
26.636063
15.660556
20.34735
28.938896
26.936468
35.678173
26.312075
37.803967
20.892792
38.099396
35.31391
15.2027855
31.128214
28.27867
38.914413
32.492966
24.417837
16.835886
27.347668
35.12452
20.956411
36.03454
40.149254
28.766836
21.639185
35.116222
35.50969
38.09775
35.80832
28.38041
29.71592
40.212532
19.067732
35.589344
37.10104
30.557865
40.23206
28.881508
39.291683
37.0557
18.250938
21.793064
34.22402
37.654068
38.03754
20.21522
18.393568
19.9268
16.530817
24.15646
34.110584
16.541218
31.033747
37.03216
23.151937
27.422802
34.895267
15.870025
15.132091
38.267967
32.941444
37.298355
23.159859
33.69092
22.711903
22.475218
28.904318
21.737797
17.520336
33.22
26.062347
36.761066
15.633352
25.524914
23.401936
25.719465
24.449806
33.35251
30.049541
20.853458
19.46315
21.166336
18.496405
31.383486
29.002214
29.995249
22.917871
28.388079
35.271248
28.998064
23.831427
26.341135
20.047894
38.47365
18.86328
37.922417
23.548237
35.052612
31.449957
37.662624
35.43086
19.410208
26.670557
26.74416
27.687319
15.256216
32.08688
27.850927
40.254303
15.585907
31.462873
31.345335
33.5831
36.217335
36.5414
16.247875
34.11496
35.4937
26.675535
25.50448
32.63627
20.69546
38.043194
40.84906
25.825365
28.185532
35.41806
40.20343
33.953224
19.601768
40.026413
24.004122
40.66311
40.514538
40.888603
20.105242
38.02971
18.883228
20.225567
27.978962
19.686121
30.37392
38.004852
35.81983
16.707512
32.141663
20.507402
40.85647
23.153057
38.0341
34.91535
21.683928
28.693308
40.33938
38.352768
25.752295
38.587852
20.179697
21.555462
35.28183
34.428696
22.442884
26.402584
36.822273
26.527514
35.747913
32.911858
39.433613
20.600489
15.356313
26.981972
30.038015
37.492172
23.169853
25.159775
33.87725
37.080334
17.996048
33.016575
17.20726
32.216534
27.116362
17.336948
18.371334
15.5827
28.858171
31.255165
22.21553
31.681686
23.34996
21.718393
29.444828
25.830341
18.930258
40.21259
32.965683
33.986446
30.784399
20.556023
31.520523
19.51624
38.29909
39.747097
18.991879
25.597202
36.353436
19.347227
21.638687
16.851126
37.305885
33.68617
39.224556
31.015371
18.790361
31.296425
37.507504
32.98565
29.60052
25.414818
28.882996
21.401527
25.919878
36.133675
25.106867
36.09623
34.94642
30.840511
30.971956
29.19526
32.56384
40.954403
22.572056
27.42367
26.127588
25.648746
32.359055
16.2698
40.662464
39.244335
31.583912
28.053589
32.80938
16.263308
26.909363
37.660534
31.71258
34.753616
19.992025
23.727749
15.704565
40.42533
24.653833
27.406403
38.124405
17.384304
37.897522
29.475315
40.89628
39.80519
18.468094
21.543282
34.598507
18.755186
19.922018
26.353132
16.669353
21.56127
30.238176
27.788425
33.12446
17.608032
22.889273
23.084066
29.701675
22.259726
26.989769
31.954985
17.702744
17.719358
16.646145
33.882492
35.96706
18.069258
23.957502
39.635708
37.39152
29.481726
16.249384
30.25596
34.20126
35.644962
22.070875
32.194855
28.779747
30.818678
24.24483
35.07214
36.282623
22.61535
31.833376
34.607418
37.488274
15.597337
38.26557
39.680065
39.379017
31.08656
26.071348
31.184687
32.80047
36.20276
21.675676
29.374786
29.212507
26.07785
34.529156
17.725224
24.023884
23.438093
27.485947
18.994446
24.29345
15.302448
27.78726
17.130323
23.684605
31.414598
22.268412
32.938877
21.475452
33.207764
24.479685
22.023008
33.155773
27.595606
29.295975
22.398773
21.682867
38.689095
30.287539
16.409632
24.821892
18.65846
20.633879
31.084478
35.162296
26.390839
21.685053
26.923143
31.380457
35.33853
34.409508
17.243494
24.109728
34.009296
37.914772
30.687078
17.382475
25.919327
37.98709
20.255728
33.02485
20.511135
35.168423
21.339344
20.613441
26.5328
26.273878
40.59557
35.644062
38.68155
21.450047
21.254854
17.416328
20.933899
18.884357
22.44986
21.80384
39.91619
35.097923
16.506073
38.558167
26.913408
16.389048
22.780777
22.085922
33.67097
30.441889
31.600554
28.741745
17.013176
34.37447
33.122776
34.595924
30.483717
26.572588
21.5345
15.36404
15.707763
28.540823
18.902554
32.726944
35.981815
23.699224
19.201439
40.622894
19.716581
24.563946
19.571188
31.259733
31.789879
30.072378
20.695053
19.57352
18.610601
18.948132
29.337437
38.650932
15.751501
28.948439
33.545246
31.236423
35.377663
29.596336
34.791325
15.861028
24.37914
33.572247
17.426493
22.35825
35.11047
31.324368
20.207039
20.573515
40.94625
20.65447
25.377552
15.927154
24.481342
38.0456
17.8142
20.156872
37.13565
33.32029
28.071579
25.044271
21.167755
27.852789
26.826597
33.220882
38.658253
23.005985
28.17573
23.252796
20.892754
37.723537
21.517426
18.118896
33.756203
20.27993
38.339294
16.926296
18.244299
33.07599
15.130086
25.247559
18.004427
35.06461
22.849438
37.81777
39.93761
21.901289
22.913628
18.495607
33.324776
29.23619
39.49361
36.37104
25.684555
31.699413
34.071884
25.693258
39.6267
25.07822
18.667683
26.896053
22.33416
15.944885
30.915377
36.41378
35.988605
29.566015
27.268854
36.20961
19.44831
23.308966
22.005014
33.978794
22.793901
32.958298
25.412449
37.843124
34.976685
33.364883
36.576717
35.018883
26.73584
34.672653
28.511591
34.41897
26.194988
39.002647
34.03594
16.441048
27.105177
29.921352
33.758884
15.296941
39.570576
26.280037
26.811241
32.154594
18.274746
27.084118
38.54911
17.092453
31.719488
28.936281
19.355915
22.407011
33.794983
16.2944
16.882053
27.167984
22.118979
25.295052
22.586737
21.081371
16.014488
24.21569
38.28446
22.699352
22.73961
23.78328
19.54893
16.806879
19.639654
32.4845
18.290247
28.41839
28.260965
39.79239
24.596378
30.234064
22.147465
37.796494
26.018013
30.633562
19.035025
37.108498
20.876167
40.326214
24.465498
18.112383
26.884857
33.63011
39.46131
17.638144
35.4065
23.018621
39.833202
17.96014
24.995663
31.051283
30.937815
33.656124
19.537073
34.097168
17.258501
26.31009
16.246822
35.36217
15.051809
33.30197
15.080936
40.647842
38.483818
28.999418
27.68352
28.997797
33.17458
28.551657
26.906954
17.928762
15.87555
26.182718
31.149616
19.296938
35.124153
15.391087
17.281885
29.016195
23.151056
19.785063
19.769192
21.823292
20.060091
18.417923
27.751152
37.07625
31.357252
34.434223
22.29882
37.17552
37.274384
40.598328
24.847387
38.61368
39.01485
33.848576
18.889635
40.887768
25.042538
17.405172
34.41578
20.549503
31.842293
17.157255
40.298244
38.522175
18.198902
37.064274
17.84533
30.478807
19.973492
40.12912
37.085564
36.554985
39.600296
29.13523
15.995021
31.960522
17.083372
16.787092
21.842623
20.157795
37.142025
28.153421
27.104029
29.190554
40.33534
21.384457
31.982414
35.47549
26.490295
19.559711
27.474985
15.909928
34.564693
23.21962
39.136852
38.502472
34.195145
19.64445
30.219372
37.899467
20.612082
21.265974
15.697874
37.15869
40.34792
33.7323
31.854132
40.912598
20.221022
18.093365
37.541805
19.667097
22.44739
37.33451
15.038513
40.39779
18.413588
33.057747
22.47598
26.834015
26.638504
27.495094
26.240257
37.862297
22.758299
23.23561
36.446728
30.334053
16.98792
16.057611
15.620151
25.228628
25.444292
29.079685
26.04778
39.601097
39.96035
25.078993
16.92404
35.035423
18.575823
36.27256
26.368145
34.426933
25.759722
21.117046
29.671349
18.834232
37.60117
39.754723
27.718536
28.869074
36.699345
17.61818
38.429153
18.633785
32.289997
22.403578
17.275385
32.56936
37.265
35.131893
38.460926
36.743305
21.173246
35.340084
16.181532
20.084892
35.035126
31.578642
21.538935
29.866444
29.859623
27.339462
17.142635
25.332838
18.122122
25.297571
38.209423
17.797375
22.142702
39.32262
20.05839
16.75072
31.298801
16.10076
17.299618
17.570631
39.312786
34.404823
31.727564
21.273687
37.47413
18.06046
17.955599
40.41624
15.587502
18.478176
32.165993
35.7304
23.682234
30.255962
36.000137
31.371721
18.075264
20.804487
20.576513
24.759024
37.248806
38.206593
26.899523
27.902489
28.185617
30.595057
26.509958
24.844963
26.29891
15.2174425
34.128483
40.382267
25.900541
18.053986
30.256247
16.581823
15.270311
29.364388
32.222214
21.785034
26.820799
18.86153
29.00465
39.75723
34.59634
22.344934
36.304626
40.44009
40.40135
33.574093
23.812263
18.36502
36.222378
28.92148
22.38184
22.201778
28.289915
19.917402
20.919792
17.145422
33.12004
26.183554
15.1900015
20.88546
26.182781
28.449436
17.453672
19.754698
31.463068
38.35557
30.886488
32.321278
27.111843
18.569662
26.053617
15.16591
32.629074
37.376698
36.373554
37.877293
36.576996
16.35116
17.464636
15.402313
24.691095
17.97937
15.543492
33.803516
40.43794
34.172173
30.632587
24.20495
19.563148
34.49302
31.234354
17.248459
22.97943
36.623665
30.34236
34.73601
16.463707
19.099598
22.185322
36.29971
23.064058
35.669437
34.937675
36.919537
38.86129
39.76744
16.780762
27.900118
40.786625
40.53539
29.161665
21.520987
34.56613
24.590034
21.87204
31.991184
29.54414
36.304424
15.657205
26.56729
33.132053
39.756256
21.466166
24.735134
32.93558
15.69367
19.166113
18.208895
25.23258
30.878649
32.570312
24.167336
38.40536
16.990452
19.966265
28.625408
23.175335
23.906282
15.981286
36.130547
36.044697
23.623674
33.585686
18.076363
40.218834
20.348783
18.308998
38.84261
23.46484
29.34714
40.332676
26.698702
18.855698
24.03807
18.023024
28.949112
16.156265
33.511356
20.681047
18.152525
30.726358
19.15439
20.811275
28.412594
25.247917
23.400421
21.049519
19.716663
37.327312
37.743183
20.039888
36.08989
23.080511
33.11052
25.014345
25.935644
15.178009
19.449356
16.603357
18.34912
27.507994
36.94662
35.494232
23.419615
33.61041
30.695538
38.953987
39.57792
26.341225
39.813915
25.946596
32.898785
35.84529
39.030857
32.59975
15.934478
15.8479185
31.580582
23.114265
19.133924
16.519344
30.876812
40.859562
38.19293
17.722937
24.888412
18.36162
19.784548
21.327171
19.396807
39.165092
32.03466
23.442965
38.387882
35.139305
18.836262
24.942175
15.715901
39.698112
26.637127
29.419662
23.874226
36.616535
32.68889
35.880474
17.217344
23.652527
20.911682
20.86534
28.301075
40.02005
25.506943
29.471844
21.142454
18.910053
29.242052
28.785204
30.148214
30.71883
30.93396
18.601812
26.2204
23.41868
37.07496
27.01028
40.120033
29.593561
31.772318
32.388897
17.554459
27.06296
19.214483
40.68502
22.651236
23.729986
39.730045
39.461113
40.491306
27.315155
24.171745
38.123703
33.196335
22.975157
17.836233
40.995777
33.699898
18.456364
22.42141
16.449661
36.77956
17.395662
22.626558
19.186674
34.186497
18.656624
28.916647
21.931408
23.781689
33.1769
39.70055
31.30267
21.472456
23.703112
28.714066
34.429745
31.44036
23.002447
32.752075
18.0018
26.66124
16.66546
21.060184
15.869857
24.040482
35.45261
30.674719
19.064926
20.621315
39.287285
35.791035
39.152534
33.271244
22.461174
31.84347
40.213005
38.01145
25.392956
34.396416
30.41851
30.726326
28.369473
31.174442
17.172035
38.374973
39.098694
30.600405
16.080038
25.023867
28.616793
40.064064
17.649761
26.02957
33.117065
17.809643
30.533724
24.522717
18.606195
27.809366
22.388163
20.979168
16.943905
25.280998
16.968702
33.111603
23.784815
31.610895
36.955826
25.57449
23.216757
33.36015
34.184216
19.04771
20.477713
38.759857
18.444254
34.148823
21.03388
30.642645
22.830643
37.32127
23.514305
31.110996
17.732132
35.355556
35.522892
34.409027
28.98808
16.522707
31.186483
16.442833
34.4817
15.434088
37.44812
32.185547
21.49646
27.688923
18.577448
33.806767
24.531212
29.13062
31.145681
16.782059
31.951382
39.105263
20.80033
22.466658
37.84757
21.500427
21.575418
33.65867
26.779598
39.53972
16.185677
22.530403
29.703226
26.318167
15.778696
35.97265
19.308308
40.88598
27.95684
37.875103
38.24138
21.32277
38.53115
25.157234
26.24228
23.691818
37.432354
16.467377
24.093529
27.0235
18.479456
25.383837
25.462868
25.549456
36.294342
19.68036
26.213472
28.293726
31.551142
18.759243
26.563
32.824387
31.962032
34.708996
20.591795
32.47898
16.926565
26.609364
34.032177
18.699305
34.609436
34.68513
19.014912
38.245865
37.362072
34.70108
27.505579
35.009624
34.866257
39.594017
15.532726
33.898346
30.153414
38.75379
37.991295
37.847214
39.741085
15.593764
18.798971
20.388056
29.528484
25.092165
15.489781
17.408873
32.805946
28.839314
24.948298
34.745075
27.758448
19.79171
21.919603
21.066101
17.181273
36.412476
26.174164
26.155867
26.77631
34.16869
15.763492
29.132788
20.36033
29.459627
26.67159
15.41482
32.591995
26.96598
35.348804
39.307297
24.412222
28.138605
18.108852
38.97604
37.292995
36.08639
34.176464
20.265572
25.602451
32.47636
29.292164
35.33191
39.91966
15.225057
32.212406
25.381813
17.970186
39.738953
33.18741
19.945005
34.00416
35.25241
31.555622
36.05326
39.901226
37.415436
20.963009
17.459908
26.062267
34.699364
35.39684
20.605677
39.235775
17.417183
39.217945
32.421486
25.826857
26.196194
21.68193
25.256084
20.950062
37.594242
19.059055
34.226227
33.512398
34.21674
15.394086
16.109304
37.950874
25.170267
38.1916
16.533138
29.899326
33.97947
19.868822
29.664886
34.022068
37.197594
25.687239
15.860824
33.527447
37.856937
16.0559
25.810959
22.46212
35.634014
31.593395
32.597275
35.7874
40.145283
37.142193
39.7816
24.451784
35.14281
32.04814
38.148937
21.199272
31.5452
20.449581
40.054256
29.690912
32.217648
15.064639
24.455635
26.667397
15.206099
29.021952
23.663794
40.3435
40.733818
32.649178
32.597897
18.000406
40.684875
37.81531
28.909744
31.830023
19.527462
15.416919
25.72324
18.485619
18.67096
19.905148
37.933285
34.50613
30.104315
36.36936
24.018005
20.806807
21.829126
34.625046
34.140545
26.766752
33.07951
26.99763
15.951279
26.094395
15.611704
26.050642
17.948788
38.614666
38.45003
35.37562
24.517462
40.397194
23.39167
34.742985
24.832037
39.23264
31.301386
16.40708
37.70408
21.364689
20.768257
24.165354
40.142673
20.598148
37.050014
22.890684
38.911358
34.42895
30.396599
37.687595
23.68564
19.679758
20.823063
34.567158
15.550144
26.275276
37.19298
30.592064
29.521738
36.254253
24.077007
20.812527
38.544746
33.890556
26.26727
27.995193
22.976625
17.883543
38.056774
33.14155
17.967228
15.978477
36.43408
18.09879
17.33207
38.090412
30.196854
26.185377
20.52975
34.030613
24.654226
36.685097
15.176003
20.272213
26.065985
22.307543
39.1615
34.84245
19.258066
21.2697
25.887966
30.391497
25.957008
19.522291
35.396767
26.763432
32.302223
33.82633
21.236479
35.982727
35.723396
36.879368
15.800755
18.47006
39.911327
27.497622
35.56492
37.514065
29.964073
21.979277
40.15968
31.551159
33.956284
29.20591
25.542461
28.643332
36.158043
27.783115
39.66169
36.694294
24.92068
30.578093
20.956648
28.407188
40.85042
32.381004
31.795212
33.762493
38.306828
30.098671
38.52414
18.882635
23.491426
29.883217
25.191254
34.550247
23.433065
25.904974
17.196215
18.359816
40.02987
39.09805
32.136257
25.507938
15.973862
25.138672
39.93561
32.56528
24.862734
21.16048
40.982033
20.223671
18.094257
38.26763
21.44119
22.974709
26.242409
15.7757225
15.179344
31.951645
28.530247
33.292152
23.797098
37.75416
36.7431
32.241688
18.161734
36.97608
37.46665
39.249683
28.522882
33.368958
16.888023
17.914454
23.806112
32.099796
15.564
22.932056
28.001198
39.399197
40.538937
25.280775
18.696701
36.04644
36.9861
27.229301
31.759632
25.601027
29.149538
29.301731
20.91888
21.065552
32.77968
26.014124
31.58321
32.75268
30.48434
23.191538
36.60951
27.529373
29.457853
22.981077
27.934168
17.324392
27.904552
39.295612
33.990273
18.810585
18.13883
18.354532
18.655523
36.511192
40.82254
34.23194
21.11062
28.229979
36.091507
19.879457
39.435028
28.667725
35.42643
25.959806
34.026886
38.36314
35.03948
21.009119
40.006065
36.68406
29.276417
18.939959
30.644094
27.495192
27.07504
31.703732
36.562035
38.34164
25.874342
40.05028
29.947062
26.512688
17.534716
19.75414
25.360817
36.188385
19.808092
16.420992
36.847363
36.021694
20.687925
17.044588
32.995846
25.972012
33.572395
38.85349
27.37267
23.981125
18.590305
27.668625
35.310383
15.170658
23.66757
26.986849
15.425084
22.640408
15.953276
31.312237
29.43155
35.65985
20.077791
28.8761
20.834993
38.070534
38.381393
17.818254
29.900639
23.054897
37.73044
28.146275
24.937029
38.077538
31.82908
21.34608
26.376345
39.76774
33.03808
36.38634
32.394665
30.78752
17.628258
25.04084
24.887411
25.317371
29.124657
32.947067
26.500055
18.69219
31.938482
29.625967
15.11127
31.93283
19.83745
22.806871
27.67565
35.4441
34.97112
39.83334
24.655266
37.987885
23.146362
21.669733
29.404139
37.19053
33.839127
15.084988
37.816986
24.306417
37.0321
17.959225
34.313324
24.735155
19.384024
19.340446
30.800306
16.877623
21.464792
19.872715
29.642454
25.316528
25.831575
31.523846
17.863647
40.02005
36.574657
16.159824
33.81658
37.292446
30.62779
28.444735
35.377083
34.53355
23.616222
23.78918
40.355534
21.519258
16.306776
22.62679
23.264807
35.878227
21.827684
38.16755
29.844019
29.715195
28.742012
29.958374
37.809532
29.919392
34.786995
20.075382
19.18948
20.59675
20.632605
26.579103
40.295403
28.277653
40.3662
33.982872
19.894194
39.07722
29.576115
38.9164
20.465979
27.823153
20.8856
34.91056
17.56825
36.316414
24.579454
23.286163
24.273811
19.353039
26.569317
29.498554
39.40992
18.910646
35.359497
29.97156
25.89824
34.991222
31.903814
17.448431
18.879988
26.01203
15.2849
35.194054
32.50793
22.34949
27.000917
36.001892
31.296642
37.66617
39.310722
26.890697
36.744728
15.989026
38.56693
38.620216
24.577429
28.157291
40.757423
26.711752
36.405373
17.22143
15.579378
21.528563
21.854881
20.649883
39.285763
23.152723
35.297672
39.788246
15.272988
38.28925
37.192368
31.915913
24.9192
31.234858
23.747675
31.458117
39.536385
35.067978
18.126719
36.43667
21.46533
32.648144
21.73438
38.0806
22.32115
17.757145
31.26419
33.66831
27.18794
24.770918
40.128613
21.135696
33.16478
28.620255
29.656355
22.760155
31.08124
23.480127
30.01255
20.31819
40.429066
40.621517
29.182447
33.514824
23.597807
27.166279
26.556536
33.195824
40.355515
40.104706
19.664742
30.879225
31.181864
33.86718
24.429668
30.480406
38.539345
28.985283
34.94353
36.755527
28.459385
27.934523
38.2208
37.95087
26.923615
22.119928
32.638256
39.421104
30.436636
15.147341
27.846455
40.567398
27.915068
18.017488
20.821367
21.346584
23.558716
35.68646
25.422245
16.815643
23.723236
31.555414
17.331451
26.701
24.979612
38.883953
26.574375
27.820105
37.524372
23.865753
31.952215
40.333164
19.895401
30.161684
21.667738
32.265736
15.5517845
39.054768
34.18387
28.518291
27.2921
23.07301
28.927223
40.666847
23.714106
31.920229
31.833487
30.258936
30.95976
37.861687
23.928772
33.02236
30.843094
21.330452
28.150898
38.429317
39.12436
30.452051
30.436743
32.39649
39.172516
40.429142
21.736664
40.55211
22.54905
32.284542
20.06415
31.463839
29.149654
37.33011
37.948727
23.496693
33.45634
33.91062
28.732344
21.558151
24.181038
16.465902
31.034262
38.888042
34.122757
35.761147
20.4067
16.263548
15.413925
15.254453
22.713327
16.515194
36.497528
20.002295
23.084854
20.087505
39.15512
37.24776
17.44085
33.52843
16.696934
19.893028
28.51408
29.25452
30.028687
17.426704
21.073517
37.71423
36.725784
27.558264
37.614346
28.159597
15.474111
31.806034
28.168146
31.637018
24.277632
33.59171
16.083626
29.520555
27.686478
34.013603
31.63808
40.936836
19.96532
30.402489
25.162025
30.768274
25.600231
20.007908
36.994175
28.57191
17.83335
25.719631
19.031277
25.71391
22.018078
20.597986
17.896957
27.295275
39.503693
15.168406
28.826181
35.032143
19.486588
29.92977
16.246477
15.154432
22.806581
25.332666
29.734547
21.599546
15.0200615
36.602905
24.53648
27.303165
22.24786
33.217197
16.162195
31.227102
28.274246
18.58214
22.699385
15.914544
29.164417
16.524155
36.439583
21.82595
36.271408
29.567335
28.168694
16.484184
25.919329
31.657644
23.046621
20.545439
16.278395
16.986143
24.385366
15.312835
36.988197
40.87053
40.832253
32.922504
18.939184
32.273434
29.474718
37.45734
24.28833
22.467503
22.20532
18.581488
18.263538
18.60154
27.320429
18.939062
26.602238
20.478495
40.77333
20.523422
19.573275
31.72535
35.76219
21.498795
39.447086
30.716484
23.405655
21.543846
29.007769
40.106342
21.143585
28.687265
22.241615
16.633772
17.197716
17.81825
40.690193
16.979618
24.936752
24.58026
36.122116
16.89077
28.31276
26.194157
22.156107
29.527971
16.670378
22.90744
28.259014
27.051397
16.177732
34.228943
15.145936
36.827103
33.88762
32.883945
33.025627
20.3191
35.00986
38.51245
33.36289
24.725983
32.36047
32.53377
32.870647
36.7276
27.150482
37.31346
17.297916
20.326498
20.287191
26.79408
28.245943
16.700418
27.18267
32.089058
34.723225
29.226358
16.6993
40.189426
40.441208
23.393225
34.309265
20.895994
37.955948
23.18941
30.804747
30.364994
37.677025
22.733095
38.96782
25.243076
29.49352
34.407356
31.493795
27.267923
15.307931
34.568726
20.15906
16.42368
38.122303
29.016985
38.734188
29.265747
25.487022
18.845684
22.465395
29.867395
16.101063
19.036936
33.082153
25.991045
36.14367
37.220726
38.23607
34.549934
34.520817
20.388103
36.03584
30.201342
25.62591
15.029276
24.915487
15.000302
16.442656
17.161716
18.45768
33.44333
23.859068
21.020124
29.991316
27.94433
21.915068
20.799143
28.792332
40.810486
25.372183
38.771385
38.538853
28.12363
25.472342
33.34753
29.306684
34.583115
18.043783
30.201794
22.838327
18.329018
31.21562
16.45529
27.078531
35.03993
39.918602
32.091415
30.041594
19.18748
25.078154
26.271523
26.96046
17.230154
26.946764
33.025803
20.364857
36.74174
24.37632
30.913435
16.245535
20.995337
26.99702
34.677685
32.783936
30.361504
23.247969
25.665815
15.261304
18.029776
35.99561
31.84024
39.70867
20.025398
29.079664
27.576612
26.618734
16.268764
18.542257
16.126017
28.613033
36.51275
27.524382
31.612728
34.3426
30.393631
31.854965
36.745567
23.09743
40.54416
32.21122
17.040009
28.609928
21.74266
40.39504
20.27987
22.359882
21.410055
17.74868
21.191578
38.322994
21.416985
29.024015
19.860558
26.552565
24.12616
35.123116
18.288528
30.243519
32.87045
15.044004
36.672077
36.00025
16.655045
35.093857
23.477028
33.914574
18.772577
33.973003
19.189785
22.757303
35.232754
23.686604
16.74594
26.096748
23.433662
24.406778
28.068094
35.479694
38.33963
36.386684
15.888993
24.945185
20.581047
37.818836
15.092681
33.088684
24.354322
22.133652
36.17556
18.65401
18.775663
35.65009
23.110857
37.20264
38.430126
20.718878
18.894133
35.794743
27.257912
24.539742
34.354153
29.81367
38.63265
35.68764
25.43252
21.075226
37.511898
39.048973
27.067165
17.185507
39.877903
25.347292
38.058876
18.745655
26.337126
33.728996
26.856758
37.44932
24.709862
24.983086
15.067577
28.378273
18.716719
38.885017
23.67565
25.873924
26.45659
29.883186
22.454035
22.24727
21.271175
30.887701
21.85446
30.287022
16.803928
29.274456
36.78251
22.035484
33.586792
40.38368
29.096296
27.623983
16.325884
15.77057
34.41096
35.094418
39.20776
40.25665
30.847918
29.080774
21.010723
35.43402
26.737047
20.984205
40.58104
19.690678
28.961536
23.84756
20.32187
38.053585
19.629272
39.519997
26.743032
33.187214
22.06136
19.899557
24.832653
21.738789
37.707397
36.05142
29.03716
19.88742
19.528883
30.82171
27.973948
36.432972
22.636152
26.201616
36.651382
27.051338
31.52102
20.143738
40.933838
33.446484
19.096308
18.792429
18.264706
22.045511
35.935158
29.162113
34.24828
22.611588
28.59719
36.182327
16.591803
17.690561
33.735126
18.725557
16.121876
17.160616
35.79469
25.743603
29.114721
20.320328
24.552254
27.960587
16.017838
32.928986
16.478807
34.7054
18.790821
18.404118
26.975452
37.41368
34.55614
24.984573
28.894835
39.089184
15.025952
28.083632
40.44448
22.586658
27.258995
15.285064
28.562218
19.963144
37.701965
36.476105
34.16043
40.34179
22.182665
21.46481
15.255151
28.742159
25.547606
28.09528
28.927456
15.153211
35.97468
27.35277
35.308983
15.759834
34.641834
26.2417
32.339855
16.681255
31.395578
34.323086
36.9165
34.839207
17.338686
35.713966
36.228565
32.64617
35.844105
31.079872
24.578115
39.088665
32.402683
39.692444
31.781096
15.47788
26.925108
37.977764
29.370079
23.64967
27.64388
28.147045
30.248999
25.718277
29.599024
24.479795
16.194725
29.622782
32.841614
15.620598
31.656923
15.652675
17.952137
24.854174
37.67685
23.898638
21.246012
38.739407
20.427322
25.14691
27.126602
29.711508
40.870262
40.120365
30.446308
26.302542
21.334867
34.166725
29.449335
17.484041
39.438572
36.50405
21.895061
39.301422
21.704638
22.955963
19.298813
28.448486
18.474306
24.743792
30.87731
32.72126
40.26815
17.350111
29.748846
34.393974
37.620358
16.7279
21.213737
39.475945
31.591288
33.201813
18.528404
39.53673
16.657906
18.292843
35.486904
19.327873
23.488182
22.394875
35.336533
22.783014
20.224802
19.741455
16.079626
26.144377
33.335133
33.423317
23.05144
39.94186
18.82851
17.351992
30.814531
27.342226
17.698605
26.012081
15.872802
30.989254
33.81769
28.604593
31.48389
15.871807
38.191383
33.755894
21.936378
27.985231
20.476435
18.351728
22.058765
21.592562
26.970926
23.252913
28.439962
35.745506
19.905256
23.659155
37.866535
25.39119
23.794006
26.709658
27.819748
33.86917
24.852898
17.54398
19.525877
19.89424
21.041685
39.49384
22.01618
35.22405
25.162989
20.336386
35.92824
25.126608
15.628683
38.61162
20.368347
38.491238
28.999638
37.891563
17.054924
29.967524
15.211209
16.58586
27.175966
30.870424
18.51603
36.378433
35.918747
18.755587
38.607327
35.711952
21.468042
21.547544
39.130062
39.871716
27.419445
40.89442
26.8439
28.167774
16.01725
15.026305
30.071114
27.473902
22.401812
27.810478
29.74418
35.95431
29.139105
21.925179
24.361982
15.193694
31.705671
30.114607
25.470123
31.143559
17.314995
29.341413
26.900076
38.30748
21.496727
20.318893
36.93346
23.41022
31.178116
15.383627
29.8019
16.43041
37.667347
24.960384
19.48962
24.32378
31.901394
20.97452
32.674927
36.023617
23.596392
30.483213
40.828556
16.377527
33.52644
38.525322
19.980865
31.564167
26.057072
23.73073
32.476513
29.231068
21.272614
29.583487
36.154476
37.10428
34.561966
40.39916
36.822834
16.142912
38.365253
26.055216
37.64188
28.446415
31.934229
23.304386
34.08585
36.06967
34.42212
16.104383
39.52254
20.660748
34.39406
26.813412
26.131935
31.40846
36.93714
24.329416
40.878887
26.171612
35.949474
36.292027
20.561735
31.859049
17.900528
22.319668
25.577702
31.139498
38.3805
29.920311
32.97771
35.38231
30.094255
40.192905
29.627304
24.365112
16.605778
32.727474
23.846996
19.731558
24.102074
24.215416
38.77461
15.442132
39.720684
23.197613
30.873661
24.53333
37.573025
32.106316
32.50612
37.38514
20.496038
27.297985
36.294434
16.394161
24.777586
38.127632
29.116888
31.459377
28.62643
39.281292
25.011961
36.00991
30.995451
30.561735
19.01157
38.438812
29.517248
39.113605
19.979628
40.754242
18.774067
24.67761
17.901566
35.01914
22.899464
18.879442
17.752056
32.722763
37.59694
36.78764
36.06236
34.61223
28.061237
15.015582
39.6153
28.709444
31.000807
19.496355
26.315092
38.248627
18.985418
19.725197
26.210806
33.09182
37.680717
24.742815
35.896446
25.81463
23.181967
15.42382
38.067245
25.101603
15.622081
35.738075
39.8809
28.35054
32.504417
18.568748
34.954193
30.45719
32.798786
33.399403
32.31941
16.636612
30.739386
25.723436
21.471828
15.834718
40.47639
37.382736
21.758558
23.79331
33.25822
21.208412
26.790604
27.15415
37.65948
24.314974
26.304335
16.122395
40.51986
30.190348
16.95504
37.156998
37.722282
22.32767
39.894436
20.915415
21.71392
25.560751
26.665655
40.25224
34.761536
37.493668
25.943327
38.456177
25.333147
23.455936
23.953104
29.10697
17.71073
20.268253
27.023993
25.943743
25.964207
32.769768
15.658603
39.95839
34.754757
34.536404
17.750526
39.562523
33.085957
24.51077
24.134672
18.123644
31.084053
18.36765
18.525576
29.426033
32.164204
15.3551655
40.0803
15.684123
21.527243
40.080162
32.316715
36.62085
36.83205
28.24739
36.924553
17.820745
22.101435
35.715603
23.125818
40.07737
17.444855
37.399662
34.672718
26.776817
29.01915
22.526297
31.315483
33.493923
23.798914
37.542156
25.629026
24.925009
28.19098
21.576305
33.456577
35.040745
20.30288
19.775362
22.910034
16.915028
24.763056
21.057947
18.860956
25.070482
24.391005
32.87616
31.162706
19.378534
36.72834
32.42533
33.463444
21.561674
27.467285
21.409214
31.401283
29.16788
29.15086
37.946484
26.217089
15.521872
16.16953
22.495201
26.376978
33.605206
32.0419
24.775606
15.665818
15.076882
28.24245
35.587498
17.39457
28.718508
15.427245
21.147036
34.858505
37.47276
27.808823
30.10881
23.989977
17.94117
37.644527
30.79248
21.268536
24.717052
15.327769
16.2994
30.382833
22.251583
19.409721
28.183075
32.882927
29.085918
40.029255
33.128365
35.11816
35.22938
36.69189
27.697832
34.125065
33.223633
23.113838
17.619648
22.811195
19.004873
29.93521
38.32005
35.77514
24.061066
34.50673
20.444237
21.409416
17.578213
17.667334
33.963238
27.552273
36.27971
34.455246
17.130194
24.885855
28.484892
37.033203
24.028107
32.522533
17.547768
21.758717
26.742022
35.777737
34.28411
28.293304
29.292223
20.996735
24.25494
28.919882
34.38097
20.48454
29.846584
16.825489
34.73385
26.08222
40.972397
35.006878
26.357819
18.739481
17.918343
16.669373
23.391558
29.552624
23.364552
29.51484
37.38971
31.168554
29.937105
22.152426
19.861176
25.199678
16.779171
25.016222
37.67259
17.351156
27.577778
18.636774
26.531618
23.331156
27.242397
30.888863
40.18082
31.296339
15.003634
27.92579
28.161177
26.578985
30.085236
32.910862
35.04555
33.748802
22.299753
28.36955
38.89582
39.6816
39.928078
30.011368
40.36334
19.238636
17.065264
38.208187
16.331083
26.404613
16.24982
29.966288
19.286673
36.288918
15.64098
33.19223
19.719095
19.263844
35.26813
16.328018
17.747913
23.695196
21.948952
26.019001
33.9223
22.214779
21.357452
35.378242
25.668192
16.290949
26.420536
17.624079
31.215456
28.972532
27.73127
38.392868
33.00289
32.113052
17.989527
30.866957
17.537472
18.126354
34.61524
31.008144
30.475218
25.381348
20.626904
27.649916
24.294605
26.712759
33.6377
21.977062
23.349443
36.206356
16.393778
37.00919
39.316647
20.411345
29.664194
24.105057
29.095396
24.439194
39.48908
22.21749
33.067608
39.027332
39.80248
28.654106
36.295746
25.577778
30.26857
35.43692
34.71247
36.424934
19.80466
37.004257
38.647633
25.143362
32.71173
18.961407
37.14163
36.57558
18.59297
31.86169
30.410244
20.441465
25.313066
22.587648
36.55446
37.885075
36.135765
36.80233
38.149864
17.121277
33.874447
27.15365
24.703743
40.463753
28.400318
