37.4197
38.484543
39.988144
43.15284
47.465446
39.00512
51.587315
36.774345
54.510803
37.85819
36.882618
38.24328
38.409004
55.27932
41.212345
55.361496
44.760704
41.54591
38.31451
36.809387
38.575718
37.879925
46.054157
40.821545
49.91632
40.321743
45.1648
37.57133
44.650993
35.866283
42.967304
54.425064
42.842876
39.180912
49.503117
47.458122
55.099087
52.909145
46.89868
46.012894
46.414898
53.90511
37.06391
44.622425
36.661213
35.740604
53.02012
50.323875
47.884117
45.48014
35.251266
42.242313
45.01216
40.028698
42.477463
52.33801
49.39999
52.32295
55.160595
52.37948
44.876186
38.258617
49.86948
37.52957
54.60869
50.52505
54.35555
48.41342
51.153
36.45263
43.81983
55.174778
48.506252
43.56943
52.388382
50.82116
41.854584
37.810703
49.255394
44.108433
53.971764
48.22792
53.30208
46.32199
43.903652
47.603893
42.254242
36.574184
38.656303
47.59609
43.602486
43.656864
42.094524
45.902496
35.576553
38.062855
39.15344
50.472656
45.438786
49.5218
38.767197
48.970997
43.241684
41.283405
55.627068
44.54052
41.980556
47.425045
50.995388
49.41189
37.764782
49.66107
52.32235
35.05634
38.229694
46.487305
47.33934
50.39034
39.91611
54.007183
47.635593
51.00581
42.755516
41.454773
41.464172
36.521774
45.116474
37.2552
51.668755
47.931564
55.091274
45.44434
40.174534
44.254387
41.831913
45.40751
55.444454
40.890785
43.78041
47.1906
52.66638
37.82862
46.581074
53.08753
50.207195
50.249565
52.310795
43.814144
37.046627
37.145626
43.41841
50.341564
39.48664
36.271004
50.425274
53.380703
43.421444
46.126785
36.0066
47.585114
53.848663
45.70412
35.546734
37.770626
41.104046
49.396263
47.641388
36.837936
36.51001
42.830566
54.306065
49.628296
35.742653
35.36865
35.842182
36.642643
40.242306
36.676228
50.411194
40.410927
37.419506
51.073746
50.371655
38.311134
47.241245
50.344677
38.345585
52.80635
55.02164
47.30049
44.79764
54.39358
51.88666
50.67958
36.634365
35.039276
45.434258
54.89205
37.96063
55.514374
43.56937
45.713013
39.666477
52.835567
45.357414
41.27417
45.96009
48.969612
36.010437
37.6068
39.311028
42.0641
46.796867
40.54873
50.52297
53.730663
42.74878
49.043842
49.816216
35.32564
43.529858
42.734596
43.867584
46.74833
50.72279
47.27648
52.729046
37.008434
51.096516
35.98778
48.42623
44.702126
49.1218
36.28896
35.824146
49.579823
55.117836
54.882946
36.039783
49.589245
49.93317
46.780983
53.279953
45.13363
36.990837
51.088264
54.487545
53.79767
41.860786
52.929386
50.59056
38.462723
42.261795
38.0157
55.465656
53.55806
55.54069
39.13503
42.951515
45.176292
52.228294
42.278717
36.377335
45.91886
40.229748
46.211834
44.107796
49.631443
54.57088
51.03944
42.548214
52.639217
55.392994
52.725082
50.902348
49.698547
42.06508
44.577343
43.730076
51.644165
46.86552
35.43598
37.01335
40.629963
51.67461
40.661423
40.006268
37.936737
36.514698
54.059486
40.618576
36.551582
46.57653
40.557983
43.46206
42.11138
47.578434
42.792507
36.975075
44.346806
36.919086
44.755955
49.23323
44.86334
38.105343
46.31941
48.1525
35.95243
42.363117
38.74188
51.79621
46.138428
36.172543
47.251934
44.408337
54.33599
50.707706
43.406525
41.61295
48.81783
45.806885
49.210545
36.943302
47.67409
48.150925
35.9152
48.493935
37.082367
53.785393
35.004204
53.025257
39.501274
54.986427
35.123753
51.292538
55.8508
52.740704
54.61563
46.719803
50.848904
42.786674
41.87236
40.79399
40.936733
43.24728
51.949093
55.715977
35.64367
55.373566
54.739063
44.912304
41.818573
45.81416
52.54771
37.98521
53.88518
42.127285
51.08512
35.55838
35.16714
53.960075
37.737362
45.261925
51.372223
51.43411
38.474205
40.79263
44.525444
53.796665
53.90419
51.58395
47.997173
51.323967
55.797466
35.125305
47.785145
51.795586
39.86272
41.381153
50.878124
35.59857
50.686504
47.07795
41.35422
36.66531
36.52169
42.850475
42.84827
50.00083
48.046265
46.369118
47.160427
37.513397
41.304543
49.60568
45.072033
51.22639
42.789917
39.33773
42.88501
46.71999
35.031662
51.84014
47.80751
41.828045
42.10771
50.467327
53.07124
43.198326
42.221382
46.490864
49.584747
47.313824
36.851868
51.124474
35.00231
41.96809
49.01678
48.142105
51.319363
52.989513
43.86954
48.87463
38.493114
38.21732
49.19528
43.656826
46.131104
44.346416
51.365856
51.98876
52.990395
55.27869
52.968143
48.774254
50.88678
48.0451
40.62906
49.003963
52.625893
49.19595
45.52682
52.161892
41.737198
54.795963
52.699856
43.451355
41.11693
36.80629
55.54323
36.66016
39.16755
46.68735
42.816895
42.11461
50.658997
42.514412
37.080994
41.708065
47.330856
41.76203
47.72049
47.432274
54.20492
52.184097
50.624645
47.188072
40.683926
52.892796
41.146584
46.9073
49.775017
41.823048
37.18384
52.178535
49.195415
52.25799
55.092983
39.636944
55.692936
48.986797
38.679646
55.351936
41.645515
37.96773
36.68992
40.326393
54.891552
50.077427
43.06986
48.00721
46.786755
52.641598
49.756916
48.39938
36.68358
41.96292
44.92046
51.97445
54.385494
50.98858
49.378075
38.069042
37.641335
38.592926
35.380203
50.880283
41.413635
43.690086
38.07772
51.48237
46.480267
55.536674
39.76536
46.51215
53.91005
47.13674
52.428516
41.301426
42.090675
55.618874
53.21168
36.269848
49.2813
45.819813
43.174004
38.33472
40.112293
44.079346
45.10056
48.942528
49.061142
53.428005
53.19769
49.081974
49.696125
44.932186
40.216496
45.29951
44.398376
48.950424
52.920616
38.305515
36.34816
52.450226
37.842827
41.23316
46.792545
52.336483
36.959507
41.99168
54.999466
35.95058
39.2528
39.442066
51.847042
42.513542
46.127514
41.315407
50.69719
39.307068
39.302963
53.89291
46.05914
55.813057
36.10958
52.471382
47.56098
43.86528
53.086014
54.549183
44.916473
52.106007
44.394424
52.48495
44.89943
45.68607
43.849987
43.10513
50.81952
44.1984
41.295273
38.366127
36.630966
47.293274
43.640945
55.713135
55.599586
46.28763
53.141243
39.219955
50.403828
47.351395
49.376137
40.942886
49.651867
53.530468
37.971516
53.17652
45.059574
53.949093
38.304657
49.460545
46.95306
39.02348
49.314262
54.253876
35.33471
47.41421
53.06266
43.166252
35.483112
43.746593
52.882393
51.517162
40.944916
54.836136
38.780148
43.778194
40.82061
41.270714
47.268147
41.147236
50.446487
41.72129
43.946358
44.101597
54.93135
41.280037
52.968533
54.282047
48.519417
45.457508
36.9908
55.470818
49.419598
40.209934
43.32371
46.74407
55.566723
35.513103
44.786934
40.102924
45.761597
41.55114
43.200264
54.01706
49.77452
40.546394
43.535603
49.350967
52.290863
37.62106
38.501472
53.08542
46.027405
37.85147
45.735115
54.095245
39.95475
38.85295
37.83656
48.999462
44.323605
50.81598
55.195175
50.76089
50.111874
52.90376
44.930977
48.27984
48.58454
44.316734
50.30154
44.699963
49.889893
47.13142
41.609753
48.52442
47.003216
53.228878
55.988552
42.92644
37.873165
38.24238
44.43591
52.830933
39.32604
39.474457
55.126476
46.442303
47.13986
38.160107
51.336044
38.89857
54.712585
49.286102
41.280766
37.643024
54.91801
52.41544
35.795006
48.92195
46.067833
50.61167
37.05024
47.540775
44.380062
38.609432
46.451797
46.64061
55.991405
53.83558
54.441185
35.793568
49.345432
52.749634
55.1787
54.157383
46.738335
53.24264
41.984478
35.77867
38.910637
39.510437
41.975597
36.38892
51.83591
45.900173
36.552677
35.19854
50.276466
50.718376
54.26162
35.2616
52.25113
53.88416
50.08419
54.957573
38.29183
43.61311
46.396084
53.01621
35.25323
39.02525
45.671505
54.297962
49.483685
53.68487
45.51078
50.234528
48.36597
45.60038
47.720524
51.43291
52.592697
51.13921
39.98561
51.45123
45.05401
50.64578
37.138035
35.165512
43.884056
55.289722
42.14965
41.464333
38.038067
35.817177
43.754364
46.231556
42.75308
36.42965
47.03964
54.707455
52.383327
43.972954
55.438213
35.35459
39.395035
42.98305
55.29792
46.297188
47.75562
51.90604
40.61073
55.251427
45.558826
51.986378
39.541916
41.618866
47.48991
41.900352
50.11584
47.076473
47.653957
54.201187
53.787086
37.564003
45.36567
51.037502
54.653896
41.043125
44.73037
50.40883
39.755478
36.782692
43.233585
45.429634
40.2356
42.21047
44.10071
39.687843
44.15184
55.56423
52.888214
38.80409
49.363346
53.673645
39.62449
43.724873
54.239384
35.209263
47.831047
40.11575
49.89689
43.646107
44.9237
48.45986
50.29718
54.00671
44.818592
50.1128
43.81048
46.172054
49.049442
43.61632
38.791252
45.17881
38.339905
38.031696
35.29842
44.457363
40.36906
51.917465
45.341366
37.40749
41.41819
44.84714
49.93611
47.057243
39.693325
45.038948
51.815582
49.805378
50.38098
39.75281
44.85362
37.408928
46.9132
47.59905
35.134598
38.444756
50.493378
43.798664
38.128754
49.4477
41.66573
42.737034
39.617855
44.807697
37.598946
52.860573
55.856777
39.294476
36.798565
54.080498
51.953533
50.770718
36.16276
53.368053
46.60366
47.253307
41.652676
49.152473
41.1244
36.98714
36.361168
51.46595
44.200016
36.607002
49.432747
49.519062
47.871544
53.78058
51.112713
41.53573
46.082684
39.949192
42.18485
40.228394
45.528072
55.91268
37.1949
55.252285
45.64101
52.04115
54.150833
53.34171
55.304756
55.838524
38.841164
38.601986
53.274883
37.431564
45.519077
49.60729
38.35968
42.31289
35.462715
44.5377
51.121494
48.32762
36.84103
46.578068
37.233902
40.460712
51.389698
37.19669
41.657936
54.45564
35.63313
43.72371
36.48521
43.674973
40.77624
36.857033
40.63657
36.899555
47.933617
35.337864
46.601925
35.955338
53.06392
38.05846
38.060318
42.155544
52.833775
50.291485
38.528847
55.55082
55.648155
41.56331
40.15477
44.891006
54.253124
36.932896
54.387367
46.019707
55.642094
42.083416
37.544273
40.1463
35.47812
46.685455
48.221733
44.07011
54.882484
49.948742
44.088917
55.967396
46.23383
41.143555
44.853558
40.79434
49.572094
41.143448
41.089546
55.707798
48.30823
38.71776
55.176556
55.160427
39.20318
50.385284
44.817753
40.488014
53.998516
41.12986
52.473564
39.874104
35.656586
39.174007
37.577927
37.55081
46.899067
46.308624
46.587883
42.97442
47.620945
36.984657
53.758373
43.500584
40.800533
39.487022
46.030933
45.7764
41.726547
51.031437
45.57855
38.66508
49.71963
48.551716
39.358307
37.023968
55.038403
43.277985
40.489414
47.067806
41.329105
39.94557
48.396202
48.36636
50.80303
47.619846
36.433983
53.74936
35.307465
45.67401
38.15033
49.521435
38.593487
43.414894
52.42504
37.425964
51.37796
35.21597
40.479218
47.739056
40.247208
46.787487
43.147114
45.723553
37.05639
38.390194
55.864086
48.42788
55.24114
46.382183
42.5397
35.475567
36.377205
43.47778
37.857193
43.0588
37.398727
45.492695
45.568775
45.822872
47.11753
40.151577
39.040787
48.708363
47.073296
36.742012
45.643665
38.103992
48.288517
36.013374
35.5786
39.85541
55.202316
55.739323
41.386208
43.77398
54.91366
48.78958
44.692
38.294243
35.877136
45.389626
41.709373
48.84019
41.363567
39.486164
41.642788
44.277565
44.322678
44.78175
40.41225
35.553238
41.766735
51.053722
49.054665
43.252525
45.43163
45.8306
41.748516
40.34142
48.265793
45.363342
41.655426
54.803123
40.247684
42.099384
55.675358
50.226913
47.138844
49.54414
49.77191
48.662228
35.042347
43.477627
49.739933
48.21198
55.055374
51.983185
52.159706
40.906548
53.879826
45.64072
38.81036
40.373478
43.986294
38.538647
51.999676
37.697792
43.814568
53.466827
37.10828
49.654015
47.537567
39.766884
42.143326
45.183315
52.115955
52.83691
43.250034
45.5879
53.727097
44.21433
53.939056
54.419525
52.164673
40.49361
45.253475
36.45033
50.474255
37.074883
48.221275
41.431355
38.915325
37.884884
37.71744
51.567963
49.321674
50.76365
42.29449
48.771046
54.06979
41.16803
48.630936
40.779236
44.15882
35.207767
52.994358
42.18955
37.35587
53.8
52.519043
38.28266
55.966843
53.905113
50.157696
39.28381
35.555748
38.38971
50.882587
40.36144
41.854286
36.051693
36.08356
46.233234
46.178806
49.738186
39.138607
38.72258
39.903122
42.28845
35.81737
36.98861
37.92331
39.242268
46.518646
47.438942
44.59473
53.868324
40.34013
46.526752
44.321507
44.08769
41.631897
50.73232
36.83527
43.294308
54.994736
35.03417
43.21267
51.907307
47.65022
35.086
51.850006
39.729298
53.731495
46.133026
53.938625
54.830273
39.32212
43.42496
47.46615
54.728516
44.004784
53.512703
49.40625
35.0979
39.272633
47.352077
54.5537
54.09527
53.402935
50.58017
41.411552
49.67202
38.2962
47.678555
46.64384
40.91086
43.34337
39.99256
51.86977
40.51163
41.59958
41.73688
41.994423
47.039413
54.415024
47.18512
44.846115
52.443596
44.20178
47.214645
53.622055
45.65838
53.200047
35.25788
46.531597
54.803158
37.94805
41.497375
54.070343
54.61553
47.656887
44.834312
55.558563
38.270107
52.845036
37.75882
42.93381
54.663208
35.3967
47.755257
44.300373
55.576313
51.674007
41.28685
37.40702
44.870625
47.43521
37.721382
42.049854
48.010452
48.089294
54.783302
42.37842
37.764954
51.25196
46.247486
44.220947
39.895718
46.658894
54.62604
40.83851
54.002056
49.239056
50.541897
42.968204
49.466217
38.554356
54.331547
50.62173
55.61758
41.871387
39.174282
38.86855
35.817955
39.846867
40.706238
46.751762
35.159206
55.180412
44.64511
45.559925
38.86009
38.616684
35.424908
36.90964
42.25086
38.363445
41.220085
41.481285
44.442257
37.332863
36.024464
36.794285
39.389656
51.61059
52.642784
38.108532
36.08382
46.210335
36.55131
54.394943
51.026318
35.481262
42.588856
40.330875
48.980713
35.50141
39.350655
50.445107
46.22994
54.41236
47.974983
36.86216
47.21573
48.928654
37.73596
36.577396
50.487743
43.19016
54.485924
37.83172
38.348038
55.716244
38.526897
36.948997
42.44079
43.467865
42.93295
55.949234
46.807686
47.926792
51.69406
43.35711
36.606205
53.660973
52.306858
37.888187
55.77085
55.060684
42.598675
36.114002
44.386932
48.80234
47.63899
51.782417
53.44169
47.12497
36.56564
43.20119
51.9196
39.189144
37.03337
54.980255
51.91648
38.62881
45.778164
47.47223
53.561413
41.903603
47.483395
41.450886
36.05593
39.212543
39.732292
39.923702
38.06677
54.53961
36.33625
50.48735
36.04133
47.8674
38.739544
39.30392
39.754444
41.7173
51.518394
48.60082
39.540417
40.952847
37.21605
50.578854
36.216084
55.21746
55.885345
37.75055
52.658722
35.468678
35.74635
45.024822
46.366795
46.818
54.309124
55.304222
36.102104
41.288803
46.16024
49.96752
52.888626
51.164364
54.36654
51.373005
36.226353
36.313812
44.11086
42.43683
50.367706
35.255985
47.74167
54.416016
37.899574
40.749336
37.892376
39.25703
42.675842
39.38081
36.705795
54.25867
37.353188
35.967216
49.485493
46.341892
49.39733
42.579887
51.28807
44.91939
40.447247
45.65655
40.06909
39.214203
39.35178
40.974106
45.000206
44.88932
54.025963
51.221615
48.48627
47.019234
50.51373
55.535072
45.228443
43.759464
38.28911
48.6337
39.403095
39.551716
46.87982
43.132168
36.65611
39.33984
45.355167
55.19391
55.14828
36.065823
55.084362
46.937828
48.330048
40.6652
39.441975
47.91393
52.472168
40.88772
36.81396
45.523075
38.234173
43.531776
54.340595
51.47181
49.71319
46.100155
50.32214
36.22531
35.483448
53.459644
47.10831
52.949802
39.110176
52.81874
41.594604
53.62043
39.501583
47.225216
51.15639
55.811253
48.24876
46.82929
38.966
39.181282
41.795685
42.358387
40.158535
44.823616
46.88013
37.60589
39.238922
50.45448
37.19122
50.248894
53.455658
37.8846
51.600456
43.979168
54.605995
43.33764
43.640465
50.75636
46.8829
48.95849
51.129265
40.974297
38.925713
41.289032
49.96786
47.46863
51.19458
43.579628
52.17501
55.58825
47.152946
40.551712
47.165398
37.002872
49.512882
36.63022
47.12616
37.52589
41.974792
55.72414
52.101456
45.994007
40.476086
46.349274
46.056065
39.16438
47.9526
43.25934
37.756264
37.664967
45.012093
43.77996
47.77988
47.265423
35.72094
54.724586
46.347374
41.12336
50.913033
42.11219
39.951847
53.204967
37.04432
52.903736
52.958305
42.77902
41.636753
55.627636
39.441166
50.73977
51.78236
47.074123
55.533752
45.52702
51.010933
41.20407
42.47484
54.580452
48.064327
54.040142
53.354557
55.590645
43.765663
45.58617
53.285625
49.29054
47.223667
47.755516
43.355797
35.168873
36.070198
51.87975
50.253525
35.281017
38.293457
44.61625
42.901196
53.282883
35.499733
52.97647
47.77898
49.919937
39.113422
35.756363
47.87719
53.46616
36.10793
44.86609
39.37613
47.02662
38.349445
49.92839
50.219933
48.19265
36.53102
37.04321
53.724354
48.269936
40.976185
47.800686
55.238476
43.187595
54.299232
35.46565
35.666424
40.24028
46.023754
46.75356
44.347446
50.015484
51.781326
42.77138
46.391544
41.21469
42.639095
40.506313
44.072506
46.589737
51.438053
41.71114
43.291523
52.884674
52.76293
39.15715
47.44182
44.498573
51.310284
38.003662
38.22839
37.566284
43.97301
35.468037
43.126892
49.291664
49.917576
55.070656
52.20175
45.66197
45.29448
44.476524
55.94601
41.122055
53.993023
41.358494
45.65411
35.393707
48.02813
53.766563
44.593533
45.38791
52.730103
55.203667
50.902515
45.07699
55.897293
41.980343
53.708405
53.268604
52.467335
47.44902
45.43472
39.45515
45.064205
39.40322
35.645103
40.299694
39.986523
37.267838
55.058228
37.863617
40.81659
41.70368
43.560318
42.381298
41.850376
53.902756
36.14044
45.24356
39.975235
55.160477
53.67865
43.864426
53.45526
41.27659
36.42823
47.27452
38.323395
52.9589
44.850605
46.609776
36.724907
53.682053
47.185177
42.145496
49.60871
47.388226
44.766174
43.163513
43.620796
47.007454
35.634792
44.734108
49.91855
47.02237
46.437252
42.44465
44.895065
45.20535
42.947994
46.213238
38.4794
51.21583
39.812237
49.5884
35.76168
38.961216
49.2631
43.35482
54.18126
50.496872
51.636005
53.840233
50.411655
49.769188
47.476643
47.0502
55.37765
48.690014
49.918636
41.644955
37.548115
41.871826
37.793293
47.81666
37.76216
43.849884
36.626072
36.325527
37.366978
41.77104
38.273125
47.309624
35.37222
36.33844
48.456093
44.99606
55.659035
53.26711
43.864555
39.11004
54.02092
53.62757
42.812794
50.603497
43.959206
54.23289
39.661247
37.30654
54.70766
39.65916
50.34294
45.242577
42.918755
51.58023
53.371185
46.64186
46.80838
49.844597
35.64739
43.138607
47.326263
50.1256
48.23628
41.24303
41.096203
43.035786
47.03091
37.9425
38.453106
48.311974
50.890747
45.204937
37.89321
37.0497
44.403713
42.232697
46.649254
52.99406
52.896557
35.546734
41.9042
55.578472
38.69788
37.368454
49.36514
47.74378
48.94422
44.310642
37.533127
55.567078
47.412064
45.089058
40.025414
43.383144
54.95719
43.82269
52.733093
50.390667
48.1477
54.50345
41.43034
50.70155
38.588207
44.384884
45.6906
40.4135
54.250004
47.364857
52.61061
51.564404
35.845768
40.918415
46.89489
39.761635
42.91705
54.774914
49.311386
49.87029
39.839146
38.32732
49.393124
52.39126
38.39021
36.71181
37.531338
37.063564
50.88008
54.602276
48.282207
44.784805
49.089264
53.027023
38.792427
48.15947
52.42957
47.933884
47.73801
51.85686
45.805367
44.80514
38.066288
48.488815
39.627914
55.35516
48.132816
53.901836
47.31529
41.2313
35.5329
47.619198
43.3964
37.682583
52.041706
44.66553
49.03009
37.36082
54.59742
44.159863
35.34884
43.7754
49.188736
43.872513
39.54159
53.43549
47.840874
40.407173
45.00126
52.38257
50.63364
43.791466
40.17988
51.641106
46.830566
35.037766
49.018047
52.096992
37.74985
52.670403
44.94513
42.450737
45.965927
54.306408
37.482815
43.1865
53.794632
46.1239
37.427086
45.94832
39.785595
35.455566
37.432228
49.321117
41.12207
41.804295
35.575356
40.777016
50.411556
53.29376
47.141174
43.466198
40.33978
55.938927
36.433952
38.606964
50.05606
42.14969
49.897446
54.460896
49.95999
41.56543
53.203243
49.266876
45.767128
39.6592
50.25429
54.051544
47.345924
39.54712
43.24264
42.93407
52.83843
52.09211
38.999084
48.39946
47.004128
43.700493
55.87734
42.02743
45.55932
53.1759
50.326405
47.3327
35.52363
52.616913
52.1223
39.69785
42.230793
45.623344
38.9538
51.861305
47.712646
51.010418
50.686867
35.06066
45.623154
35.82109
45.168518
37.725582
44.733677
46.6738
41.8732
39.56463
48.301167
50.38619
50.043507
43.996906
37.28766
42.374928
40.231857
40.141983
44.492516
55.54769
41.310905
40.000637
41.14813
37.275284
43.08784
36.03406
37.425262
44.560234
38.63141
47.080627
45.596
52.702904
45.30028
40.437088
36.310215
38.606735
42.24765
51.974888
54.555878
35.361588
55.869156
48.36261
42.393833
45.897186
42.260044
51.821915
55.48459
42.308506
46.25225
40.357098
49.757595
49.920563
42.01321
51.067253
49.31277
46.282215
38.50568
54.97533
49.78952
40.05695
54.33138
45.789753
48.990288
49.213093
42.611225
53.15196
54.503647
40.006805
55.591015
36.21716
43.43623
41.998238
40.6038
37.86592
54.133266
52.74451
55.86891
50.450428
54.944313
46.87289
52.36228
36.74214
39.673676
55.953148
49.654106
41.666443
45.344425
42.960358
50.17703
43.48507
37.30023
40.14758
36.861824
51.318554
40.47115
42.832493
40.457363
40.28863
43.837486
44.942863
36.137794
49.104515
49.739975
47.162796
48.19227
39.617054
51.705227
49.17502
38.691162
41.721375
55.88204
50.8041
39.027615
47.001167
42.017105
37.83116
45.14435
39.6768
40.138157
47.87293
50.07317
40.744648
39.757744
48.99608
39.138046
43.676388
55.462936
51.67255
49.80271
48.684795
36.214035
51.27226
50.679733
49.356503
50.5397
45.53671
39.660473
50.40231
51.086437
53.38037
47.473904
53.382183
55.657085
37.92615
54.237244
47.52468
44.956036
54.897293
48.72235
49.179592
44.748043
43.359882
37.129395
41.01763
49.03318
40.33866
42.132748
47.822624
53.142033
47.01327
36.844105
37.60922
44.363438
35.042988
46.123837
38.843117
43.83118
37.06497
38.36406
44.74108
51.916664
36.564423
55.465477
41.98428
49.30123
47.12471
53.234943
39.6914
39.23499
39.531094
54.841873
49.166782
50.228
51.324024
46.288944
50.76404
52.56548
41.176174
38.076214
39.187134
44.59017
42.90187
38.367622
52.6885
43.65324
45.99861
39.005047
42.917797
51.999184
44.36722
36.657356
55.625095
41.620792
51.26061
38.240658
53.028606
55.29701
54.570694
37.500713
37.420002
44.60944
42.278835
35.309723
39.499035
54.7226
48.267147
36.79696
46.004623
40.108482
52.716484
55.90651
43.44081
37.197765
44.00139
51.35504
48.08384
43.14798
35.333107
37.248955
54.00044
46.533283
51.398937
54.81231
50.507675
46.780888
49.899326
43.775856
50.361134
41.606033
50.193928
51.982227
38.970898
36.53037
41.233425
52.673447
50.11373
53.807888
53.57616
37.744427
39.935104
36.728004
39.566868
44.96968
52.516068
47.31722
40.68934
53.84029
49.917797
35.918736
45.695766
51.184498
43.4104
45.993706
52.362507
37.187424
43.543007
42.758278
44.625317
36.774307
44.818348
45.947327
35.406765
40.576267
45.99797
46.07885
50.66426
42.85903
50.482964
36.08221
55.05923
46.86212
50.790432
36.048897
50.176376
36.969948
50.87735
55.166252
51.406326
52.015877
51.951027
38.602703
49.44607
46.806633
41.44951
51.227127
42.868404
47.646732
45.07538
36.56561
41.36505
42.24126
39.12278
49.325634
47.077732
42.860184
45.850357
55.150604
45.89713
44.058598
53.321545
47.00703
44.731915
39.564556
53.959057
43.752117
48.528236
40.169907
47.041645
48.981216
44.2547
48.589344
42.509068
52.212784
44.15859
51.28906
54.73508
48.832497
37.346294
50.228714
37.37846
49.98893
42.144104
42.30919
41.0285
43.80975
39.755146
39.07333
41.124172
43.890583
40.44409
52.86809
55.545033
47.99775
38.853275
46.243916
44.34718
42.32181
45.082226
43.8407
47.348984
53.420425
52.847157
37.38972
36.659073
49.19712
48.37783
53.7469
51.782906
40.87687
49.70618
52.06525
39.644543
44.95974
52.65454
46.312977
39.71663
42.560833
46.140755
52.348507
42.464306
43.377533
42.38335
53.674984
47.477722
53.76452
40.212044
45.81402
40.993
45.042374
43.967052
48.962242
55.982956
37.21746
45.405407
45.22395
50.636593
49.748703
39.623165
37.24939
37.84028
37.86121
37.249542
41.55058
52.22381
43.17709
53.072315
40.115116
50.44085
53.110718
48.81337
46.193424
45.61615
46.558567
36.989143
53.295956
48.310654
43.90308
47.662716
53.504253
54.930992
50.24552
37.422737
41.1734
38.241215
36.084503
51.108776
52.98335
39.52231
35.364914
44.643677
37.082596
50.968994
35.93623
38.83045
36.760227
48.11358
40.979637
37.124626
45.680893
38.422913
55.890263
46.20251
37.22212
55.727375
50.43374
37.611626
36.864616
41.80962
47.735565
49.911728
45.90352
41.306145
42.807358
47.493015
52.972195
36.055984
49.865646
39.692867
48.000057
50.168808
35.65711
45.92306
36.262077
37.378357
41.368195
45.26671
55.119957
53.697586
55.467705
35.407314
38.9036
36.998146
51.007637
39.812008
45.13643
53.89967
40.490597
36.806755
54.96917
43.273193
45.40133
45.553543
38.254185
45.738235
42.895454
46.96769
42.16598
36.76457
49.940228
37.29817
39.65346
43.37734
52.410187
40.4345
55.295616
47.00819
37.25475
43.000996
46.32472
45.73521
49.875366
38.952255
40.67972
40.01095
47.27666
47.69367
47.957413
52.99052
43.38878
46.716167
43.04013
45.740704
42.19776
47.356827
40.99602
40.936077
54.96591
53.575035
48.571667
36.12985
54.876137
37.5687
38.22666
36.324554
51.892162
40.64556
37.195885
35.361843
39.490734
42.011982
40.507595
42.60076
53.192524
54.044716
45.234123
46.460323
35.49512
39.17089
47.50682
53.664955
37.894566
39.697067
44.988018
55.450268
43.171116
49.800545
42.560146
41.56178
43.01043
40.42417
40.96588
43.610817
43.333134
44.000645
39.01291
40.239292
46.41372
38.773056
52.743164
48.5892
52.984016
45.975475
49.658733
53.772717
54.036957
36.290764
37.695263
47.395363
50.973095
42.812294
35.13852
47.697304
39.065453
41.202095
43.091034
48.546787
53.95732
43.860123
39.412987
35.345005
37.05339
40.697453
42.285202
50.883053
40.21619
54.540977
53.67205
45.329323
55.137814
39.287933
48.998013
35.819683
54.121304
48.675545
37.294315
55.572987
46.776398
39.934635
37.920372
39.060776
52.311268
49.655365
46.71994
47.522957
40.684734
38.909237
45.132782
38.039963
44.87281
37.043564
50.3502
45.447235
55.898914
47.59284
50.076324
47.609257
40.07878
51.436104
41.836967
52.95809
49.13921
54.67017
44.06399
44.74527
41.48395
35.665657
40.375473
35.15618
40.90062
36.42612
44.57066
41.292374
36.429245
47.680088
54.863537
37.04012
46.946045
44.101685
50.789948
41.0123
46.255333
36.67758
52.04064
51.07601
35.12793
45.5163
46.19626
42.459743
40.77623
38.330486
36.97004
50.071503
48.714077
43.41365
54.100334
44.453495
49.81381
54.179813
44.47726
39.74885
54.64349
53.237946
47.4365
37.162598
53.843887
40.532562
55.40822
53.66158
46.387966
53.297726
44.26999
51.077103
39.054783
38.443745
45.820297
39.349213
54.345253
46.52417
53.762547
47.382946
40.369015
40.615276
46.469574
51.874664
36.939533
42.281036
46.584663
47.51045
43.22902
36.293674
53.20758
42.138756
50.85504
44.933163
45.012638
43.87601
40.197624
50.498653
54.1508
44.616447
54.07857
36.130627
55.198853
37.086514
39.674015
41.164593
45.736225
41.409298
44.676662
48.015556
52.353436
46.125942
39.276085
48.02696
41.02625
44.758644
46.483246
51.80867
45.82566
48.293804
44.689854
47.3357
36.87614
42.414124
46.12355
42.482525
46.32337
41.914825
52.036762
42.72762
37.827442
43.50194
54.05
54.478516
35.75865
52.08949
43.059658
45.83978
50.84052
47.787567
47.515945
37.674706
45.458073
52.004948
47.6782
46.49597
54.229576
39.477234
41.662983
53.061443
54.725792
50.575817
39.714516
35.548275
54.4134
48.952896
36.1476
55.831867
35.99776
35.434387
45.839836
43.70574
55.345108
37.08512
51.983032
50.84427
37.075363
53.53982
55.042953
38.93221
43.73423
55.018433
37.522
45.66339
49.176723
44.925827
35.171238
55.245346
35.424328
45.5737
36.75618
50.63768
44.793976
37.35632
53.344975
48.99885
44.539494
43.662006
52.358154
44.7195
49.59481
54.9087
40.29589
54.979954
52.262997
47.354645
49.141663
40.985382
54.856533
43.754154
45.93056
43.904163
36.361332
54.503654
44.86588
55.0633
44.17094
39.654594
53.669502
43.139336
43.816994
51.057545
51.559525
36.924023
35.4083
50.945755
43.36278
37.741066
42.183216
36.46662
55.79063
41.743584
44.178673
39.025932
52.832836
35.13149
46.524
50.822548
42.557667
38.793873
48.27895
47.61997
35.345375
52.003433
37.052654
47.626617
51.72787
43.568413
37.863773
54.337944
50.559074
39.28205
48.83222
49.33127
51.198517
45.600323
52.328697
47.29816
50.754894
39.2259
43.150925
41.049397
46.20696
49.67951
47.143845
36.833916
41.39574
54.999496
36.436127
50.075985
51.46516
49.426136
48.126377
53.55361
35.31736
42.299446
43.819836
45.116573
41.044575
51.427383
47.889965
42.273727
44.10111
38.866093
50.719254
50.36712
38.187046
42.39451
49.45966
49.59419
40.429485
53.962772
42.045517
55.83975
50.467667
49.04729
37.29036
37.13566
40.475174
38.154682
39.90398
45.578987
43.985195
46.68286
39.177208
43.708298
40.624367
48.96942
42.89926
50.66291
50.50596
44.635925
48.79613
38.931488
52.08515
40.271187
38.408398
55.133854
44.736958
52.087475
45.86292
55.074112
41.181774
52.430717
54.43536
50.25311
53.153946
52.92894
41.14898
55.134857
50.3855
52.622948
54.91017
54.72423
37.0603
39.638874
36.842182
50.432106
45.382935
44.834473
54.54601
49.779415
42.80245
35.379196
49.990982
41.22295
46.732483
45.412807
36.61745
35.273502
46.317616
38.76798
37.020157
52.120834
38.909847
50.23948
39.27323
40.180172
37.43971
41.03585
45.556396
35.3314
36.793236
40.859005
46.24679
52.13479
54.639072
39.523064
43.05209
49.976013
43.88914
40.145767
37.077812
45.918507
54.121975
39.724174
52.94549
39.022537
40.84942
44.340824
53.20814
44.02812
48.465492
43.337494
37.345676
42.592888
43.08047
41.540672
36.56529
42.72616
52.213676
46.026188
41.480423
53.66687
40.49533
37.97003
42.49683
41.215878
49.110744
52.848225
49.395435
50.451866
36.709404
39.620644
48.168976
38.835526
53.897064
40.56205
55.643112
51.937878
53.230633
47.08812
52.792595
38.41653
52.843716
53.265114
43.949123
48.40745
53.444912
42.688892
37.28999
36.200077
53.451443
35.072258
52.09519
41.920063
40.447514
38.189285
49.265648
46.956635
37.989746
37.790974
45.506172
38.04043
42.0213
46.72875
54.39434
50.202965
40.80189
39.8006
41.27995
45.330307
37.312485
36.769238
40.58976
42.661118
49.55166
45.59244
47.64817
39.373356
53.004765
36.152863
47.56704
51.353977
44.837543
48.677902
40.10634
42.35249
53.042606
55.599747
51.662395
50.981865
35.850277
54.821606
53.701366
54.44935
49.2044
52.22816
40.023224
49.474743
38.99937
52.80657
35.214985
40.58539
46.076336
53.929
46.53186
43.864555
35.684498
35.188442
49.23121
55.274094
48.227776
45.67657
53.07635
36.87222
55.637524
50.745876
51.32623
47.60388
47.638836
43.107742
43.031487
36.853806
54.510887
44.583996
42.868908
48.621204
40.68106
48.95155
37.063374
53.00046
36.6382
45.098072
41.170242
41.633404
45.20187
55.141163
51.62085
39.936573
39.14279
44.254364
38.970047
39.200817
51.51364
48.690384
51.72699
45.110703
39.820015
35.895233
48.499115
55.837704
35.338173
47.6666
37.93402
40.623867
45.469032
52.02547
36.605198
48.691486
40.007286
51.842274
55.554897
39.389656
55.599953
42.286945
45.68101
50.719875
46.47041
49.857014
45.53484
50.770714
42.692047
35.07859
44.382603
54.13536
47.909855
40.972195
49.576096
45.08616
53.428802
37.028706
44.37635
47.13666
37.01463
55.750244
48.379234
38.634415
36.585655
35.77669
37.60285
45.196617
39.213516
39.240543
40.114212
38.126053
37.496147
35.271164
48.796017
47.426064
36.418247
53.50404
47.484554
50.671093
39.27228
37.041534
36.245613
42.78323
51.07751
43.55856
40.997852
55.715385
38.20489
54.150093
51.04159
49.148205
35.592594
54.076874
44.30595
50.57051
43.019756
39.78155
41.28839
47.531956
36.39545
46.419537
41.728
55.431843
49.9153
37.67719
37.02763
35.939487
36.239952
45.834545
48.31978
53.029163
50.557613
47.87053
49.85731
54.65664
38.50713
51.90581
36.10243
53.304516
51.458584
51.43163
55.48597
39.980038
38.575153
53.582554
45.314026
37.761677
46.412952
55.17704
54.709938
40.659798
36.554882
54.371532
37.79715
47.381912
35.920013
43.552387
45.55206
55.574417
40.9417
39.524273
41.8858
53.250454
45.76581
45.14469
38.55013
37.40748
38.984474
53.301212
51.40491
52.28827
39.191547
43.531387
42.43332
45.345627
40.822407
55.644875
49.645794
37.733646
42.32406
55.42313
36.674908
52.067398
36.690514
51.844055
51.43069
45.26813
51.794033
53.30738
36.659546
49.542393
47.74459
49.021065
40.62985
39.931347
54.71787
45.049828
47.45339
53.410362
36.306385
49.524075
42.744263
44.21922
55.46888
40.16065
43.41534
51.959717
55.57978
44.556576
52.417496
52.01013
50.913654
36.68267
53.13771
55.97497
37.13876
39.625988
44.989754
55.213585
48.03933
41.90845
35.454563
53.97273
47.737965
43.643467
54.457554
53.285824
55.147594
40.383297
35.506012
39.59561
46.24658
42.756897
53.452263
47.00704
46.041187
37.901287
44.096817
52.183815
45.756363
48.249176
48.10075
44.16458
48.878654
42.45126
38.837444
50.7937
37.1646
40.083733
49.881496
47.03685
54.62316
37.31991
39.805996
35.183018
43.782734
52.92938
53.83938
38.82223
54.261158
48.80891
38.7192
55.532265
51.77148
47.746502
52.77245
54.40776
36.216652
38.27315
43.850803
51.921726
49.453213
36.26661
38.253986
48.121925
53.63688
46.43713
47.18559
36.833736
35.80237
48.94731
49.60308
53.366238
35.47515
36.196495
40.54736
47.19965
52.66469
46.234684
43.167076
42.27003
49.546673
40.361794
44.689133
53.761093
48.506046
46.21516
52.529076
53.763046
50.9831
50.051456
36.583813
41.76505
37.741688
53.98887
44.50388
50.710346
44.761623
50.691036
43.403698
41.262222
37.94659
55.346523
36.035587
43.00407
42.234344
50.825737
46.926983
37.5283
49.49782
48.581875
55.360123
52.756565
36.833755
38.203293
40.35966
54.37761
53.449577
51.52173
40.04604
48.989433
40.38007
54.834156
38.81103
36.38868
50.691753
47.10561
42.776825
47.46303
37.66623
41.986126
38.911102
43.311287
44.692802
46.097073
49.98797
51.540913
37.246296
35.32036
54.308193
36.17447
43.377666
51.758698
46.722164
40.233803
44.60311
35.62584
44.03502
51.865067
55.941547
52.572784
42.315845
46.817596
41.12089
40.85933
38.981495
35.196323
44.65032
48.339813
49.780346
40.669933
36.53865
37.44784
41.9626
51.736057
48.928364
36.236694
37.991005
44.21986
36.810127
48.060642
38.119537
55.913944
53.284584
35.666775
49.04748
40.155113
47.546097
44.30784
37.642494
53.177467
36.87741
46.983753
48.418533
48.2816
49.464752
42.07256
36.05329
51.216003
38.769547
54.42141
46.734566
42.679523
55.526035
51.433777
55.53615
40.52267
36.173286
41.811283
50.341244
36.05077
49.675606
41.386826
37.054947
39.813362
47.237114
36.92024
53.97741
54.402016
53.374283
42.818565
51.245148
37.07258
35.174435
37.490044
42.190636
45.458164
46.33876
35.444324
41.31876
40.24557
35.785175
55.3109
55.35365
42.450554
40.169285
46.66359
38.470577
36.846275
53.671047
36.911045
45.394936
49.174534
41.7902
55.54147
52.52396
45.000664
54.695274
54.694378
49.60679
41.460934
47.879047
35.373016
42.80448
44.694942
51.48752
54.608185
40.14412
44.45592
48.710022
53.537384
43.47968
45.248207
53.044834
47.673
51.077244
40.35381
46.087624
37.59886
39.853256
46.27905
53.729416
41.956615
35.112
54.477337
53.296173
39.861862
37.351906
53.685642
53.213894
45.824245
41.34043
37.849957
50.241108
52.83683
35.19316
44.40886
41.175003
37.54695
50.63533
51.654667
40.207718
50.324135
41.972473
51.997932
53.78638
53.600277
49.551914
46.223873
44.913177
52.072987
44.657806
46.248188
36.311268
49.235195
46.849945
44.454903
47.777637
36.22238
36.730087
41.43043
49.345924
51.153316
35.999535
53.795605
47.590137
53.981136
48.4577
53.881435
38.514503
35.3685
38.283936
44.194622
53.99516
45.254032
43.543385
38.975117
51.6662
39.586765
51.36261
40.660885
50.475544
35.171062
55.6318
47.743935
49.875412
37.68668
48.407837
48.32677
39.75762
52.726883
40.416004
50.670017
38.795773
54.13211
52.17815
37.159565
39.8143
41.987465
37.331146
36.41555
55.168728
35.399506
40.641876
50.7157
50.89187
41.570946
43.0737
53.51199
52.537537
50.751617
55.014095
46.582287
40.23635
52.359764
54.43445
36.277573
50.467403
55.9398
46.320232
47.400528
38.44516
47.6511
50.183517
38.48274
55.82261
54.666817
51.849617
52.61548
47.619835
39.20261
43.99579
54.532894
46.90129
48.89229
38.112312
48.34674
54.745644
54.880547
51.654926
41.18814
43.478817
35.31273
54.162403
38.024593
49.97384
35.867233
52.024292
44.089447
39.060375
37.59825
42.40112
42.686096
38.732338
44.635
47.52307
44.610817
38.893684
43.217937
45.22302
46.075676
41.840626
46.143524
41.095856
50.806957
53.542538
54.935947
39.11856
53.944794
41.054638
41.967697
45.913986
37.476032
50.071964
52.310368
40.09627
43.19515
42.717426
40.31295
39.29691
38.606953
36.14584
41.776825
37.537876
43.75996
38.44138
43.125175
50.591873
49.730835
37.587673
43.14892
53.849613
55.367943
45.997765
47.752193
53.000195
53.946053
50.20536
54.6175
44.523037
52.584366
40.839413
44.86383
48.588413
49.636505
51.930714
43.580814
51.46859
42.77387
55.93228
41.58763
47.9726
47.15256
40.57453
36.887543
40.735207
41.87946
39.821712
39.06725
50.414093
48.97427
46.747967
53.324783
36.979286
48.16228
55.10914
45.90053
51.314983
54.126312
55.75103
46.433006
38.29622
36.296673
39.76503
46.164333
46.351566
48.864296
50.47895
51.97999
40.27785
41.465023
38.953896
55.9831
48.734085
55.90182
35.6472
46.675785
41.409096
51.347008
35.297047
50.84822
36.33106
46.697983
55.886005
37.96076
54.167004
38.14766
43.748978
55.14525
44.646416
51.5747
36.505005
48.948704
46.43558
48.058903
50.513103
39.595932
38.887794
51.68352
36.979004
45.857086
37.0996
39.798977
52.672638
54.572178
43.61421
40.091362
42.45547
49.506435
49.930733
51.12438
40.46242
45.488876
47.70145
35.504738
40.834602
47.720917
55.12924
38.45878
42.35745
40.73274
47.6134
47.40201
46.22275
44.712147
54.134525
42.033478
43.40388
42.834064
51.21765
38.593216
49.81
42.778214
48.567863
53.183952
54.46835
50.83856
37.63362
41.47691
52.472622
50.899998
38.420486
36.69696
48.331303
38.08616
41.851494
43.513706
44.651264
52.066803
52.850433
41.35282
50.8002
50.85397
55.110256
39.685905
35.30558
55.41333
54.201363
43.05731
50.268307
52.570274
46.273094
45.962814
47.99615
49.50001
44.106606
52.207783
45.394894
46.5567
36.688484
41.041286
49.394432
35.318737
54.79183
35.187996
51.83264
49.50556
40.27517
39.88097
53.7715
49.856064
49.939445
45.136215
41.177963
39.149364
42.819405
45.803875
43.266438
54.29583
37.728214
38.38105
42.5701
46.82959
52.72266
53.177677
41.985096
49.193295
52.91118
55.18968
54.614742
45.921707
50.688152
46.952423
36.229984
49.202824
48.04528
41.722866
50.557938
48.323494
49.08438
55.57004
47.412148
38.191097
54.235973
44.34139
49.88608
49.46367
35.974068
46.01629
39.44576
51.817924
53.01
42.658356
45.77782
55.537907
46.046684
43.034588
40.67621
35.91669
35.17975
36.981983
45.083534
53.9292
38.94289
40.771374
46.6425
37.256443
55.81238
45.043324
41.75832
45.01968
47.70918
36.372356
52.224705
49.51766
36.667023
46.153538
43.92413
48.850857
36.370975
37.299377
41.97726
39.563744
38.713345
42.185154
48.986935
47.33937
44.862476
46.387268
45.698933
54.340256
52.59477
53.021923
55.48465
38.00521
49.80155
54.910305
35.540165
40.98394
40.149597
37.37177
37.59162
44.419533
45.84794
37.17779
55.19863
46.97352
41.353344
50.087368
44.45544
38.828995
38.633026
50.42826
53.003773
44.40439
40.295555
49.388878
45.791893
52.66376
44.49952
45.041874
50.94108
55.719128
45.0544
53.633373
53.413776
41.88607
50.539276
45.340527
47.916916
45.475956
43.5823
50.525494
45.619427
45.38654
40.66756
43.495167
47.814686
55.987087
48.965874
53.913857
45.616703
45.88514
51.722023
46.30993
41.14307
40.909073
53.673546
36.567745
38.4082
40.04387
39.82468
47.90252
47.32717
53.117146
53.65397
39.578613
45.813488
52.748272
35.495193
42.550476
35.9433
41.44556
35.39868
50.280952
54.55417
45.764652
42.253666
50.222763
54.44823
49.126034
55.33219
43.837025
43.577522
54.230198
41.701344
48.56628
55.203674
37.00625
42.14279
42.880005
47.04448
49.682896
53.31739
46.366776
53.84675
50.880474
49.917408
54.860085
47.65781
41.588375
55.460102
55.75375
38.30727
50.51437
36.193733
45.98801
46.256187
52.570656
41.310787
40.66882
40.02256
46.195946
50.292946
52.920673
49.84998
48.803844
47.748642
50.3671
49.150673
38.89474
42.54627
55.583206
40.524548
38.27181
42.394836
37.971172
48.8327
42.361267
43.278706
37.772144
55.886795
50.852875
42.314182
45.34709
49.80502
50.748707
37.663166
37.4342
54.980793
55.436558
45.112576
54.822037
53.912228
51.588936
43.80832
35.765163
46.848232
42.529373
51.418545
52.513092
48.321564
42.204887
45.693405
43.52344
40.159485
44.05675
42.98717
55.286716
53.489563
54.89127
46.813343
55.20284
49.59108
35.31809
37.91469
47.61841
43.18179
54.4457
53.64736
50.958996
42.87535
47.301975
55.701984
52.8721
43.096355
38.882294
55.314465
42.434147
53.69805
45.818596
40.155346
43.768875
47.892048
49.40966
50.02903
37.874615
39.8697
42.15641
45.3627
53.064404
52.67187
53.005463
48.219757
38.18563
37.44647
44.220043
50.23363
52.704777
38.222706
44.169453
50.425316
54.81805
53.72634
50.356506
53.34147
35.98019
48.56195
45.687103
45.329952
40.63136
50.296417
41.326717
55.05571
49.44599
42.591866
50.485806
36.552303
50.12769
36.55702
36.1294
43.20308
52.630707
46.912453
35.915695
49.050762
47.7012
47.398495
51.63435
40.745487
55.80046
50.093582
40.03714
50.2586
47.797455
35.95643
42.232132
48.213177
46.299458
49.95725
42.74689
41.31221
37.127342
53.621063
47.957226
54.881344
38.23592
40.67062
50.824978
53.985676
37.329967
44.726723
49.79165
45.928505
39.5331
46.70076
35.23433
46.19501
41.729153
37.597008
44.106087
43.064884
50.614902
42.931747
46.25517
51.18528
48.078022
48.871548
55.44558
53.36916
46.245575
46.495003
39.286243
37.763973
36.436226
52.290077
43.116776
37.321724
44.293068
41.11357
41.394867
36.19383
40.574318
53.359646
40.283787
54.27291
55.435566
51.01119
54.94784
39.608437
46.54982
43.58072
50.529697
55.83431
49.08074
35.68687
44.905304
36.063885
45.349506
54.15795
51.090714
41.93154
55.017212
38.10583
46.60946
48.589737
46.742474
51.371452
37.22005
39.506763
42.567802
37.107494
37.150333
44.85262
55.73846
51.03424
47.38851
41.10918
43.264095
52.081406
37.640495
45.2957
39.295994
36.711784
51.278847
45.861786
43.311813
45.211777
36.980785
49.86734
42.174892
48.6293
49.780926
35.542736
38.366554
53.84152
46.949154
38.702187
49.07765
38.442654
48.444683
38.76953
39.389442
45.756474
36.694546
55.368023
35.4742
35.298637
54.09799
42.524307
54.602203
45.440647
45.967934
50.54163
45.754692
39.860382
39.586334
40.508583
35.811172
55.60326
46.67248
51.22691
37.604637
55.223713
36.841496
51.06564
55.619816
38.52835
51.564922
49.87865
55.747158
38.900204
40.736103
47.658916
42.299274
38.04773
50.190105
42.04509
43.446712
48.29272
41.43123
44.144627
42.336426
45.18807
50.380848
37.392666
54.418915
38.33927
46.173954
36.32691
53.92908
55.792927
46.90502
42.22616
37.04093
35.250866
40.752007
52.533817
54.947746
38.67042
38.091953
37.86755
48.00703
50.51924
35.06244
46.20237
35.133545
42.067436
48.520184
47.506874
35.823772
49.62021
48.50147
40.710987
36.55184
41.52104
37.09859
53.388317
40.789402
43.088364
43.132385
38.947605
43.57104
40.38798
37.122906
35.444878
46.351963
36.889027
48.83869
55.351704
51.886124
36.60296
40.139668
50.74484
44.99066
46.263103
36.91939
45.418545
42.35649
41.466553
43.699657
47.363396
47.015034
46.470707
48.833546
37.903954
52.677574
47.513485
37.33281
35.542595
38.92639
54.109303
42.051075
45.21784
41.15577
36.76208
42.32666
47.253036
50.23616
54.93216
54.21685
46.744793
40.106285
41.895653
53.14035
55.52045
51.885574
45.342873
53.085125
51.080044
51.643337
47.176632
48.536236
51.130566
44.661274
39.991787
41.931305
38.41901
46.882286
46.14418
35.76108
38.575462
50.251373
50.15002
50.398125
51.5888
35.823235
53.396133
54.35896
54.35474
37.836468
42.78697
44.98321
37.459846
54.43562
41.005966
50.44779
42.994736
55.360165
42.52698
50.625145
53.72607
46.713295
48.375645
41.541595
40.399155
41.87366
39.911064
45.09496
54.291737
44.71972
47.5751
52.250557
48.394283
41.598858
46.63932
54.150158
46.75339
46.89266
54.469128
41.440773
39.582153
54.604588
55.719982
40.658314
55.715076
50.12807
36.18245
46.685886
53.86493
45.24049
47.70075
47.147182
44.925156
45.412582
52.703796
42.092514
38.253727
46.723007
42.408253
48.488472
40.473022
44.024162
46.679718
39.83157
52.825253
53.51812
53.871445
47.672234
51.53394
38.570507
44.698948
46.957478
42.93947
49.415257
42.35463
49.878902
41.40034
39.38467
47.618084
40.347332
42.081562
41.436993
46.67597
38.306072
38.78784
38.04743
47.729362
43.84201
36.941574
37.979027
55.237244
38.456963
43.654255
49.055992
48.82134
39.92129
54.594868
40.82497
40.440636
47.847694
38.019875
49.908524
54.433205
41.495
49.896828
41.930477
40.418285
54.340305
39.52735
44.124016
36.853573
45.64219
37.45494
42.121277
51.25048
35.55864
35.72937
35.967083
51.664486
37.38046
35.79168
51.099586
44.098183
47.094063
41.342506
46.897167
37.8814
48.79736
47.56135
54.403496
48.925716
50.458065
42.955433
36.01171
45.990032
53.12595
52.934288
43.213806
41.73937
39.98881
41.92985
54.002792
45.430687
45.596558
40.511574
40.152866
49.51774
46.16859
54.482395
41.396812
43.33101
38.14674
42.383656
38.469982
52.259525
39.059315
38.18575
52.096733
54.53783
36.321495
40.196102
50.257843
43.824657
54.812946
55.377346
50.49636
35.248943
50.945763
55.335754
44.594585
51.4944
54.464058
44.21383
52.686283
44.79557
55.401203
48.600616
44.75596
45.42637
37.461384
43.359653
43.52093
44.376305
35.58936
36.966694
49.89218
52.43012
55.64555
41.54803
51.566334
48.793324
53.913155
42.315147
39.81395
37.739147
51.62988
35.502544
55.19805
50.491615
43.858807
38.232933
53.782215
47.705067
38.791416
44.957695
49.368874
43.45206
44.01018
45.25032
45.44618
40.589764
53.329113
48.76669
40.81579
38.739075
52.5776
47.1285
40.324078
55.881264
49.09627
42.33468
38.72572
52.75369
53.773155
36.06058
35.471317
54.809162
37.16423
43.86585
50.129654
54.492737
37.614544
37.89927
52.23041
50.985306
42.324368
50.1625
52.54456
52.365013
49.98947
36.774487
44.207336
42.345627
41.985394
52.964523
47.632774
44.36519
42.06263
38.714245
39.868767
37.818798
37.17304
43.0675
52.89826
43.65617
49.357304
36.13201
43.404762
36.397533
53.589092
39.70766
40.689342
39.8608
39.09365
39.29389
41.751457
52.53836
43.936893
40.95209
49.027454
55.613632
50.615623
52.12889
50.918205
35.065567
45.970253
48.08237
43.031353
43.173485
40.98865
42.995506
35.013786
36.005146
52.972843
49.209965
55.956436
43.147743
50.100037
50.268005
40.616188
46.02453
45.625137
41.61167
52.11861
45.628967
44.844135
42.85558
54.380463
52.40387
51.465855
51.523365
51.222294
49.294765
46.224365
43.017754
42.029243
40.714645
40.405
52.38031
50.86204
42.271618
35.454037
37.089233
44.120384
44.63141
36.99551
44.742405
45.217365
53.813465
43.388046
44.977535
41.236313
38.55241
37.420532
41.39254
44.210262
53.09583
55.867504
52.546673
41.489624
39.954914
38.403366
42.3464
44.64495
43.676247
44.809265
41.250168
50.489388
37.660965
49.497112
47.762005
36.099438
35.421856
41.122444
39.62666
51.16277
39.43943
49.461056
35.987225
45.58831
42.954784
44.78392
42.521423
42.076466
54.62001
41.680798
49.2336
41.266426
54.916275
55.654865
48.14704
41.15248
42.645103
53.8392
51.61471
45.69294
49.600212
51.87034
48.346542
50.922787
52.735233
37.295128
48.537388
37.42521
53.756905
41.883972
43.672276
49.71738
50.093857
46.877083
37.684074
43.96216
36.617844
48.49977
55.14379
36.430317
42.327297
37.048695
39.07455
36.30658
45.442295
35.473076
46.798023
35.75818
54.005642
43.65314
36.94539
38.665924
49.13641
44.512695
35.39506
39.055565
48.540325
55.693512
49.435352
53.06113
53.745735
38.766266
38.892757
50.202126
48.804214
41.85617
43.31506
54.862972
50.87183
46.120865
45.553493
54.12564
41.169952
55.734123
46.249157
47.525528
37.313797
45.90087
43.79638
45.875713
50.892403
54.957397
37.329346
44.03622
55.485527
55.79517
53.158123
53.392597
47.01087
40.68755
41.86645
36.85205
41.409405
41.095684
38.97592
50.36566
54.196983
37.183247
42.679924
44.34146
49.33727
50.57926
39.65558
38.82608
35.22394
45.39398
39.372936
54.00143
41.299435
43.614994
42.638218
40.368206
36.982994
46.788963
46.331467
44.96932
52.132523
54.328957
53.428783
55.144234
48.222813
54.87824
35.435596
46.59894
54.786865
41.908394
51.299667
53.026634
51.437664
49.132973
44.72126
48.120506
52.964363
41.37744
55.532722
45.5829
42.580074
51.262062
49.480858
41.653812
51.387424
37.42634
48.31296
40.757145
49.52382
42.052017
37.540848
45.094368
42.249916
39.126232
51.6372
44.40309
38.45297
52.227146
42.70474
40.64188
46.650803
40.611538
51.85092
47.062946
43.602844
52.037125
42.5997
42.99067
45.061302
41.061943
37.676674
44.63675
42.028584
46.528946
52.415047
54.451557
35.12636
50.56607
44.847282
41.83666
45.327168
53.71029
37.270947
47.52471
40.351147
55.698803
42.70708
55.570786
45.48863
47.061314
48.205593
36.693058
45.473427
49.89434
49.39458
35.65101
45.30228
54.101982
47.019096
54.455696
49.57259
49.94699
48.469715
45.469406
51.9937
40.97186
45.462463
40.870922
55.21605
46.22176
41.099037
42.537766
44.018276
37.229446
55.50982
39.128376
48.193863
49.406723
48.16213
53.03471
52.1871
36.328133
45.702297
44.919804
48.642334
44.88926
49.892467
48.755005
39.55095
52.475716
40.801743
38.628014
46.607357
49.08814
44.916084
37.10556
46.718197
47.834568
45.24261
41.60355
39.348305
47.323532
37.801243
40.042625
45.53239
37.26949
43.12029
43.04858
35.933258
39.056946
42.48249
42.094772
41.28529
53.100224
38.70414
48.277573
46.926285
43.583107
47.172264
55.866146
44.89114
35.565742
43.713543
42.374264
40.217686
50.505882
38.623432
38.66454
45.698006
55.957275
48.845226
46.51447
38.297806
51.580173
41.855988
50.148808
36.86185
45.627125
43.290146
50.47425
54.525383
43.75193
52.71119
38.14017
45.459267
36.33033
46.22823
51.092968
54.19106
45.47819
39.84646
51.991924
40.764507
53.60615
35.539223
53.71079
47.42693
47.659313
51.034283
50.162094
40.366737
49.156483
42.21797
45.850113
48.262875
35.76529
43.8784
48.883545
46.053154
53.42815
54.23235
41.660526
38.380478
35.9883
53.310585
41.07614
55.633842
41.856182
50.81221
48.896748
37.365246
38.50344
53.481297
43.89538
45.134155
42.47504
52.407528
46.449142
50.508034
55.169743
52.90744
50.562138
52.030293
51.854877
55.80414
44.696304
48.456337
49.25342
42.990574
45.368
54.454014
45.56983
44.135223
54.19926
54.266273
47.00546
55.268814
36.00072
39.54214
38.655407
35.77694
45.506824
40.65609
53.17554
42.015728
41.584347
50.356686
51.76194
36.366405
51.091618
38.511864
48.794334
35.04948
43.078514
48.0514
53.961227
36.430336
40.6863
43.94631
39.806183
55.865543
54.9315
40.210453
42.41329
55.36264
46.539543
51.461338
46.38424
53.456234
41.1315
49.53515
46.350376
48.739204
54.361275
42.015297
54.01007
46.430336
55.050724
48.304302
37.085167
47.208206
41.976715
54.045506
36.649734
42.296154
42.726753
52.284206
46.000248
39.44419
48.958755
50.747032
41.608395
47.0212
35.47582
48.013863
41.72589
40.904232
39.75819
37.15837
36.895515
42.231865
55.982388
41.641315
46.963127
39.374393
42.101357
45.85486
46.18263
43.666306
54.259724
39.73685
35.659225
38.544884
39.674698
35.300606
51.685707
44.74386
48.12583
50.75885
38.492508
48.10204
48.365772
44.159706
53.55422
53.364243
39.089424
54.098064
49.873615
42.07557
54.580265
47.117535
49.598854
36.29984
35.79036
35.8761
48.92021
38.42921
45.404507
55.01287
40.43997
52.794353
39.38913
48.9239
53.112175
38.13318
50.63306
41.331676
44.40877
45.231083
39.54992
49.616016
44.58428
50.206615
37.93088
38.36329
48.783283
40.98414
53.911736
46.4864
55.263454
35.46837
53.64958
37.569782
39.191128
54.815853
39.192223
50.801556
51.307606
47.98436
41.06735
47.96936
44.261135
36.433674
53.318565
38.516823
39.55302
39.449837
54.072056
41.584435
53.85583
45.06983
45.230145
54.29151
46.92744
35.99477
35.557053
45.255314
52.466835
40.197056
40.247387
47.488777
49.03578
37.15069
36.049206
55.370163
36.605175
47.7436
45.151375
43.335896
55.375572
41.967243
52.33871
45.312088
37.268593
38.420895
52.368732
39.670845
38.88911
45.516773
36.130203
46.6741
47.817802
36.0271
44.90636
53.950844
53.809372
43.275135
39.984722
38.54274
35.84384
54.83981
55.930473
36.44876
51.006744
44.117107
53.071983
35.401154
54.85841
37.461216
48.134552
42.813057
39.293556
55.914658
50.50262
55.452396
35.88936
53.729004
55.29069
35.41713
49.393482
54.97629
50.25979
55.41373
41.313255
39.55629
46.62889
53.17378
55.532803
39.81584
39.999767
49.08274
46.50715
39.813812
50.938824
45.74064
35.860634
43.988953
40.241024
44.225975
42.15146
55.61774
53.53861
38.292282
43.155064
50.985493
50.711327
46.591003
37.266136
50.636322
45.5051
38.28485
36.52228
53.416264
51.872375
49.092545
52.312042
46.278675
42.81029
45.88892
49.04573
41.982212
49.89155
55.473534
49.939606
51.879013
45.258247
52.01648
53.59229
50.96445
53.580223
45.991913
50.216805
43.239548
36.36724
39.11768
49.23254
35.22342
45.068295
49.93384
52.418457
40.14542
46.591484
47.17325
55.98213
51.945347
53.234318
54.00422
41.708927
44.714844
55.5271
36.55828
46.821278
49.62444
45.160892
47.895218
49.3002
48.697845
38.996796
40.70322
40.19946
42.018967
49.13476
51.583633
50.917404
50.086796
52.157776
35.727802
35.48226
43.069588
45.96122
37.157864
39.65379
45.65208
35.027485
51.473717
46.0475
47.018147
52.61226
41.225246
47.547222
55.266136
40.07162
45.61184
48.987595
49.215305
50.47811
55.20056
42.460182
50.129173
53.74902
54.749725
53.625195
45.355167
45.741627
42.026512
52.095337
40.25987
38.157917
49.715206
55.299213
36.125324
50.64503
55.126873
53.228706
35.864235
47.178127
40.441864
45.128124
48.510445
52.66864
41.643215
51.492428
43.44609
45.753643
36.132133
41.707718
43.237858
43.891014
51.25586
47.289207
52.772243
53.210228
38.62386
52.950233
45.103237
41.050102
44.13995
50.670425
39.055824
39.7525
42.13604
49.52197
40.164825
53.07491
50.857346
40.25998
51.97092
39.535072
38.819576
36.586338
50.044376
42.107224
35.23516
39.555847
48.361897
45.952236
55.788803
42.80948
42.823116
55.282898
55.53172
48.191463
54.760612
37.040745
44.55956
39.835377
38.271053
37.792286
43.440693
53.988873
54.074844
43.14025
37.06959
41.68758
35.39786
39.989285
37.73424
41.885742
46.061214
48.205875
42.707108
50.8045
46.56362
45.56858
55.59588
47.06824
43.445843
46.41748
48.02319
47.665375
44.637764
39.080578
49.943905
52.89181
43.80611
55.98017
45.0539
37.21388
54.94441
54.303608
49.296154
43.421894
43.57668
44.260548
40.427883
44.536457
40.98245
55.242847
35.976826
42.676617
39.793175
38.653236
44.685135
41.502354
36.158615
52.775604
47.716225
40.90344
54.436745
51.822235
46.482876
43.322445
55.02184
46.21237
47.94415
49.4719
53.492775
43.211636
44.61418
52.23382
36.737183
35.29331
39.32773
48.214355
37.087074
38.97018
48.015217
55.76725
36.787575
38.389557
39.3545
35.296825
36.31281
54.684277
43.186825
40.304424
48.141735
36.929028
46.011463
37.951996
51.611404
37.563908
38.706284
48.882168
35.376442
44.31613
42.860966
52.65633
35.8208
49.97605
49.75497
44.45051
35.49154
40.864983
35.06412
35.58339
51.25425
39.4701
37.837765
38.04173
37.40587
46.515644
50.152607
48.41535
42.422993
36.689777
36.119923
43.55738
50.37249
41.352924
42.599575
39.844795
36.266052
52.816185
45.057224
35.130333
41.801414
37.197227
45.49049
50.34875
54.00049
45.43639
44.24519
46.268833
39.22814
41.787056
35.84467
37.067055
52.955315
53.982178
51.66313
51.239674
45.416313
40.322636
35.388268
53.86706
54.002426
44.13345
40.738808
51.39744
50.832737
40.390213
49.82957
35.926712
48.447796
55.83082
55.909485
38.416927
54.983044
42.53658
42.937283
39.418015
39.49618
36.791916
53.605194
36.635674
55.34632
35.01332
41.972645
49.122944
53.652725
50.675976
50.82992
53.96375
51.89693
53.460335
35.276188
47.06383
46.67459
42.291187
55.76656
49.06774
36.451843
36.548164
42.05983
53.48023
53.936054
48.48936
37.081387
48.786022
46.331764
53.84864
46.705147
45.734306
37.32022
47.64246
46.85382
50.982273
52.0743
38.45341
41.1186
43.97683
41.00073
52.84549
50.307312
46.2944
42.18748
52.109856
45.944485
48.655685
55.72667
51.240322
49.76705
35.48573
43.181915
36.893925
49.686398
45.199062
46.474014
48.104942
45.520355
50.355644
49.369843
49.68943
41.037964
44.45528
36.57688
38.602673
53.505478
44.416622
52.169357
48.993347
41.973663
48.7213
41.70182
50.33591
48.004627
49.794716
48.90216
51.81662
54.400505
48.44193
51.27851
48.09889
38.76699
36.060524
42.32297
55.7
48.421326
54.91182
50.25008
43.47401
35.2375
45.947674
47.36907
50.114517
41.510506
53.56218
37.25632
43.166286
54.8172
54.165833
42.868053
47.766014
50.152885
40.664375
42.61316
42.220387
43.330902
50.76533
42.192287
50.573353
36.746647
38.532288
49.701576
42.514874
43.128006
36.760334
42.09815
38.339787
42.82098
52.555603
43.629295
40.1781
46.49218
44.967716
55.238464
52.38705
53.869255
43.64598
38.278526
35.820362
48.28573
52.26854
38.086395
52.671684
49.34853
36.928158
43.103046
42.726784
40.00446
53.749294
35.25901
51.153114
45.64618
51.758022
41.28787
52.405483
49.668728
49.429813
47.47889
42.433056
50.064365
47.399673
35.134815
48.13559
43.22657
35.53499
38.661983
55.93575
38.12322
41.943523
51.787266
36.409565
54.39459
55.517265
40.870064
50.148518
50.733425
42.297462
49.657352
50.41443
54.112473
35.286964
48.115997
46.69229
51.039062
37.333076
49.16889
42.946396
42.03683
35.35745
46.260143
46.241493
46.98145
38.519047
39.679337
53.403454
49.750233
45.862206
48.486176
50.562916
45.884766
52.623642
38.694016
51.750397
44.611137
51.65081
53.09458
37.193077
42.614254
44.31843
54.73596
43.60088
43.42054
49.920876
55.602123
53.52361
38.10777
35.765213
46.484592
38.81102
36.331127
44.09295
42.385563
35.314163
48.331474
54.51816
39.046547
37.229027
40.6747
42.885452
45.357918
51.90245
47.96043
45.32329
38.471924
43.49548
42.63365
35.79664
48.415524
47.630836
50.334896
55.647194
41.879223
44.03869
51.93226
47.45064
45.644176
44.25914
47.493103
44.017124
46.802303
52.659748
37.97363
42.51463
52.522694
52.383064
43.331284
51.504494
52.622574
42.351757
46.09803
46.14408
44.61209
37.12785
40.19174
53.93371
52.19974
48.247803
41.888397
52.163254
55.468708
36.636673
54.429745
35.64848
38.064396
38.842144
44.698788
52.437824
40.769554
54.12331
52.76002
53.9176
52.785686
39.87922
45.831615
43.146782
44.88818
42.5086
42.43364
47.312187
45.37742
55.554966
52.039375
36.910587
35.40928
53.91022
49.546036
49.636497
35.85579
50.924973
54.276688
51.982586
36.320393
43.505398
40.027016
48.24426
45.312096
54.664032
41.878426
54.96081
40.868954
40.535908
53.113457
53.822617
52.11369
47.571583
40.589714
48.72707
51.32294
39.475094
45.35555
50.975693
51.096413
42.4676
53.123566
40.57048
52.123455
40.62629
40.45729
50.189808
45.86187
52.373486
38.171974
50.70238
43.16747
44.672245
51.502075
47.012375
40.542736
48.12241
48.046177
53.61972
55.20906
41.945095
45.36413
35.526512
39.649475
53.793743
41.371952
44.02391
53.617386
42.43633
35.35658
39.453403
48.861668
50.61601
47.51567
46.252193
40.9797
50.8164
36.416935
45.464443
53.877243
37.232975
41.66689
38.428566
44.28766
42.983395
42.380768
43.53518
43.68297
53.477345
49.75331
40.791264
55.695255
47.9104
43.144375
48.423096
44.859383
43.046623
