21.075191
25.548176
39.218258
30.754923
18.422441
29.144917
27.324507
24.035927
37.64581
34.07709
21.785408
15.47953
28.283182
35.071926
30.482569
38.498608
17.63618
17.898596
21.509861
25.086329
16.59723
29.896994
30.734539
25.541893
15.11281
34.903145
26.360258
30.325102
34.98361
29.05565
15.514071
37.759544
39.235558
39.95398
35.443863
32.57177
15.391366
16.688158
23.039673
21.583889
38.63043
20.370815
35.081787
30.269636
36.045662
35.976295
25.870457
37.33896
16.989033
20.527943
32.706566
32.03386
40.843212
33.973446
37.06942
18.398222
24.46508
15.449493
18.277485
32.426933
21.017374
35.060772
38.919598
15.704774
35.93814
15.784731
15.408882
28.913002
36.39319
27.662304
16.638357
34.411743
19.71506
39.046146
26.906782
34.998825
32.052715
21.351755
22.03521
31.900757
38.739285
30.493185
23.909176
25.069199
36.730972
35.98387
16.558386
28.936268
24.87846
31.544432
30.325249
38.92465
35.76273
24.983131
29.675531
32.213566
17.360563
16.101023
22.768867
30.529198
39.900578
27.4226
31.033823
19.058266
24.928925
17.664146
22.681644
39.97604
19.824474
18.025766
39.344807
33.535114
29.786428
32.629425
35.840885
26.178919
32.663174
22.724161
35.439285
33.723896
33.899204
23.640965
20.94775
30.297024
15.347782
33.90358
33.437576
20.420265
28.730145
15.387946
23.490911
20.401224
26.11778
19.971695
20.480406
22.019335
35.97252
21.726501
19.581043
22.38944
31.999842
18.379932
27.965815
36.839798
35.35406
17.509737
34.951454
30.658983
36.579723
21.732342
31.737339
40.646423
18.081753
19.008692
18.820154
30.54366
22.887577
23.114338
35.16882
17.628727
20.997715
31.30706
24.808712
29.02345
24.716948
21.274105
19.591097
31.593628
29.016436
17.552467
35.613155
22.714615
22.197842
26.789461
25.005976
22.629915
29.913712
25.447144
22.622284
20.64796
39.9441
38.853024
32.532696
35.002316
18.037561
40.860767
32.178665
37.84317
26.595438
20.808458
28.532295
28.533005
36.01146
28.948332
18.677654
34.18694
37.07446
39.070652
38.85511
18.228334
38.000195
31.65583
35.19974
39.62277
23.378931
34.562607
32.15678
19.408646
40.608673
40.99655
20.871515
37.160217
28.229664
28.30186
39.72803
36.098907
19.983923
23.98084
16.650612
39.71141
22.394289
35.269268
39.78359
24.938065
34.19073
39.582096
35.729893
23.262661
37.00725
33.192932
18.655466
33.36485
16.431078
30.621851
17.256212
35.388943
26.706333
27.380133
29.836037
15.33792
17.177816
23.956715
38.559082
24.61912
23.906013
25.23
26.316113
30.348085
15.792809
22.850029
31.58452
34.659657
33.02799
26.559822
28.16339
29.980484
40.699886
25.911013
23.729416
35.984684
30.009157
38.377758
23.786573
28.784483
17.682945
15.484228
31.771727
25.800205
22.90737
25.234758
23.83047
32.709133
20.379444
24.872179
18.091808
19.890251
31.925291
24.788534
17.147377
40.862003
17.539682
36.27385
38.880196
34.35282
35.67265
40.71237
26.790087
26.849155
38.12212
39.822006
18.527147
31.733398
40.987213
33.581615
28.4718
20.454155
17.795074
18.602043
20.889257
20.56386
24.134779
24.870615
20.438274
26.91385
26.915092
21.03524
22.628475
35.814594
17.70852
23.692955
20.197517
21.548777
26.55234
20.509188
20.318798
20.267649
26.047976
38.417793
30.052338
30.005983
21.63328
22.638231
35.516
23.318693
30.49801
25.795118
19.881056
24.87211
30.770983
29.03672
30.48567
22.215647
40.328056
26.7227
34.111713
25.914503
26.853376
18.9879
39.7849
29.241755
21.631931
16.28761
16.33506
17.7082
34.95973
38.891243
23.392918
36.850925
37.02858
16.215065
17.501652
32.906605
34.675697
27.871021
19.585968
35.26318
25.484007
36.357456
30.148373
27.913612
22.377258
28.42897
38.251804
31.527952
36.07477
16.356327
23.59969
16.215094
23.553812
33.52381
25.839027
31.563148
20.013294
23.110147
33.588932
21.12744
33.74078
27.960478
31.63666
31.177687
33.755318
30.180702
36.244965
40.22107
29.132025
34.47184
35.579205
16.585384
22.509857
15.770856
18.889475
38.17665
38.442383
33.375755
22.272545
33.418
23.971907
30.40658
16.590313
17.331903
40.09064
21.190239
34.43598
25.745216
26.59824
21.955984
19.916052
39.67673
27.273237
38.08959
23.455717
37.1094
23.246626
18.11822
29.837212
28.554558
17.999056
26.58424
23.24509
20.08296
27.498753
25.015026
22.219364
16.827642
27.655567
40.30723
36.106915
15.356067
34.48717
21.017765
32.853497
32.76419
28.176662
28.290009
39.793175
37.862617
18.546589
15.442737
34.4689
17.405094
28.38248
38.61043
37.45745
27.952196
40.50983
18.24758
37.673923
17.668087
26.561556
27.795809
26.695326
24.115877
23.968733
33.361614
22.269896
21.947136
34.865574
28.863712
30.368135
18.273674
40.32034
38.78287
39.883526
33.464897
17.587067
33.38346
26.405365
27.131441
24.91869
27.074696
29.3631
21.136036
33.890366
15.4410095
36.28097
35.615047
37.15249
30.394657
36.883785
18.1992
24.066093
37.890125
40.358997
20.88964
25.769026
34.688663
31.207355
21.375511
36.879547
23.77261
18.803719
37.9718
17.264587
32.183018
19.041632
25.81135
38.083256
30.290401
33.249733
16.442402
39.66173
25.807268
27.944994
17.56324
32.664032
23.212393
36.92721
16.267982
36.493713
39.680676
24.721226
37.88268
17.894857
28.098719
17.43766
33.23848
32.316372
40.29506
25.750038
24.058693
18.761839
33.225395
16.875536
37.029083
37.5678
17.526896
38.198578
22.075962
21.836666
39.592064
22.49098
21.394049
19.096085
39.111435
23.559225
20.846287
20.164755
35.895687
39.588997
34.500294
35.1755
20.71167
29.458984
16.271244
24.239496
20.853008
40.860416
33.908566
16.331352
26.214987
18.18583
35.89384
30.632845
19.754555
38.8399
15.210013
31.793907
21.390245
18.877241
17.39694
24.352613
22.63305
40.686382
37.82597
15.901623
38.538193
40.816315
38.706345
19.496754
37.928997
40.98115
37.978725
15.274054
26.26794
23.780708
25.956264
19.274946
20.036268
32.738995
27.341194
22.074715
17.03238
29.889778
22.075054
16.967821
33.610535
23.327652
34.37315
25.184229
29.555292
29.89517
25.248981
35.894108
36.023293
22.490887
35.851982
33.604053
39.783028
21.360231
25.021877
30.956028
17.84435
28.17054
28.605701
40.91112
22.4935
26.67351
38.28845
26.833248
25.735579
16.322828
33.956013
36.083706
20.195375
19.341675
31.939089
16.395721
40.638702
25.424213
15.879311
16.518774
20.450201
15.507189
15.413987
33.40569
28.640003
16.862177
38.393356
17.561241
27.250347
28.135988
20.92435
40.07919
20.394686
30.906176
32.177498
23.365324
16.585535
29.820557
33.598557
30.57739
29.49377
20.454124
28.93421
20.408394
18.830776
24.643639
18.311045
29.99802
16.65629
25.249695
38.49979
19.477594
31.08854
24.047956
40.45175
38.93724
35.129627
29.76576
24.211996
34.449547
15.117952
40.1572
16.393927
32.192284
23.180777
24.44928
22.542463
38.683468
34.98385
34.49365
39.918102
22.675125
16.06139
16.522955
17.501717
30.34801
23.058487
26.537685
27.350075
26.10754
22.32936
29.038956
18.824554
32.502094
21.508717
27.074554
30.670681
28.56784
37.909794
29.380041
19.443663
16.25014
36.901474
39.773678
26.355175
39.459625
27.778204
20.90337
34.25923
27.79189
30.060328
16.945797
22.20005
32.972805
23.648647
17.922327
38.712414
26.68725
23.805979
25.923306
30.895092
29.607286
24.549744
20.72169
22.170443
15.15637
31.71345
31.009064
37.598484
29.829573
17.671284
35.801403
39.631165
30.73534
37.518833
28.438993
17.272774
38.43261
27.364298
37.044334
21.7549
23.107779
27.30838
30.303791
38.039528
34.669197
28.677366
30.003267
19.731342
32.432636
31.122742
23.875051
25.310461
35.729267
36.31201
24.002497
33.98937
26.988535
33.109207
39.281136
15.952874
17.63136
36.37996
35.24928
38.257565
38.454945
31.8547
22.978067
22.24721
36.098568
32.845097
16.650505
36.983257
17.650501
19.032396
26.96079
35.894524
38.489338
19.03294
32.529892
26.617887
36.04882
40.994736
34.16011
32.83172
34.353333
29.090406
40.940968
23.776535
34.892048
20.445667
20.970583
28.112291
24.682787
40.778725
30.771235
17.77938
20.222542
35.82494
32.354744
28.610483
32.429573
27.482296
19.33275
23.582962
22.652937
20.537207
25.468903
23.806593
37.35833
21.816288
20.634485
27.609001
31.194914
34.658836
24.255875
31.411259
40.80599
33.715816
23.03176
15.478623
38.967033
32.25517
15.9499445
39.08658
24.417944
36.389503
21.448053
17.159794
33.10186
29.94106
40.939373
28.021816
15.43127
32.02021
25.864536
33.535774
27.672796
28.817524
23.93175
36.62155
35.57519
33.595802
26.27259
26.902397
36.96084
36.41731
18.867537
21.064047
29.159227
39.752716
30.784672
34.402008
22.881622
21.79217
38.527073
29.987707
28.419235
34.015152
40.0988
27.901852
38.893078
33.37468
24.276373
21.063347
40.691715
20.31271
36.012016
34.32473
19.20396
39.747406
23.897053
31.710192
32.48668
35.15931
16.178072
22.939749
20.603619
21.95224
27.945654
18.713326
28.029375
31.376122
35.804726
34.62095
40.733276
20.472689
39.587704
40.000465
34.341217
28.741438
15.485913
20.581661
25.119164
28.521973
23.351831
28.335836
31.430199
23.450193
16.864105
34.59237
31.7878
19.769705
34.749214
25.18898
38.661106
38.766006
30.318205
25.189905
34.78374
15.139996
33.20373
33.536304
40.875893
29.74854
15.372252
40.885807
24.41011
21.813768
31.238052
32.853172
32.33443
37.438995
31.02027
29.881605
28.5122
22.068117
17.361069
30.054373
27.046068
32.386524
39.66255
34.298916
23.624508
40.085514
32.601894
26.640759
20.562195
37.898438
40.848743
25.432081
23.301472
35.365685
33.135796
22.809872
24.800224
37.896935
27.522947
37.03123
39.452225
27.872925
35.947365
29.78837
17.969223
38.76526
17.96627
38.123535
34.99971
34.551758
36.97622
16.144077
22.167564
37.065998
33.132034
33.3805
18.684427
27.34364
29.690578
32.335453
33.722874
15.51443
25.569006
27.539068
23.333176
25.337599
16.533981
36.2563
31.84461
18.089668
32.62797
16.884375
27.413038
24.187603
16.190514
15.033536
37.65957
23.666435
27.146925
21.301985
16.190987
18.429455
24.11381
16.835798
20.200642
20.05028
37.31021
20.907356
21.319376
40.830025
20.265173
24.950768
24.419128
36.799053
21.876953
31.760435
36.167652
19.401676
20.506105
28.888954
18.79093
31.713455
33.474022
15.673102
22.720602
39.214626
18.590578
29.771786
32.586918
26.379448
39.148914
27.617357
24.363424
16.640133
36.202335
35.761826
15.377804
34.645374
21.877832
22.742018
15.373979
36.157234
36.982567
31.792896
27.843819
36.416573
31.224266
25.505733
34.44247
32.355946
38.99324
18.357967
27.459517
21.65032
39.843403
17.934172
38.038944
28.269653
38.56141
38.612568
27.124002
31.93389
15.027679
28.50915
33.948845
15.669541
40.949844
15.551582
33.306927
29.528564
22.988785
25.697527
21.796993
25.453884
31.799227
33.517223
34.780514
28.262398
34.071415
32.627693
27.880283
32.76499
15.787297
40.79598
33.507996
17.154547
39.594112
27.921461
34.129387
23.966627
21.450224
36.56237
37.758682
20.153978
31.5125
36.189137
23.519815
39.114704
29.611507
17.92734
22.020088
17.875376
26.600195
38.195637
32.752644
36.054108
23.363752
35.349022
20.777319
35.715042
37.34275
39.20544
31.525167
26.774393
26.048603
35.163815
35.730103
33.229637
28.239922
16.514154
26.211878
33.15723
26.180162
32.495438
40.517757
16.160511
32.711567
19.674582
38.275997
39.748375
32.757202
20.299908
35.522396
18.98652
40.302494
27.425022
30.231934
23.687004
16.90948
40.80417
33.820694
28.388077
24.381575
29.82768
40.478943
18.425182
22.323483
20.096199
21.854527
28.505257
19.030445
30.624954
40.826324
18.370337
31.39289
39.124443
22.890814
17.372812
30.317062
35.32144
25.03046
32.08348
38.53909
30.864351
33.840816
32.41486
15.649499
18.999466
37.163998
26.166088
34.64704
31.90983
28.50929
21.38207
15.405224
30.375921
37.137505
28.468306
29.061829
17.247458
18.843721
25.614193
33.531223
23.108284
27.193907
15.75147
34.091156
17.471231
16.254032
31.010695
24.31024
25.857574
37.696007
23.437595
21.45919
28.195683
27.573006
18.592344
36.988495
21.116076
19.027405
37.578747
22.656954
33.925182
18.727785
25.03656
30.460138
27.307661
30.927155
15.679065
31.634682
33.13722
19.692743
30.069307
20.703798
27.168486
35.078423
25.50225
24.781385
35.837482
30.79403
40.096405
34.1665
15.915922
33.27151
29.497366
29.636967
37.34457
20.936125
15.956983
22.790308
33.213486
25.961504
18.9757
24.282188
30.562105
28.820696
27.181992
32.87695
23.4396
26.54092
38.671577
27.851818
21.496117
20.728077
33.640488
16.485802
25.26803
35.147606
38.81985
21.116245
19.275446
22.931684
27.956577
32.560474
28.067741
38.328243
18.382988
18.576897
30.433035
39.31569
30.57978
31.479383
35.130047
29.37775
19.560442
22.020758
15.705882
25.266214
33.89168
35.225555
22.23084
24.674896
34.213226
33.979317
34.111492
39.406464
24.2316
23.871017
32.535713
31.834457
19.336452
30.037231
25.558626
25.245966
35.22419
15.571094
31.355783
35.9962
17.21265
29.436052
15.750169
33.314373
36.291706
27.763868
34.762054
25.07102
18.378693
19.918283
25.635914
36.85004
38.73376
29.770187
18.566095
29.264555
18.039116
19.257137
40.1731
34.61373
28.257444
29.48947
30.674866
26.698568
21.058685
16.417244
33.652493
22.897753
15.340527
27.386673
26.327515
15.450419
17.166988
35.791683
29.34782
23.300863
33.310627
19.465687
18.221928
38.830956
32.507866
28.460588
21.746416
21.3392
24.52314
29.424513
22.038876
35.221092
32.166523
28.916708
38.118816
15.463616
29.520708
26.687502
38.371548
40.287457
26.8071
34.203167
24.685175
18.553675
34.557106
35.509987
32.568302
27.89733
15.053532
30.908787
29.136305
16.45866
35.368286
18.850615
36.49642
34.55328
23.74651
29.96626
39.767117
24.655878
23.573448
37.20669
34.734715
22.667746
20.709354
27.698496
17.980324
26.596601
24.588917
19.107847
32.202766
36.49789
27.15561
26.05844
17.418184
25.809937
36.43766
20.463352
30.73464
15.06106
35.37117
17.507692
29.480114
34.334927
37.337234
36.458366
38.60483
36.85114
19.803762
28.479239
33.48397
34.551247
28.448997
22.19446
35.514355
35.67612
24.19259
35.869587
34.22884
35.978737
32.671387
30.769714
30.044662
35.437218
27.870941
19.505644
32.217094
17.116135
28.86007
19.9937
15.087325
34.16978
28.874594
30.03164
34.293606
16.889309
15.35779
29.432661
23.257204
26.166414
33.988808
28.161392
36.959858
22.779299
39.216732
31.980213
22.79696
33.502533
16.366747
37.741264
25.120796
37.20047
33.99618
18.64886
24.98072
24.78469
37.8521
17.569078
35.522255
34.199104
17.518326
23.777657
26.524683
21.44202
37.638756
33.41435
28.636719
19.042763
37.465
38.351315
15.012516
22.381062
17.40033
18.185091
21.255276
19.770664
39.198185
25.626081
37.843315
34.32431
33.522327
26.686584
28.543562
28.275467
18.687065
25.757673
29.709974
33.6528
37.569805
25.917336
20.819504
18.986734
23.924486
30.626623
36.11576
30.073006
28.623322
36.347607
28.81067
23.726381
16.715582
18.55631
20.936905
18.928436
25.615955
16.125793
17.649061
39.806442
29.221415
25.119005
38.53903
31.476154
24.304266
30.657959
40.36113
22.939459
16.140448
28.725246
23.45521
30.948597
32.005962
34.50588
18.110847
15.031799
31.910618
34.191853
17.13353
32.72098
19.73712
29.048847
34.95366
21.430231
16.81488
15.98387
19.761856
27.404621
27.881721
39.854614
39.359085
38.692043
16.372988
39.325817
39.677734
20.186438
18.0264
40.20473
35.259827
16.449053
26.902348
25.87746
35.371162
38.235023
32.0931
31.719624
31.885187
37.435787
18.630758
15.169521
23.58809
16.49354
30.402596
31.528717
16.136572
18.252167
18.243824
37.494545
35.542408
24.67975
34.80152
33.93092
35.762947
33.930992
35.249905
20.448313
25.7443
30.81355
39.4859
20.990757
20.094028
35.880566
39.045345
27.817057
26.45273
15.092248
16.65384
25.015518
37.589012
27.27273
18.062864
18.005823
15.259877
32.43395
38.62027
18.358667
31.958683
24.446672
28.885878
31.703293
35.81536
36.50935
24.526556
36.494877
35.118694
23.398777
19.711565
34.978344
26.19803
38.582226
30.277752
36.81197
15.731834
40.92885
25.04552
28.503716
37.94316
36.978977
30.840326
16.065113
36.597095
20.513023
35.01077
26.102028
27.232859
17.507484
22.533186
31.938524
22.64336
23.473684
19.153988
32.30954
18.257473
19.645647
31.44479
40.660065
33.785515
40.51667
19.131723
25.152882
15.25586
35.819862
36.609173
15.113982
19.4008
39.206127
23.159431
34.83414
34.242275
37.5938
31.073704
34.397144
39.683212
37.44727
17.606134
25.519579
33.927746
39.087753
34.491367
16.264067
21.633762
25.547415
19.61755
21.927282
25.84367
36.448917
33.370403
18.406029
21.94444
33.925556
31.150436
18.9091
26.17557
32.692856
39.614098
39.00964
25.533625
26.040815
17.30104
24.722137
38.31466
25.736502
22.483557
21.54012
30.99083
30.610092
18.310398
23.185154
27.635181
25.943022
21.616266
21.194609
36.688553
23.685188
17.129343
36.415146
38.505245
19.998804
27.233246
28.97087
15.819053
39.65975
22.926018
34.33945
38.03898
38.44293
26.16761
21.796618
27.113853
34.77635
31.418694
15.678675
39.597855
22.669413
20.84736
33.664875
16.50382
21.20397
23.416739
19.595753
25.548965
25.72255
16.865221
23.220575
15.477594
34.25626
39.452503
15.706476
27.288055
39.70564
33.26829
21.743814
18.396187
21.82085
36.886986
16.646755
25.035152
23.123453
40.200413
37.974987
23.521587
37.57002
22.372047
35.891983
38.41059
31.978712
21.029951
34.727177
27.01716
34.023064
23.052011
40.023777
31.299238
26.942907
24.595901
38.731083
25.67765
40.030663
38.38746
25.139406
15.01074
27.421785
27.70509
35.657806
38.646633
31.751545
16.984035
15.599262
38.243614
15.835789
32.513268
36.764797
34.87919
34.691788
39.309044
23.807629
18.860968
15.93577
23.922953
34.110283
23.607628
38.877045
35.678722
16.222097
28.985693
21.474318
16.630775
35.78151
25.568096
17.728
39.3989
15.286942
39.422913
30.052958
37.957214
15.082071
39.245842
35.709442
31.441963
31.485739
33.91753
27.465597
29.091457
30.123653
18.896969
20.323133
25.542852
20.208576
32.25466
34.358475
17.884254
22.76753
17.604515
28.514921
35.096962
38.629147
35.710777
21.526972
38.821552
34.361088
31.126617
24.06632
37.742714
30.28704
18.863365
26.669548
36.311726
22.2147
20.794617
35.04091
34.011646
23.570547
20.26693
31.919184
19.919226
27.264303
28.218908
32.855858
16.928825
28.795288
27.003132
25.972563
18.677448
19.864912
15.060327
25.048874
39.946373
17.073986
30.612898
31.137365
38.113632
31.16046
29.624912
28.310902
31.09295
32.672684
40.418274
38.11796
22.118614
39.975227
34.53984
36.854893
21.721977
29.04872
28.741892
31.859816
36.29425
27.672197
36.268353
29.690939
34.741447
39.26579
23.031822
38.272934
37.911293
21.92365
19.721485
40.878075
27.708096
23.98139
20.399616
24.154621
34.110573
34.839283
29.724396
37.32311
32.668774
20.70196
30.579397
35.13193
32.480263
15.397205
19.59515
31.196749
17.131832
28.50104
39.81577
26.944056
26.642076
20.62308
29.593716
28.53733
37.0513
30.89575
32.688362
21.884993
31.979155
36.462776
16.499027
20.112516
37.206722
20.07692
33.380863
32.72682
37.138527
29.793793
40.071907
19.109213
38.86142
22.18814
30.402292
34.943867
29.440895
39.520794
36.661663
26.722069
31.082008
25.849117
19.268368
40.558086
24.830585
17.200567
28.714182
21.21082
32.601997
34.618565
40.150776
21.425978
39.498474
18.141714
39.43932
20.496847
17.612246
28.592001
16.002136
34.287334
24.810715
24.424376
28.395403
40.869213
29.361126
16.829758
35.1645
22.396166
27.676027
39.785324
40.248665
40.870506
31.947191
30.810469
38.969173
23.054043
38.984436
36.81372
37.465412
23.93283
19.18716
19.605421
39.33568
34.866276
39.250214
19.402851
38.194748
37.834194
21.942028
29.969011
21.877699
27.041145
29.091854
27.903158
17.099672
23.54567
25.784119
21.040684
22.523764
33.552544
20.681923
24.921885
21.394321
18.53962
25.387897
21.853596
40.160534
21.486338
24.799526
22.214626
24.845242
30.12927
32.527348
20.345394
26.306486
35.39077
22.618296
35.61412
36.994434
18.909985
17.062735
19.066349
17.32379
33.951176
21.862629
33.44158
29.362028
22.872536
26.799541
23.28021
39.176216
37.809364
17.465044
24.345898
26.886377
17.258675
36.602432
19.653063
19.240877
17.847988
21.35744
21.015972
17.35939
21.729343
19.647028
36.225513
24.181612
25.760147
20.529089
38.711575
40.11492
36.915794
38.1923
16.86351
31.391825
35.224617
40.984142
34.057983
15.728022
22.92398
27.756416
29.883121
34.014603
34.50698
33.731514
34.049698
28.982864
34.8625
21.078848
37.04457
38.047905
33.80695
33.439907
35.70863
15.867165
38.96439
30.75152
15.610839
36.54267
21.172235
32.89083
17.341978
21.850899
31.37315
37.901875
36.666172
26.401594
37.299267
36.86236
18.84516
21.207134
22.16322
20.810602
39.389782
35.786465
26.041037
37.576553
20.995108
35.632793
25.665285
15.846883
35.48004
32.641808
33.942432
24.343252
36.179234
22.927153
22.666706
27.60395
28.42455
33.34269
38.62334
16.53309
23.505362
26.985888
22.557379
27.617783
30.811274
34.97448
18.329845
37.512566
27.737967
20.868492
21.991343
27.551735
23.376198
25.252357
23.47382
31.673946
38.00602
25.196877
27.134443
37.22993
17.982698
18.588446
17.481247
19.192839
30.727747
24.642939
27.06838
36.402206
29.228012
21.314302
40.769558
35.646233
17.697618
17.76295
20.421425
17.623468
25.872084
17.566635
36.174324
34.123837
30.780884
21.936558
21.796139
34.13019
17.784115
21.844044
32.645573
37.965496
33.160976
17.668207
33.064415
37.09698
24.60213
16.742579
38.534115
32.75754
39.58506
31.008793
23.100117
21.155897
16.800865
16.87795
16.288116
28.720856
32.553078
39.355396
18.01968
15.561457
30.36329
38.502216
30.880259
29.123455
21.895596
16.386845
20.50093
36.88404
38.751087
20.822706
20.785831
36.85046
29.685736
22.392979
29.250498
21.614578
30.369387
37.53105
24.832012
29.76419
22.930544
18.755392
20.19006
23.563288
18.221094
25.550102
40.73869
23.98725
30.987082
27.837482
17.43181
31.435303
26.946068
32.506565
23.671122
38.7414
15.148568
18.04161
24.613398
16.465994
30.940546
40.93714
19.62475
16.875027
26.345865
18.29119
35.662685
20.498777
31.752045
19.736002
18.962482
21.712015
23.409655
36.695507
38.56263
23.38827
27.445105
27.851437
31.92474
23.354853
30.838566
40.655117
36.186592
37.111546
23.133167
19.739416
36.432617
24.074778
21.51863
28.165565
36.774403
22.470358
30.371899
22.58196
27.004429
30.92175
34.339314
18.57733
25.119488
36.76709
35.60929
35.77807
36.105972
40.18711
29.151491
31.56971
36.037342
39.33731
28.387815
23.715057
31.754837
22.851704
28.01263
25.596554
16.185726
36.321663
30.49398
15.328105
17.69902
36.65228
32.164547
33.561573
24.806831
30.559992
21.75059
18.455809
18.99024
24.899008
16.688982
37.981102
30.461761
28.990444
28.647
35.49958
32.27217
38.676884
25.28638
18.392086
23.32765
28.436396
24.50272
31.394693
26.60399
39.56389
30.12313
38.26312
25.127682
37.164017
24.359632
23.400766
35.139503
32.498646
34.192608
37.16636
27.2644
40.093258
36.298183
26.719555
20.482159
36.93046
16.135317
40.46812
24.22654
30.04513
31.37281
38.44778
35.036312
34.884514
25.96346
23.295921
29.839754
25.908
22.861973
40.872902
34.174976
15.075002
18.635242
24.039883
22.43151
31.105814
40.02805
37.61954
32.544453
30.6991
32.92419
17.146208
31.480505
22.250977
22.082445
38.654495
26.326094
39.044506
29.528872
23.460602
38.820854
38.36476
28.551207
20.658012
20.775524
25.543394
34.86825
32.87942
23.971445
31.548027
24.736471
25.76927
40.85966
37.405598
21.508043
22.56639
21.660686
30.485062
15.469041
22.213778
35.31182
18.46382
28.663347
22.492664
40.11704
30.66337
32.847416
40.82056
32.92521
19.363712
18.722898
30.55808
33.19557
19.692223
36.158592
15.936923
32.40515
37.73159
38.240234
28.051403
21.910925
32.602768
22.675922
39.748627
23.600342
23.452635
36.3371
40.707344
25.446924
34.512516
30.529377
29.513231
24.433428
18.692379
25.964386
15.118242
40.21322
32.537033
33.3435
23.714516
24.351257
18.7943
31.965918
40.758118
26.019217
19.331625
18.838375
15.64568
17.615084
30.6863
30.390434
24.377005
20.935638
33.145847
30.088932
33.429226
30.251059
31.928946
37.997044
36.023327
18.914013
27.773628
32.637863
37.981274
24.981306
34.038208
23.399443
30.45213
30.734423
32.281868
23.157516
22.928171
16.955904
18.215569
19.7943
20.17698
27.351799
20.900259
21.856035
30.983162
37.60608
38.118298
19.718992
40.92338
17.211096
37.95519
39.32308
15.790975
32.438934
36.802677
18.784122
36.741486
21.60164
37.230515
37.010433
30.748095
19.094027
23.473036
35.82606
32.53588
30.621004
19.638054
37.04282
36.806572
32.48206
40.169373
21.424847
32.27037
28.818645
19.580547
23.55421
31.769167
40.32609
31.026386
15.232748
23.605423
30.089706
16.889957
38.244984
40.08362
18.9255
19.236742
35.058826
34.226242
15.889232
39.723892
21.3552
28.6439
21.463018
15.351358
19.154772
35.619137
15.337134
28.302986
21.749332
28.606216
25.675203
23.049557
19.64736
16.554113
26.284225
23.871996
28.307775
21.727612
30.20662
21.011862
19.562817
35.031437
28.909607
31.76752
33.32041
40.23495
17.46802
40.028282
26.388426
37.95
37.919758
31.97505
35.07756
25.73212
31.318907
18.97488
35.61667
24.255306
15.919621
19.058233
31.35366
39.153244
26.394718
39.791416
36.217228
15.824867
23.025982
37.84315
35.978916
16.269743
36.398994
40.092953
28.482166
34.84887
22.293486
31.740395
27.194319
37.759018
19.180819
32.54812
31.189566
32.963852
15.023587
29.087778
28.985264
35.342617
16.917837
20.65697
35.530983
35.89729
16.526741
29.3965
39.089146
20.001656
28.22521
29.06116
25.748001
19.880823
39.408154
23.883553
17.872208
26.777328
35.510754
23.019281
36.923195
30.58999
23.94741
19.1732
28.770956
17.16431
39.396618
18.180195
18.870848
21.86826
25.64229
17.550344
29.49348
38.60487
36.5278
38.287117
35.57268
15.993167
40.487064
17.648563
15.675962
37.091496
39.58784
26.945337
36.10397
23.742405
25.055609
27.955677
29.189693
25.385874
36.841934
34.08632
25.495316
27.017622
24.959665
40.01962
17.793936
15.861989
29.027853
16.261044
40.475395
21.283783
19.752491
18.737438
33.3299
17.4812
27.914972
26.395384
17.54001
17.581913
34.848286
25.610243
40.151176
38.907074
37.35166
15.140321
37.29274
40.372982
37.527676
25.34691
15.985965
20.26781
18.121414
32.44983
31.502522
33.970814
24.599566
24.69934
19.926308
38.574062
26.428015
38.519234
21.823444
38.821777
39.789673
28.912117
38.73978
20.299963
20.330023
21.716854
15.6221075
17.38909
21.426052
35.669342
27.198847
21.13516
30.944923
35.64174
16.85782
15.899562
37.49196
32.92148
18.623238
33.415714
23.743248
33.940327
18.460978
28.71057
15.616296
25.47502
32.330643
30.241611
29.752964
38.01482
31.154915
30.555084
32.07202
17.727772
31.191063
25.78875
40.994457
35.25609
28.16656
24.422558
20.352795
16.432604
32.98008
15.82319
28.966429
25.93394
29.771187
37.3335
28.398182
19.87242
17.72643
32.9255
35.50298
19.37754
38.11659
28.765533
28.037735
18.329227
33.749115
37.432976
31.822266
20.578804
33.271988
20.988745
28.724253
37.230072
27.579418
21.607594
28.086948
28.851583
39.946987
39.068176
32.12655
26.852665
21.463125
35.037464
38.29684
24.67944
20.82587
26.791203
20.652004
32.973522
20.638245
27.779617
31.833982
31.384844
34.96258
15.277698
23.46928
23.341406
27.083565
38.251965
35.48052
32.752583
40.18169
21.530704
24.10143
25.358917
22.933344
37.382175
36.229652
28.240215
24.93062
18.6855
26.15978
40.855015
27.253443
21.02135
17.710026
19.908377
17.528534
40.214825
28.288855
16.331291
24.374237
39.130276
27.543781
17.703728
21.257092
18.848114
29.892687
23.564823
36.475594
38.746067
23.45868
26.227398
34.238464
33.462505
39.712807
31.9504
21.61923
28.237022
32.474545
34.621704
33.545883
31.703493
39.82823
38.464935
38.923786
36.8535
19.984367
37.707966
17.49205
26.59298
20.147758
27.63689
37.077904
26.082624
16.050383
19.008247
24.54072
29.882586
22.96488
20.403522
32.886627
19.814636
38.735397
40.7838
27.78675
31.410007
39.645638
35.23875
23.046446
24.82871
36.78974
20.723047
26.449957
28.216232
24.019733
25.434465
18.844284
21.606033
28.514107
29.411947
38.328075
35.68144
33.54517
18.918102
27.97576
25.977968
22.1186
25.219471
15.654134
19.437378
21.816797
17.489275
22.178013
20.617113
37.39833
29.731083
25.303572
31.31407
34.489025
24.858288
39.872417
29.879074
35.045837
37.363
26.796383
33.078594
33.18303
33.36935
33.51251
20.002754
34.42066
25.290049
18.039633
16.223831
34.448788
39.79128
39.83241
15.176967
31.09639
20.319942
25.25563
18.564915
35.35221
37.058537
35.69107
20.481213
34.005493
29.846766
18.041098
34.901268
35.75773
39.345383
18.707699
25.208403
28.50223
40.516502
19.002615
33.50198
31.876623
22.355993
26.383564
28.577347
16.163956
34.737427
33.913685
36.672356
18.151398
31.213293
21.905624
36.342842
28.651167
33.66812
32.83872
22.15949
15.046551
38.829395
23.327204
35.311142
19.446564
25.816015
37.16923
32.654602
16.816013
28.140406
27.32106
37.268642
37.79344
36.879158
36.017612
29.149998
19.817587
24.088415
39.200157
30.331583
29.653759
30.964128
33.913727
18.40848
38.44469
15.733498
33.401436
20.224573
21.006147
15.812854
18.249704
29.302965
22.245745
27.378538
39.127945
38.495792
15.304219
29.17112
31.418192
39.284176
36.30146
32.089676
32.344555
27.176615
35.415455
27.931656
19.089415
36.734184
33.430405
31.495193
23.822674
35.893524
18.861
20.184546
16.57234
21.463636
35.293102
34.24567
37.429203
29.940107
35.676662
32.807804
19.705256
38.11047
37.96504
36.018185
17.355059
18.316942
30.715473
33.730934
37.221077
31.697931
30.048805
32.44742
21.478605
21.247192
40.71204
38.504257
22.032719
23.109695
23.895786
24.866434
24.55927
27.175726
22.9291
39.306858
35.38379
16.739937
33.00762
37.23997
39.456676
17.759562
24.706501
25.025925
16.30999
21.076113
39.187817
39.173054
23.070604
15.857471
25.73299
29.540329
17.356462
23.472324
25.513758
40.377716
28.197083
40.02653
39.361076
21.84122
31.996458
26.871016
27.699509
30.480707
28.99594
37.533436
25.785301
30.122494
27.696598
28.730867
32.919643
16.554901
24.26511
30.388418
34.40422
40.473907
25.074053
36.918682
29.664452
27.25731
15.217026
39.409554
37.186424
23.309656
18.09096
15.823049
24.696844
36.956474
32.952374
33.82525
39.360893
31.165274
30.73138
26.447657
31.68124
29.732016
33.326588
30.422802
20.252
31.995588
40.106117
24.741997
16.554771
39.629242
29.404308
30.750744
17.579493
32.60662
22.430687
36.927338
25.21111
36.051525
32.19722
37.38286
25.043741
39.35419
20.821806
33.075726
23.567217
23.673344
26.880478
32.751648
29.51658
33.742058
36.357624
22.699865
26.583359
30.756731
36.18312
18.559074
26.658064
17.052423
18.34711
18.611677
33.30667
30.25402
17.147717
38.27237
16.27942
28.641592
28.253824
15.807335
19.508595
26.579624
19.954617
33.712765
37.272545
23.033588
34.21944
34.63661
37.986496
27.43371
30.006062
17.24491
22.426334
17.444578
21.632301
24.014322
15.099793
16.560564
38.965515
33.57481
39.95017
17.87089
19.686337
24.931746
34.610878
23.824457
38.947506
15.664122
39.024868
18.37343
40.37565
39.02571
34.40117
31.485834
30.553265
35.76856
17.201414
36.691338
36.870083
15.463294
32.1326
34.060627
37.94756
29.10829
25.967773
25.81767
20.71707
37.89985
26.424847
29.64551
26.671911
24.17807
35.304127
27.669939
15.815121
19.768229
26.618633
39.091927
16.389633
22.205
22.546795
31.488297
27.604189
16.656996
20.695377
21.91165
37.2579
26.761635
33.38122
20.094215
30.418303
35.03542
35.42355
32.29676
27.12223
29.042337
21.284275
17.642439
34.445717
17.083107
33.30202
29.136795
33.228664
20.81063
32.236202
36.999035
40.241932
37.88205
21.370716
34.41589
22.648941
35.525394
34.02257
39.378353
33.240883
29.72891
25.458889
40.872776
16.114029
16.653692
21.946468
25.371737
21.209616
18.825363
31.941334
38.306374
18.45126
20.678085
25.271294
19.000715
20.09173
20.104305
31.572853
40.409843
31.320444
20.80618
35.214462
24.927605
30.184963
16.449722
20.47127
26.515877
24.44422
39.890285
37.812325
19.456223
25.09817
39.068073
27.819313
31.13609
34.028004
21.56496
29.476608
16.455608
34.433044
34.26896
38.355705
22.677246
17.56482
25.110264
29.562698
21.839516
17.635887
40.4129
22.225733
25.217216
36.72031
36.048523
32.77008
34.7345
38.964714
35.28406
31.261618
33.72342
20.49329
16.982447
32.695248
25.969423
38.01705
16.645706
15.26303
33.59658
31.347107
23.682377
20.357376
39.019188
30.763702
27.236177
32.34803
25.922644
39.50715
35.93049
24.0171
19.035488
22.53382
23.963297
25.94474
18.31558
37.11978
17.129787
29.108688
22.09744
38.89656
17.554892
37.494114
25.734005
30.468082
21.18565
39.605946
33.314842
36.884686
31.423326
40.434025
28.154324
26.939621
15.667806
28.642118
32.91692
37.50538
33.001858
17.535091
20.48327
35.941635
32.760487
26.704168
19.959368
20.983604
23.310562
26.158466
36.592644
31.458923
18.008623
30.221678
21.782478
16.683342
35.009727
28.505947
35.85904
38.44972
27.367863
17.870743
19.853182
20.15196
29.69847
24.432703
15.091406
17.774908
25.566235
30.413118
15.1238165
26.233099
29.716387
16.89295
39.22922
36.855904
27.285273
16.390976
20.54043
31.69333
20.206112
22.588848
20.694124
23.756422
29.16841
36.497555
34.83343
23.30793
21.694508
34.89299
19.777796
20.883575
19.16446
21.944035
32.223404
25.851067
37.950367
34.61474
24.948904
15.003494
18.213982
30.642927
35.174885
30.93573
32.376415
20.680744
24.461931
38.766865
37.786373
27.528316
31.830946
24.148687
40.69343
39.29999
17.150692
23.439661
25.275452
15.83325
26.261364
22.425814
40.17427
40.683617
32.789364
33.03439
31.761415
26.6446
22.157198
40.113083
34.18567
22.889877
30.903828
34.537144
37.146896
26.55569
33.10459
38.65853
37.295555
18.864536
21.416136
29.425827
18.175018
17.737036
37.070633
25.380533
16.70376
35.247
29.004929
26.174803
19.337193
39.245453
33.234016
31.257677
34.25388
32.012527
23.564608
15.941302
19.178518
18.89193
27.79342
16.185545
33.784145
38.52079
23.646069
16.128933
15.008561
29.488478
15.886321
16.645746
25.075089
40.041126
40.261814
19.023556
27.525352
27.794355
33.251102
25.232483
18.151814
29.324808
28.938278
27.19686
19.360409
32.981945
19.765266
33.98197
30.198706
26.294586
24.398115
25.872967
40.052567
17.942564
23.49256
29.950035
25.844378
31.421879
40.755356
34.95334
32.458496
15.252604
32.371815
23.983185
22.074661
40.861897
28.606157
25.895351
16.107634
36.120213
27.180325
18.128477
23.531473
23.917004
30.897999
15.139787
17.509415
31.13291
23.904587
31.627499
32.45535
29.898638
35.96016
28.282608
33.920578
24.126411
36.15118
25.939753
20.029472
25.95812
20.578222
25.686306
37.580364
36.99497
24.73063
17.740788
38.382996
35.956623
32.4955
16.726137
33.92143
27.763573
38.047077
25.340366
35.011494
38.944653
38.22412
24.366543
37.76427
18.74229
25.426495
20.46599
29.872332
28.321352
22.548634
36.26311
20.00298
26.08308
34.016376
37.857094
21.912758
15.243887
26.60493
33.08533
39.790173
32.559376
24.389608
29.615217
38.28859
26.35731
25.917294
35.255524
29.728838
17.88877
28.48539
19.755487
18.03121
22.415142
24.276394
37.79918
34.07898
15.419091
28.02
28.904682
34.4208
34.86103
17.84103
21.502089
16.486828
40.49821
30.000235
25.591228
40.823498
17.941776
36.34645
27.06954
24.244474
28.347868
16.472301
37.07243
21.250414
38.422024
32.802048
25.482904
20.587673
29.761827
24.139011
39.14424
29.39623
27.47099
23.561241
26.248917
29.039694
35.448715
17.978071
30.878895
22.415232
15.791459
29.14637
39.736973
18.309002
28.339798
35.494278
30.735682
26.192577
37.56144
22.711407
36.299763
28.748571
37.682045
18.738441
22.990253
31.368633
39.258717
21.525291
25.372517
33.884674
27.236792
31.725851
19.927673
39.874153
31.938684
21.358719
20.246218
25.02292
28.404299
33.38707
21.744606
38.234142
30.035713
26.157171
24.710087
33.439404
25.594517
20.683916
26.605911
18.398226
28.258411
15.883019
28.25862
19.164722
17.664402
37.023396
15.800965
17.355288
40.64905
39.909515
29.058529
29.868713
35.742058
15.60244
27.445044
23.290253
24.37751
31.849463
32.370872
25.85372
34.258026
31.816223
22.671043
18.54078
37.34
40.201393
30.623714
21.664175
20.504059
37.36291
34.75688
20.111702
23.132933
15.696075
29.83059
31.32034
40.539654
27.17761
32.133877
37.005005
27.472237
18.726137
37.550117
38.683994
35.766693
36.828377
24.721415
26.123201
18.628378
26.741638
38.082073
38.96391
32.99247
24.507065
39.53324
39.003834
24.947477
35.994392
39.095192
21.868883
19.301456
36.247818
40.000645
30.143007
35.028786
40.513866
20.382093
33.416195
29.556063
19.506067
25.957901
26.165714
22.628847
23.697447
37.93655
17.903255
18.846773
34.730793
37.73523
35.60076
22.862648
26.397907
15.048489
32.050266
34.711918
35.062893
28.30464
21.518133
36.7721
23.890882
32.61198
25.821735
40.44741
28.792446
15.923925
31.78659
15.832118
26.605152
39.34157
28.93463
21.326763
15.707743
26.22414
16.209328
28.464653
19.998558
15.092249
28.560974
24.051706
30.968788
15.185877
36.29549
15.130958
15.462365
40.97835
26.232735
20.253689
38.638214
22.949648
19.925358
27.07242
22.636873
22.48674
40.456783
37.366615
21.50231
34.90568
39.66704
30.270267
20.021109
40.279564
36.04774
18.691101
22.31505
21.00846
20.00246
26.694458
33.259373
21.881884
27.68657
24.970562
28.097898
32.761288
21.220438
29.412058
20.987503
33.949524
39.712627
18.299477
37.628216
35.816227
18.234735
32.62544
28.621637
31.312418
26.657112
35.684097
34.749077
20.634699
23.084806
20.2106
36.972282
37.488785
21.525602
32.075947
38.6333
30.154064
28.377129
36.825916
31.066517
21.865444
31.337606
31.198397
18.634542
35.9055
35.424866
40.161633
15.061161
19.239592
37.93083
32.986668
39.858204
16.528473
21.343742
39.400425
17.629652
29.917315
26.538063
16.96153
24.08503
27.127167
17.86188
17.45933
34.705536
25.064198
23.144457
23.357035
25.180159
28.414082
39.101448
25.083364
18.965315
24.503317
24.132994
40.322586
26.620478
31.086237
18.089931
35.36113
31.933477
38.65593
20.225988
30.019674
17.273056
25.37919
22.258816
37.73274
31.092566
36.820175
37.230423
16.93357
16.057512
30.244246
36.68751
25.060347
18.881027
32.48311
18.594921
38.220287
34.625084
31.094135
40.35035
27.83165
38.96172
18.861364
31.286196
22.40915
25.687248
23.562498
15.124407
18.066595
31.643843
40.365776
34.99274
33.28126
27.12668
23.222464
27.816046
31.997667
34.841133
16.185247
21.163628
22.244183
16.523386
37.709656
37.963917
35.09405
27.449123
30.68522
34.890194
33.02314
37.228794
30.194923
26.676264
21.499958
18.524284
17.816004
15.138432
40.989082
19.620646
39.652122
34.26037
40.45749
30.147858
35.226326
19.3399
19.943872
27.671469
31.866253
38.90189
30.784258
18.35719
16.277388
26.848978
29.682972
29.463484
23.627254
31.151964
26.976173
17.027388
26.652735
30.274254
20.155882
38.78272
15.0548
21.479843
33.005642
16.08611
30.759289
38.19187
16.544678
25.425156
25.499374
36.64891
36.385525
27.94428
25.614807
35.24866
30.08096
38.347744
40.96495
37.173866
17.569128
22.525585
28.417114
30.162827
33.92151
30.29706
25.498606
32.616898
24.256615
15.7775135
34.490414
16.630064
37.90296
23.04844
25.492353
27.980652
22.678053
31.046785
16.803978
16.642855
16.495863
36.888416
38.342518
38.955845
24.423487
23.201979
18.758537
18.230803
22.778315
20.473223
25.41198
30.281263
31.890308
17.88615
34.4357
16.129787
21.749651
23.696245
39.740574
27.97402
27.91826
22.782286
27.005669
32.387775
22.80434
30.697165
29.448978
38.687878
33.682358
28.274366
26.488623
26.415077
31.686518
20.645664
28.2814
39.9574
31.414072
31.38689
20.565031
26.4869
24.745392
24.432457
21.232357
25.585836
23.021069
23.385643
34.63024
15.205943
24.811888
29.900497
27.702879
18.934416
34.175816
17.922531
23.788626
17.932926
26.516802
36.74916
15.13146
25.371021
35.94338
21.107306
37.98264
17.692804
19.370815
22.744196
16.545025
31.635937
22.518707
33.38897
35.95206
28.564514
25.42664
31.366295
25.975279
36.38252
22.143742
23.629702
30.218744
16.062044
22.843653
25.531065
32.185703
24.650637
32.77464
30.25407
29.79222
35.51466
23.17529
16.51322
37.65455
39.530624
36.56942
30.856415
33.79139
29.954073
30.699533
21.707817
20.259132
16.775627
19.766378
34.149147
23.67773
35.516407
34.612827
35.361336
35.606697
16.620125
35.023556
22.634802
38.2952
40.86671
35.40766
20.905424
40.457237
37.562416
37.789555
30.884674
32.412254
27.653902
35.254227
18.026106
38.183548
33.36894
40.77609
26.806822
31.961264
23.503887
32.7064
22.101292
35.713776
33.058186
19.102467
23.78627
39.670574
31.558733
16.55237
28.139374
35.901897
36.122036
19.182455
26.080208
35.284657
19.06964
38.130226
39.85174
35.771294
37.742367
20.9237
40.351013
31.067507
24.05159
31.92886
32.992012
33.576866
25.26067
19.310127
28.719917
19.784742
29.507435
22.794415
24.594803
28.130901
27.658554
17.937565
23.224072
22.859617
15.229253
38.562664
16.24686
26.338074
20.306934
23.572939
30.059923
36.898308
31.684803
15.437608
28.023327
29.384851
39.74169
33.307335
34.49562
21.27977
16.996862
15.936567
30.222006
26.52863
37.723637
38.373245
33.835304
24.005495
20.523277
19.722162
28.5284
31.931927
24.340612
23.196314
32.31811
29.504456
21.045532
36.141415
18.74435
24.486921
16.409475
22.751884
16.33465
28.588562
16.073654
19.792318
27.713085
21.075655
15.935868
21.796688
38.843826
37.25396
25.275259
38.9382
21.573498
26.211237
15.889515
32.045948
28.37277
31.523445
21.53656
35.09017
40.976456
23.505318
37.052876
39.86623
36.48274
32.025337
17.663145
26.577951
19.395962
24.907188
24.201008
17.55437
32.083736
32.50413
23.228333
29.429466
21.167969
18.159788
34.370377
15.77277
21.480724
18.958187
34.576935
15.379414
30.389677
23.417944
38.474506
23.211346
31.534214
20.599854
19.492216
25.32721
40.31212
34.474167
16.02421
40.046528
19.818035
36.333252
20.533873
17.064573
29.358824
16.537281
15.210279
38.267517
16.157127
24.945093
39.554863
20.593077
40.40343
35.009247
39.106388
34.44021
26.428127
23.703823
22.404858
36.851974
40.438972
24.205444
15.250067
38.979015
16.005617
24.562391
35.328163
32.17664
24.271757
37.46377
34.359512
16.496954
36.73678
23.659979
29.063917
23.307865
26.372534
32.587822
36.444126
24.304295
21.827328
16.317984
23.15636
20.27242
23.51788
21.06952
27.06647
26.626076
27.521515
28.225594
15.483005
16.95512
29.354515
38.03644
15.013596
32.60879
16.958992
20.01023
20.50851
17.68273
38.519432
20.36921
39.135445
16.686615
30.091381
28.888199
22.27209
16.640032
30.448606
24.934246
34.608185
22.377377
30.041346
33.59087
24.616232
35.438347
15.507133
29.377178
23.380281
25.078716
22.786982
23.261644
23.66458
18.656857
34.573566
20.422234
28.059145
19.934633
39.554337
29.519096
20.05677
17.676989
29.71133
15.122926
24.996107
27.342802
19.800863
17.381554
38.948032
33.630222
30.059929
31.00936
24.827595
27.172947
29.172653
31.248426
28.281384
40.779606
37.578865
27.57743
37.230297
21.266577
31.3182
36.63363
32.340206
16.155308
17.777002
30.065287
21.14812
40.288414
24.941578
22.846382
30.08904
15.76449
17.06023
28.9623
32.248756
21.499823
37.97779
28.314726
30.310404
32.19586
18.830214
35.195927
31.867706
36.52454
23.273132
16.747015
34.04542
24.93918
40.967068
27.441721
24.197495
28.677029
18.653368
32.82678
27.346132
27.24003
21.828737
28.501816
24.979982
19.923777
30.762543
32.636196
17.84723
31.810205
36.39995
34.19723
21.459518
38.04782
18.55523
38.503517
31.165089
40.213978
38.723454
18.719261
37.85477
35.08686
20.825031
26.469763
15.631848
17.25061
23.246494
38.885296
37.10705
22.615206
36.652164
27.069992
26.372435
18.153353
22.215202
24.24436
20.162952
31.939953
28.152897
16.62445
26.23225
34.925327
38.749794
16.47771
40.549065
33.78162
31.413706
40.734932
25.563406
24.632528
21.73337
16.039778
40.496655
36.509617
29.992922
30.181644
15.377279
16.974323
21.147127
30.48479
19.374075
16.50282
31.872696
23.9159
38.87122
22.951694
18.984777
15.424367
37.68472
16.705587
17.244099
38.34395
24.837214
18.9536
29.379025
29.561407
34.388336
27.949537
29.008154
24.597254
26.960306
27.081728
28.072874
21.74559
39.803535
28.111355
34.375645
23.984552
37.514637
33.033966
31.868614
26.4958
20.84927
40.677
24.448465
40.32095
32.464836
35.3669
31.187262
16.934761
31.883131
28.782574
19.165361
38.32944
27.480648
32.457653
31.371298
22.58124
24.894247
19.302216
15.494874
15.810116
34.872578
19.98538
22.863512
33.945087
31.308615
26.053272
27.25827
25.772377
25.956354
26.252726
18.894733
28.370462
30.16467
23.689114
33.465305
31.225483
35.854057
37.16756
19.813313
16.07253
19.91691
22.349878
22.545597
27.82273
34.239697
33.205315
29.689123
37.812958
37.625374
39.641457
40.358475
18.054586
24.03704
29.1722
23.324917
26.159498
31.788813
33.013054
26.364042
25.186092
30.577578
40.08966
28.307837
20.775032
21.57933
18.103601
34.83834
29.633816
40.22631
33.020355
25.23391
38.681305
19.73635
33.12736
40.515377
28.977728
31.983313
35.15596
25.738317
24.942717
34.87767
31.869043
16.538841
39.30325
18.068771
28.98715
18.464275
29.715487
33.48547
28.358707
17.106342
18.068823
15.999377
25.876034
25.603317
36.107464
34.325027
16.796799
29.688953
33.194317
37.16386
39.851357
25.139801
39.79392
20.55402
28.799625
18.208878
21.565546
27.40548
27.946815
20.432453
25.834661
37.280167
20.535572
39.058075
20.65027
39.619278
25.902763
25.265764
40.637722
16.825058
16.822372
32.340633
21.42093
40.87194
38.551632
25.004047
17.51498
24.451965
35.755764
15.221709
27.279476
37.05202
30.707384
32.98096
34.775013
37.815468
25.939817
32.76584
26.179565
34.55839
32.87931
29.757317
27.7985
17.89067
28.889273
34.147457
31.641493
15.034726
18.630466
21.380014
37.041454
21.63988
31.674168
30.61642
16.855091
27.65778
22.901098
17.274841
26.411669
35.174488
21.377113
40.101334
40.565998
15.987351
15.117315
20.906034
28.963602
18.669922
31.43348
31.833511
37.94052
16.885681
35.405388
28.835363
31.35708
36.791473
28.42485
38.874393
30.104496
23.51413
16.731922
40.313557
29.025097
16.88877
40.39601
40.929195
30.551367
32.914936
22.290262
34.0369
40.49604
35.71676
24.265842
32.329655
25.114866
25.185871
21.95342
31.201807
31.815641
39.941
16.402363
20.568623
18.701576
17.7556
28.113844
32.49016
20.513973
18.185053
24.9323
19.269371
18.478691
32.76756
39.730343
39.118282
37.0628
36.877796
38.855446
27.9724
37.712288
30.080183
29.902466
36.58228
18.268618
26.658493
15.534156
23.622564
28.951431
20.891256
36.79269
34.23264
25.546623
18.597406
26.628262
21.139317
25.7534
37.494236
34.21665
26.310854
17.521048
27.989777
21.045746
32.952915
24.645388
31.17434
18.72182
32.58089
24.897043
37.980972
21.979475
23.889368
29.517939
36.75222
28.474892
19.188322
22.04951
21.780638
21.6003
16.286951
37.145485
38.783035
23.778156
26.87993
18.274143
26.723633
39.476837
38.727108
35.029255
20.918715
33.53528
34.21661
40.14605
37.9356
37.29226
34.262535
37.257877
36.441265
16.486673
25.912346
20.931187
21.860954
38.92838
32.52529
34.58102
40.4749
36.53489
40.93213
35.49599
36.411087
31.487381
38.597683
27.391338
36.884808
31.980238
33.48157
25.660486
40.99067
35.321453
34.028843
30.810055
33.370396
24.987038
36.521072
39.44018
34.159782
35.64069
23.879684
25.571505
32.760784
38.100742
31.937326
38.122074
35.18974
20.769558
18.179155
16.90194
35.020393
31.136305
30.005007
21.620085
30.27038
40.622208
24.67454
32.087894
30.972433
22.258049
35.271393
33.0552
36.6267
23.466997
32.25865
23.929466
27.248085
17.571398
24.496815
26.005674
28.302572
31.550507
22.956707
17.77376
18.46922
30.04675
16.78368
26.372604
19.869375
30.651344
30.855713
40.323883
37.172432
33.095814
36.526913
39.306133
38.817406
23.1341
38.85917
24.918741
28.48224
38.62074
36.318623
16.137665
35.88782
22.573713
30.649889
24.478971
31.04123
27.85632
35.4398
20.763374
23.102922
30.520603
27.743795
29.81434
34.204964
15.825604
34.071877
39.424297
33.752666
26.476847
26.017424
23.487904
32.009487
16.72924
23.860922
28.328375
25.095112
40.65374
38.59204
21.932213
20.919239
22.088818
31.967337
20.059696
33.028713
21.581024
16.457104
21.01295
32.86313
31.964573
38.233826
38.220314
36.494194
23.138142
22.715939
26.735243
15.566678
30.067745
27.604464
18.24989
35.863865
20.077766
28.83641
21.28798
28.687983
34.08789
30.427668
16.868532
24.076193
19.611979
33.78941
33.121475
34.7653
21.055481
35.775917
37.088097
29.773378
25.131367
17.457983
18.253763
26.484125
28.060083
33.41498
24.237297
28.199848
38.627377
26.199886
20.500826
16.271511
33.144463
30.555513
22.945904
16.119394
34.888226
18.94641
18.826115
18.72549
33.694885
26.019804
23.533382
33.50881
29.03868
18.720255
20.504614
32.887386
18.147942
34.956493
20.74725
25.285826
27.494013
28.955305
29.29682
37.864822
27.334242
29.736092
34.29647
40.829166
22.898487
38.50109
18.327908
21.81328
40.27923
33.160084
29.125225
27.548525
18.11861
29.69473
17.867401
18.78394
23.781473
34.61645
17.872337
15.262281
18.86154
40.383236
18.704689
30.44573
23.588762
30.31441
36.461685
38.640774
18.988905
25.278898
22.315666
28.189285
25.492245
27.23119
28.268902
35.47294
35.096394
22.530659
29.515823
29.620691
23.159014
38.90367
16.80968
17.0141
19.429375
19.894207
25.795103
15.952823
34.023376
29.69766
17.395021
33.172794
32.704918
39.38365
28.029837
35.30206
19.057169
30.68767
28.698679
33.794365
24.91048
29.787586
29.767057
37.398228
32.739418
32.77995
35.682167
19.79917
34.649597
20.93232
26.776522
31.715538
26.04564
23.211645
39.822624
26.433228
38.10489
38.075146
25.065739
23.532389
31.777105
18.05885
35.08885
33.389107
37.188663
35.310394
18.053335
20.927784
38.050396
27.886393
36.6108
33.054855
20.951494
35.371143
30.096037
22.222233
32.267548
30.172155
15.487915
26.648792
38.819008
19.709358
18.064629
29.8709
28.387089
28.638733
15.681505
36.49799
32.727257
29.237278
27.164148
39.316853
26.8163
26.12527
33.436604
21.218245
17.726948
32.61289
15.693681
35.812202
18.745005
30.132263
26.178526
29.053322
37.126858
35.45226
17.941017
38.71495
23.241198
34.67214
34.32946
21.131353
26.746765
26.351587
20.907537
31.269348
21.928827
32.558445
15.99045
24.896143
15.350156
38.10173
29.058584
36.3776
26.56804
40.766457
40.93402
36.471207
28.827087
36.97806
17.794676
33.370716
27.35821
23.997988
40.85278
33.21437
34.197464
35.488472
28.838854
15.286304
18.284054
24.083246
35.309345
22.220734
32.005066
24.462286
17.235476
24.661154
16.325155
29.352549
17.332844
31.031818
22.172644
28.86295
28.155775
38.346386
23.849194
34.61068
15.107349
31.308676
16.888374
26.207289
40.2055
20.353012
20.009216
20.846748
20.697544
26.726835
20.594006
18.974136
40.429928
26.235683
21.465242
32.312286
29.256933
22.850842
33.645004
38.88516
18.711592
15.022486
25.250513
15.100501
22.663902
19.246225
38.71301
23.440681
17.75602
19.198544
17.102728
23.8594
24.030952
40.58671
39.500904
31.593346
17.360788
29.751287
27.080542
31.77165
18.032421
22.014484
19.840815
23.942371
36.163216
25.785158
38.785656
15.433981
32.49598
20.511316
35.745388
25.33129
34.56203
38.71361
33.010822
30.76892
33.203255
34.53836
35.48259
38.23191
15.008255
17.536179
37.13405
28.601713
18.344873
20.70246
23.244402
17.79736
20.360712
22.208437
32.07934
23.035185
29.575209
26.706718
18.479689
17.967012
23.501387
30.612677
17.164293
36.255424
37.1122
28.343231
23.461569
26.506096
19.906008
29.137108
19.65481
29.901033
26.827522
26.78571
36.159595
27.362812
17.365133
23.371382
24.34732
39.628815
25.772411
32.93985
21.987059
29.225773
39.551052
27.926264
38.998745
34.00867
17.084492
40.109276
24.493715
39.66457
32.62585
22.885267
23.924572
39.380524
39.720875
40.734806
29.574276
22.736275
38.585896
26.896055
18.585337
38.806118
20.962889
19.464941
36.262947
40.440712
17.538107
27.409422
24.4818
17.748453
40.137703
17.315311
39.68435
30.907282
33.60329
35.07368
16.17917
15.611717
38.502205
30.174936
28.231102
34.696175
17.641867
15.792248
16.780666
22.774471
24.7344
31.417093
25.53844
23.096766
16.497292
32.452248
24.670721
37.24897
37.97769
24.872622
32.3261
22.806042
24.952501
24.831963
26.848166
29.599371
20.883307
40.92346
15.677863
15.869802
37.094666
40.694916
28.669678
39.25167
21.596226
20.974228
21.829006
36.269535
24.2836
21.578423
36.32384
33.82818
32.12988
36.0597
27.032019
33.037697
21.419106
21.284395
38.85608
27.639353
25.074986
17.845913
31.570866
38.28428
15.702596
25.580252
17.064837
25.965765
29.087767
32.782803
24.494137
15.017415
40.588272
30.11771
39.089264
18.26307
38.102936
30.666122
25.137358
40.140892
26.119211
26.077288
15.008757
15.922749
23.716702
33.366474
24.004831
28.511337
29.343634
17.546322
15.274636
32.72145
40.68513
19.983274
16.081253
30.43791
19.0067
19.138332
36.294315
16.591743
31.983204
19.181461
40.143475
35.50732
33.213127
40.861523
26.988222
33.847103
38.36982
15.968743
40.142693
16.116974
27.255928
21.744232
34.639828
25.493904
15.904112
40.67122
21.22738
40.59906
35.306633
18.225174
22.85907
21.763311
31.358374
34.36517
17.477283
32.318386
28.162235
23.816246
38.9795
17.495775
25.97289
27.522848
18.918789
31.626793
25.744251
25.045738
36.709442
17.511051
34.498024
31.130066
37.891983
30.056938
15.545134
21.189749
18.357527
39.59647
36.9688
34.03339
33.339687
38.638283
40.717407
27.799623
23.45283
25.246317
31.157408
38.77476
16.088829
18.71807
22.000807
38.53323
17.08002
30.785141
36.148827
22.671387
40.694416
38.170135
28.182749
30.297861
23.749765
38.007755
29.984941
29.398628
29.916454
34.374336
26.28743
25.212624
27.124727
29.968798
38.822468
30.833801
34.400112
27.849424
21.18888
21.398067
20.421469
22.054626
29.549974
37.418633
28.629433
24.922186
18.843288
27.100925
26.808575
30.970388
18.309313
31.79821
40.724945
24.315628
33.835884
23.161734
19.62129
22.775057
33.8668
34.99422
16.155426
29.03906
30.437725
23.333153
16.713022
17.597242
23.27942
22.87033
17.934183
23.46287
30.867674
18.456831
31.76397
15.164625
27.801426
15.14747
20.370146
37.960785
32.95489
39.006584
39.867233
35.779785
27.476542
15.726862
15.944057
40.002483
35.897156
31.00572
17.212711
31.875252
29.361217
35.5786
17.380133
21.079302
37.31031
26.826338
17.189056
29.7806
18.82413
19.953619
37.48344
31.3459
27.264189
32.878376
17.724072
35.834393
23.867304
28.176775
31.813345
24.36069
37.50026
24.696255
35.1838
27.473774
28.914167
32.779003
29.763342
30.807808
24.526382
30.430923
18.65065
18.434555
27.009811
37.2262
36.117554
16.583502
21.783943
30.25509
32.900856
37.694572
37.87882
22.002768
19.65423
35.129673
40.58268
29.689495
22.901604
24.293137
29.785927
15.307569
25.866568
16.39744
37.998524
21.358013
19.148108
36.65942
27.64488
19.12011
15.371133
23.323536
16.429775
24.179386
37.660973
37.582542
20.320747
21.894802
24.074244
19.202301
40.00691
31.503435
26.964155
30.456205
40.571045
23.641058
25.666574
15.836149
37.551334
18.19953
38.86381
28.930662
17.570963
31.64709
27.516338
22.847267
22.278402
33.20514
26.348368
24.604874
22.467995
17.605186
27.53133
31.0334
38.94002
20.542288
30.430132
19.891611
25.911333
15.3962755
38.060154
35.150497
39.60212
32.309715
16.248724
17.688358
35.001274
25.291637
25.402967
30.005066
25.752352
21.658554
29.256676
21.986818
27.604002
20.82951
36.002
24.239027
20.933266
22.259335
22.807491
32.053814
18.47702
23.124454
32.88223
18.689878
16.59635
19.268156
40.96648
19.31642
26.150593
31.867264
38.41247
32.708996
40.372177
19.299797
16.864695
38.58415
28.010456
24.773233
15.957213
34.320885
34.452023
27.415594
39.416256
33.740948
23.527143
35.736618
21.489534
26.606163
18.27622
35.633923
23.719416
22.539902
20.07724
16.449072
18.73536
29.191145
28.22463
29.971064
40.961605
25.63336
22.301844
24.739885
31.919432
38.226765
35.50446
29.520258
22.148891
21.4714
34.4476
15.395851
16.683262
28.73973
23.930803
21.57682
26.480011
33.20135
39.635574
23.718538
32.245396
17.738657
25.795183
27.317055
35.685436
18.201244
30.503292
30.576818
30.374294
30.958029
24.517431
19.038832
36.15167
17.379997
16.16528
26.212444
39.244164
30.62279
29.276196
40.471615
39.15116
39.87711
40.937366
16.556482
18.744028
24.11637
35.313396
30.16376
33.998123
23.29472
22.770134
34.314426
22.310337
33.934982
32.10796
24.454903
31.450533
34.09484
31.836748
15.577817
32.853493
31.810963
20.114107
19.041239
23.17871
21.294529
24.22054
33.220127
16.848509
24.388018
29.259539
22.641504
27.620703
29.091885
28.147633
32.834797
19.16022
16.331142
34.898834
36.77149
35.044827
38.555614
18.709913
17.47318
23.673244
25.254051
37.41733
40.134872
35.139694
19.011024
23.523685
21.940224
39.297123
17.346933
32.180878
36.638218
30.951996
22.255232
20.2693
29.90571
19.416847
29.087324
19.026659
24.5379
27.49238
29.234413
25.557072
19.588865
35.359173
18.916924
24.99054
36.72685
15.82975
19.3159
27.06481
18.27413
38.944954
39.267185
16.466122
18.668806
31.994259
36.78794
15.392272
26.415932
37.697895
25.816446
25.490902
18.988058
38.50934
35.719925
40.57784
16.590258
30.779932
15.361453
15.354805
30.222315
32.873074
18.8159
16.722736
37.05084
22.223673
24.18608
31.226425
19.746634
39.809227
30.394207
18.668125
40.14775
18.53209
21.31005
17.992273
21.376179
40.608223
38.125977
27.170338
24.366285
28.215876
21.500465
20.004358
34.65562
29.378426
30.66541
35.51962
19.243834
35.33871
17.428982
27.93139
31.342989
28.52799
40.804535
33.047638
20.922667
29.640785
22.857416
18.408958
37.09581
32.297626
18.28538
37.469135
18.596367
26.310884
37.23461
36.68394
28.86731
35.664585
28.902231
16.502962
24.607769
40.977337
34.58737
22.948524
19.020523
26.438148
15.026935
39.717865
27.456198
17.988161
34.08826
25.559076
27.668116
32.866997
23.189932
20.048311
27.471802
28.550686
30.18313
20.835245
15.245708
39.578697
16.84993
22.925663
35.41485
21.801012
34.661102
21.634558
35.826557
33.17167
36.98495
21.470043
24.757723
30.373566
21.54992
19.397854
20.185358
29.279936
23.637646
36.688156
16.907505
22.541111
40.219383
38.860836
34.119026
17.430958
22.047592
22.122412
17.126894
29.495483
40.575768
19.127104
18.03223
26.516874
21.503494
28.896667
19.41132
38.839417
26.729958
21.297915
22.29553
26.19945
33.548004
23.603878
19.080036
35.859703
18.022186
21.35405
35.38389
36.069065
34.668034
37.980972
30.339024
34.652077
30.786123
35.485046
16.3034
40.878044
29.103354
35.816277
34.5735
25.668056
40.735172
31.561146
21.314049
18.668621
25.906288
33.034817
25.627861
32.754135
22.353779
22.943237
35.456284
31.115887
16.885313
25.406746
38.830856
37.253563
38.176525
19.32615
35.88925
19.906017
22.565395
38.824303
31.023823
27.241077
19.337893
35.81056
40.548473
25.47008
19.797846
25.592518
31.349781
20.460869
29.27545
29.898855
32.130817
16.893751
39.15255
38.679058
27.061207
20.038137
40.96928
32.610275
17.91453
36.323246
24.725325
30.36848
17.104284
24.534475
32.600517
18.410606
24.422161
15.687775
17.493279
32.266212
22.73748
38.417477
17.011702
27.151781
40.43423
34.058857
33.85094
24.097586
32.94221
35.514812
16.851896
17.716663
32.36137
22.466763
31.460003
27.247213
24.88346
16.523134
29.789255
31.56436
32.48283
35.49443
23.04545
29.484049
24.178095
22.142096
34.673927
28.87135
21.05912
31.469175
15.270942
29.81742
20.228792
21.903805
18.034105
40.46375
31.826616
33.572475
28.326206
30.929361
26.381283
21.268023
32.787983
37.23603
32.881916
16.688156
16.359304
21.128542
35.16278
34.053425
21.554508
17.251505
25.463808
15.309309
35.386528
20.27113
15.359417
15.775249
27.445663
37.219887
29.64061
18.324223
23.812805
36.593872
26.19047
15.959584
17.723156
25.547213
22.410734
29.001654
23.195362
21.90472
36.337196
34.00471
34.20229
26.653519
30.224262
24.995775
35.3835
23.076328
30.0841
31.65972
38.785828
24.75347
38.43335
27.69105
18.66727
32.2877
27.330456
15.690745
25.010714
35.795357
36.6793
28.707424
38.067905
32.959328
40.72984
32.80516
36.99036
18.753712
31.724052
21.886084
19.402727
16.827122
25.715576
29.404003
29.63545
21.970879
21.733995
31.576122
19.257473
40.100452
15.669827
29.232958
30.535929
24.74284
36.52381
34.542435
31.498722
29.149595
16.994184
22.50222
30.38711
32.844635
16.768251
17.315117
21.45934
40.66794
25.339554
