16.43287
18.240536
31.885717
24.932692
29.970505
16.972315
29.15341
25.646172
18.817158
25.90468
22.257343
23.178112
29.724808
28.14576
32.783237
38.74348
36.666782
21.421106
16.167984
30.82966
34.707226
19.528265
18.508465
34.03182
28.640001
24.43456
19.513372
29.084007
36.23846
40.268127
37.01076
32.8214
37.99062
28.938618
24.488392
28.57665
17.790033
20.672773
22.770945
27.34347
20.210817
39.36142
30.127634
27.933025
19.716047
32.28825
31.855679
36.30393
31.43188
20.547089
18.699566
24.264088
29.965502
28.253212
15.342972
29.822815
28.153198
33.515522
17.64968
17.614157
33.595528
28.060297
28.331774
20.017467
17.369808
29.383512
19.287865
35.86885
40.405823
27.357616
38.980995
21.987179
28.668821
28.329865
30.915405
31.130915
20.514652
37.923267
16.523252
38.45715
36.36503
38.98745
40.58681
25.071741
22.19664
19.445595
21.698675
19.839554
18.24601
16.144924
28.201902
29.266436
24.802753
17.242071
29.55404
17.96953
31.99703
31.140944
28.123356
27.020206
22.08273
20.549574
27.052605
30.273922
40.8761
29.833727
22.015116
23.69389
31.730293
24.518908
24.439896
25.63056
32.709423
15.528718
19.096926
23.036442
19.471468
31.546333
15.810812
25.67591
20.777624
18.747211
37.51031
27.532206
18.516266
20.074974
34.823326
17.818905
15.663029
28.218721
18.99132
37.27075
29.694132
19.498867
16.004099
28.718748
37.628307
37.979923
27.545357
28.347109
22.093382
20.302485
36.591335
17.484549
37.5968
33.96297
23.319384
28.300236
22.525002
27.068556
38.36018
34.354538
17.304869
35.95601
17.36683
22.59747
28.63109
22.486982
33.37597
31.112734
21.696514
31.318693
15.500523
30.672832
32.95827
32.99765
36.12065
16.00084
21.13065
33.33552
23.92892
20.526976
35.81639
25.199993
36.93768
30.38319
19.471302
35.589806
31.871012
39.39659
35.242783
18.662062
26.240728
28.922571
28.63104
30.241064
22.845144
34.50109
40.892475
27.261969
33.431484
37.524696
24.637995
30.588694
20.827124
40.374344
35.17457
19.694473
20.971865
33.80921
32.796722
18.804697
27.972889
37.789352
19.45518
18.275555
26.555979
15.364944
28.013268
32.218292
29.10107
17.783611
29.647202
19.677761
16.827118
25.547329
18.854729
36.035213
36.630753
36.792976
38.007233
25.729166
40.585114
17.07571
40.41361
16.874508
26.16975
29.401896
28.45996
36.90873
27.929361
38.188416
21.547318
36.005676
35.448704
35.71776
19.270334
23.67088
18.28282
36.613358
18.563087
39.66892
29.79632
24.877222
21.383818
27.232145
20.742311
39.112022
39.918648
36.36132
27.851057
36.692303
31.255049
27.952623
16.700424
40.854626
19.008951
35.471813
25.704573
17.944038
33.48522
31.945108
23.184343
37.384243
30.609278
32.147705
18.17225
36.331566
21.088486
27.044708
37.856895
40.427765
21.045021
17.775541
32.386116
27.584394
21.707703
37.77172
31.125147
29.311459
18.658468
27.959238
17.405445
31.7457
20.599829
21.42064
27.301878
30.238945
29.642902
38.378147
38.04039
35.13446
15.711294
29.908058
37.26518
28.189436
26.814306
19.407982
31.583933
22.994219
30.663641
28.512274
27.561577
20.694006
29.39102
24.887356
30.64747
22.336334
21.969757
17.137478
39.397923
35.24773
18.351633
40.912766
19.795357
24.985468
39.301014
40.235245
31.46741
16.615509
36.44145
29.044842
30.173702
25.335184
16.125624
16.016222
15.054982
16.789377
22.397799
32.808636
16.82875
23.82142
30.538511
24.084755
16.367506
34.855106
27.464567
40.870827
31.91014
35.621685
36.603046
33.129337
31.533964
30.525932
38.7662
34.776592
17.454374
20.58777
23.024918
32.80163
16.221006
17.601212
18.611523
31.628988
29.943792
20.919783
28.478474
32.416904
36.30919
20.107798
21.297674
16.593658
25.336382
19.589346
21.405834
19.60872
36.57517
18.381996
21.4845
30.611664
29.761702
27.019747
22.60912
30.5706
16.825209
18.849865
30.709661
35.20325
19.578289
26.03084
23.456045
22.017603
33.425293
23.763697
19.114822
40.74539
36.9878
35.55657
39.019264
21.500526
22.673136
21.652485
23.953207
29.105867
33.901257
40.14284
17.969719
25.205591
20.95746
21.744215
26.948837
40.01675
35.25263
32.733654
39.544346
28.87241
37.149788
32.11773
21.07777
17.07008
23.455187
34.75319
38.408424
37.96306
35.17409
17.842064
17.841642
29.718517
18.195808
15.991811
20.732895
39.715065
23.199636
37.860985
38.603844
38.163853
26.262636
33.30363
25.306953
30.21109
18.402285
37.8806
36.058605
38.516125
36.601376
29.623596
26.006243
40.098194
26.73959
31.017838
36.403378
28.106167
34.29553
15.311803
30.436945
31.089417
27.685017
26.467577
19.284704
17.334448
39.665905
34.332924
38.07608
35.880512
38.36656
34.946297
21.088036
34.938942
29.184696
26.278513
21.728346
36.614693
26.055113
18.170008
17.641676
28.064901
17.399446
39.740025
24.619795
19.528135
16.447863
20.124306
32.90525
33.019306
39.562218
37.040344
29.948664
25.909073
23.692053
22.384352
16.71298
37.092834
15.159279
18.831684
20.213661
26.00334
32.594418
34.242584
29.14208
24.33214
25.036594
33.56757
26.140047
20.99909
35.96158
24.901999
27.57658
28.645258
33.31648
33.35684
23.523794
30.723597
32.51677
39.49277
15.036908
24.122957
15.800693
38.207367
36.81416
21.184866
27.338121
15.170075
40.845524
34.95886
33.05529
37.167423
34.754955
40.590935
31.26392
16.05088
19.198927
21.85109
26.872557
23.37237
15.904882
32.979626
36.21004
26.247557
39.71635
18.268358
35.305325
20.5046
38.35716
27.091602
27.84497
32.756084
30.535448
34.463184
19.968988
16.674503
32.478836
26.619518
25.567667
18.456701
33.0253
33.61516
39.80655
40.230236
21.99007
26.466063
16.23358
37.984783
39.68702
30.98702
30.011957
20.504164
33.20368
40.14376
18.574171
35.729782
17.312336
35.476326
37.307117
19.00374
18.745262
29.949278
27.755219
33.720016
15.9703665
27.445623
27.267828
19.054678
24.574266
28.045092
38.01923
23.651154
36.893
17.21383
23.893988
28.404184
29.626234
15.081322
35.857273
21.816164
40.829124
27.091707
22.119387
33.792103
37.896587
39.49053
18.655529
24.1946
16.938044
28.344187
30.456366
28.997751
21.286272
27.0883
22.261915
21.458965
38.7924
26.962423
35.470695
32.370308
20.029524
37.112446
17.41804
32.15603
32.560898
30.628326
24.281954
16.350494
38.024124
37.333588
35.501827
40.820866
28.941147
25.75442
25.78474
15.99142
26.884424
19.369974
32.526146
20.281456
38.912952
21.981827
33.78602
39.986397
25.037464
33.83936
20.838703
15.911652
25.882341
20.01921
19.753916
38.21151
30.682493
17.480688
16.468565
16.090307
37.286648
25.205444
15.373272
30.290764
25.934198
18.878473
32.56459
15.624414
19.230978
27.678873
17.603292
38.191654
29.969984
31.922628
17.871088
35.39403
40.22636
32.535946
21.432552
18.358912
39.501556
30.63661
35.68603
23.976826
18.599876
21.862036
24.026728
21.394287
33.39121
25.506624
23.24712
15.51004
30.64713
23.017273
32.464333
33.790173
16.73302
19.94478
37.991016
40.547714
21.097303
22.060192
35.75577
28.724848
34.21937
38.01894
31.631054
21.170935
31.961185
39.692005
38.341038
31.42721
37.11304
37.08211
19.498753
18.10897
18.332405
17.604324
24.761374
37.118763
40.64519
19.434214
37.09443
34.12907
16.212273
27.613138
17.700165
16.040667
27.15959
39.648956
36.29224
40.452755
29.928448
22.461845
34.08844
38.573734
18.823349
18.698738
36.144936
15.456412
27.217821
17.676184
36.47023
39.959084
22.224504
36.510307
17.733679
25.41401
20.543879
40.353836
35.32316
24.627346
21.676756
39.084023
21.008204
19.539722
37.718887
19.271563
36.52952
34.64418
22.551662
34.809536
24.062658
32.08831
25.401192
31.192617
28.693176
19.279963
22.458628
15.11069
23.792414
34.771046
21.537949
24.757334
29.497643
35.211407
28.59296
37.052444
15.377181
15.244998
29.323614
21.839617
34.800552
17.362968
38.072357
28.042677
16.535725
31.933512
19.744482
34.752216
32.659935
30.895832
34.582092
23.261612
28.9975
27.93565
28.2796
36.18355
16.98755
23.352291
35.14923
18.951748
18.136515
25.282457
31.82837
39.24893
20.024622
26.463337
19.366179
35.201065
24.21275
27.29784
26.435137
39.538944
33.335243
21.627266
21.883913
26.35232
31.16642
29.321848
30.881107
19.547869
31.512836
15.567123
25.495152
37.67127
31.410414
24.554234
33.713863
40.364906
33.294903
21.17479
26.6278
25.4066
29.566206
28.27602
37.784832
36.011032
37.28143
35.049526
27.56901
37.87442
20.588581
20.206978
24.865002
24.30429
39.952236
31.738792
28.240128
31.700052
36.22444
23.256737
33.40917
24.636345
38.178596
27.189148
18.84285
33.850048
22.251041
23.427418
29.039106
19.543104
28.924417
36.41504
33.196934
40.587135
17.438972
40.12555
33.815865
17.452219
25.33232
16.89331
17.08972
38.980953
19.68516
38.64111
24.871616
20.490273
36.889923
25.691217
26.45782
23.1074
23.261242
33.051483
29.47127
19.732477
19.871618
18.835794
28.721285
39.569405
15.622599
32.308163
18.07423
16.77769
18.751204
27.93235
17.090517
17.471878
40.72338
34.764015
35.4666
25.031559
23.780617
25.539925
36.16631
28.483734
26.282825
22.89888
28.534082
36.580605
38.430153
19.311527
35.653267
17.119766
40.94816
20.501389
31.746025
25.040058
24.885416
37.406944
21.506948
23.87515
15.799448
21.064726
25.92074
35.258286
26.29638
38.185944
18.335035
32.34546
25.141682
18.65423
40.34259
27.26056
16.973791
17.689705
39.37285
33.96493
18.029358
15.00459
34.801014
32.315044
26.228321
22.918242
32.853508
26.495865
30.46898
39.10447
40.6219
15.503794
22.04769
19.41168
40.093067
32.901905
16.744684
40.026375
32.261566
15.681533
35.30714
36.143177
27.110918
25.738056
30.812357
40.25958
21.533665
22.20511
23.708542
29.231281
28.105799
38.690243
39.207558
33.303898
15.039359
16.316364
21.143448
30.479595
23.607687
25.397205
31.412546
25.782143
27.871033
39.561253
32.675404
35.251488
22.625923
20.187565
34.127705
32.829086
15.159891
28.12806
25.836842
26.687725
18.613861
17.864859
32.392723
24.0147
31.537737
16.487453
37.43587
19.774794
15.570352
36.173363
15.00282
31.55952
25.08325
20.217283
31.568249
15.271764
15.098384
25.077515
30.165297
15.099943
30.823067
32.394833
35.029865
20.003462
17.741196
21.487738
39.841793
19.76125
27.35799
28.439419
16.825083
36.5278
20.416157
18.565508
17.721506
26.796192
26.684633
36.78812
24.966167
35.68509
24.266747
39.240437
40.27071
20.546946
37.78281
27.287434
34.259216
36.03705
21.752932
26.072214
22.803871
21.988214
19.03897
25.683691
31.271812
30.703497
16.300268
24.090214
33.021694
27.609364
19.076046
37.095062
37.177773
28.604359
30.328012
21.74356
40.961403
32.893326
36.05993
17.847897
35.674274
15.614919
37.9766
17.594503
24.804548
40.15012
16.052988
37.56031
39.666702
37.64209
25.354755
28.88786
32.48768
34.962822
27.484882
25.855724
16.916471
16.129509
23.626575
24.6294
39.5612
26.003756
31.310986
38.589264
25.347214
30.999273
18.758896
32.30594
22.24168
15.478732
24.928766
34.969765
31.204576
18.538155
38.249245
23.879957
21.102983
33.957165
18.422394
35.46022
33.764984
22.236069
19.654688
25.191597
29.351482
15.845853
36.205914
28.839497
34.78865
35.08462
34.24192
15.40079
40.13071
26.264269
31.635303
17.30811
21.41219
38.343575
15.578847
21.602375
21.800735
30.579126
24.659698
23.02087
33.67608
16.282984
21.388037
40.247
38.637573
16.356071
25.082115
15.929248
30.382357
18.908905
35.48231
21.50062
38.89797
35.986313
38.500004
15.316214
27.477818
39.180386
39.102806
29.175406
34.694836
30.745972
16.495892
25.906412
27.658024
23.72563
21.479815
19.364882
26.628689
31.54599
35.1485
21.93446
20.387474
30.565111
21.936707
39.416092
20.620361
38.130417
30.434555
17.054192
26.031206
33.84947
16.357273
17.371614
22.890327
28.980844
37.591724
30.47166
34.29317
26.119965
39.33677
34.514256
35.52995
40.68486
16.012867
26.184694
31.65668
35.099358
29.836983
30.14719
29.609953
28.02629
37.742
38.711845
33.022236
16.520966
38.665676
26.2424
35.271458
28.555044
38.142254
29.19353
39.23808
33.003773
38.600628
16.090221
26.744839
17.89441
23.80613
36.24816
30.71872
17.481352
40.47869
19.58279
40.741783
18.543568
27.278402
22.466127
35.846813
38.19242
29.070103
34.26421
37.165813
17.433172
40.661926
19.924355
33.353687
38.740902
19.058382
33.780266
31.586609
33.99179
36.676716
40.604362
26.373777
35.23319
17.94615
15.860485
21.423439
36.98101
36.242565
30.096535
34.368366
17.000565
27.207151
30.465345
40.283
38.85705
32.15555
19.473486
15.613883
25.914448
37.50481
21.23148
31.397003
26.916666
26.928713
38.715282
25.450077
37.802402
32.29761
21.847645
17.604788
20.985172
33.367252
37.569378
37.983418
29.972641
20.651672
33.4943
37.82631
33.904385
22.948507
40.228043
35.440983
27.354853
22.580734
33.97961
28.470776
29.578312
21.577066
38.706104
39.870193
30.265207
40.733963
29.704624
16.72629
31.834393
38.785328
20.301844
28.379665
19.303288
32.75183
16.090563
37.175762
23.858097
16.949787
37.023796
17.616526
31.388805
35.110413
30.600885
21.684443
38.45871
19.593388
23.366339
37.675488
21.445902
23.77436
20.991062
23.00437
39.92409
26.344261
37.31683
34.135002
36.74284
39.47897
37.918804
21.04105
36.72226
34.621124
19.97713
29.415796
15.394906
19.961512
19.547571
23.227682
38.807568
30.6157
21.682327
23.157103
35.038326
35.962296
28.276203
32.952236
25.789305
22.642424
28.99944
27.80592
24.183033
22.315632
38.22744
38.482708
20.720577
24.425795
15.488968
18.114584
35.252045
25.951109
16.628162
25.335836
32.76518
38.39564
39.61206
21.74198
26.81535
23.125454
34.7142
21.534643
28.500372
17.56065
37.666115
38.653713
33.026016
28.705296
20.292448
35.700058
20.113338
25.030441
32.131653
29.516525
18.766403
30.821136
18.593178
40.42196
27.249096
36.756527
26.313248
37.782303
25.512287
18.712872
40.545296
29.854973
39.767742
35.56245
32.65733
22.656967
23.422651
40.08712
40.10741
30.984283
37.168808
37.033405
38.629707
26.649553
35.66304
22.806742
22.787477
32.50682
22.940521
32.335712
32.535557
33.89683
15.470222
38.23279
33.983875
35.773117
38.591827
21.536346
36.164764
25.95871
28.966
26.039272
16.280693
22.73512
24.624964
31.492973
19.645374
20.279825
29.227987
34.820965
25.330046
32.34535
26.206371
18.884674
22.38799
39.01254
21.625153
37.31467
26.454271
23.352587
25.793823
33.45377
30.50393
40.39672
22.925938
23.554169
34.60074
39.939575
17.477512
35.02898
25.57994
33.3916
29.18679
15.779191
40.782185
33.14787
34.292942
38.40032
28.19231
30.755028
31.928883
19.418755
32.635292
23.535267
28.263458
18.615923
18.043154
22.265371
24.610865
34.969135
33.23038
23.011106
29.430168
29.771246
35.10171
26.281515
25.90545
28.086815
36.765038
24.294703
28.627134
34.860844
18.63347
24.336115
22.787642
21.716692
38.274414
34.94229
23.259598
16.763102
39.499897
31.957518
28.942413
38.575905
22.991116
35.38775
21.843077
36.92821
27.611643
19.415632
18.499678
18.813549
21.4874
32.942432
17.561136
18.839703
26.917973
26.587057
21.604313
26.166595
31.232561
26.199429
25.599646
27.819855
40.81528
16.634785
24.829111
22.432362
27.698277
38.787548
25.515352
31.24928
19.357487
33.697796
27.93841
30.577808
34.644737
23.920334
20.396545
27.771025
26.151102
40.285843
17.010263
31.305998
21.720387
19.685469
15.0736685
36.54945
31.317837
38.574776
36.424934
36.400005
28.008064
31.519814
34.137657
16.154264
31.407484
20.297644
28.727543
34.664623
32.650368
34.81545
21.023844
23.139977
33.64398
24.42699
27.87266
32.786148
36.187065
29.102
37.919197
16.89109
20.387346
16.34356
23.858683
29.930578
16.737347
29.750578
22.750776
23.803375
16.19446
36.68677
19.25978
31.400509
29.659729
19.644634
30.013151
28.37149
22.361326
34.582287
24.663263
31.17108
23.822456
19.763037
16.692623
31.253305
32.329765
28.441954
32.52011
29.62525
20.117167
28.120714
35.046074
18.881222
35.84129
22.031439
15.416578
29.308727
30.348665
25.012133
36.49223
37.690784
30.220972
20.0009
27.274586
36.024864
37.13361
15.002953
31.373167
26.53694
37.674137
25.573956
24.488787
21.08983
23.940918
30.615168
29.843866
29.36821
29.978704
39.59031
18.508078
15.068386
24.906702
29.151033
27.647655
38.729126
32.455925
34.597324
33.86939
15.810542
40.556576
36.60111
21.035282
27.161211
35.602432
40.185844
28.19154
24.10945
36.068096
15.081706
15.585525
28.072838
25.266302
40.26561
15.137016
32.800804
37.206196
28.747082
26.18507
30.148281
32.750046
39.475563
39.849434
35.624123
33.564396
15.621668
19.925528
27.866255
34.723255
38.424316
26.874537
24.666117
29.244602
39.29766
20.17535
31.19826
33.327778
27.956186
21.072506
29.706594
15.608357
28.943275
24.584518
26.057058
29.358187
15.138018
22.529453
25.287094
37.232265
24.566988
20.279755
39.56559
23.900406
22.162153
26.975834
31.822636
34.700474
26.983063
22.008108
28.716612
34.31126
31.860857
31.719646
15.576864
38.367016
40.423695
39.486732
19.493423
38.92179
16.027502
33.602222
30.820906
19.720795
18.243067
16.716618
20.021952
31.347115
33.23982
25.984394
39.996265
39.486057
26.658638
26.518167
17.824514
33.78571
25.380552
34.270893
24.202047
38.09113
37.97498
22.04635
39.745598
29.190842
40.55081
27.98074
40.826847
24.638287
19.235455
39.543304
25.619926
38.69703
30.57142
21.871492
21.645601
23.007504
26.747091
37.086178
27.253168
31.18431
15.767608
35.125137
21.201704
24.226942
23.423912
16.587994
28.785568
34.36315
38.232327
26.10341
19.794743
18.742971
26.394072
16.809431
17.008823
17.262781
33.263535
30.680437
29.894106
32.722546
28.816093
39.639233
26.70653
30.505804
15.17072
36.660408
39.298824
21.020718
30.349539
30.401129
22.588493
31.25185
18.146023
17.288177
32.86394
21.946169
23.225384
39.44505
31.889229
22.193134
19.395226
33.360565
29.113716
23.457478
21.361464
22.780472
38.20095
22.48469
26.223953
33.94617
22.561985
36.92302
18.46826
20.009666
37.61138
18.992113
21.274391
32.221535
15.059986
23.07727
27.590363
24.318699
40.71667
26.739618
38.60781
39.431427
39.991966
23.306318
23.028912
35.783993
18.579767
29.941244
25.828255
30.481112
37.638878
23.895443
28.090328
15.752226
31.204515
23.497967
37.942654
39.168373
18.530462
23.371508
26.60666
38.551437
29.59583
17.343605
15.152722
19.563122
22.10609
25.573036
32.672848
33.291103
24.976233
28.522266
15.273909
26.542398
34.50458
25.58076
35.546207
23.009016
25.22907
40.380184
35.976757
26.988598
35.8034
36.14144
37.153465
32.92279
29.138754
18.754745
24.54595
37.658695
15.527483
26.71781
16.150661
16.043781
37.498264
29.54353
29.352379
18.232307
35.748055
17.797396
22.981205
20.911247
20.654324
40.536148
37.733524
20.546423
37.5917
33.593094
18.87742
26.704565
22.560478
36.89173
39.477486
35.524555
29.480032
38.76827
40.250877
21.491314
15.90843
20.144852
29.60596
25.808195
27.920275
17.3192
28.41684
21.869026
39.40793
39.122692
34.651478
40.598324
38.16705
20.247683
23.09813
24.758436
36.78554
17.656298
19.124212
29.714848
30.575699
15.156627
20.653715
18.606024
19.572605
34.468708
29.363691
20.38171
30.967442
27.401413
26.477354
31.753681
38.25267
27.122753
28.470695
26.745554
33.826687
28.929869
31.511585
20.233295
24.838758
30.411398
26.514666
30.63569
25.650812
25.443642
39.32239
27.744074
18.450745
38.07336
24.711952
40.57323
22.272732
19.013802
16.679844
17.070436
17.963165
39.2169
26.770191
34.53718
30.476528
23.783485
37.090042
26.698242
38.293785
33.33452
39.094124
40.495274
32.726513
32.89038
35.223663
38.88722
17.403214
16.29142
40.048203
17.207424
22.32999
23.24187
26.68641
17.95737
33.5759
40.170563
34.97123
36.309566
18.854067
39.27566
16.076729
38.04719
25.05281
40.35705
34.13845
25.185684
26.116762
39.338688
18.776031
36.10149
30.5861
39.744762
31.366266
26.635872
31.57282
26.817123
30.416798
32.34663
25.986094
20.447945
15.455028
39.848244
22.414461
32.650288
18.473839
29.011038
24.230904
33.900646
27.165113
21.68246
26.207405
16.361305
16.924046
26.548746
21.208954
34.726776
20.921661
35.772736
34.382507
19.237267
21.419926
31.123781
25.664782
22.263605
24.943256
23.458105
37.403286
25.791765
38.922253
37.61327
28.418377
40.12152
33.989857
29.04777
16.929659
36.14258
28.237131
30.887001
32.428402
32.662846
37.425323
28.429358
32.79822
26.437334
20.402788
28.621304
37.769592
31.782545
19.789824
24.527866
29.139357
26.959955
38.371426
39.405033
38.09467
35.873623
37.577427
39.623154
30.45151
34.050705
39.931408
24.395494
39.65104
15.360017
40.41424
31.033728
26.952906
24.472641
36.31513
35.282093
16.422626
17.67982
21.332329
23.174725
25.031076
35.357307
25.43786
31.81554
33.467144
39.10162
21.334812
27.497799
17.110445
19.362436
35.212906
32.660427
23.019104
39.2568
39.947395
30.320826
21.758348
23.174524
32.88833
37.82897
30.428896
38.770576
39.951656
23.055153
39.349743
21.989054
34.85063
25.453766
37.508232
38.874615
32.995407
29.83827
35.110962
23.101196
29.840647
20.157295
37.35227
28.38401
31.275473
16.079678
15.862796
18.239794
37.026993
28.776108
27.208746
37.921486
20.988127
35.927776
39.283253
20.777449
28.88236
35.69739
34.464417
25.771572
15.742574
21.16559
27.010252
40.44952
27.307983
22.56579
37.319103
36.247623
20.632734
24.543139
39.40461
36.714836
37.95159
35.61828
38.2177
37.954433
30.16268
21.054255
38.293633
28.39096
40.164143
18.404896
34.610416
25.829344
33.721024
15.165693
16.515585
23.69679
22.540695
18.153158
28.111551
15.344549
34.799553
38.506306
27.585386
39.33532
34.49065
28.533958
37.627197
31.753517
18.651457
19.024115
19.301847
15.749383
22.782772
38.086773
36.52208
21.764257
17.584433
29.119102
31.616724
40.18318
34.51022
28.061981
26.395916
37.522305
39.583996
22.759508
25.585949
21.682405
22.42095
33.938103
24.539576
35.286186
22.462297
24.089478
20.723303
22.665768
29.058792
27.371782
34.64137
15.678225
34.22777
20.535828
28.576893
40.20076
24.660496
31.838335
24.813766
16.893461
36.870922
15.921809
30.848694
38.616455
32.25407
33.72063
21.510862
24.749525
19.261549
29.595598
22.87752
27.586151
35.90375
37.104187
18.406906
25.960249
37.352757
16.081406
19.805681
38.312664
32.54684
19.036213
29.806202
21.51587
18.387009
24.260956
33.249706
38.949116
22.367853
16.5065
26.654684
31.552586
24.299612
37.59319
32.795364
18.887997
25.155117
36.907894
19.723507
25.594334
38.01485
35.37999
17.137373
36.05133
34.585304
36.234196
15.034928
30.549543
32.830177
15.585719
40.184063
27.814747
36.88109
33.77332
15.100825
25.345724
25.5837
38.218422
17.947311
24.698275
18.787312
22.55349
38.04414
17.584686
28.80032
16.780487
32.53807
34.45668
26.310907
17.300299
29.17357
28.10119
31.51182
31.796562
36.087814
40.702156
30.16998
16.162458
40.08183
27.807861
40.946213
22.92657
21.916172
20.692148
36.39725
22.964018
16.837759
33.70917
15.781662
36.671608
20.765123
23.415194
29.043287
23.240904
27.342657
31.467285
22.16029
29.180565
40.420006
17.607506
40.424725
21.819561
22.421072
22.402632
40.157196
24.165247
21.537697
31.833189
26.86289
22.19553
25.71642
31.311945
24.899977
28.431845
19.002241
23.260843
40.358063
16.469751
15.961725
21.986643
27.034077
24.036552
18.628277
36.269413
23.144732
35.100433
19.695799
37.814327
27.729275
24.573128
27.532537
22.516039
40.573147
26.228287
28.99515
33.346233
33.92262
33.600235
16.993767
26.598806
32.262463
16.83291
15.291971
39.213432
23.993128
35.716362
31.12135
17.947107
39.970837
26.478209
30.848488
35.274593
16.563568
27.29015
27.15295
34.072506
31.127695
16.904566
31.957996
31.37813
21.624615
22.35391
33.70153
32.812874
29.473618
37.22567
26.442898
29.621555
29.676712
27.668177
23.771976
27.702648
22.753025
28.987743
36.52004
16.49081
19.084953
39.465073
23.867739
21.101961
33.905056
35.849022
24.603678
35.76243
20.342278
16.878359
25.007704
36.217537
20.69792
35.137276
40.116383
35.551342
22.436312
27.56789
21.973686
35.648083
29.252054
19.043205
19.87819
21.387102
33.015156
39.54639
19.60882
40.587067
19.397373
23.707518
33.144287
39.70137
38.547443
35.71628
33.487156
17.31564
34.309948
18.959469
26.861616
16.609486
33.171944
16.124405
40.7748
40.118515
15.373407
19.964735
31.214619
29.36889
31.432112
31.442484
25.602873
24.255663
25.710392
34.540382
24.030506
34.397266
38.59077
33.681065
35.772655
19.12259
40.32936
38.394768
37.114323
32.233166
36.720364
38.644817
18.113165
30.232027
27.332064
21.050179
28.084148
18.321962
25.263983
35.136982
38.311527
35.14984
37.127003
21.706024
35.77671
37.009937
31.262579
18.420752
15.536441
33.018
23.094185
28.800394
25.793762
38.629295
36.94359
37.94545
32.675045
25.79736
33.64647
39.527786
35.25952
26.056953
38.86635
25.845274
27.503487
17.86312
18.13285
36.07083
36.359474
21.62988
17.319563
37.218456
16.611542
23.085775
29.528973
31.803822
36.730854
15.799824
17.166176
31.694603
34.40156
23.030327
27.360172
35.225834
31.275143
39.41023
27.830933
22.29807
15.982065
34.4066
24.802387
19.881317
24.462854
39.978157
32.625965
20.115183
15.276322
34.40348
30.406237
21.025867
36.700966
28.864042
32.109688
15.773072
38.166187
19.039864
21.389578
18.295113
40.833256
36.712044
34.674343
37.238003
24.991549
34.165146
35.943867
24.13441
15.343919
19.043861
40.0575
17.94094
29.225655
25.242062
36.499596
24.247261
21.334715
16.388819
21.972792
21.73823
21.646683
34.54469
34.396206
20.82018
34.846
21.83298
26.555262
25.715145
29.82582
32.904423
36.901657
19.781893
26.591959
29.370173
15.816575
28.34016
29.25219
31.636719
34.027115
17.854637
33.68029
40.9377
27.805431
34.97774
22.914925
34.781475
15.081941
25.655388
26.386753
24.519545
35.668503
25.267462
24.662718
22.289795
37.414375
39.60483
29.554804
30.199902
38.30719
39.37728
32.161144
31.289963
38.283203
37.901875
28.690672
27.54984
37.825497
32.638752
29.768078
19.065496
23.305702
30.32154
29.324196
22.229904
33.464405
38.57204
16.147501
29.878012
23.427204
16.094025
20.705698
28.191467
38.217953
16.808481
31.942041
24.267765
24.85758
22.622742
17.409246
24.359661
26.826431
16.918562
39.324535
35.96467
30.91994
40.29918
20.912603
31.180674
16.341948
21.653112
31.748932
28.042583
31.256905
39.17237
35.72416
32.916252
18.961693
35.605495
30.72084
22.44972
24.339697
25.730772
21.127186
24.068197
29.324232
29.802647
22.908058
17.54795
37.725437
26.554409
30.1117
22.815695
32.9641
35.232765
27.41137
20.793833
19.007904
22.095058
39.564278
30.84825
29.120052
34.817432
21.51593
36.194187
22.90708
16.34229
22.286108
29.47708
15.59226
37.83605
31.743572
34.669003
34.44282
18.633194
37.909595
30.407772
19.84377
25.310295
27.526302
19.954529
22.637943
32.363598
22.283855
24.056986
33.041527
33.356552
15.321349
23.17932
19.696018
21.858578
27.39938
38.79605
22.232306
24.01398
35.488033
21.746067
27.099249
17.160091
32.4222
37.00425
20.348827
31.556133
30.746809
18.652046
24.57167
28.989538
38.907867
30.314608
40.241394
38.79392
29.54075
30.880959
26.353033
24.643045
25.765549
22.935007
33.43034
32.377686
28.119839
27.999006
31.728674
40.077328
22.042562
22.427422
16.774645
16.606287
27.668324
24.587994
35.260662
15.94389
16.099653
25.82809
28.751955
31.750887
39.295494
16.648289
34.665577
17.829422
24.247332
25.49146
25.54542
21.40139
32.210163
30.604437
32.784172
25.460173
24.413591
33.540688
15.632558
23.843222
40.899185
40.046253
36.588303
16.128134
38.913296
26.307518
36.07153
24.972359
29.630318
31.838203
36.67039
34.096832
32.88958
28.644361
22.180126
38.75634
29.09971
15.729869
35.160717
22.244547
29.49755
18.491373
18.802729
25.749151
26.544401
38.100346
40.51792
30.702778
17.400599
40.58135
17.860643
20.667715
33.140053
32.969345
32.137966
19.74775
38.64968
40.665257
39.38103
40.537876
31.004307
25.907843
34.22689
40.702793
19.51581
30.141195
39.699814
27.417624
28.626028
16.981081
28.882679
25.109396
31.34612
27.46963
17.033836
34.20542
18.040764
19.356712
16.831537
30.924744
37.013817
35.257675
15.1175995
36.541428
23.572739
34.71094
20.763924
33.003567
31.032284
32.395275
18.099882
34.309402
22.46368
39.06543
40.7156
15.622092
31.903713
19.126059
22.395567
20.747175
18.208817
33.18782
29.439035
39.30194
15.7725315
29.435709
31.687979
27.673409
33.920315
36.188656
40.21052
38.691742
16.953953
31.640656
39.777042
19.838522
33.538517
37.44754
30.018211
24.764309
29.407959
34.559887
20.468588
15.907581
19.211252
32.5013
29.576487
19.087181
25.729036
21.152702
28.20009
40.082943
39.66158
15.027047
20.111935
16.424345
26.72197
40.005238
25.59819
34.874493
32.864204
37.552853
33.366222
18.426937
31.134003
37.54854
22.663284
28.025278
30.850954
18.028927
35.761223
31.670748
37.613686
34.391018
26.776485
21.100342
38.965595
15.892071
22.171665
33.798355
33.466732
33.648117
37.224316
35.746582
26.388285
17.756233
23.250664
22.023657
39.27916
17.651947
38.436382
32.13145
29.25
21.361965
22.7534
30.756678
18.978075
31.923792
30.631395
18.568285
36.15725
16.917624
21.80429
37.606396
17.400393
23.792187
39.066822
27.836102
34.447357
17.465082
25.552944
21.519451
35.939777
19.539474
23.58748
32.201664
29.994686
36.402813
20.164242
27.312529
21.342184
34.459614
32.668407
31.651646
15.888022
20.799122
40.58781
19.356222
37.220226
26.710045
16.6473
36.342644
27.799547
15.6283455
20.05226
15.668217
18.356775
30.340427
21.341839
34.776966
40.36561
34.562855
28.729418
38.173565
22.368011
37.381104
33.747215
19.711882
37.39966
29.453651
33.51398
19.389908
27.796318
37.37403
32.009167
20.31023
23.257664
19.132357
33.36378
20.29542
24.203285
31.229048
18.367853
17.540184
35.176285
28.667456
27.146063
28.637318
28.333143
24.788269
28.26785
16.331947
40.90415
16.707548
31.435043
17.438732
30.916954
39.981426
37.32961
34.49924
28.446522
27.04447
34.206085
39.961742
15.187856
31.954947
32.377655
34.93336
29.24372
27.02906
36.87179
39.884422
38.677673
23.05763
25.220903
16.077648
30.603498
19.972412
31.605309
23.949669
38.365234
17.065674
28.380318
40.19014
25.707844
37.1654
27.396212
28.84365
39.746647
17.529903
18.459297
37.402275
40.014374
37.649326
36.78421
22.561695
26.897938
38.62802
23.352064
36.081387
31.372713
36.37044
19.716042
17.019398
37.100254
29.404642
33.985386
20.504908
35.67617
33.85123
21.470848
25.16679
36.098045
28.78199
19.788923
27.353952
26.368967
29.011202
20.099337
22.363373
20.560472
17.224016
21.589537
33.034245
28.629406
39.270054
19.322046
26.271826
20.81638
29.436785
16.12485
22.332067
21.549236
32.56597
19.332048
26.028212
21.433134
32.987915
32.8714
37.413162
26.129543
20.421925
24.447363
17.946463
31.709665
20.227913
22.382664
38.67229
29.413502
21.692726
19.058424
21.51501
24.653978
39.39619
21.832281
39.44134
25.576248
29.12572
31.815905
33.943314
15.515495
27.294586
25.957806
21.06376
19.292257
39.36785
24.504208
18.016148
37.442516
40.411217
18.100275
25.343147
25.200462
31.551973
24.545935
24.513437
38.3351
31.877436
24.534906
21.873768
25.787489
20.095196
16.582657
36.95344
15.4637165
18.140766
35.78826
38.260887
38.50929
27.84207
25.07729
16.917147
34.923935
29.736547
35.137154
33.738636
33.47147
40.185436
20.383379
36.711605
23.497505
27.041195
16.984663
17.193325
21.488688
33.297764
15.226628
28.630121
32.990097
20.3898
40.30849
33.09991
40.843353
20.105738
23.043966
38.567013
19.616064
16.440943
30.877064
35.379543
37.563995
38.140995
24.125473
32.244835
33.500507
17.171516
40.428616
39.685875
30.543602
35.89973
40.004463
24.8118
29.868956
18.384342
39.508606
15.1280985
23.318233
36.844048
33.04107
37.067295
27.994976
39.111443
17.16079
22.93836
40.826214
30.677826
30.644617
38.07324
24.476053
37.795742
23.167212
24.091507
25.968256
36.029976
22.080076
40.409107
35.90801
19.634018
29.032482
32.384876
39.288765
31.177803
40.303978
26.828472
28.528288
21.96394
36.40762
21.986017
15.598692
27.943392
15.775027
17.57482
18.898466
35.07797
36.148792
18.956068
27.860245
24.395744
35.684776
22.11451
38.1962
26.346945
25.706236
32.75672
39.153706
20.491533
36.553654
15.544621
23.18704
34.03621
39.03871
36.248455
28.046755
27.28726
18.637642
34.433582
15.446321
17.697018
19.748775
27.187965
27.186565
32.855644
31.090979
25.35232
16.901516
16.516079
24.634184
28.732513
37.434967
24.539034
15.330107
21.853785
26.265335
29.506062
29.350754
22.959072
20.36704
17.672688
16.544256
36.158657
33.429863
25.91984
18.381989
25.906046
22.453413
21.410688
31.797947
20.305027
15.392095
32.7713
34.010765
25.145382
22.746588
34.78736
17.6707
24.019905
35.78114
18.845547
21.488424
27.39289
38.3916
16.646948
40.879322
33.070312
36.55742
29.081278
16.096561
28.164597
40.781364
39.574413
15.82803
18.351822
34.954197
15.708186
28.296814
33.98691
21.676928
38.46012
39.531734
30.472326
15.2317095
15.022167
29.663988
40.168453
35.113056
26.831287
26.85784
25.088867
33.314228
25.181154
32.79782
29.641327
21.409393
22.582907
33.53179
20.755322
18.880388
38.9044
30.90869
38.87968
32.107506
23.241081
34.851772
27.538767
39.97707
15.458024
37.27258
31.403337
25.15417
39.391483
40.55779
23.162336
33.727142
24.8096
29.250639
27.874315
18.151163
19.405796
28.800499
25.932379
15.201392
23.334652
24.068619
38.294075
15.991927
25.098946
20.655098
34.20772
15.024973
26.957827
26.051498
24.30927
19.705347
36.44993
25.125526
24.66887
16.788631
24.111572
33.50864
22.133848
39.827023
18.019035
33.084385
26.144955
15.835079
17.395142
39.964764
17.09527
18.118317
28.194342
37.093807
32.256207
15.490786
17.316717
22.93206
25.312721
35.95347
28.900177
34.55262
16.629814
17.313526
26.00148
23.918749
38.515064
24.195154
21.90049
30.115154
34.946957
16.425991
29.248446
39.869404
40.506393
15.878721
26.329845
33.82691
40.578815
19.505749
21.818842
24.732357
24.28697
39.52547
16.584913
31.922497
35.069405
31.501928
19.338892
20.349482
23.337387
31.40529
24.209232
17.731125
37.222996
15.648855
16.69978
26.363684
21.073723
21.568909
15.904076
20.63491
37.053986
19.847036
15.337612
31.339401
24.981564
22.970154
24.29823
25.525389
29.356997
18.981745
40.27622
35.791428
26.436636
21.498465
26.609495
19.703491
20.155024
17.249538
22.315556
34.31738
15.719933
29.241993
34.830723
20.66832
35.783455
25.063044
25.248577
34.529102
20.235075
39.80163
35.573204
22.740025
40.867775
25.604275
30.489342
40.978363
36.43579
16.97622
22.200207
40.962116
15.952724
26.59685
31.995203
16.772085
18.471252
28.63933
30.383509
21.228476
36.04081
39.367363
30.865862
24.072489
15.057159
20.127842
16.715694
16.080454
15.797881
15.766286
19.502123
23.177444
32.580315
27.962698
24.511066
18.119284
15.683677
40.01865
25.707165
38.37631
40.944546
29.222128
21.427958
19.479193
33.765076
39.074875
33.613102
27.276613
25.165771
32.387638
22.045275
40.306477
34.46991
23.532
20.815699
18.796873
18.224014
33.98309
23.026072
31.689888
36.03916
31.695711
19.600016
25.520857
31.180206
17.827204
39.000973
32.9876
32.935307
21.853374
38.639816
22.608606
37.065556
24.219757
39.804268
33.996124
29.964674
16.328476
26.053541
31.95955
15.551321
36.881813
38.19546
38.90644
29.371574
27.386734
35.199642
18.822989
19.906792
39.970306
37.699116
29.492666
26.662088
29.564217
33.09415
16.551285
26.253286
31.98725
24.695814
25.478596
25.415234
15.487757
19.833202
17.691069
33.621983
23.903954
39.396996
30.5274
35.83941
22.757994
15.903423
34.107765
31.823402
29.32048
28.836538
22.799812
28.331867
25.965357
26.76291
33.338768
32.636337
34.980705
23.511887
25.526108
27.799067
36.40929
22.575676
36.870544
28.324072
24.463297
15.807505
39.53718
20.99568
30.59103
29.482338
22.53502
33.985653
30.368883
16.833502
16.200054
31.640123
37.05027
19.289885
33.720543
38.750095
40.82377
20.812231
29.70311
22.564354
15.615999
18.963312
20.592703
35.321255
34.620483
28.64568
34.13637
18.655806
27.641836
35.80195
37.0204
17.881258
35.815487
28.796444
27.312132
18.849236
32.29618
24.683313
19.402386
26.860245
33.10434
22.115131
19.771265
25.926325
28.477486
26.257242
18.089643
39.580257
31.794655
27.746975
19.92051
35.380817
20.42496
39.473198
16.59891
32.281094
18.69712
39.75049
18.74604
39.107033
19.595013
30.323488
40.31264
25.535921
16.754965
40.560963
16.048666
28.169552
15.873777
17.185236
40.860752
35.564495
22.732094
27.931646
32.64592
37.411884
39.695984
23.643948
36.879402
16.45174
17.780293
18.485365
33.486416
21.161955
27.140532
34.18143
36.34222
40.779575
39.205746
23.509457
31.121702
31.792194
38.573055
16.610918
26.159166
36.67973
22.255217
25.126785
21.48102
35.392048
35.905796
29.642195
35.23846
17.815401
37.2422
39.475685
34.3942
31.310741
16.045094
24.459543
23.706804
33.299576
19.833334
22.031612
15.808046
30.828085
30.59683
21.69531
33.483257
33.057785
22.815434
26.703333
19.141523
28.71115
18.4001
25.681934
27.902054
32.64313
22.163395
22.836472
19.725037
29.914616
33.959446
32.365204
24.579681
32.01143
32.729336
28.757217
24.76915
18.182608
31.345968
25.761612
40.221542
33.264187
21.373257
30.988993
39.808006
19.809845
33.637627
20.342552
22.563509
40.867363
21.855547
22.77492
31.062824
32.31989
16.469023
31.228249
29.143644
38.35358
30.31164
34.03888
29.67073
36.31832
36.76101
16.574165
35.09949
20.015709
20.629135
31.417994
36.224266
29.278675
26.200407
25.032736
32.686127
32.599598
35.547703
15.499306
40.566868
26.518906
27.540163
33.673225
25.710405
32.503735
29.802067
24.893528
36.28967
33.12622
20.290255
34.24255
22.576622
20.493711
32.128418
23.278612
19.874876
23.088102
22.86966
22.149809
34.138947
38.439247
29.454506
16.045998
22.931065
20.387304
20.789686
17.057442
37.055927
35.081615
23.093788
21.682323
24.465748
19.318659
30.938995
16.461718
25.842403
30.339285
37.263912
23.519432
38.640434
33.785496
20.540619
24.145441
23.314085
26.159569
22.74984
33.985474
29.953573
25.83349
29.851288
15.885654
29.62017
28.424122
21.031961
19.989906
16.296675
16.179745
22.173384
23.29916
26.55929
30.916063
24.699455
16.575245
24.828886
35.99493
31.249813
29.208673
30.374062
26.856585
16.469273
34.468323
40.11538
27.696283
38.612156
24.412416
36.719624
16.018797
25.631
23.663921
38.474846
17.009283
33.95234
36.239967
20.001429
33.92669
21.237951
31.673538
26.9814
27.055826
16.088207
23.777174
25.777582
28.14696
39.86478
25.572151
38.066223
17.726685
36.593273
35.14296
37.421116
37.181576
16.25194
23.47576
37.164246
36.096096
30.660952
40.700794
32.737415
15.968839
39.65729
17.582521
19.351198
16.13628
18.27363
32.587704
28.732197
36.500782
23.235186
35.4103
31.416302
24.489666
17.246826
25.443579
23.22529
38.564728
16.263308
16.363455
18.315975
39.55672
30.218813
15.723611
34.505558
28.116793
29.537626
19.26162
23.453821
21.65709
32.155968
15.476675
30.722271
15.295155
18.755747
34.963398
30.732206
24.52196
21.444191
22.972471
15.208255
30.580927
27.208971
36.717663
16.820784
26.875374
22.136702
33.060226
20.43009
18.114408
27.603384
23.375355
34.587223
27.362377
35.428505
40.641792
29.760721
35.674545
23.330307
25.094559
25.135517
16.58175
22.927864
23.141905
34.76975
27.329409
40.006355
21.67169
24.397095
18.4812
36.795082
24.358473
26.226755
27.26553
34.603523
16.13158
32.720165
35.872753
20.318905
26.57569
35.512928
21.803848
15.989482
18.70929
18.402481
27.326244
31.00086
32.322746
37.63635
29.110134
27.19853
40.856457
38.61295
23.198622
32.717834
29.661015
27.546207
26.607683
36.2534
23.404999
25.64731
27.05697
22.033226
15.382471
15.941302
38.600086
22.858309
19.52097
40.963253
31.253002
38.226955
23.002195
35.268097
27.11191
34.78352
23.581392
37.94027
39.906853
29.114666
30.927734
19.103676
15.455056
20.261763
39.60688
26.809519
25.057985
19.226427
22.688179
22.61889
22.528675
29.21678
27.382849
33.6991
34.241043
19.415234
35.605732
36.31703
16.360392
30.644377
20.902155
32.23994
24.244421
33.46564
40.792603
29.743317
23.89668
29.966213
18.26194
32.677708
16.309385
29.77282
23.856014
36.36051
20.550201
32.67671
28.647522
25.93599
30.52758
38.662384
18.194174
19.286013
35.511906
31.10334
18.536135
32.57609
17.694695
22.42124
31.265987
18.085693
31.33573
15.600668
25.75332
19.098753
39.378113
29.60985
18.717344
17.319809
32.80366
17.99837
40.51481
22.533083
17.456383
33.726143
15.746777
24.036306
24.579054
19.623634
39.08667
24.75806
18.888302
32.791447
21.59332
15.906825
27.65592
30.7182
16.196577
34.50188
19.969397
30.92872
19.529373
26.200714
17.11209
30.570362
24.828964
35.464455
24.83368
23.503407
27.241371
40.292377
26.17399
36.18225
30.536928
37.50843
15.45844
35.89723
26.9811
34.897243
34.100906
27.79271
17.90365
32.363953
22.929897
38.485218
21.370447
29.731703
21.896486
38.076084
39.286175
25.792587
18.22754
34.88633
25.2424
27.792297
40.355362
16.337193
32.47435
38.65562
29.284946
29.057884
18.401121
38.949486
37.45262
21.522871
20.39773
27.83211
39.584908
25.304245
20.68391
24.051308
30.584045
30.370323
38.51328
22.431978
36.046677
39.76996
15.207836
19.232218
19.664804
31.512642
26.006662
23.249454
34.463123
30.487719
24.183891
30.62248
31.594538
16.861788
27.439966
25.902197
21.24564
23.551441
24.181463
24.15334
17.09655
34.08935
17.978607
40.601387
16.73461
17.484789
18.225925
29.653366
29.438972
28.525415
23.830318
39.998123
29.83322
34.375435
16.612179
20.931225
29.045708
15.295786
20.028954
33.051414
18.222458
16.845379
22.816952
20.04023
16.504925
37.017982
30.195967
27.363104
26.915106
30.427654
23.39265
22.419954
32.982998
18.876232
27.412365
38.92501
34.406525
15.419697
39.225613
22.110247
15.5516
29.395807
21.833939
28.72363
30.180063
28.783731
16.041533
32.732925
21.435863
31.737015
25.182604
16.147676
21.824877
25.164452
40.540905
32.43651
15.691341
36.829166
30.74664
27.643799
40.52401
26.594336
23.047277
27.499245
35.31763
16.164799
24.022669
39.56579
38.170513
28.956879
22.051146
19.78582
15.31645
30.574526
19.632154
28.662569
17.869421
39.7781
26.532267
33.752964
24.701984
23.80274
22.645254
16.15029
18.083431
24.416573
20.443256
27.199354
28.971315
36.204586
26.944847
23.813854
19.180037
38.22237
16.237232
36.455097
18.042753
40.384422
39.763504
23.083164
29.637993
22.735146
36.82235
29.20607
19.169863
37.096134
24.026287
16.529413
17.670881
24.491762
31.82602
36.648487
40.83902
16.22562
20.6321
33.726738
36.525597
15.513686
32.55164
25.16897
26.1583
18.175705
17.306484
37.924545
40.213596
35.044533
24.510643
40.245445
30.745516
17.473875
21.158632
32.4758
36.932674
26.608038
36.91266
17.764174
40.6232
32.923065
18.575424
38.46663
37.937103
24.956762
18.996655
16.448236
22.128365
17.11588
32.585323
37.49251
20.113981
27.981884
15.585784
19.592785
22.344864
20.632504
26.324936
32.026424
23.023533
39.15434
16.74884
20.802355
15.066111
40.74267
31.741028
18.324158
39.661232
18.567654
32.951077
22.925585
25.79604
36.931934
31.160856
37.31224
16.69953
33.15278
17.57721
27.882622
35.79607
30.072643
35.863564
33.403683
26.467014
19.13523
19.209444
23.580542
29.685904
26.55982
32.28552
37.686886
29.422812
32.304844
16.543306
32.6121
37.605988
35.232376
18.992352
28.433064
30.384031
22.168478
39.32411
33.93311
29.449396
35.399887
26.050545
24.367424
34.264084
18.55596
15.186846
17.213797
19.171026
20.795267
40.931362
36.64948
19.579664
39.749584
36.782375
20.059376
15.681844
16.77368
31.57995
32.007767
24.484238
25.707485
34.07263
30.79523
35.336044
26.577967
29.78239
39.9743
30.585823
28.451206
27.177736
36.011982
33.518906
24.99091
36.46357
23.664066
38.306877
40.187748
35.657814
30.56574
35.343193
20.194658
37.04862
24.04488
32.044136
16.236437
26.612272
22.22889
23.961838
29.15762
31.520784
28.142912
33.886154
32.33092
30.479454
17.686672
35.504837
26.369122
16.308516
32.129177
35.14644
28.36658
39.919365
35.07494
32.148045
36.24217
17.634579
22.732357
17.46991
27.163708
15.662391
38.754333
15.321774
26.004612
22.460035
22.923176
21.770573
33.316734
17.706732
36.51623
15.566973
16.399017
23.65588
16.315746
21.758142
19.699835
18.74743
39.915787
18.04678
28.011574
38.535133
39.231117
15.311506
25.699205
29.219769
36.927315
19.22131
33.550335
18.378248
33.868362
25.456772
33.74236
25.839848
28.617435
26.693447
40.89313
15.084588
24.528553
21.207762
25.194708
40.0252
32.03118
28.733475
22.225418
15.582843
15.336871
35.02673
25.193785
15.078185
35.98645
18.490355
35.08843
31.133142
28.408215
32.16315
30.491392
35.51505
32.972095
34.39745
29.657913
21.15373
31.901604
29.628351
32.874
30.423391
22.844967
28.780544
39.07376
17.70496
33.908676
33.063835
19.231695
35.230923
20.52121
33.17591
26.140863
17.263483
26.621624
16.261087
17.846018
22.768251
28.357141
29.366304
18.221504
18.919382
17.725843
18.590689
32.966972
37.00859
18.415014
33.642654
24.639565
22.629108
28.462633
26.09853
28.249537
17.367128
28.308983
24.299273
17.416908
15.65701
22.307259
36.526974
22.11998
33.94291
38.82658
24.870386
28.662224
33.838272
20.707668
39.01874
26.642307
22.586037
36.021015
38.115845
34.43264
26.796087
18.829208
35.76134
35.955135
39.17301
16.969625
26.263754
29.388445
16.745852
22.75062
31.329899
16.849314
30.973005
16.893753
35.517902
27.061188
33.019215
16.056646
25.986116
16.556614
27.487873
33.835403
23.337757
39.05552
38.94079
34.272564
29.691263
15.319774
21.648771
19.58598
19.498857
15.005045
22.190344
38.085938
16.090933
15.814248
40.75212
34.06238
36.441425
17.602526
36.283264
36.800915
28.229445
35.99194
29.017775
16.825842
34.914986
29.52473
39.302128
35.970394
30.25165
16.417242
28.1522
39.938744
23.42683
17.572252
32.512177
39.651356
15.849987
23.665718
30.799465
40.85477
38.502106
27.844606
19.993536
32.228657
32.714596
19.855694
32.262856
16.537708
19.2634
40.27092
18.922941
27.25264
22.744268
34.88311
32.379936
28.504185
38.337547
19.316519
18.63783
17.235847
34.27612
24.429937
31.933886
24.985662
31.597559
32.185734
27.115597
28.854141
17.091705
29.316446
22.483854
38.905037
21.747433
26.341236
38.00081
26.49757
29.457466
36.267693
26.997255
26.86309
17.257664
34.66022
17.813223
37.616264
28.95728
38.66445
21.166704
24.830162
22.659288
23.04772
19.469389
21.806705
37.37494
22.349022
39.79449
28.73833
30.70426
31.827414
40.75068
26.083649
20.384369
24.056103
25.12736
28.66942
29.399954
20.730188
32.85051
31.28303
25.305403
26.539125
20.524406
33.83414
37.425655
29.800816
28.633642
19.041178
34.6829
32.96233
19.340946
36.037685
31.9388
27.043009
28.740305
15.295623
39.94708
19.628904
33.411114
21.82708
29.278803
16.123205
18.167974
28.752823
39.9128
18.615492
16.012035
20.01562
39.57628
21.953388
24.463648
17.268126
39.37567
16.383379
34.69239
21.779686
38.775482
20.473228
31.159386
21.583273
25.562775
36.93669
29.848143
33.02327
30.077757
15.451893
34.58396
40.36677
36.695786
30.597897
35.428314
31.205496
39.31382
29.62982
18.683416
33.002403
27.424385
27.970905
28.653532
21.326483
25.252697
18.020763
18.983355
27.071257
22.38767
37.162155
38.13024
28.266842
30.355106
29.694435
37.32574
27.972525
15.661459
26.829893
28.243341
25.176117
19.97912
40.86005
17.513086
32.628414
16.349272
32.13205
20.210085
38.10549
34.545914
32.571087
20.492765
39.718487
23.074785
37.142963
32.678032
23.580082
37.673397
34.871567
16.214321
33.388706
28.633604
21.80931
29.249903
32.306087
19.785563
21.7042
15.792553
27.88056
32.56214
22.015516
40.81811
34.708183
39.20535
15.400648
26.109205
33.02551
19.881422
31.82898
39.091805
38.49239
19.238852
38.074284
17.48606
15.050134
26.773632
25.495422
28.19922
16.929785
36.258656
21.735716
23.562262
37.637234
30.449215
19.254677
21.748173
31.05635
20.294151
29.451405
31.008675
20.688248
30.96233
21.547205
21.227488
25.484272
32.136593
28.365677
25.212086
16.732254
23.232504
38.681698
40.132187
32.01999
25.46677
21.906475
18.562078
39.426914
32.03024
23.534025
16.695229
39.784344
37.01305
28.995108
24.473366
19.096636
25.184467
25.3479
36.608665
19.030083
38.24765
28.580366
24.776419
24.75327
20.769567
25.2075
19.616936
20.3521
40.628902
20.317276
36.6092
40.54469
34.52986
40.252434
32.365227
17.485662
38.89738
20.710821
27.44279
21.076513
40.299305
20.20531
30.385593
26.387964
33.433655
28.544952
31.373747
20.55233
18.674263
28.282255
22.603752
25.798334
15.185511
25.91718
20.31602
15.177697
19.697126
35.056652
20.249296
16.972383
37.172432
35.69906
26.22517
32.77326
15.808622
38.34647
22.552168
20.785408
35.07518
28.742924
28.987797
40.04229
29.826601
32.695454
38.108196
24.900385
27.918251
26.655106
15.108904
32.437943
15.209133
34.518482
17.296534
30.195835
36.35306
24.45603
20.830074
24.075575
38.359715
37.481457
19.631744
40.148907
24.549637
39.947453
31.81123
31.635408
19.232403
39.185963
36.43345
25.368958
22.204632
31.107141
34.00881
22.700863
34.994698
26.729082
39.696243
31.976963
17.673523
27.331385
22.883163
39.47787
40.00595
23.20862
28.54277
37.026073
25.73472
20.845537
18.568003
39.340496
19.869179
17.744095
33.142735
18.658611
37.993484
29.103004
37.134666
40.148144
17.814009
24.083782
16.48065
39.194828
38.4334
17.492931
26.584072
20.779694
24.168646
25.36812
36.855183
15.848743
39.123264
28.176914
16.699142
21.829878
38.17863
37.119816
26.492859
30.266378
19.587181
35.375072
36.390503
39.91318
19.930212
33.030937
30.158964
32.58167
23.845648
15.921739
34.66828
17.520617
28.636137
30.617321
38.148457
38.185417
25.635519
28.41116
21.87284
28.874657
18.0417
16.310602
36.53969
23.90254
36.81659
22.753439
30.297195
40.727654
40.20883
20.058172
20.09376
36.772984
30.472633
18.461084
19.833994
37.549053
29.436049
32.00139
31.682318
21.131557
36.71472
22.486458
16.779854
33.046707
34.572083
32.30234
38.62661
20.182076
21.694628
25.930449
26.429825
16.46762
32.481007
21.689512
34.8306
36.761017
24.836119
35.442657
20.594868
18.62341
21.916658
24.792568
36.090977
40.48612
21.791954
23.63344
21.675085
21.08582
37.56417
18.83671
32.466827
16.985144
27.134413
27.31809
25.421562
36.497597
16.506435
32.766796
20.091854
39.400185
21.287151
30.91349
31.019636
18.444025
27.873308
18.3716
33.31188
36.86276
20.706198
32.807556
37.626358
19.830439
30.931366
37.47848
26.530487
33.135082
18.81792
23.021746
28.99501
37.21105
23.372015
15.7888565
33.64562
23.112755
25.721754
22.987003
26.319475
25.014347
18.055794
36.424656
25.459896
39.384228
25.165508
32.75338
35.93125
24.11046
20.97066
20.756218
35.947556
31.542362
37.80109
23.45372
36.981953
17.665714
33.662064
16.581833
16.760714
19.44333
18.228401
15.34167
30.744097
17.729746
31.89267
32.229286
29.857864
26.108265
21.835293
28.224342
23.662975
34.500477
34.789455
25.64973
16.637354
30.46289
17.941324
35.609943
30.792458
28.712248
21.23611
40.07415
26.458687
30.610497
32.253185
34.390682
36.7475
32.092453
28.768423
16.30279
25.934464
28.833532
34.139572
36.38128
39.806213
29.331942
22.730583
40.19781
28.875751
16.019167
30.733313
28.53336
25.29423
33.51454
39.950134
22.449514
19.273714
39.70411
30.368624
33.146072
32.88431
39.45101
25.68943
24.186436
30.200315
30.433996
38.36121
15.893243
20.943853
39.862694
37.131367
30.49962
20.01089
29.632668
20.639105
19.987364
17.563213
35.860252
37.157265
34.45141
25.731413
38.676655
37.23202
27.300728
40.397636
31.66272
16.67465
26.639002
40.013283
15.370175
26.127033
15.764035
27.955591
36.002262
20.252794
37.883198
26.538412
30.515934
24.498407
38.86279
31.466312
21.15989
20.323786
25.112503
27.257437
31.777102
34.81939
29.551764
38.959404
31.077473
33.70698
21.013048
35.343895
20.525702
23.863764
25.407885
31.689278
38.49137
22.714636
38.514515
16.24714
23.87279
29.104996
36.341827
21.537243
15.532972
39.596497
33.68247
23.726835
30.575697
15.520766
30.688637
32.524105
38.741463
39.581238
29.087362
26.251804
40.017654
16.310719
27.997702
22.065996
21.93415
16.27248
38.22054
27.646105
15.955126
31.535217
33.342354
30.10637
28.879637
27.657244
36.027534
32.36509
37.228165
23.182962
22.46948
18.756844
18.219156
25.484648
19.129028
36.284283
34.129066
39.675213
37.609352
15.579806
37.581406
31.27265
23.799698
22.383892
39.624687
15.314499
18.266104
36.145546
18.33616
38.70067
28.275337
25.211771
19.127691
18.685602
37.80908
21.996729
18.932
16.645853
36.458534
22.507612
39.012085
40.516598
37.1854
36.65305
29.263445
29.62088
22.593225
16.871243
32.5683
30.007805
25.574074
32.788826
15.012846
30.87102
20.978407
26.857756
40.593178
37.13646
34.301937
18.216413
29.412289
33.888325
27.291384
25.382381
16.310165
38.94488
26.841732
24.808208
18.370874
22.60076
34.5908
25.817827
32.81499
22.319986
26.21269
18.990044
17.412672
32.994057
39.5698
28.66695
21.742197
18.271955
25.603857
28.93883
15.370628
39.424118
17.129618
16.193558
24.347805
23.219841
34.540527
16.117228
40.281803
39.37781
23.843933
32.894154
18.703407
35.291954
21.41407
39.278164
15.429182
34.939888
25.384258
32.19343
31.197056
24.148834
39.695488
17.572002
31.975437
31.723957
37.476723
34.246338
25.036198
23.33662
25.652988
17.889221
27.13389
26.525206
32.460518
28.229527
26.948011
20.678616
35.893898
22.071321
21.322037
39.452766
32.018375
21.00498
23.77245
30.712883
35.551243
34.12289
20.242926
18.799498
33.14931
16.538668
25.143272
37.683674
18.435282
16.057537
20.339703
25.407001
18.954014
28.956997
18.952438
24.094505
24.970312
31.510569
16.568645
17.783712
26.30318
30.623901
20.793097
20.330673
20.237091
20.751198
21.935968
21.733814
40.959076
29.121376
35.07656
39.35907
16.941135
15.227105
36.743767
18.754875
17.220657
31.516264
38.01852
27.013063
28.627247
20.274153
15.990358
37.961945
39.662582
24.79611
21.189848
16.870268
16.960573
23.124079
19.870356
32.79596
27.03839
29.85689
36.82729
35.23104
29.394495
17.842974
36.819798
40.274258
22.918182
32.92544
36.59934
36.205482
28.045673
23.333366
15.051616
35.04105
18.131123
20.799398
30.022638
23.41679
35.09657
25.032696
21.026802
40.97557
24.583036
40.78743
29.224215
27.328726
30.54573
37.441036
33.806515
29.615852
34.51947
30.732624
33.244827
29.70507
32.626175
23.110844
34.730515
25.1558
25.80448
29.001814
25.578785
37.20884
17.71218
34.23155
18.367193
36.273487
24.285494
28.823643
17.145529
18.649078
19.034777
39.44181
25.18052
39.548416
32.814533
21.858212
17.388268
24.883053
22.02629
23.002266
16.859219
37.725597
32.99612
28.38111
30.695026
36.881657
34.614204
39.96152
19.753496
40.584225
38.232197
21.964611
25.83738
29.96582
15.284682
21.448288
32.36462
30.668793
27.134338
27.03892
40.622204
20.721786
24.236067
40.722404
31.332666
34.640446
34.873585
24.216183
18.451756
25.60299
33.44264
15.117581
26.867756
37.506382
36.538235
32.760174
19.987373
22.726425
33.948986
35.5087
21.07007
29.485115
17.069847
18.084398
29.61216
40.871273
19.215252
25.436438
15.083989
39.765427
30.847834
32.661457
38.88789
38.187614
27.833632
38.522068
35.53164
17.916786
34.492912
17.22648
29.701527
19.62304
19.436363
39.305237
27.171171
28.209103
36.959736
21.657433
32.2966
16.57495
40.115585
21.137506
37.225094
32.599556
25.489048
25.415133
23.884802
26.776411
22.175327
21.26452
31.323948
26.64439
16.489601
25.925743
38.03309
18.92331
25.53599
15.729572
39.510654
25.093405
40.92024
29.788616
29.521603
35.050674
18.611582
21.231386
37.25086
24.42505
36.2424
30.192232
33.86775
40.165947
18.980051
35.568947
38.894543
24.079832
39.513355
34.421116
23.211693
33.147015
16.667038
26.806181
29.534273
38.64994
16.690527
29.836472
36.75866
29.412857
19.363312
31.789282
17.705334
39.782825
21.717157
17.213425
26.47326
26.374542
19.396273
15.149527
29.873123
33.056618
33.459682
38.817604
35.221268
17.174479
26.775763
30.42437
30.153078
39.58513
21.067093
31.10395
31.054018
20.72165
33.134544
35.429638
15.208452
18.610289
40.8226
40.4205
27.8309
24.530697
37.883755
20.515633
20.771275
33.83983
18.057928
20.600018
36.87511
29.372663
40.403606
22.839964
16.731775
36.788017
18.200556
23.822224
24.858076
27.245163
38.58973
22.289911
38.241627
24.877243
23.524172
16.629498
33.60783
36.66984
28.575357
33.18714
22.776258
38.558304
32.672726
15.478808
26.036629
39.824924
32.94977
36.407574
25.60163
40.20715
32.52832
20.712736
16.883165
36.520638
35.29327
27.049253
36.5907
36.05595
22.493322
40.332355
39.464653
20.525368
17.348948
17.280949
31.834959
28.916283
17.756926
33.454815
26.13413
28.25031
15.651667
22.504417
15.996327
19.952223
16.616568
25.838436
24.638254
26.300482
16.934471
39.46303
25.844687
24.26119
27.424442
32.358105
35.070934
34.899845
38.132786
31.42966
19.926426
19.520351
23.22946
25.81381
32.618107
32.698418
15.306703
20.106562
27.809278
39.456367
36.684937
15.955131
19.788948
26.969154
16.301672
26.370134
28.848743
32.39634
16.292368
23.104454
36.328854
29.70238
24.467915
24.49335
24.921448
21.65772
33.55156
23.26178
35.50949
24.605648
29.258862
28.978617
24.070734
19.03506
33.087433
26.0739
35.99126
16.516806
22.02892
23.633974
22.509783
33.14134
40.323864
37.550777
28.95342
27.238056
21.850908
21.025347
26.927608
26.861715
31.774782
29.911903
36.687256
38.298885
28.673462
26.937746
35.543205
22.677572
31.522928
21.445513
23.34755
17.655605
15.638696
28.97816
32.853195
15.118543
15.956541
37.763393
15.057717
17.835377
26.880474
30.953016
33.51825
32.100445
21.334274
18.334156
39.06386
27.53249
37.623577
31.152946
35.333622
17.40689
23.248693
24.67776
18.133118
19.164734
19.904093
31.177773
33.729122
19.072353
21.558628
21.104095
22.89155
17.39766
39.731323
38.434406
22.743788
30.924578
16.86072
39.378452
17.296957
20.14455
36.01153
31.94057
17.920618
37.04408
39.070465
37.196686
32.941856
26.04992
30.053873
23.567125
39.06667
35.39857
31.183062
40.852875
24.382008
38.964325
38.97874
15.351762
23.323805
31.410145
21.784386
24.982313
16.185734
30.418346
38.848927
24.016977
35.495438
24.71298
38.382397
28.762611
40.8994
29.603516
17.843876
38.325035
31.074558
18.859444
26.129295
26.455761
23.62432
22.868008
36.29731
15.402814
19.918379
38.23235
17.004732
38.673943
35.40047
27.234934
34.91861
28.669283
29.014885
38.921207
21.0304
15.251903
18.092216
32.951004
23.018187
36.49848
23.286629
22.820288
27.5863
15.108706
39.971485
36.57343
37.057224
21.250765
27.877062
20.706278
17.399012
18.981697
15.693591
28.602816
20.342054
32.805153
25.864725
32.553387
22.272272
17.41544
40.861115
40.169907
15.18352
15.225594
17.850601
19.843683
16.130173
34.8885
27.871077
21.783968
25.341585
29.693953
38.363964
25.13047
25.443293
17.460846
40.240765
35.65063
31.075565
37.34253
34.53201
32.61255
21.608084
37.824688
25.107502
27.567005
21.620245
24.118929
38.958588
21.977139
22.349804
30.141584
16.097692
36.90187
20.408218
34.316093
35.25737
24.269297
29.719343
15.548597
39.26042
19.668777
32.858753
23.900301
39.18475
21.045639
36.754208
17.71635
27.26096
26.199837
35.053493
23.269972
40.81775
28.570168
29.37402
18.341764
27.52946
25.428043
24.119331
39.57804
31.722334
39.31004
20.580824
22.958294
34.560173
26.285934
27.63872
19.250772
35.557373
19.48906
30.534506
27.946495
31.056477
35.22838
27.907787
15.83577
15.059562
37.956734
36.573666
24.127718
23.117056
19.38734
23.362524
38.81205
28.854677
36.130676
27.75221
22.823734
17.158527
25.366405
39.993393
27.494947
30.04041
29.270218
18.962032
18.76513
22.769823
38.182884
16.068624
36.66868
30.98612
27.838978
16.212046
18.731253
16.193657
29.365326
35.986584
25.079393
39.294846
40.214237
35.133907
37.30456
39.63037
25.71423
17.577429
22.421505
34.372826
30.500961
21.28474
19.622147
20.05949
36.733776
17.674469
26.950113
26.551893
23.708195
21.317167
21.507252
15.7742815
23.242397
39.275455
32.352352
39.210045
37.045746
24.586958
21.863646
19.324644
18.169989
24.11416
17.01044
16.835476
16.59889
19.268618
22.715584
38.063637
23.049574
18.96256
21.289297
32.479424
17.138958
33.549225
32.77624
35.992947
38.211258
16.483896
28.98148
30.5431
37.327583
16.970825
30.927383
29.102642
19.186245
17.95698
25.542292
37.344074
21.072458
21.491688
38.493114
34.90047
26.328749
39.691998
40.247875
36.40734
22.292362
30.336767
19.690506
25.326075
35.16364
25.458183
37.909073
37.926483
16.849346
37.20765
38.1399
38.745384
25.467571
23.743624
26.273897
20.340143
21.905804
22.922298
37.817745
15.22053
37.591484
33.16754
23.751404
26.469202
19.464308
29.054953
27.334726
17.750595
21.032211
17.86535
32.58981
27.159924
19.347984
