49.342815
49.193604
36.182587
42.98058
45.880867
51.59989
48.004795
42.420883
39.538048
41.144077
54.162964
40.889164
55.6116
55.938786
48.23874
51.44683
54.398403
37.49769
44.751514
44.098255
39.597595
51.18257
36.58778
35.397236
51.44812
51.155125
46.406845
53.239235
43.99167
43.605022
55.435577
40.168182
39.622124
39.4293
44.913147
47.133026
41.259266
35.5975
45.201912
46.391968
50.067547
42.15301
47.241528
53.18123
55.630043
55.172947
37.59087
55.84037
51.883083
54.037357
53.77588
49.317677
40.91894
49.043015
50.041473
55.366814
37.97192
48.738007
39.891586
53.289837
53.517414
38.35022
46.994053
48.78194
49.43404
52.336315
42.12538
46.289673
50.605736
38.387264
44.83564
37.307117
38.173668
43.192318
50.424583
55.203445
55.887066
46.88548
43.63764
44.500427
39.647655
48.376656
43.21404
51.000008
54.394062
53.704483
41.0491
55.79964
40.93057
35.138435
45.269035
40.02712
54.168907
51.005016
52.958824
42.07676
47.522266
41.116096
51.63245
37.235317
43.867393
49.23707
49.789646
52.848606
38.57377
47.248264
44.064438
35.598866
42.587997
46.525234
37.538113
55.037994
51.45717
47.591656
37.762947
49.253307
44.476585
51.283424
55.92286
38.430073
53.855366
40.503063
38.343292
40.119183
43.90763
53.14088
39.255005
53.21829
43.797462
48.892437
46.31515
47.031414
38.292698
52.511585
36.893776
39.284565
46.315495
51.504116
41.545174
43.64389
36.81693
54.389072
35.4007
47.108185
37.648403
48.433224
53.443554
43.628803
45.654385
42.198647
36.755615
48.447968
43.16894
48.334244
49.862827
52.94024
47.462975
36.7891
44.247807
52.192165
51.45931
43.028862
54.947136
41.16159
40.209774
35.895924
53.905518
49.02075
43.21133
40.47004
50.42031
46.206287
37.627495
54.658005
49.577133
48.774483
39.876957
43.269398
39.051003
48.891396
43.85292
52.01995
47.02733
38.675423
40.244797
54.244923
45.28315
36.153603
41.048046
37.101936
48.661457
52.793285
54.368572
48.696022
43.27008
46.927147
55.05475
45.86923
48.74142
44.4023
50.523197
47.36297
38.80053
41.953182
54.38373
40.68331
45.20638
35.123005
35.114292
51.277775
53.854813
53.040165
52.08856
42.566753
40.461514
53.99355
49.716892
45.963505
40.779522
43.544716
50.325493
55.263733
39.748158
35.86505
42.66919
35.68906
52.318905
51.092564
39.650047
38.428345
39.95857
42.765495
39.897
52.736504
53.99134
54.809074
39.35087
45.522686
49.008614
43.12676
36.89482
49.8879
51.54909
43.57888
44.371872
38.256733
55.131676
43.019234
47.03922
51.58875
35.50964
53.10414
43.623333
49.652058
38.707035
45.78864
53.660316
41.49501
47.99695
49.781025
48.732735
50.061443
40.486008
35.73951
38.547195
35.360783
52.38081
48.663853
35.536156
51.726368
53.329147
39.7599
54.812977
37.473633
47.452713
39.0365
41.860992
47.704453
55.81777
53.03188
44.295364
46.094643
54.126347
52.36058
40.400764
37.248848
49.353077
40.22225
49.918423
47.610165
48.901173
40.619904
50.732822
37.971638
49.6062
39.79816
50.691387
49.352367
49.577225
36.33078
35.77969
53.37326
51.432377
47.36199
38.27027
38.29555
38.95953
41.737698
36.264896
53.569992
54.612617
52.15017
35.258076
52.085297
47.54031
44.963886
35.96399
53.30152
54.036076
39.090374
54.669342
50.10747
49.397358
41.136288
42.801594
40.550636
50.18646
47.0617
47.234875
54.55413
44.796803
46.75453
36.095238
39.357086
36.045734
43.25226
35.472385
49.693314
36.238552
37.823353
44.49675
49.657597
47.77839
50.758835
50.69885
35.79981
50.93272
41.518044
36.432034
53.234127
35.80958
47.823036
40.410355
51.453903
52.945305
49.402477
45.089928
49.102367
53.16041
44.348526
44.70523
46.165127
55.501392
55.469185
52.26104
44.9225
45.153625
53.59385
42.676212
36.528053
35.184155
44.52106
42.577225
41.264282
41.853024
39.18541
50.947475
39.36717
53.017998
55.66422
35.952564
50.80847
47.849846
48.84507
53.782253
36.577854
47.674015
51.9315
37.27661
52.816612
42.25942
37.47698
42.43687
42.620495
52.28615
46.306225
36.660652
40.45124
45.041378
42.508087
47.68696
35.874767
37.616272
36.665653
51.787807
50.7785
43.006683
35.62697
54.701637
45.311127
38.556477
42.413723
41.167725
51.535244
36.124763
40.31536
51.69141
38.18651
50.206894
36.822605
47.34667
46.992634
49.994053
38.817078
49.00562
36.721313
46.017265
36.35256
52.37375
35.498238
49.58919
37.438744
36.60519
35.964684
55.730583
46.46969
41.074127
44.528736
51.648193
55.326916
42.086452
35.305073
36.117107
51.731064
37.92993
54.335163
45.31282
38.116116
36.681854
39.333233
49.73695
54.15679
35.619667
46.512814
49.88551
39.09229
50.913292
36.014515
54.21962
43.158524
53.51695
41.077778
55.816074
49.766273
47.823906
49.377647
37.79872
37.54397
44.699287
53.88218
41.28149
43.00172
51.964066
54.17694
45.09014
51.366913
47.26771
37.4501
51.972034
41.09211
50.557335
49.23496
41.351982
50.6423
36.028057
41.566288
42.94708
47.43128
49.522255
45.42274
51.71451
36.195896
48.83464
37.199608
47.673798
42.672085
42.27563
44.48452
51.118454
36.168056
54.147156
49.593323
47.612076
41.51768
53.493206
48.164062
51.94984
48.941143
39.601517
54.604218
54.95891
43.53996
47.2534
37.339565
43.609783
45.510128
50.645477
42.622578
44.415577
52.669674
40.23999
55.124245
52.50734
40.56589
39.5398
50.65508
47.090828
51.25281
51.929455
50.139545
50.21389
36.810757
41.275723
52.40262
52.903446
50.817688
53.938766
44.41807
51.767166
51.275818
43.209545
42.415096
45.097378
52.947357
43.95946
40.643253
37.363327
38.65953
54.46508
46.65522
54.732796
52.901806
38.953693
54.682762
49.925297
35.957176
46.4048
49.053288
44.266293
55.884533
39.53812
55.622726
49.285675
38.900658
49.72039
38.885094
43.583546
39.097973
43.73137
41.75978
53.97246
49.978214
47.94356
53.054874
43.097736
49.982357
46.49086
45.25794
35.83597
50.053543
47.42786
50.615395
35.77695
48.2825
50.7148
52.4274
46.00507
49.853886
37.102253
50.107193
38.2139
49.83708
36.63509
41.832237
47.91117
46.84661
39.54731
41.548996
52.101215
43.234875
51.776928
53.68406
51.36818
54.27382
40.19472
51.161366
37.7256
37.73261
42.91095
41.22863
54.946644
38.364464
48.70095
49.155575
39.344116
39.0788
43.673607
37.08251
44.130524
45.993607
47.795803
47.16976
40.555912
49.13824
55.78162
38.726772
45.994682
54.308254
52.156693
44.18443
36.03264
43.461586
38.016235
51.614727
36.391537
45.08934
43.10938
51.99922
55.220848
54.19463
44.40315
40.60081
46.885056
55.869392
54.205975
37.603138
46.87968
49.971745
54.263798
49.6476
46.920418
49.075424
36.98098
45.020096
42.567062
44.68807
50.06382
41.017952
42.96761
54.71651
44.436142
50.46196
35.437767
53.29493
43.23452
39.409424
43.627243
39.38571
36.054924
54.871033
44.96657
43.013054
47.393032
37.737835
48.93687
51.595715
41.397343
41.184025
45.459793
54.608116
45.63703
50.52717
38.366085
43.71788
38.575985
37.899567
50.468525
43.623108
45.839737
55.112698
42.238686
36.04411
43.16396
52.781292
41.4668
46.712093
50.12103
49.1145
50.57018
54.74111
47.335587
44.77848
43.408005
44.4699
42.920387
37.888287
43.558918
36.716618
42.290577
44.496338
46.022797
52.402206
44.347523
43.91063
55.219128
46.66703
47.26253
55.797947
41.971844
52.930653
49.73642
46.305607
39.894142
43.826073
52.662476
48.36986
38.2166
37.577408
38.57858
36.969902
51.6381
37.18396
42.158268
41.333458
49.22149
55.723816
52.26128
49.00338
54.70439
45.196598
53.740646
52.234013
43.850693
45.587574
51.2866
39.402184
53.62912
37.254417
35.076668
47.98954
54.072884
47.313026
44.896976
38.22135
39.64792
39.430252
51.701366
39.631485
49.83715
38.319096
46.283142
36.664043
53.434322
46.275925
46.848362
47.91922
50.733402
43.29935
41.800144
36.804337
39.398026
36.686974
36.97027
50.16041
47.30056
42.518787
41.86727
39.90069
54.0313
40.105087
36.249588
44.81932
45.09578
47.30182
55.477673
49.507053
52.04186
36.577805
37.65097
39.745003
45.888
44.856026
45.49342
44.838703
54.260426
46.444946
47.315567
48.101498
37.589115
44.826206
53.151836
53.099766
36.56131
35.671383
48.348232
55.331997
48.786026
45.223206
55.458813
55.729553
39.28426
45.095615
48.298443
51.739067
55.986874
55.622147
48.394974
35.774662
35.895893
54.113724
54.88562
41.51289
40.944714
47.774475
35.110397
37.843895
49.878944
39.56822
39.769707
49.289635
38.671936
45.028484
44.533703
54.353058
48.087677
44.861294
39.417736
45.571926
43.0087
42.202724
38.071316
40.01663
47.057655
37.56208
43.36719
53.59348
40.85867
40.806923
50.32264
46.793346
55.008247
53.027344
39.436947
54.459904
52.455303
48.75489
53.98692
35.742764
44.52607
55.80522
44.68656
47.647736
39.27204
45.963963
52.38767
40.499756
51.167694
47.84153
40.174683
41.193714
50.439613
48.485523
47.290283
39.324062
36.46988
54.75811
47.817387
45.156334
38.783764
52.061104
38.938763
52.93187
41.105633
46.72283
46.897217
42.181713
42.846684
40.248634
52.487274
45.566452
46.17433
44.680717
42.023678
40.255775
50.505447
37.513344
43.252293
52.01494
36.86426
37.96574
53.59602
44.974842
41.050682
45.92784
42.461166
55.528217
53.975784
37.56285
38.06902
45.916603
35.83881
45.37595
49.422886
49.850975
45.04344
48.53972
44.57263
53.943535
55.881123
53.404762
42.296745
51.818993
46.04531
44.41776
37.68619
42.520752
36.982925
36.11951
43.884834
46.230618
53.937817
52.501953
39.41805
50.38041
52.296124
54.76573
37.123978
38.949524
47.50435
44.439014
51.69133
36.11459
42.398457
50.893284
55.20302
42.445778
52.255947
45.52339
44.88667
46.528755
43.262672
43.24676
41.481194
54.232197
45.372326
41.5207
51.242645
47.837807
38.728973
44.776794
45.633347
51.90309
47.92151
44.028046
50.16475
55.036762
39.343937
42.416813
46.697815
54.73238
42.846394
50.64085
51.74363
45.028057
49.67927
51.519753
42.95275
55.038128
55.456486
40.445602
55.033398
47.337574
53.49362
52.099316
45.796616
47.770523
45.41312
45.608196
45.890823
55.501366
46.350742
39.270218
40.058712
35.03037
41.446415
51.077274
36.426105
37.45511
45.557323
47.53202
41.415478
55.475037
52.29227
46.672173
48.36611
55.508366
54.533733
55.791073
50.8383
41.819008
48.587666
36.074978
52.88079
49.73564
47.98095
42.265068
47.24873
49.88597
42.712574
43.496223
52.673546
40.866264
49.456993
43.66476
38.80675
42.919506
46.816727
38.033768
35.386406
44.005184
42.22614
36.29739
51.50799
37.10946
51.519554
36.994373
36.620693
39.766617
47.494125
49.986305
44.01559
54.540924
47.021557
45.69754
52.124043
39.652668
37.39275
48.95137
36.90254
49.022957
50.615383
42.531086
47.94452
35.758884
48.32704
43.044624
35.730263
38.504036
46.83494
55.27805
49.60259
50.138855
46.548336
36.985786
46.639217
53.03124
45.730747
43.984413
44.58181
42.409763
48.066513
39.4921
47.377316
37.460255
50.009888
45.887188
46.688908
48.43108
55.264698
44.447044
54.941895
42.373203
42.028774
35.17241
46.084126
46.13829
49.829693
48.502472
37.261105
54.911304
43.877064
47.58254
36.03255
36.863758
55.861423
48.75868
51.590405
44.47945
36.040966
54.142838
39.67726
37.726753
40.274693
53.416958
52.55002
47.529682
50.384243
39.526226
44.385006
42.924652
52.85649
38.549145
35.979076
36.880623
44.435177
52.826157
50.465275
38.007355
47.592197
41.378704
35.032265
40.2799
51.2178
45.75705
47.313465
51.46695
50.12389
39.71789
36.194756
54.166553
54.11563
53.55179
50.27901
44.22467
39.454105
49.45549
35.14116
38.840527
49.506245
40.07587
42.809147
51.84712
51.258278
37.239708
37.61436
55.496185
51.154938
35.92765
51.669193
54.573895
49.41919
48.750713
46.749943
43.82699
47.605755
48.544315
42.290108
42.48852
41.646664
55.207367
41.522003
46.158264
55.05818
47.583004
40.544018
55.414852
38.295815
55.002674
40.236176
51.315163
35.467773
40.09674
52.498642
45.370834
46.747124
48.61252
54.24559
43.68282
42.859005
45.274555
51.951275
44.661804
46.961643
35.172127
36.315598
50.16574
42.08862
35.765484
37.793167
35.945236
46.074554
37.364914
38.312992
46.003437
46.547752
43.85584
42.505047
38.849033
42.140434
40.518116
42.14557
47.649387
50.541134
48.01939
41.33465
50.975384
47.393448
52.04986
46.127735
54.170288
35.331627
37.6099
52.95688
53.372196
53.635807
51.662086
49.198025
49.872684
39.08837
49.71563
55.667576
43.80416
37.617702
48.92398
42.664223
55.113964
55.22688
40.44525
41.41151
45.405476
46.522083
50.140297
40.401962
49.504814
53.87928
46.164795
52.195457
43.546227
51.91747
35.64927
36.682484
37.960075
48.483047
45.45509
48.68715
39.99451
42.79215
53.94449
38.055443
52.3051
50.726475
50.809265
54.050835
40.706306
35.533016
40.265396
47.962452
54.394638
35.33919
40.33983
55.320255
50.8251
40.962326
43.550846
35.00717
47.95124
41.465984
38.014874
52.859844
50.723328
54.795647
38.900314
47.05779
39.58025
38.612206
47.192898
44.71486
37.16768
38.134308
40.93725
50.607548
40.6684
51.39907
51.47584
52.901314
50.940254
48.855618
41.719143
46.06923
55.12304
55.617107
50.1498
51.93642
54.497616
39.01411
37.088787
48.92929
45.159035
45.316048
37.73299
43.16037
53.49979
35.61713
53.61133
35.937458
40.59038
45.91942
52.40049
40.650208
42.291237
41.388042
51.491566
44.757584
37.333515
42.602165
45.30526
54.776592
51.66579
47.380302
46.1161
53.75551
50.07943
50.419525
42.065014
38.70422
36.497665
50.55573
40.1148
50.84974
38.341534
53.92549
43.934464
41.3867
39.07049
37.690212
35.08618
54.600716
39.33639
53.269096
45.432426
38.856644
40.18645
49.220158
40.38117
44.96442
48.404278
39.006844
46.44338
54.861767
49.38753
42.89296
43.589813
39.386177
53.926624
38.119526
47.062984
53.1478
45.87094
38.33475
38.625477
51.16035
50.947407
42.971752
39.707073
54.938946
37.93071
41.898754
44.55103
50.231766
51.95546
39.202415
39.25366
37.416695
52.007477
54.407475
53.541576
51.864616
55.53479
38.784447
50.237526
35.247776
35.678574
49.652042
40.628246
43.854652
43.839878
50.742065
43.36687
53.46203
42.170334
47.76198
47.117584
35.210434
43.103046
53.263878
39.88156
35.23096
40.224754
55.808655
39.831085
52.47938
55.630894
36.20003
50.52256
49.347786
42.40247
52.25576
51.55937
41.144497
54.996834
41.181774
41.132004
48.459724
53.154106
50.12
42.37554
54.76745
52.386772
47.85167
39.1535
45.353333
36.242046
47.955376
39.70232
48.80384
37.304955
42.942722
38.552162
47.84367
43.344612
40.024277
49.277363
50.266453
42.097008
47.19476
37.923912
43.068054
41.924725
52.268673
53.41142
51.66222
38.997223
48.346283
47.813583
54.23519
35.695065
49.944725
40.183773
53.878735
55.657085
45.690125
55.51136
46.130512
47.26175
51.034042
54.469563
36.946053
39.362118
38.93114
45.84708
48.9284
41.778564
49.794903
35.94344
41.84958
55.394024
51.33429
55.751923
35.112167
43.693813
53.06672
54.45418
47.819847
45.245216
51.40128
35.60704
55.55257
52.92175
54.190998
46.41472
48.77492
55.642696
41.564182
51.648632
54.04557
44.020695
47.66212
51.102142
44.841225
48.588398
41.634186
45.949024
44.860176
43.209835
45.871174
40.012215
48.128616
45.87294
35.993855
55.743233
41.097157
52.306705
43.556183
54.662926
39.18541
43.76987
42.771107
35.12064
50.90937
55.917454
48.821938
50.491592
46.80921
41.867443
48.483246
44.351177
43.884514
38.46187
52.84277
46.74009
46.13929
52.24491
39.8893
44.365696
47.14107
47.865215
46.61154
53.472675
47.20627
44.45041
55.03896
51.159927
52.938225
53.99892
51.348083
50.121006
37.364986
38.98745
54.75636
45.141647
54.85054
48.202114
50.430435
43.20083
55.286198
42.26702
51.047077
43.690544
51.808197
37.46609
51.962112
47.094894
49.432987
46.232403
52.16652
36.45031
53.553505
54.113686
54.33871
47.04663
40.197647
48.113644
40.338036
55.12253
42.314568
55.055637
49.427116
50.759113
39.12477
51.01879
35.359055
45.781857
39.746803
51.955936
35.220615
46.24382
44.896404
53.318863
50.58348
35.98199
55.44312
41.888187
36.083153
45.813766
42.00498
40.033646
47.018654
44.172096
55.56357
48.315075
49.94608
44.365505
38.289837
36.67527
38.52518
45.19303
53.38521
41.47285
36.0706
40.344543
35.763134
39.25669
44.357853
37.87306
50.822952
37.493015
41.23927
42.03869
44.40087
38.422024
52.535995
55.992485
48.222263
50.8431
42.48975
50.09389
43.824875
45.90581
36.781498
53.13681
50.974354
41.918663
55.75419
54.397057
55.051483
36.778233
54.01282
38.20788
48.75479
48.868477
36.017414
46.720436
48.732716
41.183296
55.633232
45.612595
53.436203
46.984985
44.857304
55.77204
51.565735
36.52706
38.10161
54.39871
55.97591
50.24202
53.480553
48.54669
40.796345
52.322865
50.524017
38.857235
40.829266
50.811844
35.617176
51.12217
40.99234
44.15067
44.25441
44.36099
54.689434
48.643517
43.88696
49.29505
44.512466
43.437477
37.74269
40.458824
37.60448
50.434643
52.501186
53.700714
54.34677
45.015907
46.118435
43.49507
53.772457
48.578526
47.41294
47.312077
49.254154
44.667927
49.248547
40.273697
52.565334
37.91873
52.279205
42.46159
54.372864
35.110794
46.257145
47.536762
38.582516
49.393166
35.84808
38.781025
43.729744
47.13221
39.74595
38.27667
43.78476
37.89959
50.63439
35.703556
36.323994
54.831776
50.20341
38.151714
35.009235
54.964714
54.996975
48.42271
38.711254
52.17568
35.34098
49.52457
42.416557
50.048813
51.980923
39.45269
38.26376
46.321777
35.344646
53.89309
43.67053
35.567955
49.538044
40.18461
46.53236
54.42197
51.280132
54.733078
46.90138
53.96585
44.988846
49.083157
50.386208
48.85902
51.14001
44.022522
43.753334
41.41734
52.839344
54.418262
48.855854
53.124733
41.270985
53.966785
55.067204
44.995564
53.315895
51.67623
43.85557
49.796635
41.169643
40.694347
55.998867
37.384888
38.231445
36.044952
47.210674
39.320107
35.88498
44.942585
55.62437
48.47152
42.046375
39.617634
45.66558
47.553036
48.51591
51.003124
44.332424
36.39393
51.237305
36.209667
38.79847
53.280014
39.542164
41.44633
52.555134
38.885098
47.337063
45.933113
39.018246
43.153107
37.976696
36.394424
44.63768
37.988564
45.259186
41.92334
54.069645
49.76622
53.578026
37.362774
48.897762
47.480377
35.77014
43.86236
35.722225
54.82013
38.610714
52.93891
48.175575
55.57894
40.22263
53.193382
35.569016
43.585155
46.89229
52.818775
42.425133
48.774784
49.913177
36.17114
37.11069
40.118538
50.114864
37.96971
49.147663
53.862316
47.677402
40.14247
51.550915
41.943558
52.679806
41.939808
43.71791
35.505547
41.586105
50.70175
40.978752
51.14741
38.533623
51.58304
35.904068
37.919872
45.855553
42.615646
35.86388
47.104866
44.743458
50.719753
43.13221
40.501896
54.33526
52.661762
42.04037
45.28477
52.800426
38.50212
41.2959
52.489346
36.186417
44.77569
51.604862
55.846394
44.889053
47.50394
42.161823
52.983105
51.61444
36.151005
36.404854
54.982662
52.611145
44.804424
52.672237
38.91341
44.768723
55.18674
39.04296
45.21732
51.902325
45.5855
54.694946
49.78223
52.17302
53.426865
40.57285
55.11301
46.129547
39.012096
44.02166
43.263855
37.29968
45.886265
45.31269
39.0974
54.607883
45.415
46.66547
46.995724
37.151024
45.40786
51.451874
42.364246
44.0248
41.045776
35.758263
51.141552
51.96113
54.94524
43.376778
35.056538
55.510273
37.923336
55.598785
35.558746
38.381332
50.91549
41.891384
43.18873
50.341003
44.54161
45.652245
47.65218
35.76271
43.016647
43.75849
54.01505
52.516994
37.457928
38.552113
42.246315
40.398838
49.15436
44.237366
39.800957
37.698784
37.031593
46.405006
40.05775
45.842064
39.37227
47.543514
50.20478
52.243614
49.832188
46.949375
53.600197
42.656666
54.93062
38.40647
55.726532
43.328857
44.487175
45.36879
53.603912
49.22206
41.92771
40.151314
48.93097
41.400867
48.988266
45.81061
44.28163
40.44944
36.10862
53.979675
54.401928
39.43769
42.726154
44.91084
48.02303
45.525066
38.75577
36.376095
39.63491
52.763798
35.77309
38.875885
36.349762
40.04353
41.805923
55.81545
39.325043
50.405155
40.182854
40.922096
38.21305
40.144238
35.588028
40.197235
54.757362
42.222954
42.32767
48.123768
52.96593
55.5144
47.826553
43.682507
51.256504
44.31421
48.54156
48.970444
51.59214
46.37185
36.80476
55.85927
45.902794
49.41758
50.5897
42.184315
40.02368
55.790916
54.83252
40.412037
51.971798
50.312634
35.733273
42.598442
37.62912
42.98466
53.413116
55.721424
50.804356
43.450874
45.40942
55.146614
39.2046
40.40675
50.75366
42.069492
41.06413
50.306793
39.79571
45.265644
55.049667
44.786278
43.513573
41.376656
52.589676
52.187244
44.778793
44.260826
55.959892
44.458755
36.935726
45.645916
38.298115
54.487408
55.09662
50.435402
54.21831
44.606606
47.754696
40.54023
45.847404
39.631622
54.67392
43.03477
52.917778
41.272427
44.526775
38.768764
47.01422
35.187386
37.420334
53.30623
42.196186
47.25828
47.27614
50.207836
46.99456
45.890785
43.010784
53.225056
37.21665
47.27435
46.601826
45.93231
51.08399
44.57166
38.41765
36.68768
52.974606
37.950157
37.639965
41.583233
38.444656
54.21674
48.21422
43.22273
42.263996
40.571712
49.52582
52.747524
55.916058
43.65909
38.91897
47.520767
38.38438
42.657818
35.25022
37.275417
46.076595
36.632103
54.900227
42.333447
35.421165
39.738827
38.05483
49.71154
37.012955
41.17635
37.610706
38.542915
47.180923
38.951134
47.760826
40.26533
45.504356
41.637535
46.171505
47.4522
35.11382
38.31069
36.67557
37.996613
37.57867
48.743885
48.57501
52.597427
51.805172
42.77882
39.971695
35.142097
43.64746
40.501198
54.026325
46.632553
48.86825
36.483585
45.683212
49.75861
47.677
51.89389
39.192722
46.08751
42.32024
45.710056
52.71318
51.10879
52.10222
46.630257
50.380623
44.050423
52.773453
54.522686
51.49741
46.465076
53.440704
49.420307
49.909676
55.0748
41.023876
44.133125
44.218784
45.25774
46.813747
35.524376
46.203438
54.862377
43.868946
54.37673
37.716698
41.742764
35.831417
45.560863
44.36622
42.52245
48.23672
44.911076
52.486153
36.61534
50.548798
53.811306
52.26558
38.45848
49.958412
52.999702
49.411083
39.24475
55.45033
47.51115
46.39005
46.18272
55.766308
36.994434
38.126343
39.45644
54.66933
44.864433
38.001595
53.60967
44.349125
38.879536
48.152996
48.03706
55.899704
36.770706
49.35233
49.629124
54.546867
44.490932
48.201374
37.388218
42.706894
52.502426
45.985043
37.009632
49.01712
38.27388
51.286457
39.004814
47.1951
50.821163
44.387066
48.933086
46.954926
40.69226
39.550083
50.70361
42.237774
36.270855
52.516994
55.711266
37.698177
47.652866
40.93457
41.77794
49.728447
49.636402
51.973797
52.48514
53.30064
48.557884
44.102222
55.504265
47.55892
43.805893
46.827866
35.957626
48.404568
52.84893
52.24528
35.676373
40.281845
39.524742
41.383526
45.46067
38.994972
39.155857
35.680866
38.09303
54.66469
36.780006
45.39251
49.907413
53.867596
40.413647
52.3754
44.174812
36.592194
44.803177
42.48798
55.430157
45.89259
37.560677
54.79309
48.13597
51.024296
52.929714
51.858585
36.755016
41.405922
53.681602
40.712944
44.387016
36.966557
42.803623
40.432106
35.613964
55.310593
47.70818
55.90893
51.09392
54.660133
42.66534
36.08821
39.74506
39.719643
52.041294
44.837723
38.069603
35.448345
40.71121
41.669872
38.28168
55.222992
37.70746
54.728634
52.423565
45.026814
41.762833
47.812923
45.581493
40.11018
45.91309
43.72023
42.645405
39.034264
52.73459
48.863358
37.795967
49.13098
38.10982
39.93817
42.048035
48.190998
39.63758
55.401863
45.731213
53.625954
55.934166
38.658806
54.746338
55.442036
51.1083
39.1451
43.800922
38.108986
48.634758
37.95305
42.597073
50.812035
36.700302
45.243305
36.1222
41.633797
53.850517
51.45508
38.77582
40.928925
48.427143
40.243732
53.05503
49.526497
36.852966
47.150387
40.9167
47.423363
49.294918
35.23943
49.736225
45.316196
42.615997
39.327698
55.990704
49.661015
48.81259
41.972927
39.40858
54.945694
39.326393
41.089302
44.348404
42.514675
51.718502
54.91437
43.596043
41.594303
55.19836
52.06434
40.602753
49.133297
46.411236
47.583576
55.425667
39.69482
39.705322
51.21954
41.2779
38.91491
54.823215
39.63559
49.647144
39.976692
40.59236
53.91199
52.39964
42.140522
39.72525
44.479282
36.150684
45.617374
54.28246
45.578415
44.453392
43.97598
37.70032
48.44847
54.03403
52.833958
46.539894
50.70553
50.38547
43.798836
51.27492
51.79513
50.51938
50.49706
36.504086
54.976013
38.57336
41.057297
36.946194
39.024242
35.271015
54.59904
37.45711
49.73457
37.940872
50.118195
37.093163
45.339737
44.91441
51.65853
51.93823
53.168697
52.643898
41.8111
47.010365
50.22117
45.80757
45.393368
51.06865
51.8486
44.00257
50.62557
53.552094
43.400562
55.365463
49.243904
41.199863
42.52087
52.605587
40.76853
36.125626
46.75901
53.4882
40.578766
53.248814
44.300385
55.76252
53.538918
41.021637
48.91254
37.893887
44.665066
42.333138
40.65503
42.729862
50.726498
46.32013
45.50678
36.40682
38.735134
47.569847
46.827682
39.386574
49.99197
53.86015
47.489952
41.50185
43.73175
43.15064
41.590107
50.28496
40.435356
52.011543
50.88376
47.65571
41.563942
51.0572
53.473194
38.252647
53.809734
44.237087
50.821613
41.306046
53.9554
41.0297
45.8681
45.971375
37.087307
49.68322
40.87384
50.46897
52.21747
51.651848
48.64285
44.208477
38.334858
50.287697
48.929314
51.315914
44.528824
47.665707
44.16893
41.626812
47.10564
53.14242
35.153088
38.260517
41.553833
41.87962
44.90233
51.34884
53.80471
43.099743
49.78956
44.35641
47.48161
49.28247
48.91367
39.70075
36.734722
46.860535
45.830643
51.056602
39.817833
55.227596
48.011883
50.812344
52.779274
52.032257
48.81859
46.635292
53.511337
37.799614
37.35598
54.998463
45.930763
54.895374
47.302853
35.82288
49.247517
47.72748
43.699448
40.09776
43.119823
53.866333
43.720665
39.45494
48.990562
39.45699
47.661842
51.1946
47.053387
41.89546
38.720734
44.18598
40.10658
55.246067
37.672016
36.399845
54.01836
35.287945
42.19967
35.56871
36.649593
46.396122
39.477615
54.616318
41.857975
55.68636
41.570667
43.049652
40.642517
48.982685
54.365307
41.46474
51.577854
50.20279
52.03393
46.68183
50.435043
50.69871
54.486305
35.795902
50.288776
54.93906
42.86842
41.605385
37.47057
45.673714
41.931705
52.46486
45.443245
51.383175
43.0144
36.5968
49.044144
44.38213
36.452168
52.292946
43.572815
41.42036
41.466408
41.237617
53.88345
42.004093
50.966496
45.393345
39.983253
52.94693
38.24605
38.50335
55.63489
37.85197
35.253586
54.28606
42.11457
45.325294
39.974277
49.82343
38.586826
35.725903
46.47237
46.478024
50.52293
46.16835
51.312588
47.912918
50.211906
44.311634
49.40419
35.434116
52.691456
37.191597
55.79273
44.926804
37.360638
38.983948
35.56221
50.114925
48.127033
36.12117
47.804432
37.737656
45.188137
40.62892
42.562325
35.506992
44.45005
49.896187
35.760662
43.387386
49.14614
52.348373
38.40017
45.82131
53.434162
41.65357
46.709995
43.01397
39.6223
41.15968
39.528725
47.285896
37.203125
38.233704
41.91557
35.803802
39.058765
52.054337
38.881016
38.708218
54.04166
48.195206
36.17021
52.7706
51.632126
43.028473
39.232525
48.233185
39.527462
53.57704
46.86722
48.411495
55.826733
42.948673
51.54776
52.97259
49.94133
49.8963
50.09637
55.54122
50.483383
42.366287
49.205544
41.43172
36.16245
51.11994
42.28465
48.85509
44.155483
40.643627
42.247585
44.908886
48.50591
44.598717
38.151245
39.02158
50.85466
48.005245
42.04481
53.293774
35.209427
54.20162
50.996384
42.3553
55.51786
35.3776
49.02603
50.94023
40.526337
55.139103
43.59345
38.371143
43.777977
40.130405
54.363434
35.53944
38.63187
35.213383
53.20399
53.77035
48.87007
53.082924
51.759476
35.169117
51.79978
40.48405
48.485134
54.659325
47.755123
52.388515
39.729687
38.944607
51.556297
48.58734
47.30889
48.05195
47.793465
51.160667
42.02589
55.947624
49.768486
43.197296
42.762943
42.956192
38.549816
51.953865
53.09443
39.35842
35.87401
38.367104
45.85243
51.595783
55.562046
37.462498
51.71388
47.96717
51.70936
37.738934
54.672226
43.56774
41.155617
48.051144
42.206783
35.490326
49.64356
44.8605
38.069286
43.986534
53.635803
44.979527
45.87
49.367786
45.974365
36.096676
48.064575
46.91567
37.439655
40.435318
54.518085
50.966595
36.794052
43.87439
55.5541
50.637447
52.079803
35.73824
47.28437
44.366955
51.781704
41.249153
54.05861
43.561718
35.962097
49.328556
51.07414
51.156418
54.629192
38.03143
36.541435
47.8244
55.409077
38.403416
41.314545
40.907925
55.057735
47.961205
43.564068
38.87652
41.471424
48.31418
51.89573
37.26753
46.632133
53.66893
45.29897
47.614555
38.35927
47.088108
49.447685
36.82761
40.82973
38.41126
55.169147
42.852962
39.575497
41.68765
35.347435
55.21131
53.071087
53.819714
38.134026
37.189472
47.083073
48.870625
46.100998
53.04399
48.66939
46.150692
42.891163
45.564148
49.088356
44.764576
42.994713
45.737507
50.905727
50.775005
47.51333
35.06282
37.272488
43.518574
44.160465
55.26306
51.687107
46.895256
42.290462
51.765797
42.55287
40.645763
38.44927
50.338413
42.49439
50.729374
38.79608
43.692566
47.706783
44.919914
44.757854
47.70528
47.577072
43.648514
35.447624
38.14326
39.439114
49.93929
55.70269
48.422604
46.602016
51.007683
38.080303
55.987743
47.726307
53.721058
50.78601
55.351597
36.213108
41.65731
50.303955
53.703007
46.518528
50.93961
38.448402
45.258217
44.20891
37.37408
37.66246
42.209713
36.132046
53.67198
49.65242
47.20897
41.295326
49.699287
42.865242
53.80867
44.913918
54.763706
52.89185
43.185734
36.62028
54.92302
46.610367
53.76797
45.010975
42.178387
38.771057
42.095436
39.547523
55.20242
55.76881
45.361633
55.32515
51.944237
44.54902
53.600338
37.37651
48.052326
44.949375
55.410492
37.98718
42.56089
41.292538
50.444714
38.965405
46.69658
54.713844
49.626118
39.9307
50.979763
52.53319
55.20374
50.464287
47.018257
40.961845
42.308586
49.39878
45.521233
38.572514
51.63031
43.615536
52.097137
41.255005
40.198822
50.464935
51.341953
51.829998
35.025608
45.32845
39.572643
53.09989
53.536324
49.90061
37.31553
39.878372
38.309204
41.48513
35.320595
53.45931
55.623093
44.971214
45.43988
43.06077
38.71446
44.184658
42.18201
48.01142
50.444443
52.9927
41.134556
47.83423
54.285015
46.882584
39.732246
43.926315
35.147617
55.730736
39.041286
43.234146
51.598137
38.13281
45.328777
55.179443
48.428825
52.974514
35.191048
35.104153
47.390736
39.888798
42.925873
44.671566
39.129654
46.867188
37.65093
50.98597
36.01379
36.571266
53.39446
48.674652
50.593483
35.82501
52.014057
47.813747
51.890987
44.359283
37.33547
41.373325
45.582794
39.127174
51.34592
38.807476
51.407383
50.411854
40.624905
47.521328
45.808094
52.50843
49.450306
47.209934
38.903793
39.977043
53.178986
50.482605
47.369255
50.33643
44.56815
45.761745
47.702763
40.59562
43.677567
46.176468
39.660053
50.20593
46.872616
46.059074
54.34189
54.856266
50.234146
52.696438
40.53669
51.0318
51.373653
45.188457
35.440224
52.409416
44.25081
37.622234
44.80106
38.972923
54.095318
46.283348
45.873592
50.196735
45.946236
45.294483
40.29956
50.769
46.639122
38.896893
55.18462
42.10323
51.29524
55.571674
41.188236
37.322266
55.496742
40.335423
40.403156
48.489098
49.367958
55.83887
51.165005
52.606194
45.72533
52.34727
40.70302
36.308292
36.307083
36.287724
42.71978
38.233185
38.848698
44.811386
52.570686
53.770847
42.431335
43.737343
43.703262
54.2633
44.097694
41.3203
48.411865
46.756
47.203556
35.51548
49.765152
48.086018
37.35302
50.80198
49.771584
47.43314
40.051594
36.169678
53.462624
43.457127
38.40379
35.575073
44.593697
44.7976
49.280327
55.02777
45.08978
41.022694
48.38511
48.482117
47.19551
49.078354
50.56312
46.8774
55.528908
39.912243
55.50794
46.9952
37.88336
48.224625
49.750946
35.28399
43.674305
49.23304
49.444546
52.438656
49.38489
42.928448
51.987453
40.31675
45.229458
47.547676
52.982815
46.72325
42.52381
36.890182
54.368347
45.702236
38.928356
42.666832
37.8127
54.23648
37.812958
53.2841
36.633247
35.67497
41.481712
53.339355
37.558083
42.783447
50.89138
43.63095
55.628376
53.04471
44.798874
49.67165
41.41738
38.722855
35.981293
43.534634
50.528355
46.24983
44.286243
41.358364
55.026077
37.692677
46.790623
52.98999
42.05534
55.4164
55.272915
46.05651
48.404552
53.570034
52.536953
48.2187
49.183865
53.692467
40.864384
53.484943
41.104477
44.559753
49.018673
54.24036
39.069576
46.377064
36.775055
43.081276
54.917007
48.556213
38.90907
44.635773
42.190216
48.613503
49.940365
55.298298
47.756077
46.17297
48.69915
49.209454
44.937088
50.666462
47.959274
48.871834
52.580143
41.084694
39.965023
36.508404
54.14533
43.052414
46.667953
37.642185
36.46552
54.575954
39.885555
46.404175
40.301193
53.042904
35.39538
39.76109
50.19474
51.44138
44.18613
45.19527
38.414757
44.310226
51.701683
49.36628
46.973103
50.631756
48.93426
51.936867
39.796177
40.735046
50.64999
36.0557
35.136765
49.290524
47.862865
39.95499
48.223896
42.64545
37.912567
45.743305
37.965607
45.075275
47.14697
46.75202
49.243027
44.007008
38.262016
40.728622
52.96421
47.908764
49.809605
48.760742
45.582195
44.33333
43.248356
46.06197
40.22415
40.553917
51.18274
44.65378
43.92716
38.33671
45.11269
40.53744
37.73098
41.65746
50.09892
40.16564
51.53942
55.58834
38.238335
43.895676
44.729088
52.156578
43.73954
52.634216
41.458195
54.70759
42.690117
38.06843
54.507786
49.19328
42.315388
48.718914
39.273937
48.850006
41.642647
37.546997
35.2219
49.93086
40.005337
49.002377
48.711765
46.513462
44.748375
41.206474
40.61008
41.91709
51.828938
50.43284
42.513035
47.931973
53.746143
44.167965
49.724194
43.888622
37.378677
52.814148
40.353344
48.57681
47.86112
41.530693
43.033028
41.161125
41.587723
39.800488
48.785275
48.534348
48.796764
45.0561
50.513634
48.999763
47.958866
43.10285
42.44411
50.78024
36.369743
55.13591
38.59351
37.614418
52.930546
45.86423
45.004864
36.61938
37.088463
40.626263
54.057
45.674324
35.30562
53.410664
37.628845
37.811287
41.226067
47.379864
40.279133
37.486538
45.918774
55.835037
36.88808
52.150337
39.188656
36.558258
48.400196
51.232845
38.968266
53.120796
38.405865
37.52046
53.229527
46.056206
38.30432
35.909595
37.68783
45.76253
52.701706
35.69375
45.81019
55.620224
44.51536
39.865017
35.284508
46.090458
44.978977
41.392597
53.158943
54.493298
38.373375
54.078533
45.318188
44.755875
36.84351
35.384857
36.827854
38.667824
41.104942
36.57661
48.948658
40.084595
45.19147
38.631496
43.298786
48.078777
39.650623
40.629692
53.7259
54.255383
42.75474
49.75641
48.939434
44.319187
39.362858
38.6247
42.849464
44.510437
46.042133
48.357796
48.859985
43.709896
46.937557
46.75768
40.07267
42.854954
42.664684
41.93069
50.47128
43.80566
55.192665
47.941124
37.67743
43.95279
42.28332
55.420193
36.795258
42.669655
43.557022
55.57047
44.19545
48.17526
36.66721
51.674862
53.828392
35.49832
55.382748
36.044304
51.801666
42.010124
37.601017
49.319897
35.50899
46.428715
40.44445
43.182854
43.55556
39.287735
51.62939
37.819553
35.089077
48.61027
38.238564
40.939255
39.9163
38.93146
44.87697
50.748383
45.961643
50.873093
43.946075
51.04811
42.207348
54.189335
40.432125
49.540775
49.244106
46.57474
38.171898
49.50595
50.956394
37.55402
55.032825
52.23842
48.668663
50.457623
36.824245
49.028
48.28639
55.82808
49.04279
44.005077
47.580414
55.59893
43.747173
53.87593
48.7834
46.041637
47.956314
51.42838
54.093964
41.785225
45.96971
40.701
55.517185
42.179375
52.919956
53.878002
37.709328
45.893665
49.68475
40.2972
36.140137
45.924004
35.009457
40.439857
38.937912
37.111923
55.32099
43.408875
39.24045
42.873127
40.25009
43.195824
50.739323
38.078815
43.321312
46.98741
51.375324
40.936646
38.6188
45.868504
51.819855
35.27768
47.490715
37.54147
40.459866
54.871616
37.51633
50.100567
52.093323
46.26452
41.02724
49.475323
48.437622
50.161705
40.4477
40.888218
36.855175
44.56298
37.599052
42.559826
54.408398
53.698177
45.899258
38.9383
37.470512
36.308147
38.081036
40.93054
48.639214
55.96951
55.65061
54.96857
36.626892
41.97122
46.814137
36.25756
49.13416
48.716644
46.009727
39.220707
51.452694
35.74709
50.500767
44.981544
49.68892
43.2609
49.709435
50.70552
50.051758
47.436863
47.099533
42.76053
40.605774
45.96158
39.453705
35.94996
55.255177
48.90731
49.33257
50.521996
38.49483
35.51034
44.35187
40.265415
38.640926
50.459377
55.66875
42.76478
45.837284
55.019287
53.729168
41.806847
53.122196
39.687656
49.89613
47.00531
55.236492
54.109863
45.051823
52.942284
49.65513
51.66297
53.646748
52.51276
50.532604
45.459606
36.954994
46.70221
46.86684
55.52
51.48726
44.72755
46.206608
53.513706
52.611824
48.328384
46.654385
40.78208
54.438515
46.007854
43.749477
52.31849
51.931923
44.191628
39.05556
41.005116
48.037464
48.598545
40.922276
52.6838
43.3275
37.598064
45.942253
47.572678
38.304646
45.96715
46.082977
42.131344
45.03552
40.25342
53.337154
44.72435
36.23053
37.901344
55.00575
53.336014
54.23405
45.404865
44.4046
45.1493
36.64399
37.012512
36.86855
54.017197
40.44119
54.929905
35.41632
52.727108
52.5762
46.539906
44.334747
49.48718
47.934776
48.891945
43.24291
52.247944
40.48327
47.599937
42.904583
38.313576
35.18121
43.331944
44.17173
47.194057
39.940807
39.275116
46.962273
54.8029
50.51164
51.31577
52.102123
45.914658
37.6738
54.187195
42.19448
54.26224
46.533806
40.506767
50.418625
48.776173
37.035004
35.44904
40.30599
53.246143
48.017834
48.78306
42.09301
52.119972
42.29519
54.13973
50.208313
39.245655
49.244236
36.669094
46.815956
48.109524
50.35848
49.697483
49.107094
51.526615
51.05241
47.601055
47.209064
46.79908
42.766083
44.874863
42.163967
42.074226
44.077938
55.295525
38.418056
47.005863
39.101723
49.15084
52.658768
54.850895
43.91692
37.741066
46.63793
55.81782
47.16196
45.744263
36.827824
48.824394
37.20568
45.58219
50.370823
51.818985
44.50483
42.623196
37.8041
39.473396
38.854088
37.91524
37.467384
44.364426
47.239925
47.15472
37.335
41.7274
45.92077
40.765736
37.25246
50.48688
54.17332
39.289722
40.203598
37.54806
35.86853
54.7667
35.285812
47.267056
37.67056
44.42716
49.529087
49.60895
36.18825
46.80753
40.55873
46.74965
52.850998
55.35238
37.372204
50.78086
45.629498
50.672894
55.177242
46.737118
37.976803
40.89399
41.32144
53.37955
54.5262
49.941204
37.832756
36.04322
39.14984
53.19385
39.985825
55.383083
38.95563
35.662254
41.610897
49.038364
43.679836
51.73468
42.569996
51.07571
39.718975
48.583427
39.939327
38.568825
39.73692
54.51981
55.957436
45.825382
43.38178
41.94415
51.725292
55.58177
43.15204
35.04966
38.977592
40.951878
38.862556
36.107998
47.983765
53.03828
47.478344
38.98942
42.782673
43.892616
40.307827
54.552086
51.506844
43.9462
47.67695
54.672485
48.509895
38.123165
40.241886
49.983196
48.37531
46.595043
41.04026
37.834167
47.654995
41.53947
51.22956
55.600224
49.36302
53.324837
40.21625
55.22026
54.832756
51.258873
42.540257
45.772438
35.535023
54.411026
54.44685
54.964912
41.850338
35.04688
45.55157
45.65314
52.590042
48.897415
42.38382
36.882397
39.269188
50.826786
55.880726
47.498177
51.748257
42.45922
55.095375
36.067287
47.881332
55.979168
37.482166
52.70891
46.23506
37.628223
37.126778
52.447594
37.77581
44.38823
45.19954
38.869125
44.66161
47.962093
39.728275
43.185337
44.92104
41.442066
46.510357
55.29544
46.852943
46.989883
51.613583
37.06915
44.43888
38.443935
36.451637
46.87073
35.924454
41.01576
43.862247
36.29343
40.996216
37.14142
36.964813
40.1801
52.657513
40.11293
53.829147
48.268517
44.989788
44.330685
39.148132
50.21894
44.474964
42.889935
54.174404
49.356503
49.450108
50.742725
36.154915
37.192616
47.567375
50.86115
51.37701
44.67716
43.840164
54.668716
47.725864
38.177254
47.9707
49.503693
44.345436
36.378525
43.174793
49.031452
42.593792
36.66127
48.646255
45.332695
45.988503
54.01668
53.136436
42.859936
48.24896
41.23705
55.8637
43.576958
39.85981
48.939278
44.11304
46.374123
49.803406
51.96238
39.43786
45.287037
43.23898
47.81726
54.333984
38.136883
40.94244
39.161186
52.620132
42.95783
54.263016
41.71943
43.529686
42.98018
49.201675
43.68302
51.695286
40.997612
43.97106
37.37431
47.790783
55.66251
47.05784
50.890915
52.584435
48.625645
54.375813
51.513844
36.55258
54.464645
43.571617
51.89708
49.00494
40.030315
48.924908
44.443485
53.880608
39.180706
47.570885
38.816017
45.98805
49.869865
48.965534
46.233208
55.483032
54.211555
39.612522
43.054554
42.805023
52.44776
45.075546
41.17393
55.12573
36.71764
53.21117
36.9083
35.602608
55.144695
38.374413
42.393944
44.375786
49.038174
51.073162
48.984158
52.2985
43.9393
47.177197
37.779816
36.849197
52.833855
43.323902
51.218292
48.53773
54.099533
45.604942
39.596363
47.388565
46.659985
38.96704
41.509193
44.76064
35.376858
37.014656
55.45016
52.846592
49.92716
36.063637
37.235287
49.683292
47.28516
50.362255
55.491154
49.401096
51.45647
51.36966
36.176697
55.741074
44.29651
41.861687
36.99693
53.577374
46.086296
48.42008
48.610622
40.296257
49.035732
46.55355
40.734104
46.4037
36.03768
48.297817
36.599895
37.66037
46.805874
47.646477
41.741436
54.375698
46.995384
40.575893
42.74427
37.232033
53.026558
44.744553
41.42914
41.155403
46.11156
52.17095
39.91391
35.301174
54.417274
51.324085
42.138973
45.180805
53.38916
44.096565
46.734688
48.320335
55.007645
51.07297
52.55961
37.611584
50.15207
46.3545
50.84476
47.69384
43.306675
52.955956
46.641796
51.28693
49.558987
43.45227
43.19197
54.385643
38.21303
54.119045
55.9079
44.62113
48.368103
52.28529
51.891647
48.89662
40.498398
39.99643
55.300316
40.612747
46.409637
41.371796
48.41426
50.412106
36.945896
51.233067
42.963276
36.39317
52.47316
38.678978
45.12252
52.170387
41.475643
37.286327
47.602627
44.990326
42.566883
45.52847
36.427452
51.353046
36.839462
40.819954
54.318047
48.233288
51.755802
51.319515
50.082916
39.04785
42.716766
44.253525
55.052296
43.973644
40.035843
50.058155
55.388187
52.084972
37.293667
54.08088
36.051983
40.0493
38.950928
48.93061
47.318073
36.79737
52.657333
37.82058
55.98442
41.66662
40.91012
43.40924
42.85011
36.006092
55.587616
47.71189
48.605045
42.126556
43.411762
43.62928
46.00837
39.781235
49.577988
51.51939
39.119995
53.070675
35.631718
53.024693
43.39342
42.77942
41.16783
46.059597
40.638348
47.67276
35.082703
52.461388
55.21797
37.208508
43.918076
47.312874
36.358532
52.45183
35.30175
48.356106
41.1177
53.72036
46.612263
39.233852
38.383472
40.632347
45.77288
38.51923
53.256836
52.782406
45.515038
52.6237
51.308987
41.22734
53.54191
48.709816
47.498016
41.328842
35.770092
46.677498
46.979984
43.270355
35.23055
41.141148
49.655937
38.742184
51.269627
48.07001
41.058945
35.871838
48.40673
47.42503
35.10433
46.466
53.57732
41.693123
52.301292
47.02588
37.51823
43.693188
40.25581
54.79958
42.736866
36.40823
45.682102
49.343033
44.846638
35.88398
42.68414
41.67535
54.048115
41.42687
49.768757
47.13499
52.18865
51.432762
54.908367
49.469772
46.142807
51.182858
55.98402
55.526928
49.221775
53.85413
42.10847
53.14854
47.94198
36.809242
47.65409
44.52325
47.761448
53.954372
35.291973
52.29687
55.32706
52.583317
49.98617
52.202583
39.3666
45.662388
39.681076
47.835598
55.60666
45.952988
55.370045
46.46772
46.000687
50.71734
36.339844
52.473953
38.11112
36.007816
40.648254
44.026382
40.705273
36.701366
44.310974
37.199722
43.49685
49.507954
46.24935
55.528503
45.49311
45.155582
47.78169
36.357613
36.59245
48.83428
40.328796
40.035862
46.91783
52.767677
39.04824
51.116608
43.8687
49.47304
52.311993
36.24984
47.02722
38.86941
55.298645
47.37705
35.864384
41.89825
36.484043
55.17305
47.657143
44.732235
50.483078
55.418297
48.15007
51.96513
44.520702
38.130695
44.273117
36.39938
36.791515
47.837685
52.661762
49.177887
52.105106
42.32734
47.816616
39.042625
53.508183
54.581573
41.486584
47.445084
50.02478
44.364937
53.263092
50.08213
51.26225
55.11932
55.43239
55.185936
49.393436
38.397903
46.848736
41.557472
36.944393
54.06087
41.963463
40.900738
54.892174
39.850975
44.17307
52.488308
52.808723
37.76882
41.33424
43.568783
44.174515
51.87564
51.634342
41.21285
51.529594
39.76571
50.00314
37.486977
38.82986
35.97098
37.90477
54.94247
49.23283
43.987312
49.658493
48.412502
42.549896
38.444626
49.402706
40.020733
40.77094
48.182705
44.438656
36.122772
47.39247
41.63964
41.968674
49.625072
48.76179
48.01194
38.178284
50.75595
41.28747
38.103138
35.202396
35.89948
53.16032
43.642044
35.76283
41.545334
39.17924
54.122383
46.167774
35.756424
36.382793
49.892147
52.92329
45.81089
39.450054
43.304165
41.422897
52.836308
48.253143
54.22855
40.05322
42.32121
43.51921
38.123222
46.582096
35.36274
53.29091
40.16047
50.880074
39.389145
50.762226
49.6155
53.86705
39.881874
42.110363
51.83725
47.072865
49.314476
51.144722
50.64206
45.354023
46.124176
53.950264
49.897873
37.118214
47.036785
43.21547
47.39932
55.87423
48.476803
35.603836
48.873466
35.0468
37.11194
47.353188
39.10155
36.774364
46.80493
55.26851
44.693645
43.842216
43.375347
47.411583
49.011295
42.99434
47.610313
51.084896
44.097466
42.61435
50.90536
51.15716
37.24351
53.169243
44.765335
42.384586
50.999763
45.869194
40.15007
45.144382
36.019287
39.71257
38.310837
35.91627
38.113625
35.457233
48.33073
44.92265
55.294823
50.087738
50.05602
40.569744
42.379856
54.032364
51.485195
47.71967
46.941513
44.72494
36.968685
42.367256
45.00412
40.10341
53.764545
35.995743
52.9029
40.290333
49.59409
48.741856
37.152645
40.010273
40.84626
38.513485
38.00427
41.264633
42.990738
43.372143
47.60716
51.406723
47.577156
50.81752
47.340675
46.038113
54.92133
55.093018
39.92995
39.08186
49.209446
42.268673
52.41918
40.979073
43.28718
45.651974
53.939743
39.20233
41.843113
51.027214
52.481106
48.182766
45.044437
40.330414
47.549217
42.307247
52.937958
37.629665
36.680004
45.85785
43.090252
48.699562
55.264954
43.637917
38.008553
55.053688
48.041245
47.557373
45.85732
42.030487
45.900562
45.63436
44.865414
38.415615
49.37891
43.711353
49.605015
49.12777
43.303787
54.68068
45.015633
55.69516
52.595802
39.167946
41.645363
38.606358
50.148376
35.431293
55.086296
39.131767
54.04236
47.700253
39.992207
37.8811
55.09149
43.300087
42.38396
38.187244
37.86026
35.685795
44.17179
41.388557
51.847427
46.944477
37.953415
45.219112
41.486465
43.4157
50.183075
42.810555
45.97846
49.82645
45.7491
46.25925
51.743526
45.740616
35.846027
48.319035
51.45353
54.18261
55.78239
51.542355
51.191902
43.010365
38.026245
38.11177
42.27565
45.985233
54.358063
54.67876
35.670094
38.514427
49.47408
37.75841
39.728706
37.726395
55.763206
42.61612
39.19835
46.88021
35.266655
46.12645
38.044525
43.107185
38.021877
36.784508
39.671753
52.136223
38.090984
54.906578
43.540916
51.96404
48.578762
46.06947
44.018456
49.39708
52.856487
43.00705
45.53154
37.014225
37.025143
48.507523
47.748833
36.37747
49.375244
44.336502
36.5583
50.25253
48.23045
39.848694
52.071358
36.192043
44.098145
35.74479
36.74714
52.081123
49.492653
45.380558
54.00096
49.14832
43.14535
48.141388
40.337936
45.50471
35.57081
38.658375
35.13569
46.48954
41.119255
48.060886
38.689316
42.972946
52.713024
52.035805
43.027367
40.29466
55.43827
45.19506
48.309177
49.702133
40.04314
55.140755
44.32216
37.9923
55.179707
46.66113
35.71167
42.55831
42.919373
43.690887
53.096706
52.195915
47.670025
51.02566
35.15146
54.83367
35.12823
51.29334
35.06566
47.817028
45.310734
49.353695
46.536007
41.498398
41.027008
54.123127
38.586433
49.663647
39.378258
47.802612
41.066692
44.759945
35.99805
37.62484
42.636868
50.980904
49.78599
47.53026
50.4095
51.011753
53.828182
37.632107
46.19168
40.6409
52.046867
48.93688
47.446148
48.50351
52.8765
36.549362
46.67342
51.93883
49.924706
47.510384
45.906322
44.31487
43.143837
41.4905
43.403706
36.202385
42.51263
35.79448
53.4319
35.464817
36.607193
46.51887
39.2306
41.67149
38.72682
52.249195
42.87387
39.238544
39.4324
48.3832
39.75781
49.355392
46.4539
50.023323
48.872784
41.063995
36.928272
38.393963
54.851555
40.824154
52.84021
35.908337
40.02348
38.52004
53.355618
45.334705
49.350857
38.141518
38.461308
52.993286
41.17489
50.308353
37.954247
36.5529
47.157055
50.396294
52.359886
47.790207
40.66569
48.270992
47.80142
35.6248
52.128284
55.539146
44.190502
45.849594
41.54659
48.78572
48.364864
43.23892
42.45477
46.48197
36.959267
36.13546
54.09003
38.121128
43.863785
46.192528
48.440636
49.666748
53.096924
40.679478
42.13809
41.58353
36.801014
47.64586
55.868088
50.561012
51.85345
53.283813
51.089348
42.53775
35.27969
36.02842
49.369667
38.786915
36.2526
40.292107
36.575527
50.633713
37.967674
46.242023
53.48446
54.840935
52.09455
54.69814
52.128662
35.82101
36.823036
52.05503
55.323933
41.61123
37.745007
37.111813
52.38959
37.983345
40.94386
42.83235
55.023273
44.149708
55.699036
37.3518
43.658546
53.274963
46.15565
54.99573
54.403942
46.40585
35.157887
41.68459
37.838654
38.491093
48.199642
38.85886
51.52327
40.879242
50.107105
44.9793
48.073048
44.054382
55.635284
55.731808
51.03684
50.397945
41.634186
46.29788
54.626476
50.449432
42.82016
45.439373
42.549477
36.479687
40.474113
50.69021
42.812122
54.187393
40.58067
47.647816
51.380592
53.98287
40.020973
39.21362
52.01441
51.632675
42.436695
43.64454
35.419678
51.004513
40.29401
42.44637
54.108635
36.273853
39.49359
39.46524
36.997738
41.232105
53.59638
38.01461
51.828136
46.270718
40.36475
50.513096
37.950424
37.206367
35.854816
48.90237
36.879852
52.359543
42.738
52.064423
42.29866
41.20205
48.87862
47.56411
40.85896
48.448635
54.449184
49.30547
55.222557
38.683697
40.02612
53.109318
55.26349
40.486107
36.176132
47.79476
52.254368
49.543503
38.016987
37.07877
43.159588
54.43202
42.11636
46.495605
37.866283
45.578186
35.878624
35.58189
39.298286
37.416805
42.26171
54.773224
45.87884
51.91201
55.264923
51.81481
46.7345
35.418118
49.13333
35.001114
44.365753
41.322933
51.63571
52.22865
52.249104
49.03803
43.090122
55.671104
48.980885
54.67892
39.035095
49.86749
47.12479
45.21272
35.574066
42.151676
39.883213
40.94146
41.45705
42.645668
50.076565
40.93659
47.905655
50.489082
38.685524
49.44329
50.036507
41.583847
50.38759
54.33288
40.492687
41.89575
35.10264
47.39744
44.55421
51.27341
46.55122
38.652824
42.56577
51.82056
46.224934
47.844505
37.99366
38.08875
45.96998
46.035366
44.80375
35.74552
50.59295
41.495277
45.13835
52.91691
43.51224
54.109444
41.462387
44.10329
48.498882
50.175735
49.447716
50.42419
43.977463
48.770927
46.869556
39.960205
43.19071
36.831406
47.699886
44.129208
51.770653
37.716175
42.40022
43.35925
36.90473
42.298145
47.139713
44.8019
40.336964
52.56432
46.294506
52.467545
35.902378
42.296394
42.120224
53.958115
45.157093
55.650204
41.932125
36.922848
42.936943
52.35588
44.475815
53.4692
46.354347
50.820133
51.426453
52.023655
41.826122
47.627853
37.115524
42.556202
47.214104
51.812355
37.651505
44.657368
47.056126
46.79186
40.574562
52.68817
46.166477
50.054382
37.06513
40.11111
44.593094
42.514088
46.51248
55.15411
46.032955
44.959114
48.941704
39.159714
54.327637
54.16432
39.39619
38.3281
39.5878
37.051884
51.87756
52.075348
45.8283
37.748543
38.856144
53.89713
41.73499
36.51037
40.682484
50.453438
53.32967
44.26418
37.45396
36.571175
54.85147
39.949432
45.02054
42.9993
43.130974
35.93506
49.849766
47.045048
48.097527
38.53297
54.413494
45.67005
36.830902
35.033123
53.60753
39.231514
36.745007
41.744713
52.47014
36.816372
54.07448
46.24385
48.126686
43.035297
37.824257
43.400074
53.45479
35.21859
52.737686
38.78253
43.43833
42.187416
40.640453
50.731056
39.558224
45.16165
49.72575
48.718323
47.85424
49.909393
51.960205
50.626244
38.484375
37.943504
43.810726
47.21317
44.707027
50.426952
49.919117
44.35792
40.21602
39.461422
39.184277
44.632633
37.669704
46.602608
42.9512
35.37834
45.072777
41.770794
53.65135
44.735622
39.392944
39.20679
36.290794
49.017185
36.424694
49.760944
42.640583
35.400063
51.44828
41.59697
49.847893
37.162216
54.67466
54.342445
53.45723
39.591576
46.815582
49.824333
42.50756
51.255215
50.372997
43.790543
47.454285
45.53214
55.403072
40.43754
44.15429
43.185158
39.577457
44.139137
51.047737
39.275814
38.338123
52.50311
45.972057
44.910717
39.821915
37.76994
41.75163
53.14855
40.017166
37.61194
44.82083
54.894123
47.307053
55.591236
51.65873
43.759056
41.152992
48.891483
54.74036
35.678352
48.17633
50.450897
52.042614
48.537865
54.307667
43.293186
50.88199
54.18977
40.990467
46.67807
49.00693
46.011517
42.649433
46.6746
47.419315
55.598164
52.76377
36.89814
48.357605
42.26899
45.9218
50.445812
54.23841
47.81626
52.175594
47.51548
36.123817
50.32731
41.863136
42.799652
40.458466
50.970753
46.82014
43.508526
42.403484
54.353455
42.56506
36.795242
38.083572
53.426826
47.60798
41.431664
46.45905
55.949562
48.507874
46.814407
41.336468
53.19827
50.6825
48.76855
53.239365
52.95843
55.26136
54.160473
55.47499
37.825153
45.464592
41.03129
46.75342
37.496395
40.089184
49.81901
45.142063
55.051147
41.688877
46.250088
55.97178
42.17058
49.94523
37.65002
41.549946
48.8825
50.544678
54.747883
49.18135
37.687595
55.600086
54.5311
43.049572
43.860657
44.285126
44.34444
49.969467
36.310642
39.88604
38.221165
41.885735
47.630653
49.91759
38.38453
54.26289
46.872135
37.298798
50.96417
53.188904
55.137207
54.83877
35.234646
47.09763
36.298824
36.44425
49.102455
48.50447
39.030617
37.527695
52.142822
45.045284
36.85645
40.068535
53.219208
37.410145
47.114452
42.659935
48.606094
53.471752
39.57098
36.659714
45.579517
42.022404
49.917103
36.25629
45.6401
43.054043
54.533478
41.8593
39.88967
50.44262
47.71917
37.729263
48.595398
55.23097
52.04555
37.171974
38.64412
40.443775
48.6188
43.940548
37.414978
47.51356
49.81253
37.711716
39.57968
43.94851
38.46692
42.632893
41.477566
39.83091
49.6413
42.972645
48.006542
39.099205
47.754436
39.849514
48.42116
36.337254
36.349888
49.862896
36.035522
49.97103
47.78348
52.204456
47.591446
42.356125
46.84581
39.48975
46.971214
41.228596
43.7046
41.117096
52.009506
39.387238
49.580208
43.434338
39.390438
40.277084
44.252087
44.374104
53.00345
38.35203
51.834805
43.50418
36.67564
42.708595
55.25935
51.632137
55.898415
42.503525
38.548725
52.20186
40.02268
39.094498
39.286423
36.724567
35.40956
50.676365
44.642197
54.398098
50.192596
44.42457
40.94162
39.88547
53.63247
47.802773
38.04419
41.947533
44.526855
37.743732
52.7294
51.25425
53.775627
39.87021
51.880962
42.23544
54.99562
39.787106
41.506397
40.274048
45.02936
48.746544
43.532635
46.89372
36.29856
36.664207
35.877747
39.84736
55.215927
50.548492
55.51476
46.17441
37.287773
50.89307
54.11566
52.362045
52.115112
35.479107
40.3919
43.71904
39.23228
36.335064
35.43233
53.951042
39.610027
36.31009
40.18036
36.71202
47.693695
55.831165
47.689144
42.59907
36.047546
40.93476
50.94693
35.65647
43.03257
50.590523
41.874306
38.9596
46.457912
45.667393
42.560852
35.26066
50.814922
48.632034
45.93084
37.99535
40.528095
49.214718
41.805878
42.1734
52.638535
47.829754
36.76702
40.805664
37.473392
44.495445
45.309605
39.556683
51.148502
53.362907
36.5313
49.253944
47.20182
49.733467
37.996967
46.73376
41.261578
40.621277
39.483696
37.25849
42.415813
36.500614
41.025047
38.401066
43.86888
39.86676
53.04573
43.860043
36.545776
37.63472
55.406147
39.142162
48.53643
40.20188
37.860916
55.42921
53.66002
51.208755
45.7762
42.23205
52.97309
45.646015
40.94784
42.62723
54.745605
54.97685
51.01553
36.970085
35.285458
54.370113
44.27787
39.983143
37.004623
51.972946
51.679005
35.029835
36.289177
52.390755
43.3595
35.20084
45.060455
52.187897
48.4426
54.564075
51.396267
55.27424
35.661396
49.559143
48.218536
47.50075
55.023426
47.053307
45.847954
47.651512
44.956154
40.018284
42.176147
42.29007
50.280216
51.135986
55.31257
53.594795
39.916794
35.89598
45.82579
39.400978
44.451347
43.908802
45.11801
51.156536
51.54804
46.226467
47.04664
54.393803
41.73739
36.435265
46.638344
37.621635
43.284412
35.16573
40.628643
47.250015
43.685226
41.450886
44.604015
53.273613
37.837162
37.05619
54.72377
43.961334
54.080826
50.50324
39.355278
39.72553
44.122055
47.014217
46.46896
53.67767
51.30756
37.01517
41.30829
44.11645
46.850086
42.15361
35.675285
43.339817
46.377293
49.00946
54.153477
46.724255
53.613113
52.808483
52.72788
47.97254
35.091095
40.483177
45.55566
38.79552
52.54646
40.368713
49.09114
38.063965
36.036728
40.670063
35.37547
37.643288
53.90052
36.59129
50.063755
52.706932
54.37986
47.67919
37.681614
46.31351
37.10337
38.500843
36.67808
41.42822
47.656128
46.248165
39.07349
54.370945
50.146477
40.242626
35.888386
38.881294
38.020947
50.599205
54.083714
55.60525
41.375446
42.501232
42.442524
41.82847
37.664257
36.636303
51.680042
42.708122
38.01795
53.348305
52.081524
55.08819
47.347088
52.97184
35.1363
49.222202
52.030746
36.632587
49.961685
43.37326
36.267094
49.520866
37.79174
41.312542
44.097954
42.27552
55.443653
35.19579
47.71001
38.651337
54.468475
55.16146
50.862453
44.085697
35.643032
42.264603
55.19409
54.128628
38.56643
36.0375
39.72263
44.95549
51.38708
51.050938
39.06458
50.34255
37.105377
37.339306
47.776314
48.553062
38.47199
54.44823
44.74519
36.55522
37.233604
36.165207
53.744087
47.873108
39.36528
54.70167
52.103706
53.15798
47.972713
55.209267
44.95389
39.25957
46.747906
37.033455
36.638638
43.175728
43.21809
47.0346
53.71903
54.763626
53.540504
44.63935
41.444057
55.50687
48.2646
52.024723
47.691566
42.95021
48.308372
49.982525
42.159576
45.63725
48.37701
54.56373
47.02316
42.516376
36.189735
36.56027
43.362534
35.81627
54.17467
38.246056
48.41536
48.334778
44.74174
38.569508
52.109413
36.933517
54.850037
53.16665
55.391396
45.78551
37.34885
38.146812
41.583523
42.58419
36.490463
50.592293
36.371506
43.489662
40.08798
45.108727
44.05597
54.061546
38.022926
43.564857
36.383816
44.807785
37.195114
38.368168
55.61695
37.264755
54.55109
44.23732
43.49281
50.716633
35.527775
41.45271
49.38442
53.760315
44.10433
52.993248
35.277424
44.927376
52.66794
42.80051
42.14711
36.485413
47.068195
43.650604
47.940796
43.358665
40.559948
43.75967
38.64901
50.831463
54.815884
41.300613
52.88369
43.32772
55.827904
39.46679
39.97226
39.096127
46.310196
37.582462
39.823643
49.072807
48.167118
37.030537
55.725544
46.542046
49.695587
39.44467
38.791862
40.47037
50.454105
52.695988
43.995003
42.550663
49.149776
48.693836
49.58988
51.060055
47.469685
55.9155
44.264668
51.6093
45.514465
47.881615
41.53806
43.740936
44.379726
43.501957
38.76348
54.119865
38.474716
52.33063
44.597878
54.752274
42.36804
54.29009
48.945927
46.26744
39.306496
41.350204
43.200157
52.801975
54.06595
44.98174
55.063293
44.43698
39.46194
48.94256
40.361122
36.45616
44.67312
36.10077
46.032604
55.916508
54.511837
48.550392
55.91845
37.153004
46.9141
39.233463
50.06025
42.87499
53.214897
48.64653
37.969257
36.454224
52.225197
37.98012
43.727345
37.853226
48.733322
44.216465
49.842087
42.397457
41.81611
48.29375
41.49387
49.256012
46.26419
41.434563
50.18493
50.06279
43.500965
37.13148
42.828564
51.583893
50.60624
42.084724
38.001297
36.716755
42.443214
50.594646
44.421684
45.392708
48.431503
47.52624
37.71639
42.147053
41.20892
46.983162
36.18761
51.219322
53.281403
42.255707
55.605392
54.051323
44.773003
48.440098
52.01431
53.961716
54.556797
48.365677
39.165897
53.59315
45.37298
54.112175
36.466755
45.45179
53.021496
53.450928
44.266556
35.48872
45.354664
45.001953
49.901287
45.209133
55.588814
39.763042
43.153893
53.237274
35.404446
37.937527
37.69793
47.614037
54.410683
53.664154
50.649406
51.35875
39.81259
46.3355
53.56775
37.988033
41.538815
49.68059
54.118942
49.751804
51.662197
