18.485914
36.0709
18.776947
17.273136
20.780628
18.195683
16.226032
27.532738
33.019836
32.499958
35.332054
26.106133
22.88874
15.834126
40.530483
34.723515
25.578655
38.90436
28.064018
19.391766
23.23752
16.75128
19.47868
34.33086
27.378214
21.775518
30.689175
24.053314
22.462244
37.188496
30.109451
20.188513
22.636227
26.541948
28.7604
17.335463
35.170696
29.077785
29.495085
19.221588
33.535698
15.04015
31.523012
36.751873
28.24478
33.80449
28.268406
27.151789
36.608833
30.703842
17.263441
30.339046
25.363424
15.770369
18.255974
18.903429
30.768099
21.260666
22.002287
39.630512
25.223375
34.796165
31.31887
31.374306
37.710884
33.225388
23.883291
40.265415
37.434425
18.902712
37.00274
36.735523
29.924429
16.978666
36.10979
19.64558
26.565636
17.509655
17.098557
32.924294
22.017498
21.72048
21.78023
19.555077
29.319138
27.590809
15.715761
30.493805
21.605425
32.087215
30.474257
34.156384
40.308037
25.825266
21.969242
37.484196
36.47505
30.721533
26.941032
24.27722
22.415031
40.283295
16.881815
20.478724
29.25614
19.584068
32.74124
29.402046
40.20827
23.686071
28.603685
34.509167
29.325811
25.29598
38.194424
27.282383
27.39101
24.77836
20.550516
18.97454
20.172596
16.301481
32.483135
29.57994
31.761679
16.853125
15.561615
37.237164
32.946613
30.139359
38.26557
24.456656
19.660849
22.967224
33.679848
28.060177
25.422504
35.612564
17.648157
33.52569
18.381727
39.887188
25.654789
15.550549
16.10161
23.144949
16.869669
37.077446
29.52071
23.304157
16.770739
40.77163
39.680035
17.114195
39.548492
21.9947
36.74455
21.357063
32.101097
20.68932
16.609076
22.449986
28.844542
23.27083
21.950718
30.003082
30.790716
32.615948
25.97466
28.286522
33.38742
36.54531
40.297543
34.274456
31.46775
20.815844
21.422285
15.958411
40.32236
23.570444
21.0806
29.960724
19.386604
34.43677
38.354065
29.129
31.325558
31.023449
33.932053
34.755424
38.403507
32.431187
23.124443
32.340218
17.940388
33.57794
24.319378
26.40634
19.3863
39.63144
33.4611
18.772997
27.08614
28.648882
30.820107
37.90836
21.159983
40.642994
31.83768
28.507324
40.090786
32.725033
31.14914
22.277987
32.5896
18.719648
34.02482
31.070978
25.099361
25.703022
26.41518
15.948578
24.902008
33.28494
29.546118
22.566044
27.209515
26.137047
17.582855
18.32538
39.848103
28.263676
33.26556
18.162231
27.185799
18.81829
28.617085
25.53942
27.807062
31.887737
35.83298
17.246092
40.104256
34.598106
25.286272
38.93929
40.434162
37.14018
17.214111
25.01517
21.77887
38.869053
27.100864
31.35995
36.953754
28.5017
38.03179
38.806164
15.321428
19.617819
40.363857
16.707518
25.698912
29.16354
39.94491
17.946182
40.686382
22.46411
18.809786
36.899208
20.999378
23.370882
32.791603
18.416086
16.552252
16.599564
38.80881
16.697418
30.019331
31.060787
26.723333
30.115074
36.39113
28.040749
24.612387
15.477024
30.646528
20.458775
36.056328
23.015501
27.077875
21.11032
29.617153
33.465004
38.034416
26.798063
20.067036
38.997032
34.890537
29.56037
32.123566
18.49138
25.89877
19.825562
22.458086
16.649157
24.253569
31.252071
30.565842
23.790598
21.17037
31.25867
23.721352
30.831182
31.075409
28.805655
33.68977
31.892366
21.105381
19.856943
15.124661
23.278713
37.031982
25.134766
15.654983
32.141052
38.454872
24.272676
29.548752
31.045702
29.647692
31.279318
16.538208
35.88267
40.79516
16.344511
26.90098
28.07115
17.525452
16.450836
29.214094
31.858532
24.620424
17.998066
32.33239
35.659485
36.577335
28.704412
22.09016
20.844639
29.299274
37.417706
21.984682
20.163712
33.607395
19.15129
37.67243
15.075852
32.496727
36.653484
19.49367
38.660378
40.09821
27.12619
27.438322
24.493916
39.163208
19.327322
40.97574
33.905422
15.552738
38.223362
25.993357
32.3584
32.69215
21.602512
26.723923
38.35998
20.243048
29.615536
25.988228
21.259613
35.347725
30.080568
34.34013
19.575176
31.717428
21.569715
39.77282
39.07258
37.564255
38.789528
38.5301
35.72501
25.917522
38.573967
34.263733
40.891075
30.21894
21.927717
15.287609
24.57636
40.256996
19.989223
30.001846
29.480873
16.479366
21.527113
32.69457
37.685207
20.513313
38.640175
37.87655
35.291187
16.327433
35.700287
25.063488
22.108076
39.884193
22.259306
33.493114
29.563414
31.361223
23.635044
25.64894
26.417841
29.060284
25.19815
19.659863
26.576242
21.976402
38.00081
27.654528
24.312891
34.66567
24.319822
25.971605
39.56615
33.528683
33.930813
27.761976
37.60874
27.917694
39.48687
30.965996
29.3624
16.578936
28.244146
32.908863
24.901176
33.857742
33.558544
32.829292
17.275564
36.822502
15.071746
25.541563
22.68992
32.004494
15.311524
33.12814
20.278662
16.804283
38.550373
19.07
18.251995
21.781212
21.198166
16.543903
19.019949
30.02115
23.748655
29.750721
28.053732
28.568668
22.356335
16.086142
19.706451
16.513243
39.489227
31.724882
29.990559
40.735226
17.784897
21.76175
17.397266
31.545725
35.231075
20.437712
28.243614
30.495647
35.098915
17.17637
38.745735
39.48257
24.676107
30.166
16.042236
35.950233
26.778616
19.04461
32.729534
39.453896
31.264046
35.880184
24.121393
28.155785
20.326206
27.08563
34.407715
15.918477
27.21966
40.16759
33.16314
21.58
29.244576
32.28068
19.243814
19.722929
26.31647
28.44339
29.011126
34.79088
18.251966
29.969141
16.03406
15.75918
29.020899
28.175861
17.947258
34.732643
40.646675
16.759596
38.97973
23.821768
19.181023
20.35246
33.81954
30.43979
22.235825
34.732582
29.942747
19.766516
35.923904
29.913328
19.310175
20.540798
24.742302
20.911484
34.42357
32.57218
38.925636
26.37875
16.133007
25.403091
34.1039
32.478203
35.300415
21.40661
19.71809
26.39716
39.449318
25.270782
15.578731
20.710123
18.868935
33.29897
38.196526
16.440233
32.291096
22.246788
22.070984
23.11498
22.221317
30.519629
25.992008
22.371632
16.280796
34.47086
18.591078
37.74013
21.503973
31.269234
36.872807
35.11598
15.436679
19.345108
28.264278
20.132864
21.092804
17.778566
18.838747
28.15461
38.352787
15.158564
15.801836
33.928234
34.225143
34.42071
35.07265
23.07467
20.542608
16.962357
22.84871
20.541058
16.127409
20.937122
21.412868
35.89812
25.2355
19.047066
36.12195
37.93858
25.17757
24.37916
20.511013
29.417202
19.414946
38.87381
37.75378
30.970385
36.141453
35.866615
19.33892
29.262957
30.387678
21.810623
17.75347
22.232138
32.02195
30.764835
31.208925
21.933323
38.672764
26.525707
21.00202
32.939697
19.560244
17.381979
29.971504
39.507385
35.499687
31.389086
21.69377
37.790146
35.92802
35.78799
26.554346
36.27236
29.704506
34.734272
22.638956
30.28636
38.649826
28.856815
38.506912
26.989864
29.31315
36.331455
29.341305
21.501614
19.29458
34.133472
21.714571
27.028
29.600904
39.92382
23.26469
35.760807
37.975296
33.6275
21.946321
17.08588
19.91716
15.17852
39.202965
17.214907
38.19611
27.13436
30.400223
31.737112
28.064474
23.90391
16.166996
35.78512
36.085663
17.186365
21.91055
35.518803
19.521034
19.884546
33.702965
17.453382
36.555893
16.234673
36.98077
36.792675
21.295547
34.185577
18.056019
24.375727
23.425304
37.163937
19.306377
38.10482
40.70365
34.278034
37.093307
36.795086
39.045773
34.741146
36.951653
26.270714
31.854895
25.836615
21.400501
15.230108
37.471962
32.100235
39.844433
29.911947
39.139343
36.561527
17.465807
39.916515
33.712402
22.86405
28.752928
18.671362
29.502893
17.87592
31.365599
18.97761
38.10129
26.005144
35.40864
22.833065
23.800339
18.850502
35.865673
23.300447
25.330105
27.047104
21.939507
26.573917
26.015259
31.206902
18.352242
24.594284
38.178017
39.707825
22.277224
26.57306
35.635788
28.751303
31.506668
29.607817
38.480286
34.58642
22.702938
30.20602
18.975346
29.089966
33.13807
23.981815
34.373585
33.995216
21.19527
34.05
33.727345
37.97815
36.087807
29.713678
31.357382
28.538519
35.744774
29.926857
31.54301
29.15404
29.619925
40.710503
37.210434
27.539581
20.298885
40.210384
39.9213
15.009204
24.211641
23.407211
19.301416
15.917437
17.50146
34.62444
27.200027
35.947174
32.1579
19.9263
31.332811
38.61512
25.890867
29.25845
34.937275
32.781696
36.904095
33.755795
31.05707
16.18084
27.720833
25.026941
24.472078
15.026204
36.52097
34.42192
35.004135
19.603653
32.067974
21.299541
34.953526
34.426117
19.235846
34.13314
40.75936
23.00525
20.39016
34.928116
34.627296
25.58547
21.434145
39.87201
37.83094
31.28935
26.199745
35.397552
23.66872
24.03948
35.04532
28.911509
18.645844
30.350315
15.015725
25.326748
17.35138
30.624607
31.72725
24.232368
37.71338
19.942535
17.258884
34.04641
38.84037
19.497633
39.76318
40.81795
35.495407
31.81213
37.254005
32.480175
23.399258
21.65539
34.0852
18.30326
34.02228
16.192554
22.0032
18.05565
36.29977
40.30663
30.338438
17.954647
17.793602
32.265644
23.894402
30.871904
17.223335
28.947643
26.399889
32.456753
16.00278
40.689697
22.009125
24.850023
38.4435
39.493183
39.266094
37.483284
24.624567
32.79611
17.193516
18.093233
16.578283
30.31422
23.723597
36.528145
37.404507
15.556184
34.556774
17.18319
34.201534
26.534164
37.716343
38.97352
19.289482
27.919607
37.56101
22.638988
16.102396
31.435032
37.824005
21.871447
26.338326
32.62623
24.366585
39.265457
33.481857
30.325178
20.765358
36.415474
32.651608
28.092628
37.59702
21.617294
19.875525
18.720146
37.340733
28.578917
19.359663
29.475132
33.18751
29.305603
29.091667
19.188175
27.727621
15.89632
29.20788
16.510717
28.481138
15.373413
39.95355
31.711954
31.543476
20.864674
26.778376
30.237482
20.23679
29.466726
35.135166
24.91816
32.589825
25.94092
34.887062
35.19618
27.71294
38.027653
21.87943
30.026382
30.691668
39.612366
36.19519
28.214375
24.491245
26.236204
32.88786
15.868937
29.546328
31.516518
19.574463
23.37485
23.2041
38.927322
22.170828
35.83319
25.995724
21.086905
37.2647
17.26972
37.83018
32.209667
19.14747
26.077929
40.63619
38.7015
15.363229
19.141932
18.722046
38.01277
26.784262
18.875315
28.179865
22.810242
28.684938
29.01561
18.029837
32.289078
40.06138
33.430058
32.48175
35.018238
15.532179
35.416885
17.68519
22.097471
21.555851
31.027275
21.64646
37.601246
20.413485
32.78674
28.609373
15.294832
15.430636
15.860686
15.128771
18.429949
31.250214
39.187393
36.309723
37.062176
15.6186075
31.39265
29.241976
32.77961
18.110174
23.403896
24.528461
25.991966
16.490562
16.597624
23.988167
24.001667
33.007286
21.042364
29.107952
20.96313
30.796309
38.940617
40.62446
19.53383
28.806337
23.726519
24.736414
16.530382
22.167868
23.442186
23.87926
31.225245
23.771929
37.994038
25.738235
15.054354
17.9739
27.681543
25.232597
35.453262
22.800613
40.9943
34.57287
30.29917
24.814362
39.089336
34.174625
25.008432
22.875355
34.589108
24.206442
37.723972
25.444498
19.381655
16.856329
27.22421
20.781322
15.9578705
17.020065
29.194973
30.417221
17.486862
20.046494
15.328011
25.622108
27.308943
17.418999
24.344627
34.23293
22.816751
22.809032
36.49011
33.175415
37.798534
29.806646
27.304426
18.285826
17.233648
30.8147
28.546995
29.62729
15.258861
36.087498
28.037947
19.395834
40.564995
30.701265
25.875742
20.72396
31.837067
21.363056
24.00065
29.21513
39.01698
26.396221
31.395897
36.880333
20.146446
38.98484
18.35306
16.298359
26.338764
21.816067
34.17555
19.284218
25.031588
26.62848
35.453808
31.125637
28.088917
28.856255
34.618046
18.53535
34.548954
27.552998
18.859196
22.867365
39.85555
30.085829
23.705978
25.858255
40.26448
21.709352
29.555737
17.179907
28.781761
40.060867
25.278978
37.42804
21.469767
33.862267
24.652338
36.821247
40.247948
25.670727
30.821894
22.848143
22.418385
22.389431
37.258614
37.37563
36.06253
24.431213
26.73989
21.319153
30.183916
20.922142
24.77593
32.876278
33.012676
26.138706
34.59707
23.537699
17.24124
23.491425
37.327724
20.615269
25.126547
21.7993
39.29514
31.864532
25.37266
20.343723
38.555668
22.929552
37.498688
32.247044
24.668722
21.80081
18.00041
26.090195
17.508251
24.252281
16.030056
39.36533
30.473835
28.311697
40.547134
26.353695
22.848322
30.21844
17.93432
35.32547
21.246134
15.036298
38.925854
35.577507
17.106163
40.113853
30.361923
21.756592
40.005463
22.92301
18.761053
23.159868
27.20466
16.45666
24.993528
31.260832
34.2833
35.32936
38.442364
17.578365
33.983135
20.00026
30.954382
16.187939
22.449594
17.125383
29.612484
28.668274
37.946396
34.94688
40.901157
28.083353
26.81567
19.83958
17.19086
32.718876
16.965557
29.66073
39.63286
25.723793
38.489635
17.386574
17.534683
37.551838
18.157227
24.669888
35.077312
34.154434
25.460947
27.41547
17.83878
17.245707
34.66758
24.245918
30.00485
31.641743
27.890663
39.818016
30.375978
32.670597
26.58792
38.35033
35.320736
39.956013
27.083933
34.435616
39.679466
28.497095
35.72825
38.23691
24.28786
15.897689
35.12131
38.504242
31.268742
25.843502
38.475464
33.49901
19.531319
32.481506
26.62545
24.876352
37.02069
32.225414
19.46268
22.850817
17.176409
22.692556
16.639717
30.558832
34.7874
36.971756
27.27629
19.431738
30.971607
29.228292
23.095327
23.606028
40.362186
24.771303
31.92731
19.922886
25.748098
38.14057
22.843534
40.906967
34.395515
24.513742
34.31355
27.264767
36.067413
40.79177
16.729439
33.9058
23.36226
35.08938
26.39921
35.265236
18.408743
39.039085
39.684006
35.79451
20.181944
40.31149
31.338444
19.886768
31.747477
27.060986
36.310806
22.217018
22.593485
19.625467
17.269444
40.50211
21.876556
15.739997
22.944101
40.023663
21.886026
23.768715
31.005632
40.907383
25.322178
16.015793
27.654776
15.1151705
29.087416
27.045454
20.350512
38.3817
29.205416
34.12269
34.18073
34.915184
34.21187
28.380432
16.262712
17.58233
29.901339
34.12561
32.258247
35.51037
28.668413
21.815647
26.59785
22.56454
33.847168
37.668568
23.330973
39.997192
19.431667
35.61411
39.65372
36.715084
36.351055
17.34973
19.112959
21.074429
22.076492
29.63473
22.245384
26.888475
20.753017
26.637144
24.982445
27.420471
26.278114
19.142393
37.536747
40.535095
26.789621
27.73917
32.682858
23.894472
37.879257
19.717268
16.355148
17.110151
31.513962
29.343681
27.30765
20.100412
22.125849
38.427414
22.21557
21.552607
16.622494
34.640114
20.0455
28.353142
21.172882
30.928782
36.780975
28.123112
30.540298
34.53841
20.66245
22.585466
23.461971
36.65662
40.98539
27.39
34.116325
27.49891
26.197554
24.235332
27.072172
34.77238
29.546244
39.65243
27.280193
27.8873
30.848572
31.652178
17.645638
32.030197
19.092585
40.589725
24.51208
31.268612
16.52432
36.06151
29.989668
16.226954
38.635677
19.425932
25.477308
15.554399
20.040178
35.626778
26.956697
39.400055
19.608572
32.398777
29.677166
37.417107
15.43336
17.647589
37.703827
25.43693
29.201225
16.821926
20.467497
21.885725
32.374508
15.433349
15.933401
21.260351
23.217695
21.52975
32.296684
19.536785
28.152143
40.89137
29.21626
31.253607
17.182
33.993565
31.514547
22.194735
25.206577
38.368534
18.999172
37.08961
20.9192
20.898455
23.603704
20.5558
18.689796
37.785538
15.398039
31.628021
24.33826
25.469727
26.185015
31.64935
23.027939
15.602822
33.378437
32.044376
16.643257
15.338069
21.64861
38.550858
34.96288
18.65722
27.425049
17.855402
27.699486
39.232456
35.762093
25.260527
35.04951
20.408396
28.301529
32.00444
30.781052
35.28989
27.107506
36.161594
26.085264
25.63413
20.002422
39.67118
20.426483
18.271004
32.69855
39.97243
35.44846
36.113537
31.498629
29.969637
39.62894
27.470633
33.629707
34.606495
40.822025
16.337233
40.37803
20.198553
15.087584
29.612381
25.10875
29.85413
19.279152
30.783585
19.982803
18.808187
19.746662
29.516273
27.724262
19.300396
40.207447
28.80001
26.145023
35.747623
28.34888
23.828518
17.299698
33.392864
17.048164
33.628487
18.122074
27.356625
32.229618
37.60249
17.18555
34.07354
39.327045
16.614265
24.833458
33.466095
34.078545
22.01996
31.34119
15.888906
28.953362
18.13688
26.000568
16.87126
21.895214
22.041641
23.057947
34.992195
19.263693
17.302507
16.290964
39.84153
27.865189
15.276134
20.674988
23.951931
21.787033
20.93675
25.06873
40.83123
20.383259
25.856304
22.139547
36.78082
38.207767
16.916883
26.852484
15.05516
33.95031
31.612179
26.763088
15.099002
27.503088
15.382652
22.082579
31.093096
38.170433
21.329401
35.02495
18.845823
34.731403
17.864674
28.299078
16.187288
15.574783
19.382336
19.775026
25.454077
18.448326
20.869492
40.332054
29.397007
22.498816
31.530857
34.687096
19.900866
38.226772
36.96037
24.605787
32.27422
39.73941
28.169903
34.314266
38.549103
40.257755
18.872868
19.158405
19.224432
24.218475
35.820843
26.598204
18.193724
19.508436
20.704283
27.478556
24.216782
33.379562
24.153746
15.183636
36.22667
17.413979
26.715982
24.760647
21.007442
40.544117
36.32957
27.389719
26.33472
18.57978
28.787745
37.68023
26.54038
27.953846
28.951387
36.189835
36.64421
24.470652
30.063108
31.291082
21.689566
40.725815
38.413654
33.05136
23.726717
16.563482
22.824852
19.145588
38.006645
21.446852
22.938639
20.987
28.379778
21.939985
21.13962
39.239887
37.638206
31.633764
36.089027
15.669213
25.596674
32.796055
27.310781
34.885483
26.076624
16.785976
16.045803
18.959332
21.639389
31.844326
25.678587
24.10875
37.90862
20.257143
15.440434
39.702896
15.628761
18.086464
25.806664
37.679996
32.225533
15.672279
39.030453
35.142796
21.565918
37.931793
27.593935
40.373577
26.85944
16.117004
15.007475
16.801777
15.199044
25.13878
21.351019
30.560682
27.109087
32.825424
16.226742
25.185863
40.649555
39.555973
38.38016
25.73628
39.119804
34.593246
22.147215
22.160265
16.211723
19.138926
40.097767
38.08188
22.581377
39.642677
26.771313
16.34934
33.239834
38.219692
38.238617
20.665585
33.908
36.16564
30.373354
15.412158
24.536938
17.505453
39.18078
31.38106
37.56432
32.271954
31.305738
29.545242
25.159224
21.782825
35.93035
36.22694
39.7017
22.568916
36.671967
19.064049
19.05014
25.804417
17.80501
28.028263
34.768665
29.098965
39.155544
23.414734
35.418262
37.3342
26.355518
25.201475
16.259739
16.861917
17.793804
39.4678
21.273018
16.828278
32.564182
15.664583
23.266562
36.64837
26.985783
29.445137
37.032288
27.727543
40.859352
21.494013
18.995495
18.410818
28.523132
29.33208
28.615992
17.838894
25.985039
24.429722
27.915697
22.89905
37.93318
23.125994
21.93969
16.781475
17.264685
18.830158
28.701767
23.7864
18.923183
34.77297
32.222267
32.974556
27.29816
23.178598
16.63499
15.013397
32.214836
38.1442
27.021769
32.14361
22.631058
17.742445
31.627281
22.575392
33.558117
19.903599
28.413456
21.821104
36.43533
16.487032
32.531853
22.480703
22.213491
16.618195
30.224121
38.818672
35.74036
19.845533
24.904713
33.105877
25.691586
31.962902
36.736755
25.147081
20.25348
17.446476
23.881006
32.67458
37.039352
32.371216
15.779601
26.36071
30.309063
34.40049
38.3303
35.086746
27.461828
17.983381
33.613686
34.80298
33.98519
39.247814
34.95486
39.824467
33.568493
16.243618
39.53285
28.729357
33.927
32.168118
29.494995
20.161247
39.03335
33.99796
22.5904
36.784515
38.915752
40.55424
16.705479
16.401176
26.957787
36.444244
21.36638
37.810143
19.722696
15.551351
29.267208
17.37455
39.725174
27.785887
20.189562
32.460014
27.286785
19.663164
24.298061
21.91653
37.63645
28.940884
31.728222
31.598896
33.755295
36.026703
30.627085
28.555414
30.115595
40.157734
22.363749
24.9618
25.426441
36.45722
34.496033
20.137035
23.774107
30.889757
19.261139
26.050188
25.133017
15.864809
23.852358
16.611906
40.12359
31.7794
16.550472
35.741684
40.106144
19.144302
19.897669
15.711632
20.225424
20.104095
32.533398
33.58984
15.858187
37.13998
35.05577
37.74117
38.0667
24.535229
26.328718
34.290524
39.123898
18.786686
33.024296
29.2135
28.951326
23.561771
38.87111
19.291508
25.398842
19.028877
25.074043
36.553265
39.69554
24.430164
19.677069
28.021807
31.11418
40.619205
27.260044
27.595938
37.916756
39.95198
29.292122
23.717314
22.986874
18.398191
25.708426
19.109085
40.20485
25.030972
31.833382
39.319336
23.58436
37.15649
25.643173
31.06229
25.465
23.261005
32.54149
23.422544
24.642763
22.681433
32.316784
18.872301
16.221066
26.446527
21.756033
34.748947
28.177713
24.089264
26.508953
19.349947
15.168593
18.39703
25.228485
36.124413
35.92684
28.04476
29.757278
24.575409
36.76654
30.847164
21.186724
27.434319
22.162975
19.96971
22.984114
40.428402
38.156754
19.854012
37.065205
15.534893
35.417152
25.841864
34.68358
38.999805
28.200253
27.523085
17.314846
27.59681
35.150475
30.685898
19.332842
40.61137
15.919416
34.414635
22.206696
16.857592
37.91386
40.357944
37.19167
21.669954
38.135105
32.481827
24.043413
36.25939
36.034813
39.725277
31.154371
27.082983
18.587795
22.892311
29.692682
21.948711
16.370195
22.842707
36.818176
40.461582
23.331787
39.584812
16.856554
17.114622
23.164124
17.22722
30.432093
29.838024
27.69154
19.91224
35.990837
35.14205
33.550014
30.832468
29.890316
21.123983
32.569202
26.222929
30.288563
15.556692
18.73588
38.82464
30.434273
32.036243
22.392426
28.731544
24.641611
20.738094
24.411882
29.761284
39.227337
17.716331
17.491451
26.531212
40.994526
21.87753
32.41927
33.274662
37.466293
37.770725
38.194633
16.098465
40.00464
33.157135
22.21972
31.861166
17.19359
28.958107
38.431366
25.142542
39.422497
33.62697
33.204144
29.878378
38.474483
30.250326
29.131561
20.150608
20.106703
32.75648
35.380043
39.35135
25.103106
23.493544
20.210644
22.480453
17.087233
18.136986
20.47649
34.68963
37.501503
15.3961735
40.429234
20.352264
19.591246
24.311714
30.005728
38.916622
25.975773
31.07017
32.916496
24.59097
38.44551
22.20998
25.320532
16.51287
23.993279
33.852215
28.646246
24.470793
29.769468
37.162025
31.20636
34.474728
31.645065
26.63139
18.654898
22.513515
20.372997
25.971142
29.04733
15.690116
15.9575205
24.409853
18.290276
21.592056
32.772972
38.019585
18.105145
27.232813
19.217325
36.323143
17.280382
26.190895
38.242657
21.884869
19.949972
24.67691
34.973793
19.846617
35.91117
22.17493
16.807976
23.443005
15.582374
34.032955
19.882618
36.414616
20.102394
35.91832
27.604773
19.93524
19.285334
17.407381
26.055143
38.178913
16.670584
16.144867
17.511082
18.974848
31.745455
26.986744
29.07715
22.133017
36.568222
16.331516
38.468483
17.970566
37.48238
36.448364
21.361301
20.328846
34.388184
18.026527
16.406616
23.943201
36.125507
15.398919
36.99724
25.412424
22.922478
15.933877
15.184903
28.211998
25.577053
38.942562
40.76344
35.205067
36.064407
30.115469
21.465536
18.927313
17.600527
22.980091
36.46486
16.556683
23.843138
29.162691
24.931814
16.926182
16.873697
34.340797
28.26048
37.197727
29.879805
40.688908
30.765875
22.887297
31.045088
25.348497
21.144745
40.816372
20.054167
29.994427
37.79989
30.262007
29.833069
32.923317
19.247007
21.08747
37.67092
18.255526
22.254778
30.957882
37.70664
16.820845
39.113045
30.879837
40.914684
34.089077
25.480516
25.251387
31.186895
26.110138
31.632675
15.368482
32.88275
18.844358
34.612087
27.906256
20.30834
37.492203
28.77756
36.278267
34.984684
20.47358
27.555153
16.97412
24.279
37.560486
31.81325
30.985624
32.997757
29.33273
40.21549
38.253937
21.878479
17.604954
22.149532
24.704859
31.567366
37.76427
16.386263
34.886806
15.632991
24.061287
40.493156
30.485613
21.441446
27.813263
39.20722
18.062727
17.306425
24.20682
26.466986
22.248035
34.22796
39.92845
15.609805
31.315836
28.746515
29.20471
27.359632
34.58226
23.96451
39.999943
23.662348
17.384731
20.625177
39.09795
39.16966
33.53871
23.289165
36.584953
17.229294
15.114418
22.11207
30.854782
23.6084
15.135801
40.501534
22.673246
32.858612
28.376427
25.020447
35.06705
27.22546
40.81164
28.303143
24.843815
22.311409
33.4837
36.464367
15.403075
23.32095
29.54624
27.50625
29.164335
26.647812
26.076794
22.566317
25.416609
39.80853
16.880823
23.500044
27.68501
36.283188
40.95793
38.254295
31.81343
24.69334
37.560802
21.76339
19.878313
31.928772
32.84953
38.687466
21.77715
25.328827
17.028957
23.213133
17.876226
31.830751
32.553696
18.34939
30.455767
16.116594
37.495422
28.677048
32.856533
29.221869
37.4893
38.34794
17.210577
15.813295
24.810986
26.280458
26.42971
22.399624
38.08319
20.960924
19.728947
24.10864
40.870316
26.035654
25.377993
34.345116
15.992065
28.966513
33.602562
15.638598
32.771667
30.423084
32.598183
25.296598
16.631613
37.797516
33.472694
28.097822
28.459583
18.25348
23.599754
24.19181
40.98947
35.058575
38.344017
23.6154
33.07724
25.599888
38.40981
31.393154
28.198551
40.445328
26.168596
15.057964
30.754906
24.088728
21.236471
31.609749
24.8473
35.604618
29.301582
19.424225
35.061142
31.338923
28.742245
20.430468
19.503475
33.974804
20.930141
30.995014
33.843285
36.838158
30.278942
32.381992
19.427973
33.14525
15.077246
31.402864
18.683773
35.045338
37.935715
34.925957
16.95528
40.774002
29.28184
34.28523
35.698864
22.008303
36.751743
27.309221
19.517134
33.602806
33.556965
38.68536
18.90635
26.285864
23.94519
39.681396
37.785896
27.608446
15.727401
31.864943
31.88878
17.463228
30.509922
20.39361
36.914288
27.8295
39.748383
32.69254
15.978798
36.049862
31.031609
21.892612
18.347948
22.907585
24.106966
17.271881
21.693117
37.048866
18.074745
36.124306
16.187489
39.882133
39.907593
16.97412
34.641727
37.986927
29.992151
32.860703
32.576492
21.277779
36.74342
35.538044
21.63889
24.6939
31.508526
32.864445
21.09212
21.023394
16.95498
36.402374
23.242455
36.621075
20.929602
28.304867
33.61481
26.241873
21.37774
23.934156
21.448109
27.987223
16.328493
37.33975
28.653702
18.449686
24.180105
40.717358
19.765089
17.541454
21.560753
40.276752
15.604265
36.20531
22.893438
39.565674
25.399904
32.231953
27.459743
19.228655
19.914787
33.745544
18.23567
37.42369
19.774694
32.569668
32.063873
17.676395
36.63821
38.648834
26.830038
28.820353
36.1067
39.97601
18.227234
38.854046
16.345911
26.064604
16.420536
27.038921
27.2755
16.903618
15.465253
24.369719
37.87999
25.547726
23.68563
35.66738
19.704473
19.01926
15.386861
30.976517
22.920603
21.037125
19.251804
19.693436
15.483174
27.23793
36.564796
27.907572
17.844957
17.017626
27.00849
29.808086
21.45705
17.897213
17.195578
17.689209
20.854452
26.404095
23.325962
16.08193
18.511177
29.860945
26.40069
19.84636
28.846605
28.186909
32.277744
17.678173
28.77449
19.841295
17.520597
35.41421
23.008266
27.37788
33.46909
17.766459
28.971148
31.728258
17.253105
38.670223
34.606724
18.295616
33.573116
33.301563
36.64551
16.215675
38.98764
23.000523
22.955244
22.729448
35.176136
27.831026
26.48738
21.51283
29.187012
30.314777
32.02962
17.020958
33.033737
21.995768
16.483986
26.430656
32.168247
21.923574
32.71226
36.60215
18.33924
28.887764
20.125347
19.631666
37.134007
27.292414
34.140434
25.029383
30.105986
19.928843
35.389515
25.332624
17.80618
25.586319
40.135178
15.05206
39.265133
29.43465
39.734295
16.249046
31.51323
35.419178
31.187479
39.755196
29.580435
18.527882
18.822023
25.070576
17.082829
36.72187
28.978241
36.314884
21.981604
35.564796
37.20389
18.256319
29.39134
31.143196
20.908663
37.405746
29.41783
20.739103
27.69047
38.43918
16.921747
33.89773
22.61752
15.799432
39.832996
39.0273
22.634935
36.228268
23.181547
30.474655
16.961971
28.19319
27.364147
16.139477
22.855577
40.698437
35.332207
16.121555
34.438423
36.807648
24.364813
34.63968
32.424152
24.35603
35.881714
34.517376
22.520012
15.792782
33.354702
17.899914
40.04665
20.869871
39.79182
34.54848
15.887281
19.981201
32.497356
28.051811
20.263021
20.356583
35.85151
20.601929
34.028614
30.02777
22.707325
18.600035
34.19244
31.509295
17.668251
16.290041
23.186974
18.47465
18.988422
20.861507
22.050674
30.358788
36.128643
18.020296
36.129513
37.780823
25.104609
33.894485
30.166086
15.956149
29.679947
17.32462
17.716633
33.855152
37.185093
38.081596
35.720875
35.766006
27.284138
21.362137
26.74705
31.132036
24.365198
39.030823
20.944101
24.059383
25.395971
33.509468
15.055404
15.72875
23.06455
28.958595
18.983038
31.095266
16.816689
40.452576
33.339005
19.72349
20.004162
19.218956
16.179447
23.379913
31.774878
32.694305
23.690273
32.093224
33.563976
18.142937
17.977318
27.793
32.08607
39.891582
29.311422
18.350382
29.582413
16.852158
20.18864
20.869637
25.742653
38.936455
20.387957
25.41748
16.199512
26.210752
23.843767
37.02734
21.785608
15.194898
23.597546
16.778704
18.845203
32.579636
30.352945
40.02701
23.80972
21.81757
27.230839
25.44754
32.974285
32.537235
38.205547
18.456985
32.953712
36.536514
24.400785
22.789507
32.649673
27.230669
16.933617
18.529203
37.727
19.861887
17.317
25.739056
15.575477
19.52154
22.566214
15.97661
26.524485
39.09276
20.101778
35.4497
19.681463
37.59029
27.301214
29.340775
39.181065
17.056086
26.124279
30.916414
26.860477
33.163277
30.621044
25.438862
20.417366
22.98788
16.32948
39.609432
39.96039
29.026566
37.578968
32.29896
24.528286
27.470665
39.538418
27.658392
27.63209
38.990543
16.48245
23.352901
27.165873
25.84125
38.19634
34.626034
36.13518
17.969395
32.70021
27.175508
36.56814
36.98292
35.545258
22.410372
19.702803
28.339516
33.819447
39.559517
33.08537
36.916092
32.69753
32.314514
39.567295
35.240906
15.879885
23.21504
26.355474
23.101469
36.586998
28.823124
32.248123
23.985634
32.91116
26.882792
31.979935
21.869806
22.27424
37.12462
18.20376
21.237404
38.500095
20.150032
36.051937
39.892323
29.582531
17.918156
16.448967
24.126314
22.614449
34.758347
22.38825
19.10581
28.541035
21.544466
29.23912
29.962862
29.409723
39.692318
39.81638
17.006542
26.611822
25.979614
25.423119
27.71524
38.24553
23.838129
33.36859
34.72699
39.177265
39.730724
39.56641
26.914015
34.638126
38.50118
27.734373
39.80946
19.264359
17.172754
16.445753
24.148224
32.375698
36.571774
35.822853
35.090683
30.982557
24.36537
25.017214
21.816977
22.522873
27.627964
33.78679
31.611433
21.651665
33.888973
16.459017
38.300606
39.541126
34.764534
38.359653
23.965235
36.09635
33.738995
23.390776
29.215443
21.251558
21.437317
16.857407
21.000206
33.083874
23.81741
39.870674
35.91625
29.866673
15.111758
16.69649
35.288128
30.381514
26.060686
24.27218
25.910442
29.817665
37.00493
23.779621
19.274782
37.41037
32.743084
31.641815
40.348064
36.603813
25.709934
27.600964
28.525637
20.971994
31.994465
20.639585
22.251669
27.390516
26.991867
23.422192
40.980907
26.024485
22.071634
30.663616
31.650114
24.58258
18.54431
26.37107
37.634098
33.984566
36.422283
27.26053
26.280355
16.099253
18.995476
22.814058
20.548073
31.532255
26.080593
20.42319
31.02129
32.577618
18.953056
24.85454
40.622696
15.394622
24.433584
26.877293
17.723722
32.230904
32.376816
36.30822
28.028128
29.08526
37.89723
25.958464
19.600521
30.58825
27.06801
31.007256
30.717842
22.076015
22.54144
39.18132
22.84099
34.842506
19.564693
24.784681
16.935404
30.377497
27.202953
28.102148
16.613579
25.032639
28.231966
16.990715
16.129097
40.004997
18.12522
39.57671
17.12094
22.787283
26.836231
25.892454
27.18844
19.30633
24.664295
20.014753
17.871422
34.85601
21.392532
32.808582
39.41667
40.62818
30.099865
26.73278
32.83106
29.154898
15.574009
20.330622
24.153254
28.297512
26.090424
37.006668
15.6201105
29.552921
26.472565
36.482277
21.460472
28.3946
31.81168
17.92566
16.418226
32.125763
32.999775
15.168473
36.788174
30.294256
15.317252
16.649313
34.742287
24.103601
31.71714
25.765625
15.030725
40.451805
25.16072
37.16898
20.76098
29.239405
17.384703
19.204693
35.890244
23.41037
40.81809
22.175337
16.310207
31.824358
24.017117
16.398605
22.96016
33.506035
18.949726
31.133602
17.273329
28.076904
30.736227
27.365612
33.443184
35.24745
21.040855
36.1679
29.490358
18.132044
37.209225
35.900112
17.917738
34.84644
28.459625
37.856438
16.860146
18.357388
21.961428
27.142534
26.066908
33.87616
19.471872
39.53899
18.799608
24.222578
23.35276
15.899822
20.783978
24.533394
31.251593
23.238285
18.724098
16.448593
17.506992
40.068104
29.568623
18.481539
40.426205
24.796835
35.712936
31.663544
27.982803
38.009087
16.627806
29.75083
22.195677
22.330786
34.024178
39.291485
24.475723
29.231756
35.59546
16.672398
34.56456
34.602352
31.622725
22.900835
32.340023
36.230923
33.284992
28.322674
24.725996
26.412388
15.385754
20.738943
23.219622
23.834217
33.3887
27.454765
23.13677
30.614662
31.149616
16.679379
21.57704
34.909035
31.538145
38.393314
19.322472
18.853407
17.26221
21.308506
36.409527
31.781073
31.639547
26.869408
15.951809
21.625683
22.804918
39.377903
31.941341
25.215923
35.89827
17.27215
36.21916
16.770147
28.14815
16.349182
27.581324
39.315395
15.446453
23.293388
22.074398
21.983768
22.004583
19.257786
33.93477
39.180035
24.98787
24.442204
35.339108
27.468063
33.64414
29.622318
32.1587
32.689445
33.37403
19.40572
36.24816
35.30641
33.434757
32.625957
28.449568
18.251995
36.52565
37.732777
28.455814
36.67401
37.373043
27.29654
39.952484
28.875412
37.613506
23.817055
40.045334
24.482033
29.76886
30.911856
30.880997
35.40989
31.912746
33.65619
40.581215
15.557547
26.747894
27.356739
32.136528
24.315231
36.244747
21.363453
30.743063
36.960785
37.736282
23.658474
34.216496
25.80361
27.420527
32.90857
27.580238
37.54128
26.591354
21.427143
29.700176
30.709482
24.599842
19.064203
38.926235
30.33447
32.542576
28.427425
16.101427
26.938269
36.979965
20.034714
23.011955
23.900316
19.606707
34.008427
36.37726
28.845308
20.728262
24.743711
17.816885
35.205494
17.641277
34.61812
28.88137
31.396675
21.572578
36.257
33.197247
15.150734
32.70044
20.128908
19.051687
35.463432
35.963562
23.317453
33.33018
18.34487
16.857237
20.20096
21.620977
37.10086
40.222904
16.468378
31.513056
19.22714
38.156372
30.409777
16.639591
36.164227
19.591656
15.741977
39.85693
31.139328
17.86154
34.364635
31.099405
22.112686
17.592571
33.389397
38.91322
21.449287
20.661354
32.544422
26.44802
31.35283
24.620657
29.62899
34.772697
32.327435
35.997986
21.077452
26.782288
38.973495
25.1759
25.889322
17.675814
39.27774
15.182518
26.1918
19.010212
26.223352
35.65227
36.523487
32.673447
22.024813
25.461126
20.562738
20.770296
25.582851
23.097095
38.47131
33.37712
26.858622
24.69611
22.28385
16.397417
29.782118
17.85477
22.84596
28.33777
32.038414
40.825867
33.688313
39.724243
21.616302
37.508995
22.92162
22.09211
32.357418
38.767864
29.747017
39.007298
23.909994
18.037497
19.498646
39.41566
37.46985
37.92864
30.270002
23.766745
23.482246
32.593353
21.122925
33.82151
23.081833
35.98495
36.6378
37.828876
19.463762
18.826965
25.135864
33.84386
36.60777
29.100105
36.28925
29.360477
36.817833
36.16273
40.031662
29.14543
15.393716
35.239494
24.692364
33.184044
30.416561
26.94451
18.098394
40.98777
26.109348
33.74948
27.024752
21.162958
27.523945
37.86391
21.81945
22.103554
28.41006
26.863625
30.290237
30.94566
31.037394
18.585487
18.011936
17.509914
40.470783
19.300354
29.098177
19.85791
18.33922
36.982895
26.178566
36.30188
30.493044
30.616123
30.832058
15.232169
39.109688
40.900063
28.049614
26.964973
34.786884
27.478125
28.433952
20.963182
31.953165
18.851463
39.791496
17.246046
21.529144
33.520622
33.531372
30.578821
26.18894
40.57553
26.858551
18.121386
39.79972
30.948969
35.13309
35.615242
23.658304
28.855288
23.964542
25.901197
29.997322
28.555355
15.620511
28.58543
31.89939
30.520237
23.150513
21.009487
30.236322
27.310379
32.261105
32.330208
24.541407
19.043612
31.425482
24.478424
37.82625
37.194477
40.97053
38.040707
27.269781
35.64901
29.9566
19.696249
39.435463
19.433273
29.549965
26.741474
40.21378
26.340494
15.285303
21.447771
28.040623
24.800951
20.125204
21.52315
34.108185
38.770214
23.546017
34.78655
39.263474
25.155651
27.014132
20.31388
30.080597
19.357618
19.164005
16.777786
38.196514
33.871
36.749073
29.478489
19.415873
17.574314
30.00889
38.651016
40.31915
25.327824
31.48064
35.03444
32.149334
24.80865
33.480442
20.401657
24.605812
28.1301
31.489586
40.773716
19.840256
33.72404
40.503162
28.380445
35.427715
19.209211
35.033264
23.079636
30.377222
26.525175
24.906252
26.909895
18.349697
32.480568
26.253263
22.72766
15.166899
23.046085
28.165531
35.466755
33.42382
18.216679
20.370722
28.459295
19.557795
40.074196
21.983833
37.46959
40.081196
35.800682
17.895962
15.618116
31.850576
27.824389
27.68648
33.210526
40.22365
17.024466
32.07895
15.636993
20.746479
37.977173
35.908382
37.97021
20.6168
33.595383
22.327168
20.665567
21.58541
26.194971
30.549328
40.85509
26.186052
33.015656
40.817455
28.127054
34.22526
24.530655
37.474014
24.396002
26.317142
15.498529
22.028383
16.493435
21.914055
21.642328
20.933393
21.447205
22.762747
19.085217
29.419716
40.068085
21.006409
39.22846
29.183914
36.424896
22.256727
40.626724
37.985546
39.06492
39.875957
15.597401
35.28117
28.424244
23.437601
26.794605
27.907639
33.773098
29.87525
23.785398
17.52458
30.25404
18.182743
23.784697
27.035543
26.09638
35.694675
32.13709
24.529608
15.928002
39.95496
34.87793
32.42009
30.256168
40.972034
33.76261
28.404118
19.651833
38.262917
25.522238
33.626747
36.947304
19.50425
25.785349
26.005423
27.845028
40.837044
28.099672
29.055487
33.735687
32.912834
27.794405
22.754581
30.236574
31.622446
19.042725
36.993656
28.986797
40.114647
23.41583
33.984497
24.573536
19.190397
27.463991
31.628458
33.11414
26.449514
27.416702
37.29841
35.981636
22.669981
30.96318
26.745579
35.436695
26.816269
19.256098
23.915318
36.516872
20.80142
32.775562
16.340546
21.434479
39.66878
36.49703
17.478897
20.947226
20.212688
18.925909
33.869366
29.691181
17.223522
25.993397
39.306496
33.303547
15.520943
20.551994
26.36499
20.313047
19.730265
19.26606
31.55474
23.23868
36.36035
19.061697
26.146227
35.11299
30.157434
34.982002
16.278341
15.733836
40.93787
36.28781
17.34557
18.34905
24.143698
27.950758
20.858644
18.191366
20.21855
30.304564
18.98261
25.306196
38.56736
28.552097
34.778496
31.45292
33.3419
30.069983
28.809505
18.510618
40.58512
25.009035
35.219986
17.782099
31.370909
38.558086
24.655127
17.865507
29.491732
31.420258
21.461632
23.350626
34.975277
20.545038
18.49442
25.497404
30.252174
36.966003
30.551554
35.26715
16.150387
37.713284
34.969543
36.60219
34.05786
32.201458
35.233223
17.687689
36.573635
28.237724
22.589369
38.07976
25.758455
28.851772
21.600336
32.04681
31.699644
34.518055
24.333858
33.246494
36.52085
22.02267
30.457363
40.94861
40.1959
25.221231
30.88994
33.414486
36.566914
32.24083
30.862373
15.756517
20.82047
24.298208
38.245403
15.626702
35.341503
33.238003
20.82865
38.421055
17.343227
18.138985
31.86739
34.337093
34.96234
19.892965
28.661686
16.584536
34.612274
28.530005
16.192041
31.324673
35.30334
35.24541
32.90814
15.50183
35.367035
17.577997
32.65187
38.630703
35.562885
33.995758
33.39325
32.816216
31.899633
25.264307
37.967407
19.808
35.668674
38.404995
18.323357
24.729408
19.166088
36.79378
40.929703
31.271442
21.370672
35.008636
20.93003
36.604805
22.448906
19.402275
18.40022
40.038723
27.373732
29.058798
23.632378
37.54303
19.172632
28.78683
21.754719
40.65044
15.361451
30.108498
20.194115
26.968819
20.97391
31.822618
33.49765
28.558573
38.262836
34.652233
32.85195
25.768343
36.627617
34.730656
24.273664
17.772375
24.613321
26.236887
17.89185
39.01598
32.930656
20.36042
17.002758
37.05082
31.361689
19.957039
15.649714
31.829649
17.144949
36.751385
23.36566
19.430576
25.974518
28.748737
23.413094
18.393728
33.101166
31.637527
36.365986
26.378653
33.18965
17.395796
38.200443
32.68866
25.564837
22.058933
35.195736
32.358707
32.270264
20.662676
20.894503
15.966269
27.96631
24.74448
17.130722
36.10014
37.11115
36.468018
33.706383
26.509863
17.096186
37.429726
25.682423
23.358992
18.048677
39.512894
29.446882
39.71821
32.867756
29.774035
20.73292
40.45974
32.72611
25.27781
25.581633
17.052404
23.748045
39.040993
40.87939
20.407019
29.86574
26.802576
24.546616
18.884737
28.958948
30.206228
22.71478
23.85638
18.299461
27.163057
36.300606
38.78858
15.050135
18.656616
26.271183
29.733093
26.109339
35.05889
19.591135
23.308386
16.945156
24.145016
36.352505
28.788105
35.229702
25.426224
32.91052
27.748857
18.062431
29.164541
23.982983
35.88017
31.362366
25.489546
34.618473
23.022331
24.612595
17.40646
22.698095
33.27327
29.556526
35.166668
26.207987
19.093468
15.673809
18.465763
32.904457
19.738327
20.304876
23.240911
17.190866
33.060276
29.146597
39.458492
16.03523
34.748318
21.507528
39.214565
24.57966
34.41057
26.189745
30.71486
38.727654
33.55582
38.155304
19.257692
40.442417
32.492886
15.238854
39.21224
35.749203
15.442093
24.08394
15.166339
37.50691
35.740963
39.209095
33.912094
18.898981
33.926693
24.650766
21.744179
37.290833
34.690792
25.983717
37.664894
31.610907
36.22675
35.68546
40.521713
37.7346
37.32937
28.789915
36.847084
39.485218
31.754938
30.56639
36.22704
19.813221
35.814148
37.563557
30.394175
31.474909
29.945192
15.77413
20.922277
25.103912
24.102287
30.904377
40.39402
40.953617
26.195255
33.77373
39.219704
16.78593
36.528763
34.723194
16.904322
36.39156
35.215103
38.57727
16.491655
23.04923
27.872381
38.182705
18.158463
27.866053
21.570322
17.838263
36.488285
28.388493
19.948782
40.033394
39.823677
40.133186
25.709501
39.8295
35.2772
20.759092
36.269466
36.946198
17.475693
25.487234
36.26467
40.15588
36.91907
37.07158
28.805946
31.943398
38.95382
30.134327
23.91391
27.55378
34.793266
30.001198
33.398037
17.529337
29.760628
24.306988
38.59511
16.628529
32.98758
35.58906
16.845396
24.62256
27.170242
34.846054
18.360043
15.881568
40.666073
35.61149
29.221348
22.890888
33.209293
29.476597
30.657701
15.878843
26.829182
33.19411
33.44805
36.59101
29.174633
22.50434
35.33607
32.91199
31.380062
34.64728
38.672092
40.514153
38.85186
20.1592
33.151306
36.003883
36.911278
26.999369
26.479551
39.139397
30.098688
28.31248
40.073456
33.61011
18.125898
21.204475
23.489605
36.596203
22.957266
39.794266
36.17771
30.867918
20.307041
29.501175
30.365747
27.537687
24.959488
29.037615
18.410343
16.744232
20.749966
33.8988
17.783651
15.526239
18.789352
40.276104
33.018284
16.934265
35.57072
35.267864
24.394777
20.033031
25.96645
20.021261
17.931507
20.862297
30.805471
19.011156
34.324768
39.65297
16.714613
39.046474
19.88721
39.63621
35.21451
17.792114
20.245682
23.636686
40.679836
21.603952
31.584879
38.307304
26.705082
16.296988
24.56117
40.34108
23.661472
30.101234
26.661304
38.28698
28.786985
21.50738
27.743595
31.700012
34.020824
27.963915
22.77461
16.271835
27.975145
30.459743
35.362225
31.31673
34.93114
25.91104
35.58635
38.52877
31.553082
23.968359
15.841497
40.279514
17.133137
15.369817
26.930729
35.89161
19.611454
17.288387
29.488478
35.302177
35.360035
35.256145
34.960037
35.320858
19.775661
23.195543
37.82852
18.29096
16.096247
22.847576
30.555334
32.378113
19.536596
23.458963
32.78825
22.939375
16.833738
15.975228
38.791447
21.466742
35.598625
25.183823
39.764843
26.452559
37.49012
32.261234
30.745365
31.190302
16.158836
25.00025
23.12079
33.002716
25.152561
23.6283
33.43708
18.680384
38.531605
22.575151
15.143095
30.017199
17.811556
24.807888
28.191927
29.245337
23.032593
23.423439
16.006008
18.900785
15.248631
23.073664
20.213495
20.19149
36.536182
29.495283
24.776392
16.293743
29.742048
18.926685
18.656187
28.16842
29.620453
22.515917
22.000734
32.467194
21.754555
25.958956
36.986458
39.889847
15.713721
29.554565
16.912882
39.9574
30.267252
24.621885
21.921825
24.581667
17.156761
28.799076
18.801582
30.04048
33.923653
21.126215
15.736689
21.008753
19.594711
32.012787
32.576866
27.149149
21.647978
31.199982
31.224049
22.432041
26.612768
36.65021
29.074347
15.833056
29.901749
22.93106
35.102154
33.347473
27.029715
15.108108
29.1365
27.364227
40.24277
15.420888
26.155172
28.358368
31.763344
37.088467
31.009977
15.589245
27.350517
16.475885
18.896927
18.032782
31.681852
29.550028
37.098034
16.129677
38.182037
35.063175
36.04676
17.0974
20.355251
37.22484
26.607105
23.532345
33.422394
20.757145
37.606613
28.819563
24.120861
33.17644
39.12663
15.470969
34.893745
30.903397
32.828335
35.928944
36.376976
25.376265
20.681143
39.600784
37.08707
22.726696
29.860336
20.93047
19.51871
15.774739
26.29374
25.16767
31.48068
26.10944
30.362625
19.16005
40.430138
24.843754
27.599937
27.973335
30.809507
29.267202
22.879276
32.434647
39.946777
37.066975
36.551033
37.798183
38.94927
34.047977
39.257416
27.648277
17.202444
15.3545885
40.74599
17.883362
22.579563
16.081593
32.901787
17.16551
38.2746
34.859093
32.430916
20.57356
25.28996
25.505953
20.15393
16.363997
31.04221
21.168583
29.705236
21.722178
25.293142
20.496593
22.585072
18.177608
36.670177
40.354233
20.97357
32.960346
28.40917
20.32615
30.491776
26.991776
34.634453
40.848408
30.182398
17.431427
36.484924
27.180317
32.383408
18.742523
24.70183
33.630074
38.880596
25.092518
31.912792
30.456806
31.750477
38.570827
15.778536
39.693985
27.642878
34.184544
21.412659
23.773924
30.90295
29.883842
20.041641
24.280268
15.895202
31.972473
32.74127
23.415295
20.16754
35.174507
27.267385
17.840933
37.68124
16.35727
16.493013
31.437317
17.233093
37.451202
18.77045
32.2199
23.408937
22.461077
27.65622
23.16588
25.933098
17.62888
34.868263
37.023067
32.116234
24.787249
28.088985
19.308943
24.25439
29.733376
30.284391
33.65504
37.295025
40.056778
35.578644
23.41152
19.861118
24.270346
38.405087
36.999
35.812393
34.32266
25.648888
27.87962
35.923035
40.61045
27.803032
15.216369
33.968224
24.463783
38.77867
38.29974
26.537165
17.742344
36.942364
26.642757
17.228193
16.659918
16.196884
20.280437
39.531918
39.245026
35.479042
19.256811
16.671274
28.949303
37.9169
17.542566
40.942726
40.8311
33.07061
38.698483
27.69076
35.47047
31.175081
20.484732
17.948225
17.312529
27.10943
37.313293
36.987896
40.48984
25.93725
28.950525
21.556107
30.34044
37.29341
17.1992
30.39717
28.816608
38.637215
31.424109
24.827621
26.770535
39.448368
24.732529
16.582344
39.706566
23.811436
19.380697
24.929886
30.005674
33.515987
40.54965
30.142273
19.856358
27.793854
32.01853
17.804976
25.167194
19.121542
23.460865
32.165554
27.58974
35.134964
25.098846
26.744926
35.446533
22.635347
35.27315
22.77312
40.837456
18.909208
40.120476
34.661667
35.488705
40.142086
15.998221
36.6878
32.0122
36.574707
38.555588
40.34096
30.159187
27.232002
33.42258
37.36992
17.380352
37.549465
20.37315
23.469435
35.545834
21.02808
17.51605
17.757984
29.031914
17.16803
38.576664
25.72372
17.54729
18.363235
24.655365
24.153568
16.050312
40.182724
39.982765
15.710811
31.89954
20.5216
29.139395
34.289406
25.983587
27.473494
40.967216
18.048655
35.99213
37.457947
39.972557
17.119757
36.218536
38.130444
35.404877
31.376099
19.325611
32.909336
21.392984
40.37217
33.359356
17.573107
26.530188
20.581186
39.961807
32.313038
38.121986
38.39961
35.212395
16.870516
34.94479
15.036923
20.818401
23.944778
38.81141
29.37211
16.478508
22.926155
19.498745
39.13354
24.159494
18.191393
23.665438
17.346922
17.75467
27.691841
18.272028
23.896338
39.13361
38.37195
22.713358
17.2563
21.946291
35.07458
17.38277
36.97814
39.71076
31.02138
19.709936
23.35193
20.691914
22.700506
23.848856
30.815496
36.87013
28.050716
15.13989
34.1451
23.901775
38.199917
19.22943
31.237564
37.389923
15.697956
38.303055
19.381657
32.01183
18.177507
23.272867
31.316895
36.09096
37.68366
28.956814
33.0908
23.054785
16.531822
35.297787
31.751045
18.885536
26.485308
35.492313
33.246822
39.149727
27.28804
17.533642
25.564163
38.483185
33.1445
39.121094
15.082794
21.511879
23.60812
39.14749
17.417568
15.104847
24.52106
20.048616
31.595312
37.584057
35.142353
30.183464
18.31842
39.057003
35.408092
30.111332
19.279337
16.391409
40.386456
31.14153
15.015502
34.51739
39.422062
16.853775
29.632206
38.72097
29.208162
36.422092
23.87121
16.383814
27.081978
34.522316
17.465858
25.227625
25.207485
18.363022
33.498802
20.537617
31.991705
27.952078
33.566372
38.067993
20.074621
23.09561
36.95397
16.373407
34.53951
19.82362
37.739834
26.163866
38.609627
27.946106
22.769787
38.94657
17.028843
30.265928
36.78363
34.696705
39.56787
36.609314
34.6241
30.590157
34.65452
26.282278
36.42223
33.93478
39.995388
36.820866
25.928448
32.35266
17.238232
22.975544
30.746468
36.994522
25.218138
23.754696
22.127539
20.108324
37.137577
23.04951
25.195492
38.637638
19.149258
38.872322
17.998358
38.691463
17.24257
33.562725
17.620312
15.705543
20.078394
24.450457
31.737976
19.906403
17.47378
15.411516
24.468122
28.2927
33.60713
28.513512
16.129118
28.76461
34.696083
17.518663
37.62639
25.260414
24.89459
27.397604
35.572556
24.800526
25.462137
26.204338
37.965797
30.192629
34.877327
17.672579
32.27537
25.81773
35.499657
28.71585
16.121122
38.395313
35.627445
21.648607
19.384192
33.91694
40.356483
16.392773
35.549057
28.040989
16.513174
21.193985
37.35239
26.157448
18.117575
23.444008
15.402105
27.059958
19.325794
23.090605
22.330416
32.70354
27.607973
17.81335
35.257553
27.879795
29.037123
23.653746
27.868204
19.807457
19.995768
39.110115
20.24063
16.614685
23.351503
36.842686
25.718813
29.480474
28.209156
23.081388
37.580864
25.806126
22.71645
18.58874
26.032312
20.203648
33.081665
32.60247
24.140778
22.316607
40.955948
20.567238
15.7289915
29.529799
33.63957
35.66208
32.955875
20.477797
25.190517
29.140078
26.34095
37.928295
23.445585
15.318843
39.325092
37.094807
36.208057
17.695333
25.111141
37.724197
23.412926
33.105686
17.490705
31.408104
16.94959
19.110544
31.638916
37.483315
16.003708
29.858656
17.44678
31.61462
37.27391
31.566212
36.86114
24.694773
22.22587
38.446743
29.915218
32.04963
37.66523
19.436087
35.65796
20.102587
23.342583
33.37926
32.028496
31.630957
25.047895
17.480797
22.87223
25.537895
33.708263
26.767372
40.758083
18.667088
16.372215
15.071379
17.031742
37.603325
39.645233
38.616264
33.6277
25.630705
20.135454
31.66929
26.56324
20.061113
19.77507
17.924627
18.750395
19.999271
40.502087
21.28944
35.787342
20.276524
34.718784
31.5679
22.72855
27.76418
17.187351
30.172825
16.483397
23.568121
16.579767
30.44192
31.455866
34.71003
36.76818
24.39532
29.313345
29.816465
39.123695
16.843493
29.360376
23.065649
39.585545
32.639183
17.893677
37.1828
36.069355
39.564487
29.127579
39.628326
20.902294
33.853848
22.80448
40.28928
21.404522
21.675966
16.442717
15.96292
15.480581
40.032562
15.324735
26.712313
26.140907
30.478958
26.791296
29.77734
19.242859
24.831434
39.18282
40.140575
38.422256
19.598417
31.8569
39.075974
34.18059
31.257435
29.111383
21.049269
32.39968
29.696934
21.555336
25.192654
39.174706
18.151953
33.495552
26.242146
21.788225
20.784754
24.244217
31.304678
33.891823
25.69643
40.90364
31.112942
28.518808
23.602674
22.147009
31.529491
23.420393
24.666666
20.789309
32.977695
19.399546
30.054388
37.53063
40.20556
25.810736
16.662321
15.154345
36.32956
26.200531
37.164818
21.675625
19.459017
35.18308
23.038227
20.461048
27.367682
21.076159
15.541015
17.178053
33.657635
35.56767
22.764029
29.58332
25.651653
35.73901
21.812187
30.62205
39.853695
37.140976
35.938732
38.085518
21.233185
31.299414
31.025417
21.16221
35.817303
35.022083
36.186733
33.61812
28.116463
20.18469
33.47363
27.054827
19.761724
31.293346
31.661856
19.719273
23.39885
38.052208
36.93237
16.677025
28.362303
33.409325
36.886013
27.811308
15.943413
38.110233
37.78195
19.07288
32.170517
26.658094
28.149014
25.68124
26.934893
20.760714
30.99157
29.565596
20.024742
28.838999
33.69607
27.234344
31.170649
15.978007
31.441885
24.474749
38.559265
29.82088
22.429632
38.809875
18.43816
36.33764
33.562675
35.477734
37.413162
15.1448765
15.352005
29.84798
28.830633
21.109142
24.762142
32.65441
27.240536
19.335825
18.47544
18.196861
22.352274
32.327065
18.62436
21.754051
24.123707
31.086365
32.426144
28.849264
21.66481
34.254154
28.351515
39.723648
40.490955
20.977762
36.468845
29.397364
37.326805
24.150854
37.427444
25.036617
25.140306
30.901558
33.17846
29.995073
19.377327
40.765114
30.979048
39.861
25.47096
36.84607
38.48538
22.11688
33.615543
25.456606
27.812126
27.60618
19.52396
31.211832
38.32103
34.902237
35.427814
37.3694
33.598263
37.88724
15.933578
23.320038
17.590174
22.37461
24.513805
30.567177
24.18921
37.445946
38.39107
27.278015
17.69657
29.324198
18.363243
19.545002
22.535458
18.067474
33.7223
34.865837
29.34854
24.143427
16.834814
36.031773
27.185448
27.03193
35.18083
29.608107
27.871008
15.404255
32.688828
40.49738
24.842064
38.13973
35.058014
26.694998
22.750572
35.466377
35.425148
36.2786
39.952923
29.849855
15.211686
25.916576
25.64016
22.905355
26.278006
16.7379
24.811058
19.570156
18.61498
31.274508
29.549849
32.049774
26.719233
32.36907
24.142508
17.63862
21.526857
37.435204
20.45042
34.41646
29.321468
21.26384
40.657448
27.034794
22.385897
19.688429
23.016167
39.332825
18.332924
40.853565
22.541357
39.360344
16.028917
22.575506
32.733566
19.53545
17.815258
37.339916
36.362816
36.12786
22.335997
32.8511
31.102352
18.033852
27.696123
37.7288
19.374502
36.896942
32.903435
30.942709
27.155571
39.028645
26.587938
17.881432
19.683922
34.29664
31.846243
23.571892
23.02514
34.17304
18.724478
32.496708
19.270475
26.473303
19.331696
22.701288
15.7795315
15.966812
30.866804
29.43893
27.325377
26.00292
24.94555
20.471527
24.260098
24.571772
23.53013
25.324892
19.891022
34.806988
26.492453
16.29206
32.142616
18.837801
25.383175
25.784458
36.276363
33.110992
34.3321
28.749973
30.950628
28.82853
26.171541
16.308659
21.224844
36.98453
35.85277
31.500872
15.247102
29.635706
28.01674
18.09936
22.311447
25.502207
21.183695
18.805874
22.731028
16.77133
37.44236
27.834604
32.54545
39.064266
31.747921
22.878798
32.465458
15.926603
20.978975
30.763645
22.65541
28.916115
23.757183
15.707567
34.963604
26.386759
35.699375
23.045765
38.03301
32.405743
21.25034
24.513952
22.359507
33.89085
24.535608
37.746925
33.81219
33.018135
25.776962
16.515654
17.389872
27.225533
20.72951
19.408323
38.060337
40.7257
40.327637
25.154833
32.41363
37.341938
30.268156
22.600903
17.557854
24.693827
25.612513
34.45713
38.19578
16.284655
37.655903
20.37989
23.142885
38.88059
29.289696
28.685232
28.682058
29.721928
40.874527
19.053425
28.097626
29.569685
33.245026
22.951078
40.49104
21.366108
27.883028
38.17933
23.55282
16.37567
32.524803
26.950722
18.350195
26.073421
21.508678
15.204102
31.387022
18.760525
34.023064
30.485943
22.202482
24.912127
40.080875
38.65817
39.597164
16.600668
33.524868
27.936684
30.210033
19.988113
35.65934
20.32149
27.616997
31.843416
36.207317
27.348328
28.381502
29.31702
34.208233
29.27355
21.559986
34.792
36.199684
22.297922
18.049622
20.531906
32.567795
21.241827
21.863182
35.058186
33.30439
15.203393
20.925552
16.715572
19.574982
17.162764
16.30868
21.72155
15.480262
31.239817
37.956577
16.146574
27.184744
23.369349
37.89918
21.734484
24.189684
16.526802
28.713696
24.247988
19.943478
32.31933
25.564272
32.112007
36.21123
40.751064
36.53569
34.528008
35.666195
33.27815
32.17392
29.945398
26.019293
34.888226
19.156235
35.80141
34.669003
20.870646
30.83582
36.77878
33.33229
17.187946
17.040577
25.480997
39.408447
21.915607
32.953075
38.387653
40.931026
25.086405
24.158396
15.228001
34.87926
37.457203
16.018858
35.498478
20.348738
17.210209
24.41938
21.750608
16.62213
37.40739
23.62454
39.48836
15.534432
16.135807
39.49807
16.03958
33.692955
21.71335
26.657907
15.603912
37.091034
15.068455
40.274567
18.830093
28.445293
38.464
25.167984
16.73832
40.18993
36.104797
22.617628
16.57883
35.4774
29.849648
18.873056
29.30572
31.763472
32.24313
34.73675
28.745384
34.595573
33.38889
26.788446
21.25191
21.076982
33.80541
27.829784
39.667065
33.145233
24.336746
30.950592
38.7405
28.281862
36.43506
32.252613
34.81613
23.561415
17.688156
37.714012
22.553514
34.051323
18.33466
23.93754
23.72855
40.49015
40.69086
40.597702
35.745552
19.90032
38.907555
22.286848
16.393316
28.332352
35.281765
39.15754
40.590534
21.291271
39.46745
31.268173
30.391403
16.561737
16.360798
40.86124
33.360138
18.127085
39.180077
39.938206
30.57343
40.668365
38.316376
31.442453
25.972933
39.73309
21.900976
19.121304
21.565048
33.07934
22.716524
35.710545
20.053335
35.929424
38.073452
39.469578
25.8892
18.908281
26.579687
33.292606
21.439383
34.295418
38.350777
18.631006
24.994217
21.885025
29.139336
20.284327
19.678452
18.227589
28.10669
15.752146
24.976892
28.317259
37.516388
20.286188
19.549938
32.892746
20.498278
22.042
25.289545
25.435545
18.213556
36.801632
36.15398
18.677828
26.245293
22.623606
39.22017
32.973316
25.845634
23.473713
23.605291
22.23798
38.789936
19.3999
35.434708
27.333448
23.019817
33.13683
25.871143
37.74448
32.001213
23.160439
40.370514
28.192924
35.780113
37.16006
38.792587
37.434048
20.087925
29.655514
23.770111
25.897182
21.529896
31.058712
40.827972
29.061111
27.884302
26.864252
28.144213
32.49568
28.846664
34.85059
32.557793
36.354584
34.172413
35.183228
21.453182
25.770296
39.1031
19.133612
35.489975
35.080727
35.20536
32.762184
24.795902
30.108028
30.308443
28.361286
33.20464
39.813656
18.095362
40.71342
33.395176
38.56969
30.084255
25.292616
26.377365
23.015038
30.23074
25.421371
35.668682
33.00603
35.188683
27.093021
15.720123
30.524572
17.385925
35.67899
25.674576
27.572933
19.5032
18.062819
19.378815
32.062794
19.688505
36.877472
40.720783
15.497228
24.895985
40.469826
29.82657
39.847755
21.10739
28.975882
28.427048
17.444649
23.875895
39.46265
29.791826
20.927185
28.626163
27.477255
30.028807
20.341555
29.451199
32.54125
37.260258
19.327648
27.765678
39.13773
29.211952
18.001942
24.107058
36.561264
26.089626
26.622288
39.61995
40.63526
18.267523
33.411304
40.315845
23.748783
17.276604
30.018717
17.069427
26.924528
33.85543
35.018925
29.49438
28.701988
18.414635
23.568596
26.335688
20.50451
25.166224
29.89016
20.822107
40.856342
15.381912
34.600502
22.541622
17.325394
21.770033
25.070261
37.834305
25.38983
18.7985
15.977597
16.44119
33.561283
34.94165
23.011307
27.204388
32.044804
18.291698
33.281723
31.982782
33.975357
16.750935
15.413814
34.629353
19.843058
16.108694
38.525417
40.870255
23.103962
25.70748
24.33458
37.232433
20.170612
32.11556
36.493465
40.785732
40.98625
26.248701
37.912327
18.397034
19.208841
30.721666
26.31553
34.438183
19.665926
29.860363
32.562695
19.446001
39.188454
38.768597
17.371414
37.10191
35.191624
18.118605
19.99418
39.080296
20.44294
27.92256
35.13053
38.808903
40.34253
30.442547
37.89653
21.991116
22.737984
25.609444
39.027153
35.85926
15.80576
25.846527
35.653214
28.559559
22.853474
15.031505
18.972963
18.81361
28.03212
18.48104
28.929478
34.05786
21.894615
23.30481
23.60853
18.63168
26.496723
31.251415
19.487597
34.266296
38.308746
23.256447
35.89521
33.12102
25.591131
16.303347
15.080847
22.919764
37.08439
34.92061
34.149086
26.360016
22.873482
27.664282
22.777779
36.898182
34.10913
39.272568
37.118465
18.259144
25.903238
27.82977
25.56835
29.574703
23.162876
25.239655
16.206545
27.92465
20.38709
16.583803
36.603485
15.235812
29.523022
29.528248
32.440746
30.988632
30.86257
32.84226
19.919624
23.987423
28.658167
35.3059
26.290356
19.56962
15.645947
28.808445
18.999796
37.060963
20.986845
18.277597
20.933964
26.02771
20.270985
38.229855
35.02284
26.933577
40.177917
19.195261
24.078316
30.178322
32.14509
27.045177
35.15226
25.176443
34.96913
24.33955
37.93009
40.12864
25.64942
17.210644
35.716354
17.445345
38.98045
40.012985
21.422243
19.400772
17.409567
40.99473
29.631102
17.52748
35.49866
25.583525
19.296358
15.50576
35.963284
35.530334
27.917442
28.858624
22.709915
32.11759
29.142717
19.632414
20.551891
27.913433
23.664465
24.424688
37.35665
16.141644
15.999516
29.6151
34.26192
31.637346
31.290075
30.461752
31.295546
26.57137
22.612875
40.84452
39.24351
17.651596
22.450733
15.868594
21.933027
39.347507
17.959177
34.285534
22.232159
17.834496
28.45177
23.745834
34.01492
20.817446
17.131285
37.26612
17.100388
35.168472
35.50991
25.975716
32.74675
27.40155
24.190218
27.201504
19.665873
39.407223
33.719505
28.256598
28.72134
25.583406
32.08386
26.917524
