39.52935
29.629852
16.937273
17.167793
27.528112
24.035059
29.222063
39.159657
23.934372
20.169693
35.030075
29.88954
40.16129
20.009161
26.780209
17.187723
34.243942
33.13026
32.21943
26.01823
26.481558
31.583622
32.880646
23.12458
37.722546
31.933249
28.823858
18.538933
40.624496
19.489084
19.790478
20.255003
22.332508
38.447983
28.293388
25.585783
26.193132
25.910471
25.620308
28.51035
34.35748
39.55504
37.245655
36.6597
32.42592
24.128786
31.726147
38.499798
27.648096
30.852556
36.798023
26.740711
19.615808
34.340775
28.098719
22.033878
36.872665
21.700567
35.70356
19.615303
16.413221
34.101746
23.498013
30.710663
23.655642
40.29866
30.29862
26.238993
20.145763
30.336893
23.590893
16.63485
24.986761
27.99225
40.769917
28.454525
25.787457
16.366375
32.84957
29.84012
17.783596
38.502846
35.748848
28.885962
29.710331
37.88955
38.468746
23.485056
37.99037
20.277538
31.74092
38.32899
16.851177
26.373589
19.059242
38.392902
33.095856
26.653082
36.39805
34.45776
24.426264
26.791832
27.375952
37.00555
25.453125
15.029863
31.141586
36.16854
17.826853
23.157202
38.83788
15.321999
26.284018
40.751072
39.14385
28.38058
22.828308
27.795963
18.09813
39.891617
30.751099
19.882381
19.175993
24.614378
28.74561
40.807144
38.42161
19.432543
40.97994
35.587444
34.330044
15.167765
15.6681
38.652946
35.12833
15.145524
18.41452
37.294548
33.122852
23.210066
23.406265
27.325462
28.85999
28.29348
37.3886
24.349699
16.989853
29.614668
30.283358
20.034966
22.927837
30.117144
34.295807
18.351484
22.676392
27.850306
40.404694
39.86516
33.49944
17.657068
35.241314
18.863005
30.534445
34.751366
30.537401
20.340633
15.88229
15.552327
35.5579
39.696182
20.232555
19.48755
38.23349
29.35185
28.662035
28.386189
37.06919
17.463793
37.886784
31.553167
29.328981
26.383034
21.953104
32.64913
27.482924
40.59449
15.120495
35.096413
21.451971
33.488182
20.519596
25.889458
30.796991
27.506165
23.060793
29.408924
36.672413
20.960592
23.024216
27.121843
26.10116
17.132938
38.779404
27.895903
34.92644
37.141148
37.163067
33.06416
32.657207
31.50111
24.18584
20.347181
38.348026
26.310741
26.944134
19.272814
15.640314
36.549362
31.880642
23.829462
39.140823
33.112118
22.867239
29.747
27.42453
39.88855
32.976513
22.020119
18.122942
16.446417
28.26331
15.07211
17.795115
32.69635
26.395176
15.302819
17.57757
36.289783
37.550762
21.672655
26.97058
35.442165
33.647724
20.445309
36.542133
23.375343
20.666807
15.244984
25.81722
19.637482
31.606342
21.17966
17.168905
38.18582
20.431492
31.940142
26.138979
30.307081
38.275127
33.505295
15.289824
34.202164
22.102303
31.36714
24.42543
34.376404
27.067913
40.035107
30.818354
18.853436
40.877125
27.987001
24.940716
40.670315
27.600832
22.204971
20.121187
30.113348
21.603382
17.967833
30.53622
29.7187
23.507477
39.666996
20.992615
29.188677
35.451164
31.071297
26.069836
18.06407
18.284452
26.68678
15.364361
24.244938
16.808157
19.640757
37.814583
16.266596
22.675135
21.865011
19.38372
18.614588
32.154186
31.261414
20.739443
36.30183
35.599453
20.003733
38.992775
33.433094
25.173195
26.16277
34.04518
24.546442
19.1375
19.437567
29.641533
19.148165
16.860437
32.93369
27.838003
19.047272
30.574806
38.65022
31.26779
22.847464
29.88276
16.620415
26.32382
30.26904
31.017033
38.49656
32.17652
22.850119
26.949715
35.77783
17.405973
35.01598
40.58198
30.850643
31.951641
18.50734
29.453365
23.544256
35.069214
37.722767
16.67665
36.9999
26.032888
33.657455
17.134584
16.310167
17.432737
29.809986
34.36721
33.60589
31.09072
36.680668
22.033638
22.051035
17.8551
22.299517
28.349682
30.55187
16.831972
20.598875
30.482906
26.89472
26.973846
21.385109
26.529116
15.497553
32.36913
25.165829
15.399502
20.993631
22.06262
31.153454
17.715134
26.461287
15.785998
19.392971
37.635662
35.272045
34.588596
18.15112
32.441597
22.250042
30.032598
37.456257
23.644659
31.118834
33.353058
38.992573
34.41824
33.057487
36.78211
31.429255
29.220104
37.595943
25.097889
36.70471
32.622066
40.050446
16.382652
28.787868
37.566402
27.232939
26.960852
40.003082
24.536352
27.264109
26.536732
19.131977
36.458218
15.977926
39.66241
24.19527
37.545
31.626232
32.841156
15.069294
33.746727
21.375141
26.80695
24.906588
21.99014
23.43071
26.820246
36.706783
40.97049
39.53955
16.181158
36.323505
31.900755
28.080769
17.585127
35.694923
35.328754
25.998756
29.432459
38.1501
17.90009
22.422167
35.75196
15.270154
20.774994
27.972523
21.01022
33.972813
19.299768
29.486633
34.751873
37.24078
29.48849
24.16024
39.752613
16.22885
40.88832
35.965923
23.165422
21.361689
15.481791
22.60663
27.001913
39.473534
24.422009
39.23676
40.214443
29.043175
40.60185
37.716026
23.631048
18.141912
19.325722
17.257011
35.04401
39.839172
15.6826315
15.985496
30.864222
15.499962
39.61177
37.153378
28.927404
29.660221
34.107048
20.527184
24.274408
28.980648
36.5244
22.82092
36.02686
22.15648
27.535984
28.950125
28.840546
25.60021
32.91778
34.35477
30.842903
25.216106
28.062267
31.671877
39.447235
25.649954
29.875416
20.634262
22.985106
31.024279
39.547367
32.230278
19.70975
39.35886
30.578598
40.879868
20.397064
30.628225
35.398647
25.665636
36.507187
31.722334
38.93189
33.50324
32.668415
26.453537
34.544994
37.54366
22.106552
19.192425
26.953344
37.070606
38.56669
32.717087
31.868595
26.689457
40.26059
18.42477
27.437338
32.699947
30.421846
34.18187
33.85074
33.202904
15.162202
15.777652
20.89775
39.712135
20.496265
36.199066
40.689392
23.825691
20.638239
28.758415
20.299404
36.856472
30.973028
33.482666
30.646406
37.23038
23.465477
25.112602
35.58549
15.930837
17.695303
17.561941
34.88213
16.301765
35.191597
17.751093
22.508848
39.11682
22.289635
19.357065
33.5353
20.980831
21.344004
36.210567
30.774864
21.850136
21.805965
33.82326
34.305946
39.741703
15.409236
19.842617
19.003864
35.546623
17.507185
18.108702
25.299156
28.271778
33.465866
22.42679
32.52075
33.004143
26.941029
31.171528
20.387571
30.425468
15.853618
32.402916
16.479717
37.8007
39.927147
17.3013
31.85031
35.021782
28.76156
19.417995
25.331902
25.509098
31.592134
16.490164
19.546219
34.556114
29.118196
18.382977
36.143684
31.048409
28.08536
31.099066
28.379248
30.396503
36.666225
16.734737
35.773563
34.99263
19.10838
32.764328
30.313732
21.53474
29.60482
15.098585
18.415318
20.156794
37.890774
27.989887
33.69743
20.462559
30.682215
40.046562
30.515356
24.28084
33.745197
29.370522
15.1501
16.243282
25.121439
24.146908
16.571995
21.131596
26.834478
19.89136
15.775443
19.349215
34.261967
20.99997
31.824522
40.843166
27.283556
30.24901
21.95424
17.335085
25.300148
33.45586
16.339827
36.816017
39.26908
39.639606
37.47645
40.917877
20.01119
39.70921
21.504454
26.995106
35.219486
40.95907
32.270134
26.533316
17.835524
28.466291
18.42983
29.84734
25.758362
19.860931
31.484976
25.939394
31.212364
16.879864
36.278545
23.858704
19.523895
19.617016
17.188242
19.937166
17.543278
31.447
33.019444
35.871334
37.49726
28.22627
23.430975
29.77919
18.66855
38.565273
25.61936
28.08089
40.97271
28.717096
31.942244
30.33589
19.239222
25.942543
25.17934
40.014496
28.802185
40.088463
36.209248
33.59018
29.867512
26.555735
31.023096
34.30961
20.047325
34.835136
24.201101
15.530633
23.438555
39.35385
32.24557
19.614082
34.671593
15.502323
26.494127
16.013529
35.466156
15.400562
23.729383
16.427769
35.40538
19.21504
19.056417
19.664085
17.875452
32.65169
24.136993
36.205963
34.41693
33.627544
22.44953
38.387196
30.09527
35.06291
37.88638
16.544996
28.92182
22.23809
17.705112
16.55795
31.842966
26.222906
39.61804
25.770294
34.36387
29.514395
33.63426
18.462313
30.484602
28.20744
40.161175
16.74722
22.300291
30.775051
38.82742
20.05821
16.353249
32.849472
39.50678
28.234995
18.62384
30.272247
32.102676
37.62737
35.90822
23.120798
16.795536
22.604046
26.254847
33.4211
29.66019
32.388226
31.118076
18.820395
35.828297
37.237038
40.93589
19.620897
17.70065
24.640194
15.950195
29.26489
31.10693
33.43396
19.261955
22.613567
23.765501
25.509628
23.349703
36.176384
15.913402
29.141544
28.578865
15.824714
24.556822
24.867775
16.590616
32.462986
30.434872
16.327337
34.882828
34.632477
38.494587
20.49104
17.381996
19.087362
38.442616
28.318726
39.35388
38.00959
29.769205
28.033873
33.611885
24.718615
39.532597
26.927267
32.656063
32.48391
37.147083
17.884594
26.111923
37.362778
20.435503
39.67858
22.637125
25.862724
37.287075
17.474453
30.32535
29.6673
25.404034
21.96818
33.56059
34.666187
20.82558
26.110273
35.26132
32.094738
34.185295
17.463467
33.50296
37.715176
37.98817
19.900934
34.618233
32.661087
18.58608
26.57231
39.048935
34.818848
28.985483
18.848068
21.458984
34.43394
35.138844
39.298428
28.917355
38.00728
40.951237
38.671238
16.320887
36.485893
35.876225
19.30394
32.650806
37.254444
35.680195
16.437931
17.14309
22.498428
21.721869
22.499378
39.0016
15.136848
32.923832
39.568672
25.894348
21.711657
25.505436
15.9814825
25.146976
39.373173
40.5016
18.287561
27.283888
27.41516
16.109528
35.639076
24.366365
26.690184
34.985497
28.08859
35.438225
32.67532
29.756409
27.247362
26.313477
25.960274
29.215881
33.28798
18.926748
33.494377
34.9423
22.370916
30.516058
29.055906
35.406208
23.232914
15.018862
38.096603
32.02708
32.895718
34.236126
40.36629
25.094622
39.236946
22.555502
23.536812
36.987183
16.51053
28.323488
24.42161
19.700138
18.812418
23.317856
21.326612
21.339508
37.95791
29.19535
33.570103
35.941246
40.270164
20.276087
26.273663
16.744192
29.375206
25.574852
18.153303
32.87476
23.25686
39.60086
27.229235
27.293999
15.545835
37.12132
24.124792
39.81274
27.300303
23.820524
22.939436
22.998182
38.381123
20.585033
33.557693
26.875233
34.932915
18.00671
22.695368
34.468613
35.453075
15.619397
35.986324
22.436733
36.463844
17.371199
37.97756
37.315983
37.898373
18.883204
15.0272455
26.224108
17.969906
21.156855
25.789951
23.263933
19.513845
17.565922
35.22503
27.323837
32.57573
38.205437
36.878815
37.488842
35.363846
21.968746
22.568098
26.856358
21.59338
30.08511
22.531815
20.193176
20.719734
21.274258
34.619896
23.575342
20.59182
18.160437
34.15262
24.920166
31.651861
27.137487
28.710752
31.149708
39.96646
15.4877205
22.30633
40.6176
25.094301
38.231205
15.135696
20.386196
34.079178
22.918455
34.431053
28.958616
24.702682
25.378248
32.8036
24.150288
15.539047
23.293728
30.910894
40.927227
17.325445
17.403692
15.282898
25.243319
39.694157
18.112364
27.705763
23.176466
23.408777
36.339695
37.689247
33.99358
24.90479
27.55566
32.2332
23.16689
37.15561
27.11579
37.36041
40.819206
30.668291
33.251476
25.697643
26.593313
32.758938
37.367508
31.763666
29.520704
36.165916
31.660532
17.562347
19.107567
31.529795
25.49604
17.581121
35.56087
36.30202
34.46771
22.359344
38.84507
23.240198
33.611874
15.418137
32.089993
30.80584
40.861153
23.53273
18.763062
35.501373
38.495094
29.080276
30.974066
34.466217
39.08204
21.510572
30.29829
27.497557
22.205273
32.86403
38.583893
35.069584
23.127748
35.70078
38.351967
18.895725
30.473665
28.806643
32.602856
40.111504
16.991308
40.60623
26.109806
39.25152
19.510593
40.340378
28.611176
21.852055
27.319906
30.754486
28.70496
35.731697
26.360792
19.29649
25.704475
18.785439
33.875282
25.637363
37.23166
39.473457
34.439545
39.70427
16.904457
34.094063
29.678808
40.355747
27.11739
39.400856
30.382414
40.330406
22.619503
28.157446
25.22408
28.16489
33.36137
32.818768
26.841393
22.404058
33.913025
22.686222
15.639811
15.615532
19.647205
26.604551
40.360264
29.47289
18.837357
28.55161
20.185879
33.486183
22.83749
29.317858
19.962013
22.835384
21.591005
35.88061
23.9653
25.20184
20.858171
29.048817
40.58107
32.494797
26.757097
25.487267
22.234955
24.934452
18.480507
36.32494
15.973236
34.07999
21.3808
19.210287
36.19789
20.080496
20.00841
17.897058
38.23606
22.67855
18.143543
37.227386
27.660011
37.31091
32.379013
21.724615
39.572525
33.02738
17.39187
18.916573
36.433926
35.88874
40.684242
19.980574
26.430805
18.006222
22.278698
30.3348
38.872845
30.4498
34.621227
17.396322
36.652958
23.879272
19.774824
21.884192
20.41727
39.941647
40.879364
16.766857
16.765339
15.230359
28.80849
18.23623
33.53731
37.916203
18.971815
37.936535
31.043526
35.03685
37.290802
17.08419
18.953455
33.871326
30.519312
29.085754
24.484629
39.827686
20.284832
23.794117
32.518593
31.836649
32.49401
35.63883
32.31973
30.370863
30.076199
31.52469
18.644102
34.89898
29.431255
36.613403
19.199324
38.835587
17.402975
22.88627
19.652813
36.86259
26.117062
34.731712
19.684517
33.87452
37.602676
23.70944
26.941673
26.739729
34.759094
31.113985
36.176846
19.57138
19.9342
37.993347
38.336918
38.266617
33.149
15.874316
40.9195
38.69918
26.832499
37.604187
34.52454
23.140287
36.823868
34.439316
19.202765
31.23447
38.353798
30.79411
35.93891
35.17155
38.73468
31.909855
23.40651
25.57288
19.56919
32.110863
17.992342
23.049423
18.42949
16.286211
32.012512
28.391241
21.164383
22.768522
15.028378
17.912306
21.259205
21.876926
38.21945
25.60166
18.003475
23.049566
21.881687
26.421246
28.613775
36.7117
19.293385
19.3428
28.914494
40.808655
36.42732
38.530586
22.696575
38.278614
16.286478
32.453716
27.454573
30.648386
21.002144
19.651302
31.8448
28.406025
40.256878
18.37554
17.912539
30.837387
35.081318
23.40238
26.903723
16.609404
21.622463
36.926342
33.306763
27.541008
18.09255
21.645485
39.66256
37.72347
25.781328
22.894482
26.636024
38.434948
33.751003
16.998291
22.859823
36.13991
28.63181
40.895718
23.141289
30.272156
25.79764
21.521753
17.765934
27.470997
34.124855
28.439465
23.836113
19.473244
39.523827
37.776646
31.85092
18.959425
22.481548
37.649456
15.063575
35.31083
23.964985
28.944668
23.544998
34.454685
30.208628
16.584122
29.337488
21.758007
26.146154
27.209446
33.59988
24.276264
19.544764
23.602034
27.225737
20.571363
35.262226
16.092735
15.0585985
18.784004
33.47045
32.71769
26.533533
22.678768
15.175682
34.941124
38.341644
32.975937
20.91432
28.392977
27.54442
25.442303
20.114658
24.258572
20.457281
15.933875
23.288645
28.70961
17.57682
33.866627
34.954136
29.080093
31.843792
15.437121
15.9869175
20.367874
32.613953
36.323074
19.963081
32.081867
30.85151
32.56456
30.976246
29.45696
26.26492
17.859838
22.40032
20.623138
40.37243
35.605465
23.117437
38.442226
30.814795
28.668493
15.842001
40.41517
19.625206
37.09936
15.345529
38.31469
35.621502
19.777225
18.623436
21.012602
16.603378
40.325184
24.343624
17.348068
28.617317
22.54106
35.27812
22.822489
23.194597
32.06013
28.842825
32.40867
29.172785
32.99938
21.356766
27.826382
27.478691
22.92847
15.181061
21.263441
25.080885
34.67108
26.509153
40.710697
36.212383
39.1606
37.253666
34.831543
18.919254
27.857677
27.211615
25.600758
29.008457
28.082735
26.488466
40.82465
31.548254
18.024612
33.02295
16.093756
20.217205
36.157486
29.978237
16.721424
21.002735
26.331158
16.751604
40.786007
21.017942
36.89564
27.403307
16.521353
19.53528
35.87919
31.416924
32.989742
38.72844
40.459488
17.877138
32.223362
18.068747
27.751125
25.387264
29.834845
22.840033
31.277967
34.347706
23.474442
17.815939
33.40739
17.577818
36.450706
37.786293
40.494
35.687458
27.333647
25.324183
32.51365
27.09093
29.423685
38.952988
16.564257
23.104696
32.59676
33.702663
25.76821
16.181746
34.22532
38.937218
21.831717
32.009174
37.62693
39.290302
20.799818
33.931965
35.806705
27.563505
15.391316
20.964743
15.136619
19.521992
39.706234
26.514576
34.054344
29.66464
23.069
23.861835
33.86614
38.251034
29.30384
34.432293
16.302713
15.135119
19.834492
27.942614
39.60412
27.285524
29.65864
21.612617
15.598936
32.264988
26.468084
34.811596
26.495207
21.39659
26.968937
17.742233
39.914845
31.861876
18.801783
40.064552
36.080303
18.556194
15.370002
39.723618
28.001717
26.169054
34.355087
37.668533
26.014648
21.662401
18.731062
18.63666
20.083063
37.087345
35.685753
31.725758
20.909105
18.50986
38.014908
17.088074
36.080696
22.708645
32.275826
18.754284
28.239893
27.263348
26.270424
40.33147
18.569479
29.668941
33.273262
40.118168
40.77213
29.192184
25.828394
25.04085
22.15599
19.328568
33.909462
20.740002
37.442474
32.923313
36.770824
24.12036
31.476475
18.28756
36.91301
26.72859
31.14621
26.970871
24.24419
40.43312
18.509356
28.243908
38.739944
21.054619
36.374016
25.800062
36.686813
34.831924
24.397642
20.702507
20.940878
22.907103
18.14383
31.183159
23.540777
16.374622
31.476532
36.542637
19.485262
22.863422
20.173027
23.105404
39.51864
25.107046
21.701534
26.951773
39.363113
26.505796
26.736303
22.978676
20.995255
32.296204
26.172407
40.73353
30.28453
33.616947
29.154512
18.420692
16.595047
23.496637
28.94824
17.497585
15.797297
26.58782
20.35981
39.35758
18.545023
16.332708
36.848984
38.739365
32.642876
22.170162
37.482403
31.707623
29.863846
31.379644
35.43875
23.3173
37.671135
39.206734
40.904217
39.404007
20.95728
15.026152
25.886168
18.335497
24.13411
23.472013
22.724794
16.014355
33.69032
31.701405
31.89715
32.939598
23.679071
37.256184
16.084728
23.714872
21.506325
35.34923
24.41535
33.033676
40.86128
39.825222
21.29198
23.876938
34.663445
18.5323
30.285625
19.425972
25.49669
21.389885
27.196331
30.023918
40.158684
18.049131
21.575838
40.411236
20.67495
37.716442
26.757338
22.416044
24.4099
34.446724
20.752277
22.297577
32.75296
37.011913
36.251072
18.02114
19.266037
33.31164
31.404058
35.885548
34.14937
27.216698
30.06098
20.129038
36.415924
20.722347
34.711746
37.40733
22.260263
20.337315
21.498137
20.36748
31.765959
35.7456
38.3556
26.933815
38.3164
28.952162
32.596256
24.377321
27.856953
39.35974
15.058654
39.757378
30.502258
32.52303
40.326736
26.904854
34.890488
23.687649
16.460052
16.758184
24.15728
19.645226
19.17905
24.569035
15.435087
21.922245
26.513853
22.261835
28.37954
36.869118
24.551825
31.061487
40.38249
17.827272
35.108677
36.39614
24.852211
25.225885
33.899883
40.037025
36.224373
20.196217
39.1035
37.45487
27.213123
38.090313
23.082603
17.452562
38.21983
28.152191
22.474869
30.276249
23.787722
36.513447
33.85885
37.61217
24.523882
35.67154
25.77092
21.144072
39.005733
24.657875
20.97386
33.67617
24.847385
22.214043
31.567436
24.219175
35.32188
20.468536
27.783342
17.891975
33.718616
38.842476
23.121311
35.00915
33.96091
39.21176
23.860115
21.304592
18.916843
37.71438
33.916706
16.88405
33.307297
40.01544
18.528616
23.204515
36.148224
35.328815
38.299232
31.145947
38.25992
26.043108
30.772566
17.070883
25.534315
36.410973
33.893436
23.660124
26.37196
27.434727
22.461132
28.26767
15.9835205
35.817352
22.998936
35.55574
21.096485
40.64703
38.338863
35.25076
40.01578
32.34445
22.660517
26.003746
32.957844
30.326202
22.72475
38.543674
30.11083
20.823652
31.607471
35.579895
25.969341
28.345726
37.365692
34.23982
26.150324
39.385223
18.757526
21.220648
21.117393
33.14219
25.389702
19.288992
16.024137
17.274153
30.48065
26.279789
39.23257
16.981897
40.804157
32.326057
37.97119
33.100727
26.318066
29.69355
34.067753
17.291079
23.484396
32.299488
35.725048
39.90857
21.351778
20.762081
24.903776
34.682487
26.097998
21.657703
30.034666
17.943008
27.91992
20.555065
20.50285
38.811245
37.91003
21.350916
32.630566
40.5026
23.873238
37.44928
34.730064
25.692715
38.9146
31.40637
19.206747
30.756565
25.06803
28.805935
32.663292
24.615225
40.23801
39.334736
24.488678
33.91098
34.290848
25.295609
16.511827
37.280445
29.258833
15.125508
38.95764
15.606562
35.310272
34.878555
25.16404
28.30425
30.390202
20.089207
17.301765
23.9308
25.25107
25.948227
35.684364
40.710857
30.96968
17.30418
29.164072
24.927307
32.98606
35.645832
21.579947
22.553062
22.201954
17.92584
17.257805
27.985165
25.740997
39.853714
39.157272
23.291412
21.59971
34.116146
38.419403
31.991077
28.607756
33.875355
37.789055
21.065054
27.867989
17.851122
23.669401
31.627172
34.161182
25.30989
32.411705
26.487171
21.677334
23.364258
23.85157
17.697233
39.874874
37.128845
35.073742
23.097727
28.271053
31.483574
15.920626
15.864188
37.53125
17.462969
32.855385
39.10639
30.351889
24.620174
15.448813
32.681664
19.321142
27.106972
19.979681
27.558445
20.193424
23.666119
25.421663
18.302431
19.828348
16.24997
20.435482
18.556446
18.421534
38.559376
33.893253
39.746525
37.59432
16.439436
17.932575
25.67052
23.411194
20.773754
19.571278
33.111885
24.458399
20.286499
28.509264
27.170055
17.74395
16.491507
34.902245
17.610306
33.368874
23.920383
37.61275
37.209606
34.671387
23.71655
26.72709
22.811514
23.860163
37.699806
23.972582
28.601845
34.029865
25.08601
23.077568
26.978203
26.891455
33.18914
39.087532
21.310375
19.551888
24.63795
21.183668
28.874796
25.242113
34.90717
31.64616
33.295185
30.019373
27.293102
36.262424
17.932804
30.159157
25.856236
22.701443
38.843567
33.20417
36.308384
23.158413
30.155554
35.452126
18.339588
21.919703
34.01937
18.041096
20.460033
39.40623
15.645092
30.73064
24.074766
17.72422
29.363293
40.978855
17.214191
36.785297
30.134125
27.979986
28.110796
16.653805
30.477116
40.954117
24.642681
26.93726
21.405746
36.17002
25.55705
35.756634
21.624672
23.934069
17.341879
21.116365
21.983816
29.092703
30.631563
36.33969
25.982325
28.472769
38.112434
34.643047
31.976772
36.1236
26.036604
27.894112
36.671803
18.226612
37.657658
37.131092
26.457693
24.102633
35.169346
31.516743
35.208214
35.8742
25.05842
22.058662
34.26344
25.029404
38.17543
40.64821
34.496006
23.385952
32.282322
37.75352
33.595665
34.76842
31.353224
19.447866
38.005737
20.08877
26.485008
28.362743
40.306526
20.459515
15.916618
37.62585
21.26442
26.471027
40.361404
15.877234
17.251892
16.82876
20.62415
23.05265
22.292307
24.173265
17.30466
16.78138
19.59488
38.09524
35.282257
23.96641
18.118874
25.109844
18.630695
29.398125
35.442505
32.66894
24.630526
33.09835
25.010847
29.166904
16.626066
18.499792
27.698296
36.335083
16.616661
18.536592
34.545094
36.42192
37.677032
38.254986
39.513634
36.120243
31.569084
32.648678
28.15915
32.33018
22.237608
17.081823
24.220697
25.535524
15.274901
16.883137
33.31223
26.823502
22.894413
34.47791
29.12975
36.392128
23.47108
18.770397
34.889538
26.766487
16.286135
28.397247
17.073639
16.884617
27.756666
35.943325
29.98266
35.71563
15.1354265
36.24451
20.082312
30.137217
19.4338
34.497757
26.678867
25.426596
29.15104
25.056892
26.070112
31.9084
28.285416
19.5133
27.992151
38.05499
28.057999
36.943935
19.91875
26.649137
17.79737
16.054712
22.568798
38.495907
40.51366
30.355568
34.838676
29.610107
40.83286
33.47421
36.300297
26.807594
35.167435
26.248718
24.391739
23.193132
32.266903
40.334957
19.47642
17.164537
16.621998
30.722809
22.057888
24.242224
25.588745
35.776134
26.611282
16.285265
21.5538
18.194416
21.728779
21.4695
26.979935
23.639791
34.57517
36.780212
18.750717
31.68144
33.01105
16.711308
34.875957
40.179886
25.164972
31.364931
35.324585
21.267082
17.722118
20.209854
23.519176
28.673784
28.74605
30.383972
31.856504
36.31394
18.461279
38.615665
27.510933
36.75654
40.098286
17.590748
17.732697
15.498539
16.638956
22.906183
28.870592
22.798246
36.0992
21.628689
20.428701
37.236618
25.846872
35.915813
30.609377
20.144833
19.37691
23.159012
22.999773
27.569468
22.951984
21.672728
31.32677
36.542526
18.565735
38.080395
16.535263
35.081627
27.796993
21.237762
37.837315
34.566383
34.297302
15.785903
34.83479
30.920303
24.89022
22.240677
25.335627
33.373123
30.559914
29.902433
19.064037
18.486746
24.96768
39.809128
21.107428
40.598667
25.559027
23.458038
16.647984
21.869959
24.810163
19.085663
26.294407
23.720585
30.711637
40.922405
29.15935
22.59302
20.19814
40.02802
16.720728
32.705864
34.90739
40.065823
26.460112
24.74234
25.38727
37.68808
36.289
20.264248
29.669233
21.08194
26.85389
19.050179
32.98739
25.664768
38.953526
30.527483
25.346397
20.919632
19.506983
39.000694
36.62772
22.926208
25.77859
29.474783
40.972565
21.26928
31.89593
40.529892
37.29118
34.696465
16.089716
34.924816
30.922
33.148796
27.53934
19.38975
38.700523
28.602163
22.225563
40.41454
29.996458
29.53467
27.771849
32.746822
17.639246
35.774307
21.898386
39.785187
25.0757
27.983397
25.818022
32.085686
17.589916
19.100632
32.670803
23.795715
29.964424
33.68856
21.923958
18.987486
26.57288
15.3237505
35.556725
34.584038
40.56841
27.91889
20.804476
27.853916
34.568073
24.180458
21.254234
32.29634
22.032711
37.28263
21.163654
18.146954
22.402784
34.277485
23.01824
36.70481
33.974678
39.76351
33.546543
25.214657
30.488155
35.899
32.680714
25.134066
34.44466
15.973621
39.279877
15.273326
20.287275
33.44121
40.826313
36.516636
27.747183
18.568533
17.759577
40.61635
27.897635
24.669334
32.63122
27.89776
31.755383
35.269966
19.84288
23.620054
23.630774
24.492256
37.373024
24.209854
22.85158
25.441298
37.60288
38.61686
15.9719515
35.45025
24.119375
16.636936
23.12673
22.661257
25.20332
17.206055
34.802612
29.610958
40.603348
33.38933
32.971622
20.241087
16.151434
19.072508
25.268494
39.06907
36.793232
33.208977
38.692596
39.130512
28.686647
32.883636
28.176172
16.744902
17.164595
32.425602
19.284626
30.157799
29.562962
20.334911
15.300865
19.677275
28.182434
24.884172
38.994534
23.049253
24.982822
38.914257
28.488304
25.505945
40.00122
40.56381
24.807226
31.17343
15.9402895
25.455626
29.93348
25.33894
21.89065
19.208584
30.48766
33.4554
29.731329
25.052067
21.519087
28.700075
23.394917
39.790462
27.311455
23.406368
29.88902
18.398617
35.596466
38.751995
27.733326
23.1247
36.116894
17.713968
33.301517
15.13529
22.09188
36.490055
26.450031
33.458027
17.811136
27.338522
15.770537
21.260534
27.320894
19.102287
16.82076
23.34992
37.963505
26.560608
25.768246
15.185401
26.393715
40.1909
20.024284
30.667288
31.61858
39.925232
22.65029
21.4988
25.594288
24.050451
16.586485
23.012846
34.961975
31.527912
28.082842
40.014114
17.615953
16.698166
40.104813
21.40756
40.971596
15.588005
15.941424
36.167507
29.036482
34.851604
26.76095
23.547386
20.687159
33.75457
38.439373
23.338207
37.91531
32.54904
38.629513
33.4547
34.23083
15.090077
26.743704
40.161137
39.89577
17.607855
29.290545
16.84467
24.211773
35.17732
36.836235
40.40212
27.695152
18.616251
16.753712
24.026918
34.6474
15.294763
27.877754
31.466074
19.365376
25.653608
27.201902
26.662777
19.034187
15.105722
34.833046
24.1084
17.207125
34.434788
37.56214
35.19843
19.70083
16.806633
17.61461
38.419968
19.720226
18.073696
21.411543
30.294285
25.07654
29.179735
27.502853
27.655947
33.47309
21.161434
27.226213
28.070879
40.007343
20.495504
38.10059
29.978853
38.27405
31.35432
16.480806
33.49161
26.753149
27.71011
16.579659
32.68606
21.527372
18.167124
27.60664
32.702633
30.798418
15.903237
37.477467
27.992144
22.156784
15.166802
16.31612
25.650198
32.109253
30.401588
39.801258
17.936325
26.979317
24.262081
29.301329
28.795816
30.969687
20.533346
30.697958
18.48538
36.91228
21.284147
22.814558
36.249466
26.030046
20.45894
37.447372
15.402272
28.896172
36.55381
22.138618
38.141228
16.700129
27.023424
26.036543
38.950844
39.916348
30.630424
24.45473
19.55163
38.520054
39.07577
37.073128
37.006893
34.006264
19.937872
16.115808
25.82102
38.641598
27.200384
16.295555
38.645935
25.615086
29.462955
39.832966
22.558287
29.052788
25.30618
19.437809
40.777943
29.222504
28.221472
19.783014
39.16922
25.67863
22.0185
21.70663
18.899408
35.583546
35.687313
21.14483
25.224844
15.990727
38.31921
24.628962
27.533041
39.4862
21.87988
15.072332
25.49004
22.258608
30.380276
15.527441
24.425373
20.40469
36.305145
20.611944
37.932735
22.075628
17.036121
17.38177
21.072632
17.93117
19.445654
19.57231
17.534025
40.292187
31.840117
31.333742
24.64516
34.368683
30.994797
34.854103
27.219477
30.98912
26.150461
18.59378
22.880714
23.36819
23.530657
15.247731
23.731997
32.624073
38.190815
23.006752
36.01695
21.992474
38.824745
34.206734
20.766508
19.983633
39.530968
22.03492
32.333393
22.089737
20.48092
16.604725
26.186808
27.074097
20.932858
36.415813
30.373241
15.359704
29.09986
33.983643
40.644867
29.583622
28.007269
21.252829
15.415263
28.995047
40.6643
31.301172
21.422922
18.048609
19.626518
29.796398
32.266144
27.280926
23.340464
38.685093
33.818665
23.357124
26.538406
29.673508
16.94358
29.035492
32.390926
30.20243
38.8938
18.722168
28.126808
31.823404
28.320438
17.27413
17.394218
28.15117
20.906376
18.757605
37.76416
28.89728
39.300262
29.980272
30.46653
17.882374
20.247086
26.789564
35.70119
26.37977
39.5945
21.365595
22.680798
24.660498
34.19995
34.036137
18.93919
40.19006
38.671696
25.502401
34.37849
34.569744
40.347633
20.788149
28.03014
19.020409
31.949003
16.711027
31.569407
19.974226
39.941723
20.223879
17.250006
20.169937
25.796343
37.58503
25.114786
24.539804
25.058313
25.990463
39.090508
38.131443
15.423447
28.037045
23.889086
35.325356
39.859142
25.18487
24.514713
35.689083
24.220198
17.248058
29.615683
25.951332
18.778666
28.867199
32.921688
31.784754
33.620495
20.902948
27.571846
15.353378
26.957317
30.739145
32.265614
28.91094
29.06001
32.59508
37.858288
19.128885
26.741327
39.120457
18.274609
37.28787
30.098124
36.782814
38.4286
36.984203
16.56936
21.856146
40.214592
17.58277
31.274353
29.180635
19.573889
18.290419
17.066313
26.287327
19.143526
38.429104
20.769592
36.967896
20.057924
40.25543
35.664574
40.918457
31.101309
15.503465
16.442486
33.697754
27.598116
29.720192
17.57307
29.91378
18.180647
17.41809
39.31121
40.28935
22.887619
30.086906
31.414402
32.05585
28.924238
24.186708
29.051043
33.985844
36.853905
19.386988
34.350376
40.298862
15.993544
32.521557
24.577938
21.66126
19.349081
33.996613
24.016249
34.549656
19.55449
30.719427
29.288527
16.358875
25.96729
33.007664
39.084026
26.80921
37.325394
22.394453
27.026768
26.443983
40.184505
36.761868
22.775066
36.307404
32.732445
24.815569
23.347607
17.253876
28.516
39.555984
38.14236
22.763884
19.118029
26.106365
19.147953
19.627798
26.886875
35.025803
30.442774
20.407839
34.447227
22.065186
38.235256
20.199745
36.91086
31.216799
28.419563
19.889503
35.457798
25.86328
24.904036
28.836874
37.27279
16.849226
18.815489
35.716194
32.698956
28.378826
32.09066
23.10637
31.910011
28.785511
34.936817
23.345697
40.404243
23.424618
35.176674
22.153557
37.188072
35.20771
18.588568
18.56981
19.643837
36.62725
39.01099
28.874077
20.765959
31.512865
35.20125
20.32087
25.70158
25.215605
34.2213
27.762957
19.346237
24.434067
24.469463
28.53405
23.122051
16.476446
15.384932
24.323359
19.005402
28.395046
17.32267
31.198275
34.373
27.134953
20.129576
40.417847
20.299719
22.606089
40.54838
27.22853
20.568457
40.417973
24.734072
38.444958
40.841904
31.909098
28.88818
22.292408
17.197794
38.057854
32.299683
39.7239
22.543943
32.87962
18.926777
19.223677
40.306118
38.994602
20.062078
32.97022
33.221355
17.193636
21.594526
31.155708
39.07125
25.034267
16.9144
29.24519
40.754215
30.76694
16.60362
22.007566
21.222626
30.22127
16.71169
28.261793
26.500265
39.674904
24.638319
23.455568
16.24742
27.182558
37.427006
31.430061
15.155396
26.360456
37.61953
34.023117
15.82924
30.201366
18.729528
35.524628
20.75685
24.1381
35.86403
40.421665
37.464645
35.278408
37.05499
25.357267
19.02441
38.501717
15.458662
39.775555
21.702854
21.938303
23.738712
16.337273
36.734943
18.244062
33.669815
25.8636
33.95393
40.039062
24.281588
22.30244
39.325558
19.895708
26.708466
39.010212
26.310759
21.342422
15.319299
38.503513
32.420727
39.491234
18.671164
21.758846
33.330124
28.10288
18.365108
32.124878
19.478655
32.170517
20.977201
34.960644
18.218218
19.433199
33.896515
17.224308
36.25225
22.62294
20.122332
17.411015
22.365881
16.704212
27.856094
37.474625
21.259953
33.88225
16.06931
20.667036
29.67887
21.736763
27.13683
16.590021
15.961785
36.48001
28.095606
37.17843
29.648493
36.043556
23.122274
40.81989
24.835905
22.46531
17.41857
28.364954
15.607923
15.878743
38.85181
32.392998
16.050983
29.298677
20.418379
37.77302
25.119474
20.353073
19.881353
15.294754
29.929728
23.127932
38.779083
20.944368
23.938185
36.3724
21.40981
23.26044
30.898846
25.453796
19.368034
18.12953
39.497
36.657368
26.741585
32.3672
29.120779
15.693105
29.17406
28.47903
20.358887
27.602093
38.655468
21.107578
16.502508
32.6474
35.124638
16.845005
22.581148
32.22962
25.750189
33.32746
22.276747
20.38474
31.102434
22.826132
30.437326
38.002052
40.337
21.911184
27.850838
36.542534
38.981464
36.18865
25.441925
23.743017
24.949549
37.596672
33.118652
17.559187
37.00326
37.29629
40.12332
30.430466
27.041351
33.80337
26.930838
17.842424
31.313295
35.68195
17.49015
39.117466
39.94125
20.855833
36.918663
26.382046
24.977974
24.393856
31.636486
23.738869
20.637081
35.485725
24.36687
30.814957
35.302578
34.24913
27.431128
33.061676
17.45791
21.995102
20.330727
17.4503
30.770391
36.62749
37.736305
32.536858
35.225147
39.96374
21.6927
18.262457
29.423359
21.937918
23.10112
23.310514
25.942835
23.883368
30.353998
36.35977
35.0046
15.391124
19.375023
26.152115
35.597446
16.601562
27.256319
25.936794
39.683052
32.210613
37.18666
18.557688
24.137478
36.95817
17.429106
31.21786
16.680605
32.915157
21.733362
23.785738
26.203184
22.497051
28.757627
23.399797
40.621998
23.805489
31.826656
37.08372
26.676722
34.635918
31.66721
21.101622
29.927816
38.28803
23.639029
26.862888
23.623062
36.17716
39.41889
20.328972
16.070877
27.168482
35.097324
21.07928
29.691956
39.542397
31.211882
20.46115
31.016342
30.548061
39.368046
35.57875
29.551268
26.61361
22.788036
23.268541
36.66587
22.455215
16.37991
23.663765
21.421995
35.56364
17.733788
18.468264
40.62608
21.845629
17.828907
32.639812
17.285286
36.558903
21.174725
27.825806
29.1217
30.103321
33.611256
31.599257
38.83177
30.717073
18.058205
26.310528
30.373652
37.675655
20.129513
25.200428
22.723509
33.202625
32.71929
33.31279
30.262438
36.97508
15.4171505
34.69975
23.238876
23.842974
28.925322
23.43055
40.597115
37.180393
38.526955
27.994741
40.870686
33.148067
40.09444
40.833225
28.810144
31.07037
23.128508
16.935705
33.947895
18.116253
15.883372
23.710634
22.398512
26.52254
15.760094
26.663877
26.851149
20.70917
21.839796
21.81484
31.931313
27.80994
17.680351
38.233917
26.89255
16.37856
31.314579
40.602707
40.944233
40.32866
25.764944
38.278473
40.429882
36.527756
37.32924
25.986958
31.541136
22.888975
28.393616
29.972696
17.285677
37.290672
22.593895
16.203585
21.023165
30.20291
30.772888
22.056501
27.041388
33.511112
34.371067
25.803402
39.365574
40.700993
34.63976
19.172352
15.276993
35.305218
19.380583
39.275543
35.862686
37.31109
33.79169
17.276434
28.326365
33.089848
16.44097
30.310738
21.761238
31.332043
15.388189
40.381
33.61868
23.459715
37.04258
33.212185
34.202446
38.035004
15.469329
27.385689
29.176212
22.796091
36.547813
39.461792
33.293095
19.12522
23.636488
34.255676
24.3388
21.989895
21.213697
18.949652
32.625977
21.69712
32.340637
27.304403
26.285328
24.161972
30.732222
33.874516
16.06997
21.815493
38.72348
31.838766
17.422497
27.76337
28.483614
29.82312
32.150105
27.355568
21.456764
28.924522
19.211231
31.938452
24.198008
39.03614
31.837877
39.23484
25.525078
39.529755
32.50102
17.533606
32.2207
29.36862
36.072186
22.669415
26.397436
35.804195
40.942493
19.634436
21.076382
16.952656
29.831148
20.587708
31.532967
27.752254
36.548576
24.014183
16.527632
27.070171
26.075142
27.834297
25.666039
30.057484
32.97449
24.376213
32.82298
40.24359
21.38138
31.296764
22.816086
36.316402
38.586967
37.773403
33.329853
15.052222
39.590313
29.588318
26.467514
30.439383
19.892946
38.0872
24.247726
33.682133
24.2842
34.41899
17.864931
19.476513
22.398066
33.949196
27.5968
24.717411
23.41813
36.288296
20.869064
26.626156
24.465313
29.988012
24.177479
32.180515
23.923838
27.632055
38.31866
15.684085
16.244074
32.784325
15.695994
30.329628
22.60659
27.056305
25.343668
36.690983
22.23995
35.41682
23.751501
32.220753
16.155504
28.791023
19.575031
31.036097
26.595627
24.981922
31.879898
24.542406
15.587548
15.996532
34.69641
40.774918
26.65312
37.97006
39.349754
21.730692
40.9456
27.055368
32.283123
39.418625
30.867691
34.881336
37.905613
18.872606
32.57082
36.482445
33.37363
37.953167
31.64379
21.963402
15.153988
19.40534
37.76971
16.586304
21.718891
34.345764
16.16327
22.454283
16.787386
34.119427
24.196104
32.514286
25.15487
31.29666
32.77626
26.213089
20.341646
32.473537
29.76845
21.814415
40.043533
15.493892
25.02494
27.121305
29.68192
15.728726
39.4427
34.146843
16.227648
32.128967
35.87059
30.137548
25.912596
23.909943
25.661076
23.277615
22.444664
26.931189
39.19418
20.388567
40.906498
25.102646
23.797064
31.987598
16.645042
18.478483
40.140842
23.179321
28.14865
32.092297
16.416946
31.029408
30.160292
26.042526
26.378527
26.304932
18.08993
17.85456
30.67815
31.7651
21.166069
16.725975
34.84115
36.547325
37.705925
39.90404
27.68478
32.617466
37.385624
38.149643
33.02654
28.739382
34.456303
28.009336
27.120584
15.967739
34.478912
33.4474
22.41956
20.279406
25.339996
22.282234
32.97973
36.632523
29.062687
37.82663
24.110575
16.47872
22.241543
17.148891
34.71564
33.55276
23.806911
32.452053
29.179752
20.625208
19.263863
29.210756
26.628267
16.827559
32.55274
37.910725
28.91737
23.14561
22.242798
25.503086
20.810038
40.725647
19.897425
22.016033
38.450512
20.749376
29.138739
31.158863
35.470875
29.80734
18.191502
35.208458
33.84645
18.936916
32.50062
39.98591
20.962528
25.789772
15.393447
31.311014
15.263032
29.755033
17.697643
33.96503
30.322565
25.288227
19.727236
33.89705
25.216345
31.182358
15.113977
34.17699
37.658337
15.066389
37.588074
15.02833
35.53605
17.027609
37.001816
34.166126
36.1912
37.928314
19.641575
29.621159
39.0786
38.723476
22.188059
37.24842
40.28137
24.88493
18.561773
37.19836
38.76876
16.898952
22.329937
35.771862
38.25362
19.727894
28.35321
19.284946
23.039629
17.112913
37.914913
36.83687
27.344265
24.643608
21.702461
19.205257
23.241581
26.631771
36.700153
37.484608
34.589603
28.00021
32.304382
23.539433
17.090363
17.634007
17.786877
40.861042
33.976254
27.940342
31.6084
26.996956
20.724695
22.724384
17.024927
29.364477
40.67362
27.912535
31.930172
30.965174
16.4437
33.14069
33.942833
25.284445
19.668814
38.773983
22.373896
18.49051
19.694426
30.535776
22.898708
37.93974
32.624397
24.597565
26.510618
32.95026
23.379808
27.717724
19.647282
40.82342
39.279152
21.81587
31.257824
26.172745
32.05741
26.230974
39.018387
24.762556
24.212318
17.835115
36.90564
32.26362
15.099184
39.161198
35.902203
23.600573
34.291496
39.75168
16.734955
33.896206
30.382616
22.046734
20.236586
15.410002
30.624615
26.30414
23.172771
38.323612
22.58357
29.279406
33.19176
24.743422
37.33621
24.693594
33.930103
28.870447
28.641119
35.87754
36.247753
29.930428
35.988377
38.405056
22.067717
36.16199
21.46467
15.013975
31.359797
39.928432
22.966686
28.662794
38.43507
33.8486
33.453743
36.181908
34.90708
35.735115
29.65137
32.652374
23.427704
20.083126
37.90066
25.38135
28.620148
23.870329
15.694098
30.14225
33.508434
28.509272
34.846493
31.209026
17.182215
39.935265
20.220676
28.637674
40.437668
27.018547
40.460552
27.234556
16.699778
24.756725
26.279932
37.699825
27.658112
33.033768
23.513783
29.545668
38.73779
22.124268
40.35915
25.562841
22.77923
26.576832
21.016312
40.845314
37.114708
35.628067
37.286343
35.6817
23.606749
28.878607
21.58951
40.98346
25.152779
32.60531
25.339663
23.343657
15.662498
18.788767
17.642853
16.306417
31.578783
17.70289
24.884308
18.976109
25.639946
15.743345
35.925915
26.706438
37.770657
27.064291
20.35718
35.283688
31.740688
40.547848
40.52579
29.754478
19.545216
30.648388
29.919634
25.847376
26.33726
35.733738
24.880268
19.798908
15.182358
22.688047
27.598654
27.318485
38.90753
15.7460785
17.877048
32.412937
17.880991
40.796295
31.236721
25.840282
37.68604
21.72019
21.60936
39.073654
17.342075
16.727884
26.070717
30.830103
24.977528
34.105083
34.85824
23.455408
27.674028
18.304077
24.26018
39.754734
23.578066
28.891533
36.871815
17.220415
23.315844
18.508434
21.185188
26.031916
22.248985
31.702547
20.511898
35.689342
23.173208
24.261444
31.834246
36.69074
32.689014
30.504108
40.338203
16.274715
23.662958
25.88181
33.102406
24.923767
26.949884
30.193943
39.700497
25.059982
33.861168
40.74216
34.32001
37.163708
24.74072
18.826162
33.40898
15.406974
30.450188
37.127087
36.832344
28.817415
34.566555
37.729588
33.05328
40.97466
20.659943
24.801188
39.95046
19.290064
27.146252
34.277557
18.540228
38.031944
17.898813
33.29509
23.093582
29.4323
22.055157
40.567024
31.920923
40.44737
27.269398
17.41711
22.443325
31.043161
37.037807
31.764791
34.07721
33.23847
40.664474
21.99849
36.930058
40.56162
19.935987
20.378666
29.338
35.06368
21.638485
34.379913
24.87176
27.579514
19.677435
39.211338
33.595737
18.539528
22.749828
25.647219
25.085629
17.30872
27.270582
36.254826
39.993244
37.76596
38.569305
38.124035
26.792807
18.635345
16.250526
23.283289
38.751366
28.942629
36.05001
27.129198
25.136475
39.89379
16.521656
20.401995
24.207645
30.458902
38.453983
29.506756
29.633698
18.993446
36.042164
21.31031
32.63638
15.340478
15.530938
15.936367
33.38128
21.03089
15.295821
28.53646
26.920355
17.435352
15.144371
38.531895
35.335957
23.020346
31.996262
32.401924
22.644594
17.221989
16.040388
17.736042
32.489254
15.875261
17.96915
21.973246
24.682392
21.622488
27.954527
27.018805
35.25731
16.273788
24.65751
18.759087
25.843988
24.703583
35.751915
16.387575
35.905956
29.54098
26.19553
26.410337
39.65817
36.648266
40.796055
28.216703
22.331423
37.18054
23.496162
30.181082
15.857124
36.88083
17.24157
15.404329
32.01692
37.188896
23.29784
30.408247
39.634842
25.728212
23.446213
16.364296
39.48544
15.784479
18.6156
22.767738
26.249403
17.500362
39.197437
17.860964
23.069101
21.684912
25.54194
26.564877
27.039442
32.372517
15.948869
39.194725
17.315327
26.565042
29.842731
34.816948
33.42511
20.952145
35.761974
15.746043
15.850158
15.828544
15.293467
26.38569
17.963852
25.913425
39.14824
28.385824
38.019062
32.32593
18.201199
30.917501
22.031296
33.58202
18.507174
27.759937
29.125498
32.151817
29.057444
35.849216
28.197584
40.852974
20.355461
28.955687
24.58759
16.154177
36.76739
25.237232
37.869453
37.324585
34.042538
16.558056
26.833181
23.288479
23.40071
30.667831
27.26836
25.030998
33.14797
28.603544
38.253628
20.449482
35.90928
29.006477
33.315006
22.656387
26.25586
36.43938
24.036606
15.913491
25.757154
22.243904
29.490513
33.6135
32.301685
23.995966
27.198263
28.023907
37.908062
17.196852
38.244625
15.8694105
32.186813
26.48032
40.63503
15.252874
37.11577
19.321196
23.021208
27.901276
32.85602
24.998367
27.515375
36.27184
17.962612
31.395332
19.471354
29.664894
22.533375
16.113869
19.83188
31.16384
37.591503
28.331615
35.92446
19.95891
18.311695
35.851818
23.433859
25.410303
24.57675
15.8736515
39.68752
28.067453
23.791029
28.154083
36.36091
30.785238
29.878948
27.437273
40.24298
30.064035
32.961346
26.295176
25.797668
15.789547
32.32933
23.85301
26.915491
22.659513
15.024817
30.26587
27.470112
38.758335
29.588812
31.267843
19.077816
25.97693
29.352995
35.63255
17.80367
19.273987
34.02712
26.964096
25.466244
27.136059
28.274176
25.880081
21.663517
34.01787
15.467228
25.353237
27.675823
39.030434
29.886286
32.74602
40.997314
27.693426
21.240517
16.902424
31.40571
39.179703
23.590591
37.55394
20.20074
20.153473
34.497864
17.251606
27.524942
28.04014
17.541548
39.053745
18.526108
25.364597
22.222063
22.278978
23.528978
36.656048
19.708084
21.776747
38.35438
22.341331
32.88684
35.37263
26.457281
24.03496
36.741676
33.41332
30.650908
38.683033
28.207779
27.666172
20.84228
27.129381
25.346478
40.220936
33.4252
23.846228
23.930485
36.49615
17.760015
22.807932
23.346832
15.970466
15.515025
27.785227
29.101297
15.839119
23.552792
33.698666
18.147505
24.438414
18.515163
37.093864
33.765858
20.986082
17.294113
28.2874
26.78192
35.953064
26.171143
23.28112
15.54083
16.212225
32.56627
30.15386
36.243713
31.00222
37.05823
36.31349
20.00413
30.699661
29.620844
25.728464
31.29693
40.410442
16.866043
27.05689
38.348927
16.471073
30.492466
20.452536
31.460184
38.093513
37.109016
24.750875
36.246758
16.592001
34.13613
27.724775
39.36005
24.89803
29.583149
28.148073
26.36506
36.399643
15.158386
15.51681
17.149069
24.53385
22.38922
15.451546
31.484453
31.015951
30.2127
24.040613
40.18361
31.107286
39.842884
16.682968
25.661024
38.902832
20.629333
24.350609
29.656939
32.262787
25.091894
16.614382
25.37901
29.717283
24.350029
30.263302
32.382824
30.440968
20.760822
34.896378
15.139125
29.224276
34.737793
20.47721
20.424934
17.260792
17.443518
34.5155
22.427887
24.525173
24.332146
40.275925
35.767384
18.533691
30.36369
18.21366
39.513214
17.35952
34.1201
26.697126
29.721743
21.917477
35.02388
29.002449
16.011654
27.738014
27.3932
25.550346
27.265797
21.717817
23.163143
37.405067
22.672512
38.66446
19.760942
19.166294
31.009382
31.845125
30.843777
16.558744
17.32422
35.20452
15.390869
20.260569
21.98261
28.43464
22.98737
18.810442
28.42825
37.659115
40.045666
27.794565
30.941795
24.137545
19.180521
21.938667
18.185879
35.100174
21.987574
19.216375
26.388393
40.5909
20.070515
21.634176
19.643127
18.026722
32.3204
29.96452
21.99626
38.074238
28.171272
21.372421
30.739178
29.39894
24.8395
39.6173
32.64256
23.8606
21.399904
19.310522
38.743584
29.808126
15.959974
40.57059
34.737606
21.269863
30.16416
20.341583
35.02759
29.040339
39.79344
21.626907
15.048994
29.93213
33.321087
29.939192
16.614872
32.791492
25.94368
21.378504
16.715261
36.269035
18.827238
18.92486
29.456999
35.79181
40.09145
22.76739
19.644491
35.70073
15.400691
36.791283
28.878956
39.097324
33.938816
38.705017
18.993078
34.58642
38.015247
33.71417
15.140001
23.806381
25.583288
17.134468
21.920012
32.40622
26.547087
23.88551
24.555216
27.958803
25.892065
32.417988
27.312006
17.192144
19.394186
33.301033
31.123014
37.87567
20.946726
40.43261
33.67474
39.716084
30.388865
35.634747
28.103966
35.697426
15.128672
15.256748
22.885565
22.442526
39.823692
34.33327
19.496206
31.378178
15.915611
17.83055
30.002968
31.753862
22.911137
39.562885
21.852783
17.893978
29.95944
39.472786
25.828115
32.45611
23.49724
33.142017
27.386225
28.922913
16.51578
15.637152
21.413782
22.07282
27.349627
21.092014
15.805652
16.754799
36.795536
21.790745
30.215973
18.935017
19.840164
19.939049
30.831753
28.688313
38.30876
19.797548
24.083569
34.57497
21.342598
37.39989
31.83492
22.673359
19.771116
37.68974
25.781298
37.431606
30.165462
36.584435
17.541874
21.456488
28.643312
34.20961
19.241325
25.375387
17.340576
35.34774
15.256071
36.98717
21.87375
32.004967
15.238828
19.060452
20.087446
30.924458
29.537235
35.342773
16.914755
17.860733
18.68679
28.611843
23.27389
18.478363
24.78529
36.92999
30.582668
24.849665
40.24541
26.655632
26.69318
40.699917
22.67404
37.2206
37.832123
37.78492
15.441381
19.199745
26.478031
30.08456
37.879875
37.779335
33.01482
19.857334
20.992353
26.373323
35.471745
18.024672
24.050852
15.841664
22.693121
26.840193
40.531948
25.532396
39.876816
17.34786
34.46143
31.19933
19.578747
17.74432
20.430567
19.739721
30.001314
35.43455
28.298199
25.651424
35.666916
17.306307
26.907343
37.12656
15.423367
31.547565
34.021893
20.778843
27.136253
18.192673
36.12855
29.144257
19.394032
28.506554
35.751003
22.299902
36.084713
31.302784
39.48778
32.21335
27.798899
23.34011
21.112347
37.764954
26.671919
23.053343
34.763176
27.77814
30.498713
24.048346
37.50381
22.847797
37.738155
31.02725
26.347061
34.27441
39.36933
26.108738
32.214695
19.991714
32.470387
27.869673
34.24328
35.018208
25.861357
34.85811
38.348854
31.66792
28.185547
19.814095
40.02753
28.523436
39.399704
38.383472
26.996082
35.00425
29.801495
40.72121
38.46606
26.25609
20.44347
24.054659
26.596899
31.041925
25.065868
21.013432
31.987932
37.33298
24.52639
34.33142
24.94619
28.378141
20.113205
37.387836
19.706322
34.17268
20.098194
29.977924
33.780926
23.452374
22.420622
25.690388
39.184013
29.6066
15.487165
37.317383
26.397303
20.234138
40.73235
21.834196
39.638496
38.457924
28.80426
22.659678
37.24262
34.570087
22.023483
26.144688
21.781967
15.096281
19.109037
35.53476
16.927198
34.94819
16.073187
23.014444
27.991488
20.975918
33.657753
24.86464
30.60166
37.936844
32.717754
18.25056
15.004696
24.665209
26.553923
38.706806
16.144867
37.05676
25.353764
40.997314
37.836327
17.375326
32.621666
16.701853
15.107847
22.343344
24.76166
37.616962
36.110867
15.495835
34.822132
28.858158
27.859018
16.357494
37.82011
33.411488
28.506662
22.145103
40.033318
26.80639
28.876009
32.90254
34.181408
34.568096
19.506792
26.243252
26.513641
26.1567
34.629414
27.205175
38.47823
33.21128
21.152016
20.115534
30.869509
33.091366
19.003754
16.818226
40.13212
16.944265
26.991114
23.133896
24.847223
22.825733
23.701014
39.002983
37.333904
20.762642
15.923905
27.404577
18.76957
24.07026
37.57201
32.84899
18.26651
31.723015
18.132317
22.00954
28.937342
32.126457
31.32093
26.889088
27.140308
31.249462
21.794735
24.809536
20.816162
25.749567
20.528383
31.46745
27.111456
24.460615
25.779034
31.316633
24.328888
31.410767
36.438194
29.618551
32.653458
16.400204
30.009525
30.644026
26.073921
29.091736
20.453352
24.71478
28.452295
31.55383
21.70318
37.040913
29.789728
20.244362
28.78634
31.64053
30.395432
19.534828
22.17044
40.02027
32.885902
39.048443
22.209229
34.750614
26.724995
16.322006
31.375889
16.587357
37.361046
24.600163
30.348791
20.370794
37.925453
26.932055
25.954147
25.576696
37.927837
24.164164
30.471977
16.098207
20.416119
37.909492
16.876265
20.60544
40.665524
34.122044
31.207073
23.65957
21.618746
28.51691
23.461954
38.65084
16.020218
39.750065
26.145815
24.584917
38.470592
38.008347
34.932945
23.7597
34.473297
15.45889
34.771828
36.454685
25.953209
40.86861
37.2028
33.897587
33.69817
17.628199
38.66064
21.978022
40.7073
38.401363
33.09849
25.445625
24.52578
40.668934
17.396646
31.660023
17.303932
27.548746
16.709036
28.352695
15.53915
15.446033
35.15227
31.31583
33.242474
34.32542
25.056557
23.450838
34.61724
23.694447
23.374708
16.189299
27.245483
15.749776
32.785004
35.94166
34.248474
28.561258
29.525492
31.934113
21.92093
38.655144
34.06191
29.56161
19.934229
39.906708
18.318243
15.21514
36.36204
32.263844
38.388466
24.43386
19.502613
27.496944
34.399914
23.187834
24.75507
29.906847
25.513237
36.114677
37.65281
19.721308
33.92079
23.613495
27.56532
27.771894
15.144819
37.842045
16.550352
25.966976
24.938654
35.868217
26.371729
25.062843
23.658773
24.494375
37.793594
25.283752
19.102295
15.603324
39.920315
36.45312
24.494123
29.267118
19.571726
36.471836
31.559822
26.3151
17.46683
30.216017
35.434746
28.575075
15.334605
31.22538
34.536976
25.581638
27.978868
37.9147
20.470957
15.188236
16.794777
30.464657
36.53081
30.22462
28.267841
38.03473
28.436619
32.108948
16.58193
28.489607
23.56405
27.153826
33.62102
28.44187
35.117065
18.198225
26.370138
20.087639
25.445417
17.152203
39.00406
33.048054
28.023163
25.059027
38.79821
22.228455
30.481253
39.3593
33.404217
28.568285
21.526836
19.1843
32.00341
40.478725
24.583765
30.710861
40.38469
17.751282
34.553333
23.877596
18.088932
40.769424
21.221159
31.092451
20.420277
39.96671
17.52559
35.954105
39.345364
19.648636
33.155037
29.464819
23.084751
20.531778
33.755962
16.729877
22.546526
38.652657
21.410324
26.718939
21.66022
16.660027
18.98067
29.307072
32.139942
16.928183
19.423037
39.518433
39.23879
20.415136
35.232254
28.663042
39.652287
18.738419
38.81125
35.887257
37.88687
19.552532
17.745346
39.551064
23.130098
36.985912
19.714527
33.800434
36.9424
35.63164
22.0911
33.720524
20.9361
22.384903
17.147144
28.53564
23.015316
21.281567
35.235546
20.46437
30.721415
30.416058
15.31043
19.043484
26.761581
25.00305
32.71722
39.00166
40.89399
26.696327
16.30951
20.094267
20.001112
24.389456
34.63938
33.70298
20.403559
15.896804
16.219795
31.45904
21.249855
31.149689
23.672085
15.666617
37.163456
21.841356
33.94852
19.88279
24.236374
37.81575
36.759495
36.65319
31.929546
24.918863
26.836615
28.10753
20.473259
32.51785
20.727674
27.886673
28.956665
21.441847
27.446255
37.70316
29.45363
28.70979
36.488228
30.729517
37.252808
38.084362
36.479416
24.963848
30.54311
37.227516
25.033052
26.739765
20.751413
19.031876
19.272684
31.627789
35.13751
18.56358
18.915577
37.117916
36.222073
29.976044
21.813702
26.67815
24.156595
15.740385
25.413729
24.051376
20.239918
33.58711
38.72452
17.982988
28.444227
24.664974
36.069992
16.964321
39.034073
31.59679
26.157185
21.031979
38.14517
23.348215
25.803858
35.180737
27.535427
23.124466
17.04686
18.527758
31.628908
15.871173
19.291962
35.008503
26.444057
15.3794365
16.667828
25.089687
31.030775
31.48148
22.811241
37.752316
34.636635
17.37211
38.93763
39.827866
19.980692
25.702538
16.240425
29.663225
30.734095
31.766916
26.414715
40.045177
33.58986
26.838333
24.41514
37.33266
22.149906
40.50974
27.434864
19.825235
35.26567
19.75671
33.531994
34.538715
38.43923
38.362713
22.331724
31.76396
33.425217
27.333889
18.796904
19.052507
18.269325
18.979187
19.186775
40.602676
39.677635
24.443054
18.012993
32.412457
39.831432
32.65163
32.05401
28.020512
22.545649
27.86982
36.303406
32.17424
25.014545
25.365358
29.104662
40.343887
17.296623
36.037395
15.66429
26.644293
30.161325
33.290848
22.637302
33.430958
38.953407
18.92425
31.543306
30.604635
32.726456
39.34745
37.398594
25.48879
24.055307
35.05709
27.13897
31.036835
27.657803
26.971342
38.16003
35.08107
33.239494
38.961983
40.616108
28.352942
31.820658
18.720503
33.995956
16.084198
17.213158
40.956398
40.932796
17.141184
17.285381
23.849558
37.20823
33.849552
15.186728
39.66503
28.474033
36.934254
34.798763
33.487255
29.342754
23.329746
23.338448
38.142166
23.187504
40.007977
15.259416
26.54944
15.243291
36.426674
25.380657
18.983446
37.41672
31.718206
17.517494
34.02031
18.587772
20.319187
33.798054
20.30982
33.126884
35.383728
33.319096
29.734756
34.852505
21.028189
22.828274
19.00649
25.718723
38.22299
26.715597
20.294632
16.14952
22.976965
30.755087
36.099693
35.1257
29.352497
33.758286
37.251736
20.882425
19.804577
39.584534
27.654097
33.38982
39.354652
24.798578
27.190329
17.666016
34.19011
26.67431
15.073637
18.411413
19.422867
18.214142
31.842016
35.45504
18.9456
17.3867
31.188635
38.068157
28.591751
30.881237
16.865767
32.327343
20.135454
26.335394
37.01195
21.398705
34.06022
29.213575
40.42592
31.866766
27.480167
15.296487
22.547035
34.046165
40.115276
25.08803
29.200985
16.59107
35.80215
28.353968
17.530655
21.656826
19.66435
25.477499
21.956017
36.37024
15.771506
21.35003
30.493158
35.429337
38.883926
19.111227
31.311434
34.280434
18.709509
27.210495
19.01902
16.509768
35.99237
33.98291
32.841022
16.838932
22.707668
31.215666
26.59054
16.42777
21.654661
20.026897
25.132017
32.06537
17.820139
28.786945
29.897469
21.269213
19.026936
19.782776
32.939995
23.314573
28.587315
16.859503
34.995403
35.78056
29.94859
30.368698
36.071457
23.326336
38.64841
40.411304
31.19574
24.100338
34.289783
32.58372
21.126856
15.43739
22.700848
32.21884
16.070011
38.31298
35.962166
19.459482
21.736948
17.400965
37.56424
22.409863
25.451406
40.520393
19.60059
19.081547
19.425203
39.759155
18.606827
26.88338
30.816315
22.626497
26.423695
35.000706
25.729158
19.21351
26.292143
22.16735
40.92867
20.530128
18.281115
16.054556
22.713469
15.939051
30.103718
30.784239
23.129925
15.921565
37.395145
25.91967
17.507519
34.28712
39.605667
35.694866
20.157488
37.378
31.804695
35.21468
31.000357
28.822332
20.896942
20.890797
38.87439
24.953272
23.019293
39.474552
29.325823
40.138916
31.217077
25.705612
21.793026
16.957203
24.891024
16.816425
21.27061
21.40183
22.961239
28.915352
36.77579
28.119774
39.212147
25.617258
31.238157
15.057886
22.862385
31.198465
20.795382
34.83554
18.04625
21.02365
27.901093
19.662243
20.598352
35.02557
32.137634
21.683544
27.300724
15.614106
25.175133
37.265583
25.581688
17.549334
21.929659
23.918053
20.548397
20.034115
32.64717
18.307245
29.190018
24.56478
40.376095
29.125437
16.606108
37.924282
33.090424
25.459661
32.194805
26.110353
31.586346
23.742504
24.878077
31.961887
15.199419
34.369415
17.646261
38.78004
15.375519
34.631577
30.97183
18.33615
18.177637
17.740189
15.972254
38.316864
30.921986
22.407663
23.59454
37.477524
21.310637
29.702972
25.54902
24.558058
29.664276
35.713028
24.237566
15.361343
38.157467
39.918797
26.5015
35.30224
15.320191
28.134409
35.657017
30.206095
27.49317
27.35933
19.991072
16.16889
33.41092
19.958317
39.658146
23.886692
19.635197
18.21064
31.748558
32.02048
35.172947
19.459616
25.191387
31.882994
31.286554
18.845446
25.110268
38.01748
37.240643
34.918743
34.267864
36.08394
24.528477
35.309155
39.314888
20.87667
16.982237
21.0629
37.702145
33.26758
16.095459
39.265007
17.319094
27.40298
29.872078
26.126492
31.190113
34.577297
33.56544
32.843647
15.889597
19.86521
27.781971
32.22614
20.729698
29.814621
37.597965
33.34242
15.229537
24.285927
33.574364
28.24559
40.892338
34.868793
39.85313
39.219692
33.896965
30.215872
33.88025
28.925821
17.95296
35.10357
28.72413
19.329584
39.273254
17.063175
24.444567
20.355656
24.386278
34.021427
23.516218
25.842316
34.339275
20.547676
24.921911
26.558207
21.737263
33.025608
38.20488
17.795547
32.017075
29.350698
16.505392
30.368458
15.373544
34.600174
28.40606
28.72204
24.834972
28.530563
22.271414
34.297295
17.127592
37.728558
31.691214
18.29889
38.173794
18.774164
36.62322
33.577293
24.336496
26.870752
15.880048
28.4637
23.852112
29.054905
36.71601
18.085608
22.287111
40.319572
22.443712
22.942978
33.308292
16.76734
29.246437
22.339191
23.574442
20.256239
28.651289
17.638084
24.137135
23.908792
40.48927
15.2577915
34.38102
37.325634
24.592375
23.81402
38.238968
28.378302
15.964104
25.889893
26.185135
33.051487
27.70858
34.536404
40.33895
27.963171
18.614857
23.797022
23.905706
23.911888
23.966745
31.301912
38.134464
17.083466
28.884909
15.29168
37.991604
27.395346
39.3067
20.307539
19.828337
16.864761
34.57068
17.224224
16.463243
16.857782
31.496374
36.30393
31.30575
39.609425
38.83646
18.514008
25.414274
36.500717
27.02704
32.478146
19.71265
31.236813
37.273315
20.120108
40.98115
16.291004
24.181578
23.311192
38.69345
23.762598
21.384869
16.646929
16.288422
29.142391
21.908485
21.855526
39.04584
34.387653
20.382767
23.280012
35.37752
23.179245
20.634514
21.377987
35.05055
34.266693
17.674664
24.247358
34.62692
18.40273
29.648687
17.813347
39.2338
30.527067
26.927513
37.501568
34.671402
21.579779
18.190577
23.97387
22.820372
25.607983
21.088995
28.818132
38.32831
37.675137
39.875584
32.96015
35.634987
40.490467
38.249886
39.005165
30.538548
16.646833
38.590096
24.718582
27.709892
30.8884
40.730175
36.419895
28.830187
22.925344
20.48927
38.190697
39.35641
25.9709
20.271765
27.487238
35.312447
37.3968
35.23034
25.999802
28.95834
19.686426
16.720522
28.41577
33.707897
30.210533
40.074158
21.12009
18.24489
35.258842
36.08056
27.806362
25.430672
39.23125
38.987865
33.47368
19.301136
35.925816
16.323498
24.34888
27.218529
21.45623
37.38147
36.900745
20.073635
37.489826
21.83554
22.30216
37.326538
31.217735
35.611134
23.44821
25.629139
30.752117
21.885199
29.952658
35.790245
37.491055
30.882027
30.422157
28.924152
30.399878
18.994442
34.74703
38.76609
25.128437
29.683481
26.149405
25.34318
27.41701
25.596117
39.29397
25.456917
17.339243
27.38936
40.89347
35.763447
18.588745
17.860415
40.93066
30.630377
27.23662
22.156364
25.870274
31.403944
33.17046
28.073244
26.049055
26.238047
30.77102
32.753136
21.808884
24.216557
31.290974
