45.483196
51.735264
48.7112
45.528473
41.675526
42.864956
47.551727
55.829945
35.490154
43.28542
53.36366
35.959877
50.282055
43.95037
46.652927
37.929432
41.049854
42.08603
44.205517
37.62458
47.517685
36.03895
48.74404
42.30025
46.287605
54.11919
44.12317
53.027973
52.9876
49.77521
50.719883
48.433952
53.372562
55.32089
43.97247
50.838863
43.148933
53.34974
44.601276
50.216496
36.888596
42.918095
42.904526
40.225105
46.773453
50.556267
36.664135
46.933582
39.06945
52.175568
53.619366
43.764008
44.16716
48.979214
44.170166
45.602707
42.745922
38.55629
51.95748
53.993916
55.119392
42.440525
41.23435
46.82336
41.102615
55.549484
44.48952
42.923344
49.804207
52.084763
40.61437
54.58675
35.59203
50.67002
55.014256
36.064148
36.106564
44.73137
41.457127
50.736465
55.60358
35.38323
46.124916
36.805035
52.096073
35.37298
40.287495
48.021484
46.73519
45.958927
49.254173
54.191917
49.62089
55.948666
55.7745
46.932934
46.765186
52.50867
46.85779
51.43145
38.244488
55.77111
39.060043
41.76602
44.67207
41.710003
37.6472
36.684177
44.997868
35.236496
50.685333
37.598515
36.299866
41.97176
49.031128
39.963703
38.669952
47.696117
40.400238
45.127186
39.51672
54.0442
55.17638
40.208294
35.60878
45.61857
41.3906
46.553677
46.96433
44.327965
37.348053
37.841305
42.256138
35.421417
41.708786
35.961082
46.74597
37.38571
50.439186
53.38683
40.88833
44.601284
39.942577
53.872787
36.650665
55.410362
38.85014
47.957016
41.285706
40.04125
41.40752
35.934856
46.761234
35.653877
53.127777
39.67743
37.30364
46.624428
50.39798
35.91344
43.54384
51.0704
54.024612
44.36684
48.567547
48.53273
35.281967
44.448605
55.766693
51.677784
49.888153
41.037914
54.7647
37.859566
37.47495
37.255943
48.8456
50.391293
37.540462
42.035152
55.2554
55.415558
54.5778
51.717434
45.463932
44.33349
41.05824
37.876495
50.97621
52.856045
47.213985
54.052937
50.564796
38.874107
44.113464
54.11503
44.85791
40.509354
46.35123
36.513676
37.062935
42.90393
36.784836
37.787155
36.230804
45.534702
49.142754
54.289215
43.8741
35.09647
46.00011
52.263683
52.94006
40.28868
47.57327
43.069256
44.10952
53.16145
45.019524
46.57019
39.143715
48.029182
35.44485
40.451675
44.533123
38.343937
41.620445
45.49311
52.01603
50.33571
54.487923
53.63824
42.629166
38.67303
40.893425
37.03791
49.82882
39.874947
51.632404
39.1094
39.877953
35.71406
45.809788
36.055824
50.13345
42.390537
38.724277
45.219513
42.087246
50.82814
53.970917
52.10547
35.016113
42.04592
43.222645
48.903965
45.877094
37.193043
35.199406
51.865818
35.649082
43.49918
36.662502
51.939606
36.665672
35.08925
47.88222
53.6669
35.61057
47.338795
53.918343
41.44982
49.75382
44.20511
48.22604
55.954636
51.695866
35.75919
49.55375
54.59573
36.35594
37.965015
43.834908
52.756252
42.192413
49.605003
50.792164
46.64489
37.674904
46.13449
51.270382
37.46261
53.841427
44.162964
37.89396
43.8589
41.36859
48.20611
36.504314
48.49393
36.958813
35.330326
37.974953
38.8913
55.005795
55.32011
43.424427
42.665268
44.43793
45.03869
41.551586
36.637253
54.35906
49.7237
48.80285
38.31816
44.606953
53.062187
49.347862
54.72627
36.63218
44.022865
53.38775
51.534878
53.163395
41.588932
37.149216
35.09954
35.969955
44.730618
42.028233
47.00163
55.65854
35.184566
51.738476
48.363155
47.847935
45.86563
38.992676
46.337173
37.254375
44.026924
47.199093
43.858715
45.18972
36.605118
48.890617
37.95325
42.725693
54.540604
42.12075
41.642654
43.309536
54.245865
35.858383
51.763195
47.930065
48.810463
49.492554
50.815742
50.027725
45.977364
35.918625
53.305153
38.218254
39.402836
55.318928
53.89416
36.556805
43.2209
40.673862
52.096344
43.50782
48.473484
54.24338
45.16352
49.00574
44.53854
51.744286
47.284733
52.9925
49.2911
50.71532
53.207287
39.600117
37.3659
38.60984
47.914536
52.71006
40.55531
44.485027
41.050972
51.965836
48.072613
41.7669
53.371944
35.44126
51.138096
45.462006
44.613525
35.074
52.10442
38.35956
52.827538
47.66259
46.12751
42.221794
54.40731
35.69468
43.210747
53.695778
44.741695
49.52544
46.302597
42.696453
53.67809
54.457127
41.011703
41.308502
40.749485
41.08434
43.418457
37.83387
43.426422
52.86423
52.40841
46.471916
44.491425
52.246952
54.930317
38.26101
37.001877
36.85872
49.590553
39.333004
43.206497
40.168476
37.03553
45.23631
54.21145
42.78887
53.645084
48.068546
55.153835
37.063065
52.162437
53.426342
45.133633
45.87137
40.019928
51.727757
50.1795
35.65498
42.284954
41.29191
36.079494
47.4989
38.346684
42.670628
48.99475
49.74212
55.6918
36.118744
39.392227
35.990257
48.376144
43.76226
39.982178
36.594543
37.089325
51.977962
51.026505
45.630474
50.030586
38.73322
50.596184
45.1607
39.166737
40.15139
45.09912
40.09878
54.82675
52.366146
43.674103
35.30397
39.00277
38.806984
47.852283
44.631927
46.17335
55.41876
49.22451
36.542202
38.942566
41.959454
42.720963
53.520588
39.297096
46.4434
44.508987
39.012905
44.823776
37.00126
51.445705
42.786507
55.801075
37.913273
45.483833
43.63675
44.68074
35.33915
48.42236
45.137997
44.10947
36.315544
37.918125
52.702007
53.30566
51.921368
42.730038
39.551514
55.302414
48.12146
53.754482
39.342617
41.29567
36.69071
37.528805
43.076874
44.094997
43.793644
52.528988
44.632523
55.464718
39.24858
43.768444
41.713867
55.964256
48.240704
49.91667
52.26896
44.74917
53.26521
36.39974
53.457855
54.678104
48.379314
37.718937
52.06727
44.986008
42.421165
40.529644
54.862038
35.73006
43.713978
42.859337
36.74002
37.192585
45.915348
36.2118
53.714024
47.43371
46.09454
48.204147
38.682995
38.22679
35.824608
47.81373
49.67441
40.680824
50.061672
49.27409
45.740715
42.95657
43.85012
54.152203
49.974957
40.617004
42.440475
43.16365
39.174206
51.317665
51.235733
53.83811
39.524067
46.73876
41.09231
45.23437
45.30361
40.888527
43.893375
37.522293
41.017216
39.165966
52.98511
45.398552
55.548336
44.86129
52.020733
43.983677
48.899952
54.093567
35.99219
52.059727
52.83735
38.53768
40.746315
41.251236
46.2812
44.67645
38.07986
41.026382
51.61235
35.72883
48.5871
51.201035
46.144436
46.85139
41.793896
51.96525
42.89642
45.68783
51.753876
38.319893
40.45445
40.849987
55.205048
50.210636
35.150776
50.45401
45.589474
54.57698
40.007324
38.406456
50.72377
37.996185
50.892403
41.73776
41.67502
45.594826
36.121315
48.914238
51.444298
43.425446
49.295082
35.72487
41.389374
51.561077
35.51624
45.03531
39.92824
40.747696
44.246574
52.42928
51.956932
50.57247
51.979073
53.51607
41.58785
49.75541
41.584545
51.473118
48.26888
41.352398
48.663414
40.213764
47.07909
37.369762
54.483936
52.422955
41.01315
43.533463
40.12041
40.587315
52.364746
47.730595
41.21843
43.061195
38.898163
55.946445
43.408905
47.15647
38.35761
47.357258
55.76863
40.22147
55.005543
39.607117
55.882343
52.68319
53.30398
48.196682
45.999664
43.066975
39.556965
39.34221
53.5002
44.07916
41.317665
47.625175
41.380806
43.94065
46.630257
38.246082
50.761513
41.293346
52.724487
43.72026
49.469852
36.166103
44.609974
47.409374
37.608223
49.683525
49.127678
53.36901
35.63483
47.42816
45.407528
35.611122
54.895935
51.625607
54.354076
45.029297
50.735733
43.61202
35.736095
43.915707
45.279785
42.36479
42.691498
39.210297
51.738956
36.22982
38.975418
37.366074
45.613094
36.362335
53.077274
46.98875
36.487034
38.813618
53.411648
38.214584
53.206383
38.641914
36.1482
47.127296
48.096386
47.90362
37.887447
40.382957
37.544502
43.889473
38.312054
39.611343
50.705723
40.51059
37.147434
50.092674
49.309456
47.310432
51.250767
50.67086
40.547714
48.181366
40.41415
35.857243
47.80662
35.498222
36.51549
53.603493
47.566673
37.046368
53.97976
38.277782
39.14201
35.817993
52.123684
47.96543
45.054806
42.477985
54.84852
44.33326
51.748215
35.059414
35.318314
40.946396
42.02975
46.238796
43.71532
55.10685
48.106693
45.36253
39.89946
36.995205
50.32607
55.24849
42.815346
46.13979
44.76409
54.670486
51.788345
42.012268
43.623272
48.348408
36.43003
49.85412
45.99021
45.2131
44.734028
51.675453
51.883137
50.692604
46.08452
48.735786
52.67528
37.775158
40.322887
40.71574
35.918896
54.644367
54.72172
45.21942
35.31423
40.75335
46.70106
38.209
53.068962
36.307034
45.38816
49.466278
38.17558
40.255737
49.669987
43.200417
54.197914
49.06809
47.216763
46.476673
41.002613
46.747684
46.06521
44.227844
43.497295
44.7854
44.74172
51.228405
49.844517
50.998108
51.578606
54.56059
35.808956
44.494495
52.83061
50.782482
53.865097
41.330048
41.434208
38.219967
49.443592
46.76583
55.76894
36.547626
36.226753
50.429337
39.577713
48.098087
41.717075
54.090916
39.282223
41.14493
43.39739
37.215397
52.289936
41.74125
35.677322
35.926205
55.530773
36.564075
49.47785
44.527973
51.38427
42.614323
40.74427
51.27369
35.362408
38.55252
50.397633
49.633793
49.39835
38.912598
47.23568
44.92706
54.35814
53.429077
51.07645
42.80698
41.440117
46.237446
44.001392
54.762375
42.456074
54.763256
54.89932
55.48719
55.598328
51.702198
55.638695
39.702133
53.188652
35.611813
44.102886
53.769344
55.077797
45.284702
54.011475
55.231636
50.818382
40.253895
49.92056
38.228855
49.469425
55.49291
45.045773
38.596592
47.907223
42.616165
38.584175
45.336308
42.815243
48.659912
49.02446
46.060802
45.104797
47.82937
37.52981
44.965435
39.378548
39.434853
54.85361
46.852905
49.190556
42.60768
49.40543
48.748306
39.2794
51.28611
55.02332
42.681046
51.655064
55.392315
41.727985
35.28171
45.40551
54.083134
42.23554
47.94436
44.355587
46.450714
53.28767
38.43851
45.25876
53.073376
42.92162
38.02024
49.031082
46.37282
43.646954
36.28799
41.647503
46.820717
37.122265
41.256237
37.71181
42.655743
41.332043
39.37905
43.384754
38.921764
39.452446
51.54549
46.308674
43.3183
38.564476
47.39015
37.402485
41.56647
54.12403
52.614677
53.917484
37.736797
51.630447
52.399914
52.942127
35.25944
42.248756
51.40328
45.62327
42.143486
36.23554
41.28234
55.731476
43.268364
44.894157
44.16315
51.8398
44.479073
45.442562
38.980457
45.308147
43.61595
43.615166
54.157284
46.46951
46.540672
36.040077
50.66237
40.899723
55.68181
48.43401
49.086624
53.41891
49.616707
36.43931
39.013607
45.52076
50.73064
47.491074
55.623898
39.254734
45.05001
50.44712
36.16968
41.19682
54.933174
45.839367
37.683353
36.03588
55.420692
42.512657
54.042706
52.475647
41.69625
48.10527
55.30531
40.606388
46.29004
40.295345
50.046074
47.635708
55.368446
54.9882
50.284374
39.884544
37.696957
38.65191
42.471016
40.252182
47.637653
43.821888
37.92034
54.933327
35.848312
45.39003
55.019005
45.030594
47.187046
55.66985
40.520584
38.84728
40.694588
47.38635
37.243877
51.06828
49.42576
54.677803
48.532875
35.741043
54.332245
37.916412
38.90759
54.95375
47.360813
49.65561
48.437557
47.374653
41.424236
41.29429
39.503525
54.364193
41.926556
49.111423
35.777958
46.20077
50.080048
55.169445
36.451237
55.07125
43.33813
35.210724
41.957954
53.86902
55.886654
46.078568
55.716557
44.515175
38.285328
42.382866
40.685577
41.47254
42.03187
55.1
47.860954
37.357605
50.03322
53.54779
46.191612
43.071995
35.7114
55.708405
36.77407
51.673054
45.746025
41.18559
48.602055
39.28209
36.26108
51.177402
53.593307
47.689285
38.60057
44.721558
46.093307
54.955837
48.705692
43.127693
44.564434
55.23674
44.505775
54.949383
39.709137
38.25171
42.6657
54.068466
51.847023
49.31717
41.49456
48.46515
50.968136
38.618755
39.81343
35.02968
47.518738
41.451614
43.104576
37.33479
38.64073
51.484997
55.31999
40.632847
45.28227
40.7179
45.314198
46.467663
37.32458
36.68409
43.984367
51.19807
48.628895
47.637825
52.85012
41.418915
47.69727
55.90552
48.9862
44.73486
50.462566
39.32413
38.933044
44.593224
53.57523
38.703445
42.453434
44.914524
52.438377
35.547504
54.77779
53.07268
42.157764
35.84935
44.286495
44.371674
35.519386
46.633682
38.414284
48.541386
35.085133
39.06367
39.93021
43.93257
49.505642
45.35088
53.64581
38.029434
38.189514
47.41154
42.03499
54.617935
48.539375
47.197628
36.21094
48.448982
54.067852
36.89781
37.198593
40.517906
49.84019
52.75129
40.465538
45.144997
54.855434
41.046516
47.229984
37.886765
43.17425
51.98725
53.151264
43.93338
48.829117
51.49992
35.626568
40.055126
49.811287
43.729122
42.066944
40.349113
43.7191
40.92232
46.20633
41.007202
41.973362
49.639935
51.709274
36.077103
50.858185
37.743774
42.08617
47.72085
48.02934
44.414635
37.199207
48.788307
48.547382
40.52883
52.44796
44.618023
38.93888
44.083935
36.060448
38.853916
38.26682
48.005543
42.783596
45.723263
36.699944
53.589706
43.6665
48.660126
38.610798
45.03982
42.560585
39.37797
50.80367
42.042095
55.422577
36.496265
35.075962
42.09031
40.499462
55.608025
41.95055
35.31847
50.998917
47.238823
35.081467
39.92898
44.904526
45.49242
54.531803
42.91442
37.18177
44.30416
46.85002
48.662533
39.73923
44.130646
55.629837
45.206882
40.15856
55.592422
37.028767
43.339813
55.387714
44.056385
52.541748
41.53961
48.30361
52.395443
53.178844
37.680393
53.293785
40.195225
37.079704
38.791157
37.780777
35.491188
51.512608
42.70944
42.918858
40.714024
45.152184
54.335438
50.52949
51.89747
46.50734
39.334064
35.710163
53.359615
37.379917
44.555153
47.45055
39.007523
49.274403
36.146313
55.020737
41.13446
46.750492
53.318096
41.858078
49.08019
43.812748
36.987885
48.172455
35.406967
36.565453
40.076637
36.514072
47.30725
45.52565
42.061855
35.103683
53.804058
51.183907
49.500404
48.811943
35.930664
39.629585
43.626427
35.292828
42.483723
50.316437
45.802452
51.92544
44.132313
43.3342
45.555973
54.89921
46.635117
40.87331
42.168945
42.989365
53.668934
36.92222
36.304474
43.312756
41.303978
54.620808
47.952618
55.628525
40.474873
39.108196
39.056496
48.553772
35.89092
50.14969
54.5401
44.401253
44.70534
40.305115
53.10092
50.214355
41.920277
53.909573
55.053303
35.973995
39.94282
37.677605
41.71252
45.882717
44.927235
41.313248
35.29499
44.093266
49.539253
43.110756
43.076565
48.24192
42.56078
51.164753
46.59873
48.671494
39.316704
45.473476
45.041645
54.28438
48.250217
44.915173
35.49333
50.55306
45.09915
39.80518
46.735798
53.333576
49.032883
35.500008
55.341976
50.776985
53.798023
52.304836
42.33115
40.81433
37.390686
49.762074
41.366173
39.402702
44.02418
53.2512
45.492218
51.963116
53.193195
39.71384
36.71468
42.21523
51.448982
54.233196
47.29302
45.91976
51.09484
52.143044
40.487583
47.876247
45.387077
40.31928
36.63814
42.89198
43.98397
47.315556
39.87566
42.337433
38.323612
44.04478
49.472946
40.334087
54.331367
43.779404
37.8252
46.582455
36.35849
43.34605
50.318035
37.331398
40.5359
53.52379
39.888428
38.014065
52.790318
42.820374
42.913177
39.63162
54.61496
53.997105
53.169704
40.052677
55.312744
51.940506
35.00581
49.01469
52.83734
38.73775
50.527626
39.76281
37.545807
36.102818
54.5693
45.94248
46.146236
46.621765
47.443214
49.57389
53.87497
47.637836
41.986095
42.67971
43.469955
53.98109
45.214348
46.411682
40.820473
35.16221
35.98094
37.327595
44.268085
39.096397
40.386555
51.8069
51.409687
52.900913
47.339336
40.46146
47.910717
50.81844
53.580387
54.797295
43.275124
42.85868
48.696327
36.313915
52.738377
55.321743
52.12546
51.689682
46.450737
47.969463
51.930862
39.694847
43.900364
54.244606
45.161385
40.9983
51.089172
39.60293
39.950813
37.089737
37.319115
48.71931
47.115673
48.125896
52.572662
39.05685
49.903835
46.627625
42.378254
38.046406
51.71887
49.60397
45.74018
41.914303
38.099262
53.86021
42.182
37.017044
37.96694
49.95855
38.2035
36.39456
44.176098
47.54344
53.48359
38.13718
55.691227
44.517933
52.97487
55.076633
43.302376
48.86299
39.630356
39.257656
44.645943
47.7288
53.87892
36.624313
35.44094
53.795094
43.123104
52.36395
54.273563
35.797077
47.471474
35.391666
43.966892
44.544056
48.637512
35.529617
45.55809
35.719967
53.437866
41.03784
37.171776
42.24792
37.605106
52.287228
36.62647
52.025597
39.693554
40.530163
43.439724
52.393665
49.701565
43.92079
36.008255
52.78662
49.659504
36.164318
43.130703
53.63333
50.83995
54.4335
52.713703
52.724216
40.435173
53.480667
44.45597
38.942493
42.516544
52.19475
36.540417
42.468903
47.841633
52.205452
41.880993
39.31251
54.60693
51.520344
48.268772
43.294544
39.557526
36.595924
43.840866
44.417904
46.96
45.689716
40.656178
46.891964
40.82052
36.818226
46.803493
54.950306
44.387535
45.154217
43.390423
45.9986
51.416916
37.23695
47.96562
44.560394
36.896988
36.94018
38.41221
51.95055
54.93206
37.745308
47.116894
55.599197
43.265167
43.500896
35.267033
42.473488
48.484196
40.514767
35.45714
49.100174
48.300453
44.521175
42.396606
40.278778
47.41445
53.79311
37.401947
37.6935
54.39121
55.428585
55.52992
45.281254
45.655582
41.62978
45.66174
48.393936
52.188038
52.615185
42.58415
52.505035
43.75217
47.65748
52.129566
55.453693
35.517548
49.623646
35.735542
35.993835
51.75487
54.308826
46.362637
49.721737
43.87528
45.801743
47.570446
36.292065
42.461437
47.0971
47.69285
38.200874
53.095467
36.17903
37.47662
53.31326
45.727097
44.83987
53.251457
45.74408
44.04523
45.56967
54.685017
39.662167
54.817036
50.954502
41.44298
49.081436
38.440964
50.155327
38.62215
42.726902
51.023544
54.204365
49.653595
51.61912
43.134457
54.05196
43.483257
45.1076
38.020557
44.524742
35.22907
50.70183
38.466484
47.614502
42.186344
45.197975
45.67821
35.80725
53.007492
53.28005
46.535484
41.48332
45.117332
42.986134
47.310066
50.77176
48.941875
49.17355
47.47902
39.626263
35.32644
42.39114
54.57567
49.30464
44.59783
45.37261
42.11561
50.880394
46.08594
39.70169
50.51113
38.892345
43.56146
39.06821
39.544666
54.747093
39.969467
35.93327
35.4103
44.029118
46.042614
43.352795
47.55214
52.44463
51.86303
53.17026
45.529305
36.72782
38.208702
53.78283
43.919548
45.47196
55.567875
35.209385
51.83698
40.512745
38.03416
38.244698
37.984043
41.187775
47.90538
43.07086
50.283985
37.523327
53.70078
37.815254
43.047173
43.158627
51.48409
48.193737
51.31314
48.607674
46.834023
51.55849
37.479992
52.28007
36.539116
38.381725
38.583702
47.534798
40.110504
55.449715
39.622173
46.924706
40.503975
43.81605
35.13225
47.704464
52.021782
48.8686
48.822803
41.621075
55.225117
52.70161
42.44278
53.983578
50.8296
48.352585
51.22047
35.01727
54.979195
43.362926
43.148705
39.547997
40.997784
37.552
42.110332
41.133156
39.703335
49.856274
53.339428
49.858692
43.635868
55.578262
42.995834
46.15519
36.09848
36.414383
47.6941
37.151123
52.739727
44.18669
54.6727
53.277626
46.516014
54.29012
47.915253
42.066795
54.26424
45.485195
39.942856
47.344116
45.78781
46.815575
40.18495
42.305878
53.313232
45.110332
55.805992
52.293552
47.409836
38.74296
43.616135
53.42975
38.981804
42.062122
51.22633
39.664085
55.739502
44.183666
47.921776
43.19244
52.636246
49.63901
48.82234
39.659206
41.11693
40.71199
47.774548
45.02986
47.66665
52.164402
48.07702
55.52982
38.070187
47.449837
49.579617
42.58568
52.997395
52.44617
42.916386
38.27618
52.01483
35.198868
36.633263
42.402805
44.890682
35.160534
47.75386
36.923656
53.10771
52.93647
51.889946
43.159386
49.828236
54.601723
52.34819
35.876152
47.165348
36.241974
37.81048
35.078167
40.506336
51.488834
41.07255
46.101162
50.806946
49.46949
44.013996
42.38818
53.229397
37.771286
49.442528
35.150314
55.232273
38.733833
53.706333
37.96765
36.237144
54.624268
47.00056
42.269363
47.29448
47.025852
50.107483
47.54702
35.75065
49.0756
49.90459
53.101456
35.778088
42.023678
46.350834
52.100975
50.772293
50.955418
52.818516
53.737675
36.04225
45.416187
38.576744
37.308437
47.924873
50.11007
46.9521
38.11869
55.4395
39.80518
36.193214
40.20937
44.865005
50.071636
39.34804
42.041454
43.17005
37.50261
55.526264
48.437355
50.055923
44.6245
35.763817
51.274864
46.481934
49.789318
52.332653
53.65678
50.934895
46.96034
38.74596
35.538235
43.376972
36.451668
46.897644
41.08363
37.760403
54.36297
54.744473
50.346596
40.232906
46.66244
49.690437
38.218697
55.67418
46.61445
46.364933
38.976585
41.001713
53.52248
51.79994
36.1722
51.763363
37.563843
44.106094
43.056988
45.894314
39.82943
55.62352
43.20865
45.157825
36.550022
49.180477
44.537666
53.71185
36.889988
42.53142
52.390915
40.447887
54.619984
36.265743
53.04098
47.233624
54.44208
52.479473
46.452366
54.95759
43.733997
55.284416
49.849407
51.32195
55.003395
51.792747
42.276016
47.65859
40.39908
37.559658
35.033394
43.653965
47.212597
47.59286
35.609573
46.75997
55.42212
50.944725
51.473347
49.240654
41.979748
51.59152
47.89527
43.259003
54.72414
52.773792
43.779568
41.143154
40.512238
47.223015
41.343464
41.988075
45.407024
42.73177
45.364162
52.04661
39.532684
35.338284
40.62877
36.942924
55.51417
52.990784
37.168724
45.60159
44.255173
49.933216
48.83782
39.92736
53.176468
48.21098
44.801796
46.693356
42.936317
40.63389
43.547363
44.79959
45.08497
44.2533
38.08993
48.04907
49.06743
48.91128
50.16178
45.855324
53.481716
45.7019
42.2963
55.84308
49.52431
39.248295
42.888783
45.132828
54.11009
37.543823
35.51077
54.210518
38.241028
53.731552
37.982292
51.675064
46.816086
40.60367
51.96529
51.829292
47.224064
40.79077
35.131382
39.034073
36.741974
35.580803
55.27861
42.980633
49.973286
37.058296
35.124172
42.55277
45.303658
48.786884
53.88408
35.748425
37.626102
42.57148
52.165577
37.209297
44.39324
46.93125
54.14459
53.26739
48.391247
47.790524
44.477875
40.059105
48.49813
49.551907
39.90846
40.180313
41.08858
46.154507
49.0629
46.559875
37.678116
53.93972
46.510212
52.714508
54.86129
39.148182
55.754887
45.31451
40.59183
44.65352
45.470154
45.03759
52.376972
46.10226
42.94274
46.017292
40.014008
49.9737
54.39662
39.802795
46.083885
52.199783
35.590782
39.63839
40.53489
44.892048
51.84489
48.043976
41.3389
43.4113
51.436726
46.13184
55.383286
51.485405
38.13652
53.830395
49.47349
51.33144
37.49594
53.202225
47.56457
36.770844
42.393185
48.34152
51.114143
52.139576
51.250767
53.91514
54.755165
53.389996
49.288765
40.271957
47.32366
52.15727
43.153915
39.1866
39.644753
44.720207
55.273724
37.726677
47.379753
46.725037
51.324753
37.43663
41.66778
43.260174
49.27558
44.016697
36.257233
48.37125
49.56746
46.94209
35.315563
47.38769
54.129444
52.015358
54.130383
49.49569
39.089905
47.673943
39.4704
42.837208
55.24248
47.985382
42.461723
42.040474
55.552208
53.65412
40.453182
52.494816
47.246258
41.03684
40.493744
53.87104
41.323803
46.117157
52.725792
40.35835
35.64081
55.626194
40.209877
40.839764
42.078026
53.01168
37.439796
46.760212
45.684414
50.756596
52.08122
45.754944
37.103027
36.627014
55.272766
55.20067
49.03292
49.78953
36.165344
53.72776
40.95799
54.379963
48.2437
41.389145
38.882553
35.028057
51.37363
49.61988
48.3535
50.046986
36.44886
51.341293
48.620094
48.481697
35.973537
53.564373
50.385048
44.976902
50.90956
55.62944
40.234383
42.473236
44.642178
41.78259
40.498463
55.06928
52.97317
46.13404
55.992996
36.997494
50.637653
43.16964
38.816322
51.55365
53.95885
48.893852
45.13803
53.992287
43.90452
35.371166
42.7041
36.854748
44.98937
46.902466
42.604904
38.931725
48.179806
46.324017
47.705082
39.07889
45.200413
42.948803
38.018055
48.401962
42.416004
53.483532
36.222855
43.906685
35.76884
35.849327
54.4675
42.569622
50.08738
55.210052
46.58036
55.927155
35.4512
45.669533
37.82008
54.702984
35.19609
43.03732
41.334354
45.69856
53.57401
55.782436
44.569378
45.156147
47.04447
49.795467
54.97422
48.070934
39.667156
38.861675
45.47814
54.4763
53.089886
54.81116
35.38402
52.55562
38.181805
50.15693
53.517193
36.544228
38.44856
36.657665
37.6967
45.77681
47.984283
40.64923
50.854645
38.90828
52.86485
49.177383
48.419346
46.290436
36.56728
55.93394
55.899437
37.721874
38.212257
54.749615
45.958405
40.305386
39.16982
42.928925
46.652985
41.94478
51.84268
52.02611
47.92379
47.092327
47.247383
45.75568
49.872925
36.71823
36.350277
53.607162
47.84074
44.115215
46.98361
44.391003
38.80284
55.074146
55.566326
41.380787
43.148365
54.170704
48.784924
38.936916
43.471878
42.3885
52.851532
53.497753
46.61381
51.07057
37.94962
42.606426
42.818123
44.2391
41.002155
37.205067
41.540867
38.65232
54.952637
50.77288
53.13972
35.57782
42.33638
52.010536
35.402008
54.153156
52.03761
37.68045
55.627556
37.377552
47.777313
47.901154
35.772747
41.23242
39.05745
37.663544
40.98348
38.16398
37.999054
44.587887
50.69718
47.17771
49.75496
36.972637
55.37793
41.0923
51.952194
51.999535
52.863674
49.0798
52.92487
37.55434
53.250885
37.479122
41.335213
43.49836
41.219543
42.01152
43.148647
50.38325
39.710033
48.949646
52.828102
46.540092
44.903717
40.495777
47.043568
54.193275
45.5301
49.610283
46.154686
42.751
45.62618
48.797836
38.217392
44.706097
50.007195
46.906914
47.29004
46.644657
51.873207
39.827057
53.370083
52.70443
35.17211
38.078873
39.37934
44.4511
38.56723
50.683205
51.23396
35.547707
45.116505
47.36889
49.184685
46.780964
38.060253
46.13252
48.293697
55.97789
45.435787
55.399067
52.12613
52.097347
43.589745
46.548695
41.477596
54.313
55.04272
36.373135
38.2335
38.21798
42.575893
35.103897
52.261475
37.376087
40.85557
51.015068
40.57528
41.320385
40.389153
46.245033
43.87666
42.75728
37.114765
54.404247
37.98101
51.17269
45.466938
44.740364
35.56343
40.25652
53.331867
49.117332
48.123642
44.56276
54.90844
49.831665
50.06136
42.60471
54.124943
43.33699
39.27821
43.148247
42.92643
40.277046
39.777897
51.810894
47.44403
55.837635
50.32321
45.20031
43.784943
42.319675
47.3267
39.733128
49.940777
37.008347
52.80118
42.963547
48.1018
51.867413
42.377007
40.720688
39.486057
42.3231
39.104774
48.604916
45.644814
35.418674
37.005543
40.425316
52.089516
54.91849
49.104816
35.9742
49.00064
49.51958
36.992344
43.129093
39.724926
35.189095
41.78673
46.648712
42.745144
40.787548
42.751854
54.18665
55.815292
45.560635
48.71171
41.98493
38.994175
48.786552
45.840786
55.429367
38.381565
51.851063
43.369083
54.149643
47.463737
48.289124
35.234077
35.629166
41.10893
36.879807
36.736233
39.353348
46.41834
37.710316
53.810425
38.369625
45.834507
38.23523
53.61255
38.758476
46.136547
40.74875
35.738697
47.922024
49.21043
42.360535
48.543724
39.785164
47.772556
50.51989
42.706738
42.97399
50.54618
50.36825
35.40287
48.787197
41.74276
55.716774
52.18392
49.308395
35.08409
48.243423
37.944862
51.320778
48.01616
41.583244
52.158836
48.780186
52.21189
39.345737
40.90024
45.478806
37.937553
52.734943
47.043568
48.18874
52.36629
50.37064
42.425194
45.013287
44.46244
53.113155
46.685917
49.89351
54.631397
48.179703
40.97391
38.21855
37.932476
37.606686
52.681046
49.27049
46.28594
46.160316
46.90981
40.79792
52.770416
36.126938
40.423847
42.357243
49.803204
54.02491
46.421955
50.186523
47.723522
55.171314
45.59356
53.284145
42.05756
55.209843
39.563175
50.052837
37.534187
49.16012
49.011925
49.33943
45.741486
54.284122
48.47617
50.9517
52.166847
40.082127
52.06641
36.765793
46.24705
53.028095
39.124126
53.351368
51.96998
47.233967
47.13977
47.6361
43.51566
50.09228
41.09215
55.50736
37.402122
40.088436
54.73749
48.405983
49.610096
38.396523
41.276016
44.90564
51.200855
48.576992
47.254402
36.990852
37.012627
42.679554
51.524525
43.24793
49.12358
45.321476
46.571938
54.465073
36.903225
55.85919
41.55202
49.201633
40.639072
38.6003
36.92744
52.730907
45.92167
53.11331
42.68732
43.387226
45.198685
43.084225
53.74689
47.75493
35.167545
36.841698
40.275597
36.325603
44.96608
41.62687
37.382492
48.2195
45.44199
49.91902
54.799515
40.318115
36.13447
35.645145
53.94649
52.687054
42.985104
36.89901
40.036102
40.481956
55.21019
55.87474
41.682682
35.62473
55.212936
47.080025
50.81572
45.41354
40.89155
52.535824
52.566956
36.88713
40.20794
39.592197
46.199554
51.2025
48.4219
51.19411
53.07833
54.504772
40.966843
46.91623
43.14204
51.769012
36.54575
41.8525
54.33186
54.875942
46.659763
51.49409
38.954586
44.747097
48.446888
40.058327
45.014805
41.709557
38.404564
48.3417
50.13708
50.38647
38.297424
50.061535
45.817543
46.316742
51.3103
36.82382
53.393505
40.19576
49.296623
43.30879
42.300514
54.098774
47.79365
47.00119
39.89811
55.29955
47.328434
49.80876
41.388714
55.328983
53.42231
38.210278
42.128548
43.732105
42.61668
45.15375
39.935066
35.576366
45.789165
37.785522
39.832367
43.140263
45.006737
35.232735
35.044147
41.368484
37.171227
53.08449
55.94327
38.61826
54.75267
52.921062
43.09758
41.94136
40.977184
51.225918
44.513554
48.6471
43.93869
38.281925
36.672604
48.17399
37.237495
54.200882
38.979115
52.36113
35.913864
41.064762
49.795147
52.05515
36.640938
45.267235
47.323463
48.614502
38.368973
55.53577
35.21886
48.280148
53.87152
38.787453
46.957108
38.570118
52.934433
41.925632
49.67147
47.82517
37.249615
40.92007
38.378757
43.783783
53.428173
43.02968
46.259922
40.59688
37.931313
53.824852
37.934727
46.006203
40.13238
36.7456
49.475636
37.50496
46.1698
50.29183
42.24293
55.17542
51.728043
52.583893
44.49137
54.55517
40.39276
39.954395
44.097935
55.322468
42.76612
35.436127
51.69104
53.81067
44.099617
38.496628
37.923393
45.362762
43.804386
37.136307
43.62389
50.319233
53.832592
50.514927
42.08834
39.99601
39.58868
40.600395
38.824497
53.35394
42.725464
55.944183
44.65373
48.187172
55.907627
49.57916
40.189926
40.565136
39.383934
37.20864
36.36556
51.95126
47.999615
53.309525
36.85549
42.891197
35.10147
47.507545
47.961124
55.414516
49.64102
47.59962
41.760525
45.325794
44.664608
52.895798
51.104668
48.374706
39.294537
47.132584
37.345562
43.889366
42.251553
42.069756
49.518925
48.83313
55.94653
50.024345
43.07231
37.402363
45.178013
42.01831
41.1289
37.221046
52.51232
46.920578
40.707886
52.90798
35.494167
39.94943
41.28436
41.293137
50.93833
46.16786
44.564625
35.842056
44.686687
48.152294
47.377396
47.910698
55.379944
49.84432
42.136982
50.297695
38.989693
49.705215
40.421436
53.187183
46.084026
46.684883
39.826824
42.982388
46.05856
51.189472
40.408215
42.718773
45.855015
51.186207
54.6986
46.71521
45.010498
53.81919
48.50897
55.872616
46.233456
55.426594
45.455738
45.56177
50.085796
53.64752
50.43641
52.355415
47.76593
38.385902
54.07973
51.954594
46.433628
39.759132
50.533764
39.535007
53.995216
35.800735
36.823265
48.396557
50.77635
48.60931
48.407333
42.237568
53.049698
47.839935
44.498814
39.59504
49.956177
43.919716
43.168995
47.99314
46.960796
50.135674
52.254147
46.124485
37.61815
47.79104
50.605034
44.952126
47.08743
42.95518
46.276066
43.964977
38.533302
50.942623
39.837692
43.945362
43.276382
36.548344
35.113888
48.51452
36.315945
54.2393
37.295876
44.41052
43.63746
43.956284
36.563984
42.922653
40.538914
52.91553
42.06141
35.15737
35.062347
52.81611
54.30683
43.8431
51.50081
53.15703
52.907246
42.194695
55.86614
36.94696
42.738
35.953056
43.148987
47.95003
50.59404
52.09139
52.180332
52.752525
52.684402
36.836803
47.912308
52.358364
36.24148
43.594486
55.9763
50.725204
41.947304
55.0813
54.447548
51.638454
42.84081
50.476746
51.84806
45.587006
36.863472
45.6814
43.5533
35.85244
42.224907
36.83641
38.933342
54.85243
55.325798
35.10237
51.75535
47.88958
53.06238
43.32188
43.60175
39.848396
46.954933
47.597332
52.317413
51.056034
46.692043
39.00387
53.789013
46.47648
48.363216
36.627316
36.681126
36.643276
50.864166
52.867744
40.1062
55.252464
42.70239
51.481583
54.589188
41.135178
37.704987
51.14874
45.1028
42.40857
46.936428
55.445824
39.395588
41.964035
48.470764
39.982594
54.312553
45.093277
52.531006
35.115967
48.316833
41.97562
46.907917
38.0944
39.96102
49.954136
38.500854
37.70519
40.62801
49.013416
48.285545
52.49821
48.46368
54.638504
50.00655
51.441814
44.057693
40.282246
47.41679
48.430134
40.09356
47.997566
46.942066
48.405735
52.885513
48.401386
51.23544
35.987522
55.44725
38.028614
51.20453
52.40106
35.496338
49.30737
43.744164
44.19695
49.588234
51.84087
55.587536
36.712578
35.39498
51.416588
52.40082
52.483612
41.99643
37.179974
44.489536
49.843754
39.935307
55.707928
49.259193
38.764816
38.702847
41.29623
40.878548
48.583866
52.267654
44.63549
55.4306
35.640182
49.23827
40.19188
36.204742
36.001972
51.25852
37.03163
45.682774
49.401295
43.274887
35.532463
43.20224
36.21536
54.386345
41.41046
53.242424
37.83335
54.089725
54.75746
54.771515
52.03011
41.867355
39.33194
40.117855
43.03157
53.22888
52.1754
54.383854
51.801468
51.515358
51.73674
48.508087
55.70492
45.00134
50.078514
39.699234
37.11163
45.089367
52.412025
41.114887
53.689915
36.681408
45.16217
47.339077
38.112663
55.13302
43.99832
40.424053
53.64703
49.548573
50.78422
46.005222
35.63216
55.559647
50.197594
48.27245
41.162525
47.143757
41.84937
53.386593
45.389313
54.486897
35.092735
51.26714
48.72819
40.37082
36.353806
39.544884
37.919052
52.074883
38.73861
44.87302
47.32179
46.322266
48.875168
45.720764
45.051918
36.371655
46.43475
35.2354
36.56077
44.958035
55.543068
49.751938
53.047302
48.42003
38.33997
46.0539
51.65195
41.01628
52.27529
38.54447
43.727745
38.12957
41.33895
37.074097
41.60984
49.78506
41.314835
39.288857
46.211903
35.66768
52.321026
45.0133
40.46618
40.61381
38.352943
55.362118
46.093884
55.37372
43.28127
43.98689
50.44347
45.29358
50.77331
47.10745
45.166588
36.45003
53.904076
35.75159
48.315044
55.68482
45.802597
39.932774
45.0367
45.933792
46.539383
45.33214
48.424397
54.221752
37.602364
48.41958
48.229008
50.703583
43.73169
38.84769
35.086407
43.17215
49.58772
35.383503
49.627693
40.524605
44.712025
37.604397
44.343117
48.78146
49.50766
46.078056
38.35227
50.38643
41.513012
35.770615
50.296707
39.68016
44.072403
53.98283
35.415768
55.637215
40.61722
48.20102
51.492374
40.183277
42.16277
46.8677
50.76292
54.66824
43.298927
53.2262
44.073666
52.360966
41.90687
47.07434
37.535896
50.15274
48.069424
41.473976
35.683067
36.009033
55.159134
38.20652
52.665325
44.09288
38.886135
51.038967
49.330368
53.898357
41.16694
48.6705
40.134212
41.17881
54.03553
53.566772
50.701546
43.932068
46.45995
38.757088
44.51244
39.213703
36.85016
44.069138
52.630795
50.08939
55.24733
41.206562
50.609486
53.608677
35.669838
41.53658
46.708336
48.28513
46.857975
44.448055
36.343014
39.201492
44.707222
48.664814
47.246723
41.52359
48.008945
36.954666
54.17102
39.902985
42.727886
45.26146
55.078243
53.97594
35.93723
48.405804
35.685165
40.925053
35.705063
53.149323
47.906067
36.85986
36.680004
49.59809
48.21295
53.594196
40.859222
42.632797
46.181885
40.250404
54.03858
40.2963
36.526405
44.00446
38.742634
43.84369
35.732574
44.201008
37.01111
50.465664
41.004944
36.013676
51.279053
54.532875
37.60863
44.803474
35.729286
37.577057
40.850025
52.33698
46.918724
55.124302
53.87699
51.065952
50.1842
45.926323
46.199306
45.741417
51.318817
48.09758
43.33092
52.737686
47.276394
54.159294
39.23792
40.595627
49.209476
44.015717
44.339584
45.459576
38.975445
55.443813
41.654522
38.27845
45.35565
47.7643
42.310017
36.869335
35.62407
37.98021
45.03981
43.200397
48.774815
40.8186
45.48409
46.540237
50.672012
42.7916
50.07514
46.441887
43.62079
44.604958
40.043163
54.88232
44.374832
39.98546
45.608868
40.26213
36.393776
40.272865
46.743073
50.38494
35.24275
41.927856
36.96814
36.982616
43.386818
50.444202
44.55212
35.82964
46.274693
37.021736
49.103737
49.99905
55.52875
42.75593
36.014687
48.352154
41.262768
47.030685
35.41564
41.925686
44.033905
55.262768
51.313156
43.48254
53.702194
49.13957
48.356987
39.12596
54.51863
46.016155
40.25082
44.542282
44.091972
55.193447
46.16406
50.133312
43.494865
45.38598
47.62838
40.027313
55.66137
36.806206
38.309956
39.716095
40.400856
39.941425
43.736702
40.855824
46.807423
41.28025
38.529648
47.59054
47.579193
50.957397
46.938545
42.60979
43.778584
50.528725
55.513992
42.035603
40.862377
35.862885
46.561844
42.149147
44.38967
43.44163
41.620453
48.913612
39.675957
44.197674
37.57722
53.227432
53.80331
55.387253
40.198116
51.850723
52.819523
35.893856
42.782444
49.987934
50.66297
54.790337
42.374683
46.580914
47.335613
55.94849
45.466373
45.469116
44.112804
49.97835
35.403095
49.7076
51.12676
36.803864
54.775177
55.49831
51.4894
46.737316
36.91546
35.38664
43.230755
38.001717
48.25337
39.602573
41.720657
49.268566
40.681892
51.684746
46.914383
36.92787
45.282387
41.81558
41.71688
50.48784
35.721996
38.617096
47.99571
48.71368
45.389362
45.509476
41.2893
46.85814
55.86656
51.11818
38.05509
35.610634
53.64869
48.630642
51.38113
55.19776
54.117195
41.44965
46.4451
37.40463
42.649117
51.968178
45.646374
51.154854
52.40152
40.799206
51.259476
35.686222
41.748974
36.334095
45.661484
48.28998
35.5716
52.074337
42.67128
36.04332
45.592205
51.78412
48.305046
37.958054
50.74324
42.144855
55.30042
38.492702
48.10784
43.25793
45.09066
40.431026
54.323822
49.03814
54.52067
54.716778
51.46563
50.267883
52.48818
39.95282
41.326344
46.84098
49.866394
41.921974
51.710396
37.514946
35.518402
43.667797
51.81731
35.311916
36.94904
48.38521
50.04785
46.56092
53.15647
47.61429
53.596107
49.45801
46.54368
52.004765
39.004498
40.93576
35.329044
55.22448
41.45357
41.57996
38.755642
49.422073
43.934223
40.308903
55.540447
47.02215
47.607357
55.53937
36.427467
55.530754
53.59438
52.603542
36.412968
36.459602
36.161777
47.252262
36.196297
35.439312
35.763817
53.182755
35.676384
37.085262
37.689796
54.662525
38.86188
48.203922
50.1257
55.48634
39.391983
44.483257
45.284782
39.699394
41.975353
46.89772
55.887665
49.747345
42.446136
36.67648
38.679726
52.97272
52.808914
44.832962
45.861984
53.667114
46.598618
43.93447
46.281544
54.210052
38.116592
40.002495
51.978436
41.17782
52.620865
50.177574
55.218155
49.68935
47.346252
40.05693
55.452477
45.671375
44.309265
39.41874
46.74595
37.17128
37.21298
52.383926
50.08145
46.323593
51.40868
43.934376
40.61535
52.085
43.794014
35.106
50.39139
49.392548
47.731323
35.105713
37.24206
46.97131
51.555386
41.063248
51.607178
46.62001
55.00619
49.122
45.78176
55.437126
47.970406
36.097404
37.668602
42.114906
51.244156
41.987034
55.455753
47.125103
43.640175
54.20364
54.765095
50.34764
43.653934
44.52031
43.725384
40.452415
53.076263
55.366505
37.111687
36.13425
41.394012
38.294346
36.162754
37.12251
36.55571
54.146404
42.93894
45.739258
46.69576
49.699455
49.115482
40.66378
39.708515
42.333054
51.919415
48.476166
41.14283
40.577446
45.513103
48.4991
37.747765
53.232273
55.503426
42.43445
54.14206
40.11564
39.412785
38.300022
46.50255
48.402573
42.886646
38.211994
48.870956
43.94259
49.132027
37.62967
38.663837
47.907887
36.582306
43.781887
38.236977
51.616978
45.066006
35.128136
48.90347
48.402916
42.82059
52.872425
50.633766
51.950966
43.537178
42.744358
37.776382
55.617428
39.24788
44.48929
53.529453
43.85957
41.27485
35.768303
55.566296
38.05598
43.648537
48.458767
53.172203
38.67732
36.372334
48.66747
55.48494
54.979412
39.661873
43.120968
47.948208
37.133694
50.81937
37.9815
54.885033
39.984566
44.71693
44.551857
43.17719
42.42873
53.95746
52.778915
46.39716
49.748623
43.657772
37.943108
46.380653
50.10016
48.455757
40.42979
53.150658
49.754414
41.781902
37.01863
51.307995
44.623554
39.6552
48.698338
55.488758
36.063225
55.26451
37.616657
45.255657
37.93682
55.37852
36.40927
46.838024
37.451363
51.191162
35.816364
37.46446
43.33051
52.553776
43.191868
40.64236
51.477016
43.6716
55.237877
48.630264
51.395264
35.249096
46.055653
44.521656
36.293705
53.75734
49.394558
48.813164
37.96793
41.96627
53.80156
44.06526
43.276836
45.135662
54.226566
46.280296
39.267612
43.29084
50.52254
43.920464
55.77966
36.822712
47.194466
52.06749
40.663174
48.246346
55.697468
51.08608
49.58514
53.328335
45.561928
49.29486
39.763535
50.950424
48.63231
37.571354
39.87004
40.015316
36.746307
38.52157
40.772182
42.42034
35.25238
50.830322
52.74773
44.625637
52.8661
46.67478
36.297356
44.62568
36.4997
36.63175
48.70604
47.19651
55.864117
55.338173
38.059193
45.135803
55.839226
36.27487
40.506622
43.8387
39.83533
40.434914
55.185383
51.95978
46.628017
39.31102
44.3622
50.09992
48.438255
47.590485
50.03662
52.4264
52.3511
38.18136
54.458103
51.8859
41.518818
43.71037
53.753338
43.201912
46.97803
38.430817
47.134533
42.161774
54.325577
46.557785
40.965084
51.793247
36.944008
35.408443
47.295914
55.906456
47.945217
52.36668
50.353973
54.134254
46.50949
36.6143
42.863785
37.042683
51.837254
42.775043
35.013596
55.102665
54.502182
46.103024
42.339596
48.315346
49.59678
42.61381
44.79483
37.065464
39.69532
37.604298
50.79386
38.34079
51.324253
37.33641
46.079903
53.800285
45.326145
53.27031
38.848015
44.29971
45.231155
47.124146
54.676174
38.390495
52.508484
45.210358
47.46543
54.996353
51.360477
50.952625
44.77099
53.941635
45.54335
48.22285
51.618004
45.256607
43.550884
47.1543
47.139057
41.216858
48.381454
38.3847
51.14465
46.88771
36.023556
38.26233
36.043724
54.53906
42.74153
55.40844
43.3682
42.67219
48.22049
48.17092
49.52356
50.557278
40.638405
37.927074
41.287056
42.118687
44.77329
53.89728
48.00568
42.72511
43.324688
44.11693
54.40801
51.942326
36.73126
55.480347
50.43718
53.58875
43.90001
44.31855
38.536648
37.49735
52.427757
50.80147
42.376102
37.232292
47.09172
52.56595
36.091747
39.634544
48.61369
44.36217
37.73337
54.478016
42.96092
46.184177
40.760063
49.706238
47.737076
35.304153
51.10703
43.689243
44.53775
51.865555
49.557915
48.691463
36.497566
40.20673
36.90026
47.273453
52.63988
46.884575
35.615974
54.663948
48.05483
43.446793
45.66457
37.233322
47.37804
43.361744
42.253662
49.0756
36.519714
46.1565
55.359497
42.36333
48.102535
35.736423
37.159588
35.578148
39.607113
54.06388
53.47035
45.93958
36.79465
42.858913
52.74437
49.355568
38.579388
38.751385
48.175262
52.000515
49.156857
40.36186
51.982334
45.18999
42.8593
38.11771
49.003094
51.56616
49.905678
46.2212
35.308414
38.733704
49.941345
42.077908
41.673454
45.39356
54.02123
39.666767
48.386707
40.709938
40.4804
49.78701
50.060383
54.116085
36.957188
49.85273
49.817085
43.015083
47.686558
38.92233
47.471
51.864212
43.06523
41.948006
44.096245
47.94498
51.405113
54.809517
51.680565
37.71549
45.737793
52.556805
50.399643
53.017963
40.510563
44.427658
50.415356
44.571316
42.023026
44.629505
50.000683
35.117283
46.493526
52.57843
39.22479
37.308197
50.715908
49.273937
39.393566
45.925613
40.369522
37.75457
38.93413
35.301125
45.179417
54.127304
48.43626
52.87422
52.28847
40.492786
49.119267
43.666756
46.399616
48.19885
51.079906
47.07956
38.473873
35.24623
46.2949
54.824024
40.028603
50.34346
37.50117
41.989826
54.37052
41.061752
35.757603
51.219856
37.419243
37.776337
38.70385
53.714237
38.129692
42.59703
45.27513
50.317654
38.905525
53.288895
46.9062
54.25763
46.810684
55.26279
38.063362
49.196163
40.832546
40.07607
53.280396
41.13304
49.927673
43.52522
42.74233
46.356445
44.089916
50.335133
51.86047
36.07494
49.2207
36.65376
47.212723
50.58455
48.15259
51.04627
52.68521
40.825787
38.77979
35.449448
48.644264
54.967567
40.88298
46.594936
47.492382
46.2185
38.901035
43.73891
48.017357
43.410736
41.59826
46.146317
44.530655
49.027588
43.303596
38.66923
55.909424
39.253246
50.15676
38.931873
42.305717
36.311543
39.586514
35.088795
55.46739
42.83035
54.06743
40.85827
48.326912
49.219128
37.054203
47.549297
41.75757
46.07954
40.87612
50.09876
44.170845
44.4823
41.28961
52.714066
51.93458
44.538353
52.332806
48.577236
55.428333
54.068333
46.103874
39.20784
42.920475
35.331497
49.09342
44.50504
49.351147
35.713863
55.741405
48.19319
45.53564
36.994946
52.960407
51.38074
39.264904
51.31347
50.469334
50.208706
42.272823
46.234695
51.915802
51.11304
45.06456
50.385475
44.93018
55.0541
50.155678
40.967785
40.450714
36.176907
47.35888
53.087624
36.886677
37.757458
55.37325
39.243244
47.945213
41.96316
36.080296
41.50524
48.23767
45.909676
39.63183
39.890694
55.102455
43.731617
49.62657
49.184624
45.43396
39.90136
49.415535
53.99414
39.690983
38.827957
42.85069
41.134216
35.67301
51.847225
54.597057
42.538727
41.099087
52.074524
36.465294
42.766323
52.501465
36.23327
41.089977
42.828045
54.455147
38.495117
39.678238
36.501926
43.70429
50.57179
52.48406
36.519653
53.31788
40.784016
41.12546
53.01133
36.609573
44.59943
47.8549
41.3765
46.190353
40.179363
53.417774
49.313263
37.187767
53.803417
36.18939
53.081856
35.36171
36.65105
54.867844
53.205105
48.57435
44.311157
50.11833
35.715485
45.83049
38.56327
55.21381
50.74684
53.894787
47.4283
51.897682
38.73862
40.31347
46.221916
55.405987
43.77151
44.520733
51.36047
37.829803
40.58546
45.593914
55.96695
54.773003
37.644688
54.13631
46.903835
45.56608
48.20885
43.71315
53.719894
54.133785
39.745724
38.243435
41.139587
46.982384
42.177742
47.759377
35.14667
50.671837
49.3934
52.985096
47.417606
50.56877
55.174168
52.25759
52.84582
46.638187
46.188587
37.415436
44.164352
49.524773
46.987324
36.414585
44.222393
36.1994
51.996677
41.595585
47.300236
45.00174
42.352444
35.72286
38.95756
44.9971
53.04233
47.14418
47.30155
43.18362
37.23211
50.677418
48.23418
50.23536
35.83927
44.12139
50.192173
35.1476
45.387695
49.609303
35.128403
55.36242
38.92775
46.375435
47.000156
36.695965
53.33852
54.88981
55.827545
52.663074
43.642338
47.73047
35.464386
39.600662
35.05645
55.009266
36.584324
53.32822
36.382736
52.644745
55.02646
45.95187
35.99354
36.28429
42.56767
54.817863
55.11019
47.217945
54.392933
47.5521
47.290447
55.19744
52.0202
51.58411
38.042255
54.67662
46.203106
48.547146
47.26316
46.62316
39.382576
53.47044
53.768475
46.7166
42.58748
45.735306
46.515812
55.443893
42.294888
39.353745
48.259712
54.33133
47.652065
54.246315
41.277195
51.310352
39.63516
51.845497
55.49373
50.00499
52.17369
40.531376
36.80858
45.549736
40.005245
35.118477
38.669716
39.39936
44.041466
49.85566
55.98057
37.475925
50.324154
52.175446
46.23438
49.913258
53.229546
43.73477
53.36665
36.605453
40.43904
53.126183
49.19228
44.743546
45.336376
39.006466
38.450962
55.53323
45.913998
51.28931
49.4231
48.32656
49.975555
53.479137
44.79817
36.471897
52.406765
36.185246
45.97839
39.28885
54.553467
40.34841
49.282852
36.70872
45.293594
49.73679
39.58062
54.286194
39.218872
40.82327
55.72627
37.483936
46.45235
38.243668
50.79701
48.359768
51.019577
54.65312
37.538013
48.044434
49.364014
42.947464
48.610928
49.68834
52.551342
36.497215
48.210274
47.876736
41.942814
37.25338
48.36347
38.86546
41.634216
53.32784
36.76238
50.3731
38.75504
46.925163
55.28784
38.080494
40.801414
55.308598
44.48324
51.43473
49.536785
39.819683
39.10928
39.83246
43.63593
40.83934
36.569332
51.765945
42.170692
42.977486
46.433056
40.055527
52.239998
36.709007
55.505966
52.86324
47.53195
47.135826
37.893353
46.7851
51.37261
54.54789
44.28938
36.953133
54.863605
40.980473
50.285534
45.743423
43.040203
43.02063
36.83739
51.38272
44.59141
39.702793
50.1546
35.473557
39.575687
49.451454
53.18626
40.216835
48.738335
40.67846
47.562336
39.900673
44.490997
53.822975
50.321373
37.045704
50.348915
54.334206
36.005966
53.449566
55.63825
35.340008
53.739445
36.257023
42.583565
48.51905
43.710842
47.09729
46.464764
38.999786
54.0899
41.276375
48.393044
48.94638
40.769875
42.9898
54.39703
35.860016
35.49304
37.52985
53.933216
55.52328
39.852394
39.501545
48.638775
47.946106
45.382706
42.132812
45.130264
48.63357
40.455032
35.866886
52.918354
47.989086
52.971092
51.55872
48.056488
49.690903
38.91733
53.762283
37.970547
52.435497
41.683285
49.79187
37.02691
37.528347
37.67471
37.46809
48.78795
54.420765
51.159332
55.718018
41.57676
52.44087
55.471443
44.488964
49.92713
36.647408
36.671314
46.75674
53.730057
47.947124
40.50636
51.76167
48.40468
36.359478
49.053276
41.989487
35.219433
42.586926
55.73381
51.82932
50.968304
50.854702
46.49148
45.287163
35.567318
37.320866
39.79269
47.610847
47.778183
39.225643
40.77278
37.191254
38.188686
51.348404
48.28607
42.644672
51.783646
50.27136
46.838715
41.552273
38.925518
46.41093
37.384132
44.935474
39.33042
49.77094
44.74296
46.179535
47.673096
39.89613
41.973083
44.78292
41.783543
54.560303
42.359844
45.006126
45.008316
40.31009
51.82268
37.22134
55.201122
52.103725
38.441544
54.52297
35.9802
52.933537
49.495007
38.949173
49.344093
50.50141
47.87163
46.48588
54.47269
51.728664
48.967205
54.87714
47.55714
42.124622
41.212627
38.149616
39.799965
49.812874
42.190765
38.67404
44.305912
47.319668
54.895226
40.532623
37.444363
49.065884
39.060097
43.939075
36.405724
52.87224
40.646824
53.46664
47.097134
53.686634
55.512943
53.879585
50.226856
43.173462
36.00704
49.43485
43.41211
43.766327
35.735386
53.623154
52.411674
54.27906
46.027836
40.45261
49.132507
41.194084
35.69406
53.542927
35.888634
39.303074
39.505985
54.49462
40.500984
48.461567
55.468212
50.22511
53.21843
52.837505
48.345417
42.222458
37.113117
45.182995
47.10429
42.9575
37.557343
49.339302
48.897194
55.016354
40.62446
43.39697
41.965733
39.867996
54.77304
44.67612
44.374752
53.565144
37.971313
39.96649
52.80055
35.091972
39.497902
51.27222
37.692043
55.518288
38.01544
45.643612
40.99943
48.597427
47.15507
42.54594
51.32224
54.95389
52.77275
39.615078
55.767002
52.546818
43.242393
39.58014
41.024685
54.66658
44.636242
39.595417
48.178833
54.324486
41.409374
40.217007
38.537685
53.529182
55.253277
41.783836
44.346985
44.60856
42.112312
41.018677
44.584908
46.4321
43.967396
52.251385
44.166603
49.11628
47.8828
50.785023
38.79289
36.554306
39.984756
37.574734
46.366325
44.901623
37.49471
41.57003
37.367462
43.969822
41.67544
47.783016
38.8351
53.334145
38.56481
40.388206
50.626648
36.84364
46.669746
55.934128
50.448074
55.13792
44.37226
45.05237
49.737736
52.72094
55.65957
50.88688
50.864277
50.11954
50.931984
40.834263
36.25616
47.663555
45.065144
43.08542
36.01863
43.464016
54.60724
42.889393
40.31388
45.23757
55.977192
47.422333
54.28105
39.727543
44.796432
52.637505
46.55486
49.605972
48.03469
49.496838
38.50528
46.905994
52.479374
52.540062
41.16534
53.23019
54.148415
50.834423
49.44002
35.20806
47.65813
42.966187
42.5966
54.934593
43.230392
41.88443
50.22516
52.411972
50.97763
46.088455
46.827744
51.337643
37.339428
50.861904
37.94562
51.934647
53.061153
48.999924
54.266315
53.903778
47.90287
43.750153
40.46559
44.992256
54.345905
52.493824
35.634262
42.11986
51.924774
44.030434
38.01569
38.481014
39.4538
40.197323
35.43703
41.550076
45.340588
47.955147
42.255848
44.457188
41.38261
45.00075
49.86333
37.773243
47.92856
51.43094
45.786423
53.345173
36.052654
53.973724
35.213314
51.456413
44.437996
47.82818
43.330322
36.252594
42.994167
44.20952
51.20279
54.068657
40.84454
50.283115
37.05873
47.02125
36.210518
48.289154
44.74111
38.988953
41.8926
50.30922
48.783096
37.892944
51.50242
48.306587
45.03044
43.012108
55.335136
39.784077
40.986046
36.918945
41.788284
48.646374
55.084003
44.506577
44.5309
39.62819
52.913914
38.492138
45.20593
52.955265
43.010998
47.728096
50.309334
41.7422
44.203465
55.630653
39.030693
53.999123
42.665855
38.04307
36.263256
49.018837
35.765568
52.89195
54.695217
45.346516
42.50944
44.06558
45.879505
46.49608
50.89836
51.046238
42.44599
48.070515
39.7799
43.96192
47.16768
35.96783
36.85269
48.888134
50.42185
45.909927
54.320797
46.426624
42.697147
40.61867
36.32237
42.815475
49.189526
42.581577
48.664185
52.08379
41.202488
54.498928
43.581963
52.05419
40.021496
40.18483
42.216293
47.31771
38.16749
42.90658
35.244785
41.65813
40.45121
36.889957
40.643456
40.786648
53.047894
41.99237
40.863693
39.662777
49.89086
42.351585
36.80596
53.123688
45.043034
54.154503
39.847378
36.021713
40.34692
51.538776
50.837452
38.57856
38.5765
50.03939
43.414833
54.20479
43.51851
48.92302
35.217598
37.604378
38.89602
36.214817
53.56059
35.586864
53.813797
36.215645
42.935577
45.64312
37.452694
47.831905
37.253418
43.006073
39.069622
40.09601
54.092175
54.613857
54.969746
35.84236
38.341167
35.120438
41.00942
40.621845
37.538006
35.857548
49.360947
43.58733
50.88435
43.44184
37.724655
39.26325
52.395634
37.542374
45.908844
43.82433
38.891174
35.176186
43.714935
49.75164
52.563175
49.78345
54.363014
51.508595
51.67665
52.248684
46.271896
52.18514
49.547073
51.980923
35.86842
40.895348
53.318436
46.143158
54.24208
40.081768
55.2217
53.130222
40.884075
40.779274
55.93209
51.43429
36.453926
43.321857
50.363396
46.108505
35.50215
51.93771
38.73837
44.141705
36.344063
36.171085
41.05669
54.191113
51.82772
45.093895
43.14523
54.28479
40.567997
43.825565
39.32028
54.301994
43.329227
50.966732
41.317215
36.267174
45.63043
52.170353
40.550453
49.751957
49.31991
44.223404
41.954853
55.969765
36.8203
44.692802
54.629635
45.468708
38.98026
42.40132
41.256714
35.68124
39.98576
54.742195
42.797646
40.97254
49.581776
48.11577
41.28684
46.244923
54.93417
42.577
37.633427
35.601604
41.822044
35.119656
48.220135
41.05091
41.492344
41.89121
35.744785
45.740643
55.431396
37.031776
52.188416
52.75242
50.512157
38.761166
35.013897
55.05714
35.46127
45.80003
37.699757
51.835175
51.35669
38.204227
47.49619
54.998726
48.914413
41.21593
36.85381
36.418835
41.652035
43.790745
50.32023
44.0558
41.627113
37.04688
53.82572
45.9193
43.339993
38.000732
52.18634
48.543278
54.56359
55.602562
51.341343
48.450813
35.316704
35.266605
38.311565
43.905277
38.932735
52.80192
48.11633
35.096806
46.19249
53.89345
44.918617
38.796818
52.78729
52.05706
45.481888
50.428345
47.95799
47.29819
52.616497
43.446274
52.01571
36.5405
52.669697
40.899097
52.591724
50.25907
44.270454
48.05257
47.886803
36.652264
44.47877
37.995735
41.89437
45.116848
53.208893
37.221027
43.55732
35.75304
47.296856
43.272705
38.084713
45.11914
53.864918
50.691746
49.202652
36.48003
50.699043
37.65019
39.942608
36.349277
35.200184
53.864426
39.6808
47.21169
35.096245
38.60426
37.534008
54.93111
35.508667
37.873547
38.88976
47.497932
54.156197
50.12808
50.80325
51.451168
48.44804
39.217823
37.228466
38.522102
42.96962
49.593052
37.56771
39.78954
51.396324
47.197784
41.821514
37.911137
36.184246
55.888866
46.700085
45.80097
55.48143
45.66549
39.417725
51.460392
36.57933
55.471294
52.533325
48.53745
39.881275
41.840157
35.122784
38.58942
39.803265
51.196674
45.77348
48.953842
37.242126
45.193726
41.376057
40.595226
54.247066
42.072002
37.45557
49.28784
54.312836
48.66019
43.8318
37.019337
44.276268
41.299503
36.727627
46.555737
42.142586
48.67263
39.054832
45.695087
45.293953
35.244587
47.49809
43.855366
51.439865
40.781853
55.190952
42.291576
53.35756
43.206142
50.23169
46.417652
41.940258
37.86053
51.022087
36.420673
53.32209
44.118034
45.429024
35.598156
37.88076
37.146782
35.066513
37.623447
50.73245
45.56069
51.574875
45.250034
45.928272
35.63105
37.634167
48.80249
40.937473
50.71179
39.59057
50.169807
39.159863
51.540215
35.99725
40.916504
43.14839
41.11477
43.075394
53.557346
42.942566
51.92286
43.08631
36.003555
38.41433
35.394287
37.872353
51.68151
48.81027
48.589546
50.371925
52.849392
54.73752
37.297356
50.74332
42.19278
54.6854
41.91207
45.84212
52.86729
38.800873
48.689137
38.188793
37.77436
52.04306
43.235546
39.235752
50.005764
41.03059
55.38232
47.6974
52.073124
37.86526
54.907276
52.94193
49.750565
48.96644
45.928944
44.96031
51.1018
50.482914
39.176247
42.225704
54.537426
48.162354
44.753582
55.83571
36.553818
44.65322
38.467262
49.690105
42.14188
55.090054
41.256824
38.098473
54.72223
35.470154
47.78347
43.13477
38.862606
39.768288
37.767925
37.26025
55.964104
42.95565
43.241367
46.221233
36.564716
39.09039
45.475548
51.995037
38.901775
46.429176
50.99202
42.605095
53.899364
53.072784
51.715492
47.95546
36.802406
37.00337
41.032516
42.445213
38.266064
35.49713
50.244347
39.014904
54.82721
51.803303
44.661533
54.45003
45.3342
43.668713
42.37791
55.220608
51.091805
36.75719
38.582874
47.871273
46.190056
50.263763
48.12338
52.992966
38.729027
41.05602
46.910973
36.10509
40.42579
38.488388
45.68409
38.356094
55.395695
54.629883
35.582184
40.810875
45.73681
41.021725
35.96585
49.23489
45.91467
44.238644
39.925804
36.70783
43.843872
40.465977
55.96366
47.103687
44.993618
35.024525
47.398758
45.45953
51.806393
53.276028
54.15779
46.52175
44.21194
47.62439
44.737793
48.306587
52.04331
52.391262
50.298096
39.34063
45.7172
42.18927
35.033127
43.357533
44.627953
40.04223
41.205486
52.618652
54.32252
46.90884
45.477486
53.698196
49.6733
41.45486
43.469456
54.527664
37.9463
44.888523
46.79433
44.72958
39.874023
47.42484
39.17057
36.787167
38.585697
38.476807
46.59934
50.394543
40.52175
43.98482
37.00682
40.41099
54.265274
43.39052
36.198875
36.20331
51.559944
41.637127
46.452766
43.80175
52.652203
43.23563
42.579502
40.218067
39.49478
42.87462
40.830345
36.47809
41.279427
45.271313
38.592346
46.406746
42.228477
38.962326
53.420288
39.970024
40.568237
47.514862
36.586258
37.026154
36.131416
48.202587
51.993008
52.667454
42.09159
47.53516
44.993683
45.94465
38.919556
45.15626
40.387905
47.656986
39.769646
39.532352
55.623116
40.06444
45.153423
55.54274
43.01998
52.83229
37.938885
35.55133
45.662094
49.25377
47.42521
45.79137
53.44265
53.8131
50.486237
46.92677
46.644573
46.449017
44.55029
39.466984
54.345684
53.458027
47.489616
51.307293
43.886654
50.837006
48.32962
37.042133
53.617184
39.006325
42.056267
38.856487
42.144516
50.277546
42.69939
55.738766
44.348473
54.133812
53.300343
47.478348
50.498516
37.376476
43.33436
44.41191
53.91084
53.45803
43.65109
39.164913
38.717293
38.86928
54.02127
42.69811
53.483006
41.277874
38.93309
41.81363
48.605835
44.225494
36.368755
55.901188
50.658287
35.58281
35.90993
41.1122
40.091423
38.634003
35.67012
46.33806
42.010246
54.61681
42.232727
36.338528
44.051296
35.77944
43.98545
48.11722
53.745884
55.532234
52.98487
49.17338
44.136
53.069828
47.759396
39.57254
41.82513
53.91875
46.264496
47.873528
44.092327
40.225563
40.541084
52.8251
37.175663
49.24247
43.49593
48.402885
47.339703
50.389984
38.622566
39.19561
44.88189
37.48047
54.4117
50.36944
37.803967
45.17165
37.662144
43.4402
51.476997
40.485832
46.89634
37.865498
35.26248
53.278423
42.609074
48.03212
37.71704
44.868378
45.133545
49.559036
51.704376
42.653645
35.495975
50.96207
46.465885
42.42624
44.747967
54.63369
53.459938
47.274395
44.915398
42.779804
45.570004
54.41342
47.88314
48.425117
39.103012
45.022152
45.24694
36.849674
44.851936
48.178555
43.406887
51.851376
54.380295
54.285892
48.95131
39.042736
49.601414
37.959896
35.68565
39.98494
54.671474
40.207836
46.49775
37.338108
47.19298
36.87187
41.61912
40.364067
55.734074
45.732018
41.741257
55.056232
39.709057
36.36816
43.876614
37.891098
52.736965
43.86575
36.815926
43.696667
35.69735
47.716652
40.526527
42.41544
53.836395
41.814262
35.860928
47.603123
45.44148
35.271255
42.5004
50.34878
54.798466
48.898556
37.14543
48.928333
45.3738
38.575844
43.58284
35.910305
38.421974
50.416683
51.408955
40.621464
50.50924
50.58544
55.86885
49.849453
45.76551
50.858643
42.48348
40.410694
40.029118
43.53982
35.879875
46.74398
35.432724
45.134964
48.513794
37.003635
53.39384
35.27463
35.780037
54.220917
50.419655
54.729195
54.342453
53.97824
44.613358
52.005295
37.383896
