39.245956
27.762268
24.229637
23.129168
23.820724
32.56101
32.66449
28.229275
30.50556
22.597569
24.909288
18.510065
15.536461
35.531483
16.906765
40.619747
31.049417
38.6738
37.50862
35.462162
35.271423
20.405165
19.020782
15.688446
31.17367
39.291225
25.210632
31.316755
26.387732
25.140133
38.87487
30.499125
34.296974
33.93623
17.459333
40.67531
40.38913
15.83598
23.677069
20.136604
21.192375
20.226807
16.588621
31.36834
23.416115
36.226204
23.18854
21.447987
40.27887
32.938198
27.184671
25.246492
26.429663
21.285965
28.36191
28.21365
26.355486
20.304056
26.68967
17.124062
15.716343
25.400478
30.162344
21.318382
22.660662
28.288433
40.254704
37.695312
26.847677
36.039425
35.829174
15.992947
31.639772
36.02391
21.34957
36.74386
33.72653
32.382633
20.335892
26.69639
26.303593
40.111183
26.137411
23.465483
28.853336
18.842377
31.306328
38.70941
36.56051
29.975384
32.121876
23.224644
37.445023
29.927586
22.144796
30.009113
23.405294
22.97452
32.074722
40.56503
28.539349
31.395294
34.63807
15.495418
40.347294
22.455252
26.751598
16.794428
30.717585
39.13463
32.786938
40.139496
17.960762
28.451424
40.40386
36.96429
38.57827
29.728653
22.125238
28.1245
21.94023
29.220556
29.594212
33.564217
30.59487
29.139383
29.284061
25.548925
21.543684
38.313705
30.324003
34.751755
35.49017
18.461288
17.059074
28.762892
31.80637
40.373924
36.97997
35.437756
34.760212
30.188574
24.738659
26.907684
17.408052
27.35871
23.108263
32.047676
15.480564
34.94158
23.950756
35.728855
18.576511
27.381685
26.523544
40.279057
26.027752
31.097605
26.786186
36.23318
29.910114
34.86887
19.760979
25.675549
15.848681
28.271433
27.456274
24.259834
27.502277
17.224825
21.378956
21.33777
26.910831
38.09095
15.242587
19.536015
26.250603
23.70403
26.1203
37.591335
36.96605
36.21307
16.996607
19.28742
29.73353
38.682728
40.439846
24.93233
35.260754
22.025366
29.947124
17.973833
27.537308
34.026627
22.40612
28.070566
33.825375
22.978657
24.073212
39.220127
19.416084
31.749739
25.485031
25.39095
35.975807
26.995907
17.800528
28.513033
26.167952
20.659647
20.21328
20.653215
16.159744
40.902718
29.278828
33.733974
27.609737
19.184555
18.269396
24.250408
23.780636
37.32475
23.998451
15.098241
34.53337
37.07741
37.950127
35.84639
36.132153
26.99737
38.003597
36.570892
40.02661
33.192406
28.56008
16.712656
24.075907
31.932846
38.460247
37.329624
18.04101
25.02918
33.722347
28.584852
24.595306
27.390387
25.836481
26.344946
39.589813
18.240053
22.117989
20.35922
20.858286
31.094374
30.453054
15.648009
37.458744
28.795551
16.662142
24.44934
34.921783
30.646046
26.662012
28.356337
30.812386
35.00361
15.624606
23.123453
38.710747
18.574003
28.411186
30.027819
15.578999
15.077687
37.70269
25.642698
23.40448
20.968805
38.452343
28.413261
32.996613
24.449171
31.554132
19.520557
27.863169
38.14698
23.950848
21.17781
25.203173
39.519344
20.797943
37.723827
37.227364
30.289793
19.75461
23.661554
29.253582
29.04625
29.990925
18.135448
33.323257
35.50202
25.080154
25.249636
19.44641
18.86173
19.587732
22.099451
17.00656
20.23611
15.873615
15.422155
40.34312
26.114025
38.392254
33.368416
37.07778
30.527008
37.60447
19.054213
31.362637
31.731144
28.50816
21.27367
32.90174
22.982939
37.749817
35.036377
24.333988
36.300415
24.296375
22.438606
32.364117
34.977524
39.727043
38.785904
23.889954
17.059464
37.347347
27.855373
31.297829
33.98846
18.53263
33.71901
31.084417
26.193956
17.975903
40.645313
31.012106
40.528168
40.844986
39.254513
27.116314
27.137424
30.246462
26.323414
15.057003
33.611607
16.849045
39.419193
26.542953
34.068478
30.036512
29.887087
16.856224
38.206703
29.54052
26.625093
29.865522
34.300713
20.146063
38.549633
20.34103
20.61259
29.76755
21.68917
23.86961
37.760624
36.960945
33.438637
40.218067
30.211023
31.76759
35.66556
28.603542
32.248875
27.677773
30.07967
33.003906
18.536287
26.457378
23.560776
40.37734
19.680155
21.598326
17.98557
24.45914
21.108898
32.233734
16.502138
38.66513
28.997042
17.501247
28.171618
39.554806
15.978395
33.543064
27.429794
23.293806
33.95308
29.59879
17.91694
25.603977
27.420574
31.977316
33.882584
28.800758
22.460463
39.086468
22.592447
17.691343
35.73443
25.154293
35.94811
17.343481
28.697594
20.79343
16.875587
22.033548
40.58416
21.140026
37.94727
26.043875
23.671846
38.941334
26.172281
35.403152
33.831516
20.671104
16.923656
15.150051
34.432835
22.51956
21.566307
27.248999
34.303825
35.934734
25.508026
39.898457
36.631523
33.28458
22.116467
29.645782
31.443007
39.164356
37.22822
23.45913
29.62045
25.891272
28.82184
18.705696
29.28084
26.808619
32.834846
26.84689
33.79042
30.164005
19.075453
31.584885
24.685904
27.531542
26.712996
20.181293
16.338959
28.015324
28.926651
33.717587
20.327375
18.80165
24.950361
38.178146
18.165834
26.020002
18.9725
19.410736
23.3011
35.327915
17.13201
23.255415
33.090965
25.152334
32.19854
29.431862
38.863174
31.10033
32.43217
18.136295
29.090038
37.694412
40.589176
35.72307
23.216415
25.292892
37.073326
24.332327
39.743137
21.823282
27.828054
39.873947
25.794983
28.786816
28.722937
19.3893
26.591686
26.884691
29.908693
36.486202
29.992476
34.57182
39.898075
34.27879
25.599043
16.861338
17.975727
19.0628
21.778841
23.783276
28.948334
16.818151
31.410034
16.043371
34.217033
30.554495
16.151375
23.633013
33.687283
19.501757
15.604761
31.408978
36.1271
33.1965
37.865147
25.991632
33.24279
34.6263
39.64197
18.722864
28.9619
28.76812
33.388165
23.88012
36.196537
28.092989
39.687332
35.860447
32.705605
34.90819
35.52656
39.628563
35.583035
27.769411
37.021877
31.365557
34.369476
23.619123
24.665161
24.95981
23.818434
24.79394
26.226004
22.749495
30.943201
38.59231
29.068703
39.75585
33.12948
24.705412
21.83426
21.539215
40.819004
38.487827
25.189043
30.76476
17.55287
19.780983
22.656298
30.582468
20.008871
33.801117
37.423668
20.00601
23.075397
24.46488
23.459251
29.617722
15.975155
25.44953
37.270786
37.13195
32.98512
36.270943
28.206894
27.616667
40.39491
39.711563
28.326368
20.503271
26.003916
25.041716
25.55087
32.907104
32.678246
40.651512
34.068398
22.23629
37.271736
33.94693
23.76931
32.584057
32.561028
27.66247
23.873672
18.979832
18.752825
40.104156
40.848137
27.216892
36.592236
34.260372
27.212467
40.679543
30.134275
35.2045
29.900406
17.360271
33.83627
36.762
16.466354
36.087452
23.787193
39.02607
38.618958
26.87677
20.61056
21.979662
29.314522
18.274569
27.860806
25.21812
23.957706
20.578924
34.57874
27.565454
20.133867
25.904352
30.079805
31.238596
23.736877
22.198566
21.019747
27.137836
28.35821
40.524868
15.315262
28.827957
15.36752
17.191246
26.593134
32.823383
36.24192
32.637413
18.499405
21.902065
20.390583
37.38353
26.42089
40.34652
38.973278
29.799461
34.954586
39.24695
32.025887
24.971027
22.806124
20.30001
24.582878
28.519709
26.706749
33.89826
25.426273
15.874929
20.40889
35.729084
35.592384
20.203058
35.853695
19.588234
30.832315
18.964876
35.19949
26.66195
22.84896
17.903334
32.55848
27.142971
22.3228
40.15598
15.009535
30.719536
40.490692
29.14155
15.738252
16.212849
31.356375
30.887785
24.001118
29.437273
37.488266
30.547552
33.01881
40.21887
16.799648
40.993046
35.874382
20.431719
15.708304
32.582817
27.025263
32.89777
17.637043
30.464014
39.13379
38.04485
30.943588
17.102259
19.579014
21.328697
29.057722
23.124199
20.233456
33.598824
39.855507
31.012833
33.87147
16.824253
37.114914
17.71328
20.92178
26.89403
18.27408
23.786749
19.184732
37.56876
29.652933
40.393063
30.605766
37.083225
28.800806
37.087112
23.229574
21.386486
15.697199
27.182268
27.055283
35.554615
26.159698
35.263805
31.671093
17.52274
40.002613
37.327965
17.26762
39.95661
27.241795
23.977427
18.912243
38.820553
29.955534
31.12145
40.81263
32.99717
31.288465
18.709087
32.70565
28.175825
20.524738
38.166424
26.478762
20.15044
18.158823
29.413881
37.663967
35.65372
35.456615
40.607212
23.540337
26.90361
21.12656
26.075855
29.239119
33.14914
27.409958
20.324932
35.46632
24.676697
17.151499
38.422268
26.240707
21.974035
26.22563
27.609306
16.390965
15.04814
34.07121
29.554977
24.46394
29.254488
27.026442
31.314058
25.166574
40.418983
22.657969
21.756742
26.497349
37.52021
40.34252
19.003595
18.318773
25.748476
35.98639
23.230272
35.280643
28.369429
30.957539
16.09886
17.724514
38.493893
17.057041
39.027824
35.48299
15.591857
24.671041
37.53013
17.333208
26.387394
36.12135
39.929157
19.272038
27.632635
18.672255
17.9046
39.751236
23.182724
31.653109
29.525684
15.544017
31.780012
39.72064
32.69653
32.01019
25.004591
39.41193
18.268597
36.185196
32.95959
24.828522
37.467796
24.339134
20.433489
28.543884
31.738785
15.435019
40.51798
37.641132
22.62667
20.261217
39.958847
30.164724
26.89639
32.921265
18.878584
40.20931
31.73257
28.834919
18.933239
28.370947
38.56778
25.43749
22.452478
32.350243
17.854702
32.360287
28.660522
26.124022
26.927748
19.0331
19.687016
25.291527
38.992302
27.370432
32.750706
28.953112
21.23478
21.486364
35.635128
24.79387
26.064356
23.228622
22.374334
33.921577
17.577183
21.73067
26.928028
23.447739
27.476603
19.151283
38.54925
39.802593
30.887884
29.304342
27.534203
34.339256
20.773584
38.977207
38.092484
22.909191
31.985731
15.394323
18.187439
22.780706
26.383623
23.503302
34.370136
37.52401
26.901068
39.544056
18.866749
15.300899
16.964497
36.707153
40.478054
34.37411
22.243465
20.595837
26.210989
21.590738
32.357628
26.676788
24.986092
37.096157
16.86934
20.938017
22.250973
35.59932
32.658623
26.567852
18.878775
23.137226
36.607338
21.627285
27.341908
24.475834
16.411928
23.408602
24.825212
32.036644
27.299248
18.456411
20.678965
28.55262
27.437479
29.072966
36.411034
16.534086
25.914312
27.53773
26.27878
34.064667
18.29709
36.242027
39.465157
24.449303
21.994677
37.47267
18.809725
40.800865
38.90845
16.67421
30.114252
31.778744
20.189848
29.677696
38.153732
25.382364
29.31449
21.604492
38.697655
27.954435
15.137961
38.936882
24.082514
27.363272
36.11598
34.592968
25.17556
24.710384
38.451645
24.751509
32.930946
19.849106
40.57514
39.64306
38.163345
30.501854
28.066319
32.55699
22.650496
38.82821
22.898085
19.909693
22.22477
38.92279
30.708742
38.37738
37.12544
37.911526
35.703888
24.817759
16.556915
34.066746
32.74359
20.987848
15.134714
33.67601
40.188164
33.91115
38.69967
22.276596
21.155918
32.155373
15.842221
21.306948
18.988852
28.252726
19.402536
28.22835
24.927288
16.028027
21.198372
30.734608
28.262136
36.695457
31.281635
25.794392
23.563393
19.24311
16.135712
23.960402
39.97623
34.84514
20.399645
40.631443
32.030968
35.824482
39.941418
16.767973
29.930883
23.034922
24.401558
17.938591
27.861847
37.43937
38.68949
34.514477
19.510403
18.131992
21.339014
17.330639
16.681904
18.085016
31.115456
38.19736
19.678007
38.496735
15.816064
29.272156
18.922771
18.775425
40.816364
15.491986
40.219334
37.914658
39.589138
40.017494
26.97408
26.298552
34.15896
21.95538
21.742891
36.821423
36.25407
16.502102
40.534092
36.614243
31.778734
16.091433
22.445301
29.64127
22.152945
35.130444
34.41649
33.963223
22.052801
40.47287
36.149097
33.55916
38.133636
30.905836
31.571154
33.25747
39.429283
33.615288
20.62094
26.54694
37.294792
27.847527
18.57676
27.822264
22.996105
19.798592
19.678038
22.963861
16.349133
28.140299
19.36297
29.060242
39.171978
26.531103
35.090576
21.551743
28.737816
17.961946
25.420069
27.107744
28.902382
21.851727
38.788002
35.145103
36.12874
34.433918
33.253822
20.05381
40.243374
40.165398
28.376917
27.91656
29.431551
36.640423
30.3434
31.792078
15.716017
21.807196
35.478466
34.477844
24.962214
32.161373
37.360153
19.075962
30.31425
16.030397
28.892988
39.656696
15.8898945
33.064373
34.90508
16.847366
36.549034
25.613787
25.099726
36.269985
17.59903
19.801188
25.52277
19.409277
25.411533
25.783558
23.099459
34.713352
40.099365
19.953894
20.249657
37.51255
36.6382
20.645088
37.107838
38.687702
35.11677
25.27611
31.454376
23.927174
30.160547
32.81992
39.10722
33.88285
27.997679
22.974562
30.22807
16.568369
27.122417
32.48325
19.764875
16.938623
27.059887
33.676323
15.0824
22.747784
25.34758
26.497257
18.725298
20.503744
37.522644
29.027046
33.213146
32.620144
32.640453
40.835545
33.784508
18.71281
19.648718
24.365465
28.087141
36.395638
21.80276
21.994057
36.95409
19.901678
27.231354
24.419535
17.6104
30.388365
33.74896
27.583742
19.922865
35.881546
15.058864
26.46946
21.635233
29.471155
37.603226
16.800297
23.923893
39.592094
32.489708
31.922972
22.064152
32.00708
21.160822
39.9663
37.514748
29.453936
18.770857
23.748152
37.30841
19.82795
37.59665
20.841047
16.278757
39.24074
34.23224
29.709099
35.35895
30.330126
18.803816
21.89338
24.955122
16.791325
25.990135
33.849773
40.227604
32.257957
30.24502
17.232872
15.005646
21.382002
27.292248
25.171326
39.016327
19.245142
36.699562
24.394634
31.125944
26.079538
32.13735
36.948208
31.372322
39.684357
22.788792
22.673061
34.708916
21.89502
15.302251
36.628403
23.586824
17.995413
18.662823
28.199863
20.768291
35.058907
28.408957
26.763065
36.095375
34.862324
29.731302
26.461653
19.330095
39.23765
23.16476
21.910902
17.637392
24.509518
31.82108
15.4524355
20.799799
37.012127
21.40816
40.96258
33.832886
37.587585
17.643534
29.156286
27.313
19.43823
36.093346
26.830523
38.434044
40.7388
34.954445
17.55555
22.577433
39.009933
37.84612
27.949326
24.009628
24.412788
33.28916
37.85986
23.214128
39.845135
34.224022
20.532204
29.319855
27.002628
18.655888
22.151295
17.105536
31.41457
23.313513
31.02871
33.139683
27.871681
34.06994
31.140995
16.758398
28.634167
31.796972
28.729044
30.788263
32.341503
36.31174
38.23253
20.189228
19.64108
38.122395
26.960323
24.122381
28.21111
31.79138
36.587337
16.340178
21.07377
29.908535
31.82004
26.251692
19.877943
34.902565
20.387571
22.533094
27.176424
35.21835
29.892086
32.733585
40.630825
16.748753
21.991629
17.969639
29.548021
25.833542
30.890635
21.505466
24.185213
18.624296
29.1777
33.785187
30.856377
39.163
31.677185
24.312275
21.0311
39.133396
29.17064
16.664423
34.337456
39.91797
34.596085
32.887066
29.663828
38.329704
16.647476
25.526348
23.40027
37.18677
25.573854
29.642439
19.268164
18.759342
17.416876
27.286606
30.157707
17.041862
31.927622
23.130667
24.925917
19.790194
29.967861
20.204844
34.203533
37.312035
22.32796
27.030289
20.91745
24.110252
27.583113
23.825
37.455963
31.652628
15.861461
31.917019
38.187355
15.777868
40.212154
27.016298
17.38804
20.5465
19.638376
25.576777
36.544647
19.706661
29.799747
18.122742
39.465202
29.368595
18.890577
20.118618
36.667736
36.96796
33.264767
19.728962
36.11028
34.146954
16.00521
24.645435
35.484566
30.793547
39.824955
31.050205
40.016293
28.152906
17.439331
38.740192
40.998142
20.661535
37.86276
21.454273
28.127337
22.953323
29.960812
18.525524
23.127834
36.348194
23.027657
21.12324
21.107862
38.05772
30.160885
33.554516
25.636738
28.328522
25.77023
23.362743
23.62068
35.793007
33.683594
33.290478
40.715385
19.40839
15.003309
17.566689
21.233995
24.538727
33.117455
26.43351
34.29217
34.97106
35.085518
36.345142
22.27777
39.955566
21.994696
26.851692
22.640757
31.720915
29.822498
28.823257
35.469753
32.339973
16.843334
36.37469
29.354782
25.307154
35.68118
28.619022
36.63147
32.73769
21.737421
29.207607
18.260218
25.710356
28.912342
25.507664
36.31449
40.949
16.29078
39.222893
34.335632
19.774632
17.776833
22.280514
28.657284
21.058517
28.53952
15.888096
37.21071
38.768238
15.5707245
36.80612
24.292988
32.622307
22.658676
31.087328
36.313335
17.355436
30.644754
23.801476
38.628384
38.14521
39.958256
21.594177
25.235565
40.86244
34.113316
35.321114
17.314405
25.981092
24.104023
26.453957
25.38873
24.22021
28.448345
35.47193
25.228481
28.288906
16.008312
39.033043
35.518097
30.466969
34.653423
39.36152
17.78904
36.17735
32.336227
29.993156
28.14731
25.193203
30.21337
30.787825
27.922478
28.670927
40.072483
27.948383
36.522945
27.812
32.51466
29.677988
22.5029
26.630249
30.094233
21.062723
18.12953
15.037493
34.93202
36.784092
40.584957
37.259342
17.195206
21.34604
19.345272
30.454264
29.276402
31.64371
36.250084
21.332842
34.506428
15.906162
28.30888
24.560505
16.799799
24.313036
25.386461
21.775814
40.75888
29.914972
27.567741
22.167725
20.452074
37.88041
24.22299
26.729074
29.333387
38.546314
36.57778
24.539865
39.585213
35.268032
27.937616
30.732775
36.543026
17.643507
18.625341
22.154583
24.800253
18.32973
24.160315
36.16111
39.093426
39.37428
27.24132
32.46955
35.13226
39.752525
16.691027
29.540907
23.166216
39.63095
37.677998
31.576578
18.268574
30.769873
15.252885
25.886972
20.070955
34.43366
33.518745
19.126352
38.995758
30.194345
31.601019
20.686941
39.910866
35.094463
40.991005
20.406628
19.570446
28.77759
24.807283
33.6685
23.20766
36.40011
18.052828
17.956665
38.209476
27.405357
31.041178
18.981758
40.9308
16.571285
31.823275
19.60075
28.394594
30.135456
17.667307
20.929602
17.876486
24.2562
20.42701
34.283573
16.187054
37.58638
21.979694
24.87882
28.841663
18.316246
27.82339
19.590317
37.2474
34.684483
23.393219
25.484846
39.538433
16.661606
38.690357
27.33425
25.755772
25.277462
18.412548
34.862892
24.694096
24.894604
28.93347
26.094618
25.928053
16.622017
20.198826
19.838333
24.282179
28.018587
21.890343
30.087688
17.323114
19.253437
23.054472
23.909094
17.32978
22.970198
24.800863
26.253725
29.636549
30.24498
30.64636
34.052914
19.24649
24.232796
38.613438
29.942719
33.176144
26.364819
19.287746
17.012255
35.12026
33.2889
28.697636
34.081688
33.71444
26.138395
26.099182
36.189693
27.92547
21.169392
36.533504
39.20636
26.913681
26.32398
38.36881
28.786587
15.088579
31.857386
20.947876
20.240036
20.01845
40.809242
16.932283
25.317858
23.356598
26.80447
37.96801
30.402472
23.01133
34.436672
28.892668
40.135666
28.41375
33.31723
22.862822
25.131569
21.926882
18.765623
29.500616
38.094822
38.1916
22.0718
30.442068
35.40071
31.519272
37.278835
35.51513
24.992731
17.318005
37.514294
28.183783
26.314505
18.978834
34.041225
34.865227
29.916676
32.650124
19.404888
33.260254
31.365828
16.892906
22.318737
23.932835
40.131283
18.336891
34.26343
39.032894
15.236899
22.146236
40.165123
24.277199
33.63894
21.356207
29.974327
15.086274
16.527254
37.95628
36.4844
15.12113
27.046013
26.972157
27.308529
37.37167
36.291405
24.738693
19.576866
36.419422
36.867657
30.057608
30.62049
39.530415
28.769
25.998348
26.676388
21.829716
40.904034
36.72746
38.477818
34.96737
19.190317
39.941154
25.486904
19.406157
32.82077
25.227886
21.481506
27.74483
16.039873
20.002037
21.22584
34.336136
35.566425
31.526875
27.034529
32.867184
15.660973
29.984364
25.182302
34.540424
23.759836
37.55135
31.316584
35.026623
39.584023
40.00612
15.297875
16.45706
23.680094
22.516247
23.222866
33.380234
21.46141
25.948168
25.777784
34.829205
15.992023
24.290783
31.524607
40.428757
16.99176
27.599903
15.240285
28.8174
26.839931
38.247307
21.009256
39.567364
20.716383
35.197594
27.412075
37.25644
19.442453
29.537989
31.85807
16.378744
32.070732
22.550741
20.877525
24.377218
36.82132
29.244656
33.018948
29.238781
31.573668
35.451767
24.889572
25.813866
38.796833
31.347162
32.832325
31.305206
28.53737
16.564339
36.750053
31.21646
26.882902
37.955505
34.667908
20.459467
36.180683
16.485632
18.767319
40.289646
17.214401
34.751064
29.830122
34.272182
18.528694
17.177881
21.29894
33.577484
26.139711
23.08227
18.490017
33.56244
15.981431
30.46448
22.887285
21.81481
31.61121
33.659996
29.901491
36.621296
38.93438
22.78598
20.995832
32.16544
36.006577
27.297974
15.6596155
40.669792
27.333746
29.911299
29.35398
26.167528
24.513678
36.643612
16.258905
27.621723
24.549181
25.799421
34.4182
36.706406
35.711864
25.34443
19.709312
19.721586
18.446852
26.306938
21.957348
37.835175
21.4825
39.595524
29.46778
27.127943
27.045635
30.936728
35.2699
29.763395
37.881523
37.513283
33.443153
22.012514
24.639238
36.32307
25.041008
21.83421
15.10684
36.280735
40.33227
28.245358
38.7671
23.64854
37.347076
18.810127
25.193426
27.509817
18.045061
32.2364
26.916843
36.687973
18.815788
18.28789
22.568842
27.76586
17.476402
25.003672
32.341103
31.67481
32.44932
33.56264
15.102073
39.69962
17.382631
24.038511
32.87156
18.685144
20.118568
32.76177
17.77846
17.732185
20.620472
34.038113
21.112974
32.734795
22.236217
29.568707
31.63354
16.738024
28.506191
16.075668
28.900034
25.284685
29.616453
21.35702
37.0786
32.671535
20.552814
19.27846
23.399834
33.349876
27.029135
23.055065
23.250795
38.582382
21.343212
37.58419
24.7428
27.907537
40.456238
35.561577
29.520575
23.964937
30.796844
18.645876
21.564865
19.79919
32.558372
28.032454
25.789305
33.887142
16.588018
16.455624
21.343714
19.822515
17.359203
19.859077
36.70985
28.844109
17.973423
17.757563
32.911907
28.208063
17.655586
16.658474
37.46294
16.781746
26.786802
18.820314
19.029696
27.17615
15.16121
29.095625
39.22214
31.235764
19.858534
25.639225
19.400352
34.769268
23.891573
19.85825
34.940228
30.031332
29.617964
21.138767
27.010798
24.655338
33.79812
20.60436
28.589794
29.48872
16.136282
27.445341
39.18038
17.09708
20.159311
17.202911
39.490883
15.580251
38.36776
33.800835
35.200577
28.782839
38.736504
40.08785
31.858486
37.983826
32.847183
35.187256
28.948471
17.714172
17.202358
19.045881
38.20268
15.478403
22.601254
17.232708
39.356777
17.845528
29.849699
34.258274
23.714245
35.62669
25.531797
15.469083
36.123257
40.671284
29.088541
15.916986
33.268597
40.190376
30.028599
19.511723
28.542328
29.455515
15.739153
31.235456
25.180767
30.223236
22.069643
19.231413
29.841671
28.299742
24.62896
16.174366
24.344336
33.287395
28.566616
28.48898
25.90666
32.74404
36.501076
25.702665
37.887066
17.738073
18.21344
32.502842
31.775423
35.09676
37.74231
28.914206
40.976086
23.522114
27.595692
19.41978
39.78733
30.188204
39.938427
23.820261
34.905415
31.435652
28.81867
29.15931
33.76777
39.743576
33.76451
31.138277
30.09865
35.28616
23.411987
29.101871
16.131947
38.07049
40.2182
26.89714
21.159622
33.904263
21.768435
30.691256
27.290611
32.25639
38.703655
36.179295
27.603853
30.45056
15.874968
35.521492
39.24043
36.571133
25.974024
18.820004
20.403597
28.962837
33.593636
29.97857
27.721899
25.270117
24.440258
16.38408
28.97929
24.588924
31.250223
20.00726
39.82756
32.49324
20.854065
22.240412
27.770243
16.45055
37.788467
26.073383
28.44335
28.45495
30.872826
31.05454
40.01735
26.583477
34.247623
16.891834
37.405872
39.6208
23.51427
28.519686
18.89066
36.899254
20.82122
26.990643
27.758472
25.065735
18.008747
26.646458
34.594597
22.613882
28.254786
33.68143
19.98882
15.709452
22.056889
22.431602
28.58366
33.08871
18.840395
33.506527
37.630917
15.624167
33.000477
24.226097
40.52142
17.528883
18.765825
36.73311
20.114279
29.110071
17.914331
36.622894
26.115593
35.48464
24.07613
16.96464
35.243122
37.73379
29.127043
31.184628
28.462038
16.600767
35.005463
15.439914
36.18837
18.025194
20.178331
40.831593
16.030481
34.559578
33.936943
34.09006
26.37529
19.027813
25.720875
28.210337
32.92477
38.662624
40.748405
33.923782
20.149572
39.39823
23.374414
16.863136
39.550476
20.996567
21.801788
23.811157
25.604662
22.249733
24.039925
18.518688
24.322662
17.628435
33.33406
23.23631
22.45316
32.435505
33.681694
24.324343
37.54662
24.775625
24.507412
27.08926
18.325108
37.466774
30.08511
22.340162
39.1044
21.395956
31.876566
29.067291
39.375954
19.761091
26.597963
36.115154
30.07993
36.143055
21.53104
36.756107
21.587036
36.416157
15.363084
29.665934
34.955547
21.132433
19.670113
17.96111
17.641378
31.204475
31.05012
24.678215
27.512772
29.463545
34.86837
36.35913
22.75761
15.984135
36.594288
28.251343
30.070084
29.943117
35.789597
35.040897
29.364841
23.221037
40.949875
26.006262
24.190577
24.95511
20.606861
33.014545
17.001278
17.817898
33.36634
15.877189
19.492262
25.92259
38.886578
24.24054
32.319412
40.94532
27.194805
38.407314
35.693848
19.30682
33.19437
19.268238
26.580606
33.070248
18.732737
35.868835
19.528793
36.588913
24.180555
26.044487
34.52183
37.877132
37.11469
29.02768
36.66049
32.17934
25.403059
32.9645
36.977455
39.277103
25.756838
40.87313
19.23131
33.700584
16.645548
37.73537
26.138807
16.20046
30.363186
35.132797
20.178438
21.588306
24.988647
16.12253
18.834417
26.367819
31.001211
39.893127
33.949173
15.456293
31.39199
17.14943
29.71365
32.735184
36.2548
35.14585
35.748634
19.170498
25.044968
31.820795
22.716627
24.808308
23.962246
21.580627
39.952583
29.077524
40.24395
16.93976
21.713205
31.52161
21.547163
18.444225
36.818264
30.332817
17.053822
20.089167
21.69383
18.876986
27.450098
30.786541
37.12599
16.773924
35.511635
20.347378
24.3951
36.037823
27.668653
32.913773
18.884352
24.28409
23.630165
15.808889
34.7428
18.073519
29.91396
21.36905
18.731829
18.09153
21.959242
37.480076
16.995308
38.04984
18.391289
15.26087
19.167635
26.949686
39.962597
35.620354
23.970058
39.660393
24.712614
18.259584
17.244574
39.643772
27.968103
33.099113
17.23602
38.09458
22.94896
15.082324
16.85678
17.768934
26.949167
36.83869
20.654882
15.337286
39.33032
29.78662
31.255085
21.225313
18.895134
36.91372
34.15383
16.59566
15.600971
19.693054
32.922886
33.375362
21.028477
39.377163
25.112682
25.048267
37.53801
35.25727
28.445284
15.308683
37.626614
33.383373
35.248238
30.61197
38.640884
16.711605
26.504322
23.159744
35.706127
33.678394
31.378624
38.921787
19.499792
34.79672
37.63314
20.923744
39.327267
34.027958
18.95045
33.219105
35.85069
21.403477
16.86185
15.715971
27.776451
25.653372
33.711617
38.343506
20.824776
18.445438
30.887957
30.919952
31.38467
33.245667
23.412521
26.523565
33.400265
29.78225
27.904099
37.169712
19.239557
23.628305
27.918581
35.161903
23.564192
23.514233
24.71599
19.611443
37.548943
16.63876
32.616768
15.309807
31.192179
40.468536
24.283302
28.38991
23.91371
32.29927
20.49905
28.026741
26.153847
33.197094
23.316359
39.804913
29.26778
34.84712
26.805532
34.320076
33.65179
28.306753
34.0614
34.08308
25.743002
40.69467
32.61007
38.860294
25.301872
15.44187
24.907288
26.210344
19.216795
17.88961
34.231243
28.167068
24.962654
38.739674
28.946411
26.770414
21.800344
17.14552
33.851414
34.46143
26.8218
37.078735
26.122643
20.234507
18.025152
19.013283
15.226778
38.879417
31.747242
25.940823
17.099138
28.647718
38.98577
28.263512
26.871119
32.24248
20.410934
24.20649
37.478798
23.157293
23.19653
17.050346
33.596165
38.079952
26.192995
19.704676
23.510191
24.328138
33.42005
26.926947
35.79132
39.098927
35.374058
39.836666
18.911797
36.690865
27.225397
18.282986
26.32557
40.79681
20.62366
36.094673
22.947302
15.467711
23.533625
24.274433
37.454414
18.411917
30.29243
25.795433
34.384846
17.921606
31.908594
28.81598
16.614605
19.907349
28.515959
30.84903
20.472967
22.273735
27.850832
34.7064
30.48952
28.183561
19.638103
35.883343
40.5661
21.63489
29.852234
40.45714
29.227966
24.214844
34.961563
38.544384
32.532406
18.895927
28.469479
40.89447
21.19926
23.305077
34.33356
37.292854
24.576777
23.022657
18.173904
17.10554
33.167355
19.158056
15.574383
16.517233
33.611813
23.700434
25.235697
17.79857
17.26686
36.957718
33.25666
21.283697
35.809574
31.77382
31.400196
24.647583
28.663738
35.15355
16.843157
30.543205
37.466946
19.426601
37.61412
28.69192
16.283537
26.146528
38.690887
20.11604
20.817404
16.547457
24.559534
23.360876
31.489899
38.570866
24.92938
15.274128
39.92201
28.226616
15.253374
16.1938
28.096233
18.366913
40.72092
17.24146
20.272436
16.828829
35.470325
37.8259
19.593313
32.34049
25.910522
32.432907
18.238855
16.58791
34.246887
29.310144
39.975636
26.404007
21.573524
23.751745
38.995464
39.168224
15.224422
15.345511
37.049343
35.194633
36.46856
25.766232
26.056503
33.1384
38.089005
15.481936
15.604529
30.264875
34.903732
22.085493
18.055561
36.802586
15.865886
35.87225
26.334732
30.540834
40.02383
21.755085
32.90096
20.334549
20.3264
22.641426
18.886436
39.243504
15.026356
23.992521
25.940073
37.659973
20.26508
28.443455
25.921402
27.96836
23.314203
35.08306
15.265357
15.032212
37.904846
18.27615
33.574596
39.11862
31.092806
21.756111
31.794914
17.74684
25.188059
21.1242
18.190598
16.387434
22.41954
29.862507
26.260414
22.94032
16.211239
40.50078
37.721237
19.484331
37.213223
27.673035
27.73517
26.918089
26.561287
27.458036
38.667313
29.801268
35.231495
27.618464
22.835194
21.957363
34.810986
18.136763
33.94718
16.213537
15.523922
32.79142
19.226027
34.03
23.931648
24.425552
39.57504
26.710901
21.368607
37.03043
35.56818
29.390696
40.880665
26.799788
22.531727
26.054213
31.200142
27.906408
26.533985
24.475897
31.121798
34.910736
40.710823
38.152878
28.53671
26.431938
18.028666
38.058636
17.336031
31.99507
34.32289
40.35845
30.414127
21.813639
32.248432
25.104706
28.08079
15.675165
34.64065
25.36969
16.334673
30.067934
38.708458
16.275408
20.655312
16.220425
28.467922
28.944355
18.238499
17.82054
17.873478
17.522251
22.930048
31.84
23.215122
32.11309
40.50542
37.109978
22.52389
36.718857
23.397823
35.077183
31.96415
17.090715
31.494947
39.51543
24.490133
38.77542
29.20464
28.875792
16.405457
20.58017
30.632292
40.42925
16.888151
27.18102
16.417896
33.38889
40.030132
34.664524
23.548248
36.794434
16.488794
40.41911
23.289852
21.10009
32.4598
27.98227
32.280697
24.127378
33.35392
40.201473
19.774128
32.32784
28.297138
28.381283
38.045574
23.14622
29.372042
38.965996
25.053095
33.6829
34.379856
32.746708
16.585106
32.825077
23.82632
40.58351
15.33392
24.54942
37.82091
36.198128
34.60113
15.194529
16.627731
24.719112
28.671108
19.159893
23.717806
37.351307
24.281319
23.708586
30.346184
29.793137
22.073353
32.334248
33.913765
38.839787
29.426092
21.49854
32.67244
31.98725
30.652485
21.453499
18.693579
16.791742
33.184074
34.333935
27.443628
26.240849
15.072366
29.738148
19.796995
21.4573
17.903864
15.611028
36.865173
19.683155
38.055504
28.401752
33.632393
31.681705
30.109962
29.189014
16.061945
18.446272
39.205242
27.74991
28.073599
24.419617
30.110653
36.39435
33.591434
17.304554
17.901281
19.794983
20.722645
24.985867
40.24565
36.013462
18.051798
34.085567
36.526413
23.456898
29.021286
40.237957
20.281347
38.594223
15.417557
29.297976
34.78222
15.920308
21.09408
17.385666
22.961424
38.87637
36.23575
25.921667
24.351578
34.218437
28.705841
29.623003
19.220705
26.67135
34.3154
22.805405
17.66579
35.61394
18.216305
38.277905
37.07002
31.011772
19.04307
29.617344
39.03413
21.847036
31.91477
17.674902
16.65987
16.890823
23.957315
37.793728
26.89362
28.821308
26.617592
39.406155
38.530804
32.41199
24.714888
34.431046
40.43689
31.797401
38.91127
23.206085
28.558182
22.669346
36.081448
16.567003
20.375872
30.664988
38.924004
38.124985
25.599255
33.178757
26.079643
21.795588
24.099178
40.363285
37.0085
16.196886
24.350313
24.180288
19.927341
15.661551
15.980975
30.020449
26.21883
35.29699
24.421728
31.632164
18.898842
28.779636
16.099157
16.88214
25.964188
20.383993
39.13871
39.216537
15.741864
33.123833
39.120632
33.59961
30.722332
32.822628
32.07557
24.177431
30.783142
15.432007
15.611526
31.947565
38.195526
35.98169
15.8313465
22.311153
21.355434
36.17117
24.530153
26.542198
25.791811
33.802906
34.054535
37.929466
17.67874
17.008772
28.160505
34.6296
36.81439
29.53593
40.224804
21.115866
38.82857
20.235245
23.24412
24.514961
24.241974
38.334816
31.19949
37.095257
24.924063
22.083189
20.568138
39.70281
16.482866
29.91121
20.032639
31.03735
28.16875
34.38845
25.767326
22.318626
31.985624
21.93965
37.074482
28.114073
27.876804
31.538443
18.597914
35.882164
34.0891
31.41025
16.859085
29.131342
15.117577
30.153019
38.441055
34.002728
15.994663
39.624073
32.78806
38.55547
37.111225
25.443184
22.293688
18.066792
26.243446
29.02652
22.11806
18.254547
28.008263
40.69299
36.004665
29.488226
29.581392
26.574047
22.259958
34.77511
39.185814
32.8099
38.013924
26.591469
24.594938
16.829527
21.897474
16.474375
32.69343
27.38896
37.352497
40.69793
40.00014
36.481544
18.933058
25.328405
19.98123
31.236076
32.16125
24.485975
27.968063
40.482967
25.768877
30.736473
34.543213
30.795687
31.486065
34.19475
17.369207
20.504086
28.930681
25.14196
31.608557
27.428204
27.607332
15.742241
38.319862
30.895645
20.54239
27.790092
22.513678
40.982464
26.661585
31.32776
37.9131
17.857077
17.659191
23.442833
29.887903
19.608562
17.813026
27.589314
39.51733
30.00524
17.966969
19.37124
28.285559
16.256334
27.732817
20.886045
24.525105
17.038986
28.855898
20.445606
15.39727
36.804836
23.6439
21.776129
35.93513
15.694866
27.375967
40.643677
27.473305
37.268105
32.689205
15.260408
21.65015
20.689293
27.082294
15.797278
23.091764
34.022537
19.881016
33.8621
33.87363
40.84245
18.27802
34.897682
33.904434
37.50118
35.389336
29.112854
29.487999
15.079289
22.662588
39.779953
25.493109
20.300251
30.427055
33.51552
30.797247
23.502918
15.893244
21.506685
35.969204
33.143204
21.48972
19.553894
34.51675
39.23567
24.067549
32.271355
22.449467
16.647667
15.207746
38.81978
25.393085
33.223206
30.63473
40.141666
22.040596
33.340515
22.56886
34.82767
15.336646
28.696932
38.743675
24.463152
18.465588
38.866463
29.768597
29.587378
35.44992
20.490063
16.535376
40.24339
29.964615
33.83542
33.44666
38.504887
40.83419
18.902615
31.387665
38.33709
30.603254
40.253963
20.56696
36.681786
32.55748
16.310692
27.620008
40.75244
25.620886
28.986252
39.699135
20.183556
31.666594
19.215319
34.666214
28.898941
35.952045
35.18963
22.95939
30.347067
40.62602
34.92618
39.22283
27.097094
39.553585
29.170303
38.36843
15.697547
30.066519
38.575558
35.3811
38.170258
27.670418
26.604366
20.884329
36.54537
21.22624
30.657757
19.250187
40.438953
28.672672
18.569494
38.86815
23.832968
28.967136
15.789409
39.079613
27.937956
36.597088
36.332623
27.240086
26.30218
26.74951
25.88585
28.388607
30.176464
22.025425
22.338911
31.08401
40.552338
23.44751
31.449003
40.11026
28.261696
27.432741
17.347324
33.95815
33.059425
36.38838
33.16198
24.258217
28.706177
17.638311
36.158127
37.669804
15.726592
37.49827
34.485786
40.12382
16.739077
20.492043
24.877607
26.771805
17.03637
33.937428
18.453423
32.511414
37.441868
33.429153
39.16535
29.538658
31.374872
35.107613
32.356636
24.019691
35.52865
36.025963
35.409367
25.680052
35.59832
28.414438
22.520744
21.876877
27.09144
39.1896
25.274384
29.549637
38.412167
40.667625
29.862747
36.337543
39.130737
30.11442
24.568623
34.106853
30.63317
30.501827
37.428093
16.148891
39.191677
16.63795
39.87438
27.389622
22.904722
39.7009
15.601379
33.094303
31.926085
17.129225
30.88769
39.75569
25.935717
23.80846
15.186336
40.12197
37.900757
30.542229
26.912432
30.650526
16.833307
36.907467
35.05037
16.066435
40.472275
27.767353
36.454163
28.159426
19.59983
21.951721
21.528996
16.470808
19.048628
37.913624
19.358969
31.101824
18.364256
24.53204
25.285486
20.517548
37.558025
19.654522
15.44272
21.925472
26.418407
16.45993
27.821005
16.575531
25.445158
20.270224
36.05595
29.158379
16.628344
30.051592
22.33059
21.371305
39.015236
39.519066
33.52974
28.676298
23.291147
36.49505
30.100267
20.292269
29.446125
35.971046
35.947895
25.543587
30.00747
22.183218
26.140604
30.829647
22.288881
25.936161
21.190712
40.685226
18.640142
21.395727
40.252045
29.669031
33.777004
23.620419
20.6957
19.147846
40.929146
26.212322
30.217295
36.43633
17.764715
19.642317
39.880486
21.207542
24.833279
39.040627
40.31613
29.606909
39.61458
19.542622
38.6733
24.082317
22.16881
19.641117
20.85787
26.585775
21.854773
40.420216
40.096313
20.506935
24.615452
31.032085
16.926876
16.466574
24.926338
22.326895
25.347115
40.92802
15.659944
37.157436
37.036385
38.477238
30.84069
33.55385
34.32371
18.577225
22.547585
33.70009
36.88598
29.620102
24.06773
37.44272
39.038303
21.180223
16.812002
29.923857
17.917973
33.514275
26.474855
28.85397
21.865145
27.559425
38.45348
29.926542
38.868122
16.948105
35.637188
28.925436
21.067865
19.88815
15.336164
38.187134
23.005861
29.149534
30.339338
31.253855
16.551495
24.854107
29.874453
16.789864
30.259432
15.282169
31.58899
25.132154
29.28453
29.490005
23.578882
40.207954
31.921238
32.17486
31.96266
19.97538
34.33638
15.929071
16.531813
16.02989
26.128695
34.792618
28.603916
27.567991
21.975452
27.843317
27.363256
36.510986
38.815895
20.456688
37.694366
17.265415
27.773249
31.822351
29.797125
40.3331
29.331448
24.321571
26.717747
21.782616
37.159737
19.45057
28.338219
18.45527
38.41771
38.116802
19.33741
31.702522
40.37532
22.340502
30.170303
28.438133
38.74685
34.661343
36.20753
25.33711
26.264769
30.88017
34.83552
16.124887
20.70892
27.15834
35.538345
19.073969
21.858313
21.952227
39.76552
22.061642
20.64737
20.778116
23.735712
29.841135
31.185356
21.382725
40.23455
30.539968
39.237225
32.537163
18.93535
29.823053
19.265987
29.3773
34.8049
25.64444
38.20129
23.980968
24.752028
32.060413
15.725689
33.70261
27.834936
19.188004
28.05969
39.67851
22.064034
36.06675
28.978521
29.870808
27.120071
29.91797
32.108025
19.03617
19.153244
37.094532
40.4241
26.084887
15.237
25.875462
30.319483
29.438969
25.021082
23.183653
16.603676
17.202705
35.66148
30.291092
19.366236
37.226833
25.200705
20.625036
39.760647
22.477495
21.229986
25.899734
19.455381
29.513784
19.885704
20.972248
39.750782
28.332678
39.015556
27.057161
21.17479
32.357845
34.69567
19.233868
20.747513
21.928787
20.188122
19.541376
28.044144
19.289434
20.898888
35.379486
18.687551
21.780323
25.929667
20.421446
18.966496
22.70613
36.412502
23.792084
19.902206
18.18035
26.97449
22.876665
25.27565
39.14155
39.40048
23.799665
25.879667
28.690636
26.844908
39.348835
29.574678
27.916212
36.789627
26.918905
39.603577
38.455166
39.35271
20.910488
24.060886
23.17815
36.524055
30.943647
15.413224
17.594818
35.436672
35.231876
26.53255
21.84111
38.87833
29.51108
28.830647
32.44106
32.90643
26.029514
40.77272
18.428165
22.649645
30.278362
19.299965
31.866394
15.163063
17.37911
32.50541
18.32851
18.549368
19.342552
25.284264
40.46948
21.46664
20.775694
24.6195
23.475296
30.61421
30.03663
17.665323
40.87263
29.821108
27.323734
31.855635
16.95229
40.95738
38.734436
29.891539
29.88958
40.046783
31.940084
29.65146
31.537178
27.679995
40.797314
15.819289
37.821285
17.110777
16.952562
28.340498
29.689331
36.263115
16.295322
16.69313
36.63761
37.28569
36.976955
18.399952
30.989845
39.260643
21.63576
29.21008
33.30266
24.206831
33.455303
26.942804
19.54165
27.613476
25.73188
39.11332
27.00164
28.398336
27.738232
38.149464
28.33753
29.405155
25.844564
15.2606325
35.52697
34.33846
22.094166
30.83432
24.103842
18.379374
22.729782
29.612894
38.581562
27.634375
36.528248
28.84248
28.627756
19.03964
39.224655
25.087898
30.256998
21.37676
39.793747
40.47203
35.075836
19.65139
34.904934
33.724873
15.444443
33.244534
33.478798
29.617125
38.311756
38.9669
17.946678
16.10496
25.436123
37.43
34.55126
15.827199
36.720974
22.993263
37.825012
33.473003
26.47516
25.95477
20.244522
16.97765
25.55019
34.623802
34.982693
40.505943
17.511593
34.44671
35.66706
22.747257
34.26937
35.45317
24.101343
23.173111
21.92237
19.948286
21.018578
37.59771
32.964188
21.59649
28.108192
16.633776
22.45316
30.826588
39.795494
30.450481
33.266632
33.832844
18.551052
38.617226
25.139769
23.355333
35.868652
24.756454
39.8317
36.893387
20.474434
32.230713
28.46699
38.03921
21.816036
23.153502
34.867847
33.21447
26.429554
22.640549
18.522682
25.250818
21.393269
39.407448
28.729155
28.97601
20.751072
22.57171
39.40492
20.250555
31.52478
22.831615
34.076904
22.745443
31.733355
34.071217
30.639973
22.15975
15.698399
38.88038
35.618443
37.547623
31.839108
32.48061
39.869003
29.957346
25.146198
36.111916
33.931133
15.680882
32.573147
33.06288
21.561228
19.070477
30.694418
18.215601
40.379196
26.09967
25.154161
35.2291
25.011381
38.6292
16.665249
16.299229
36.63125
18.683996
22.617245
35.810104
21.379303
17.955746
36.71334
17.13148
22.786386
30.216047
23.480043
23.318535
30.02945
21.358582
15.979773
35.53487
24.616589
37.384254
35.605305
27.64656
40.92814
32.801575
26.446384
31.624546
40.93325
36.635162
19.392643
20.144548
16.356361
22.5186
26.873207
30.088205
22.585707
27.19336
31.93237
37.526062
27.695925
40.143925
15.201848
25.202473
33.0995
22.069832
28.254131
25.544458
17.546822
33.42858
39.80763
15.781033
19.462242
36.379036
30.303244
22.886383
35.933544
34.113205
16.48329
26.749851
32.064873
34.784973
28.77748
38.227528
37.858215
33.02747
32.53708
32.544765
23.306112
34.39664
29.457146
19.8959
25.95835
16.986582
31.888031
16.026796
24.867966
19.93311
38.161274
38.08799
28.527014
22.555048
17.541239
39.110447
28.170021
36.47858
18.962698
26.083055
33.653255
16.248087
16.325966
25.80035
17.010422
25.647709
22.794874
19.400936
32.740543
15.24096
19.279373
30.831547
35.901283
17.481535
40.083225
18.348623
21.161125
37.15656
39.558685
31.608704
28.106382
22.8943
21.533842
35.900967
18.304014
20.001545
20.264627
29.639608
15.88894
17.9915
23.712349
15.360783
19.77449
15.821378
33.058914
32.15823
31.977283
28.079437
26.545727
36.743694
35.0029
32.1445
18.958618
37.132675
23.756226
39.686646
16.379932
15.333021
32.020557
19.78604
19.190254
21.35333
36.191963
21.417446
24.726124
26.350029
33.660606
18.081326
30.48633
15.796544
23.998302
28.95798
27.328285
30.184835
17.941563
33.119507
29.707254
20.959097
28.052055
38.055008
30.685078
15.133307
35.891476
37.047623
17.171339
15.358843
27.565348
39.78782
29.658731
21.085249
30.5704
15.015406
38.575775
30.896778
34.02274
28.953533
20.30378
34.1092
17.549078
18.831161
21.89134
15.27589
37.390915
16.886103
24.548456
34.379143
19.601593
36.899006
26.113682
40.172066
19.608759
24.529373
37.861572
18.388456
38.86983
16.507797
23.253988
16.3524
22.86565
18.084467
25.537674
30.896399
18.25756
17.042048
31.45184
33.43619
32.675777
16.05182
21.733295
40.552456
36.311928
37.185173
19.593061
30.49397
40.25628
30.988188
27.887125
19.643854
24.350203
27.685337
24.31542
32.179832
31.217041
35.79893
37.656902
22.911564
17.089575
35.75425
16.784914
33.592415
18.069937
20.885893
28.005852
40.880074
30.537802
17.669199
25.125536
27.559835
32.565357
32.971172
22.571436
33.646313
19.402554
32.64865
36.88527
24.543873
26.363798
40.917114
27.949322
37.57293
34.777225
29.571712
18.421167
25.85875
25.050377
26.362846
40.02527
35.831383
33.361076
30.611797
30.586304
21.399765
29.000017
27.49763
37.987846
18.239988
17.971455
40.354767
36.601418
37.57717
19.101196
26.791378
20.154701
38.342403
25.605972
29.47189
18.494057
33.65053
15.845986
22.002644
38.2453
30.171717
31.81241
36.517933
36.98806
23.15891
16.794271
28.28437
37.23283
37.645565
28.624172
21.924671
32.226143
23.64221
33.919907
25.707756
16.408186
34.037514
19.819109
24.760153
27.208437
16.348946
16.846643
29.024494
19.78877
23.47005
21.759514
35.32402
24.329788
26.1258
26.481663
20.987757
16.50498
30.87452
34.571114
17.149216
35.898617
22.184227
16.05447
17.052185
24.297153
35.363255
32.918858
24.48035
20.020166
22.939466
39.069027
15.773233
29.755804
38.45928
32.137318
29.799088
19.72692
40.617252
20.176884
37.72616
19.437963
23.128853
31.973522
18.466827
29.739056
27.823532
25.479158
20.26498
26.492413
34.062187
36.70002
30.055014
31.737701
20.7725
25.26515
17.941721
25.926672
18.147648
18.856007
40.433388
21.53381
30.368294
20.695421
20.90623
38.148483
32.58475
38.374317
27.18646
40.0155
18.835623
34.43714
36.106922
26.91469
30.581253
33.352066
21.428581
18.25663
20.094658
17.759521
16.612707
16.32023
27.079683
27.222826
33.587852
33.66946
26.575506
19.097132
36.876484
25.960136
23.458578
21.58806
33.22923
20.584166
25.667568
29.588943
26.260456
27.897314
38.65379
20.4657
39.487137
39.13808
29.499098
19.600885
17.643583
31.568909
28.645126
40.21364
21.177874
28.857414
26.242268
36.739716
28.431534
19.264091
28.753675
17.885962
40.16215
33.81429
21.639072
34.366077
23.789394
33.306072
27.695103
31.279734
38.02806
20.741936
33.94336
16.114471
28.417475
20.571144
24.834255
28.43015
24.6648
29.990795
15.974307
22.428024
17.690508
34.47757
26.58635
38.81186
29.797434
27.708393
22.476683
37.615833
31.480585
23.077145
30.410099
25.00428
17.053057
30.12579
37.483154
32.440704
24.484102
24.382223
25.338068
22.078724
18.628622
37.333385
26.87401
25.745104
39.37305
36.56103
18.489563
22.46512
27.130768
22.428942
33.82955
29.123121
21.590965
33.134075
25.511385
32.55617
19.657965
20.420599
37.370537
31.146278
31.113842
27.804478
21.39175
31.806768
27.695272
29.767706
28.681917
28.150969
26.996319
22.055014
36.592697
39.58641
16.892035
17.942287
38.415215
37.095364
19.02346
39.144703
17.946276
33.542553
23.29283
16.893951
36.66488
32.49359
35.28845
38.637733
16.259857
15.732569
37.09197
40.801044
23.813858
15.934996
37.016468
32.09757
21.07585
35.282246
15.481876
32.99089
38.9438
17.196287
22.455153
25.078997
17.531158
34.82856
22.665636
29.411892
27.0051
40.454403
22.15184
15.0510025
40.761673
18.504576
33.60407
30.540335
32.44215
27.6079
32.438007
21.383207
35.79713
31.724264
36.56758
16.104694
23.469137
21.214653
18.441141
26.028738
39.391632
21.52507
36.063164
23.510252
35.691624
40.053734
20.444427
22.036306
36.735153
16.726019
32.20681
35.346863
30.269297
18.819216
39.914494
35.524345
22.491333
33.6592
33.11169
25.86264
38.315144
39.953773
38.01757
19.249971
22.106886
29.732418
33.36238
28.786407
25.726416
26.129854
21.944378
16.40561
17.83792
25.58084
28.14546
17.381716
37.142635
18.386236
18.86402
37.77612
16.438494
29.065434
35.106804
18.115248
40.226025
39.427814
29.827232
37.889175
33.95672
24.876036
24.505856
27.822403
15.959611
30.096401
36.439293
18.291758
39.583706
39.996834
28.737242
38.752895
15.158355
15.520339
35.622868
32.585556
37.000694
15.792095
32.789963
40.37916
37.8886
39.95079
32.291172
30.3541
26.16967
29.969938
33.71456
29.350409
40.99116
39.79247
30.2517
29.61441
37.012733
40.181984
39.668503
39.475098
21.403357
38.836636
16.160849
21.926023
16.925638
17.51666
19.610147
28.114674
25.475327
16.20419
15.849791
34.790157
36.570694
18.644028
29.211565
33.871395
18.975895
26.006659
22.841845
28.471846
36.89444
37.869873
17.060562
38.953
26.983332
36.232876
21.3817
38.877895
36.815327
32.856945
17.72218
16.097088
23.356333
26.869192
20.796797
22.623388
37.52679
30.271093
40.73002
22.438017
17.98048
35.761032
24.511156
36.91964
35.86097
16.110172
37.077675
27.199091
16.485558
29.223568
19.532017
15.416366
19.658403
23.973469
19.280634
24.592901
27.628983
26.90938
26.72953
19.630867
32.589058
35.02952
27.578869
27.812593
40.040695
32.940865
24.729883
32.097095
38.369904
37.940083
31.350544
40.496902
26.524822
33.81523
34.74213
27.86736
22.824469
31.498121
17.307056
30.551743
40.61339
18.08992
36.139034
27.499506
24.729578
19.237568
28.539785
15.7111845
34.56745
31.356182
39.1123
23.162394
26.894663
25.772717
28.988821
38.72063
22.520903
26.508713
23.222385
39.992466
35.41892
15.125035
20.404015
24.52498
22.962297
29.819113
29.163347
29.334217
31.571629
39.795223
39.368652
38.344624
27.250021
31.820993
21.562935
24.99742
33.240982
19.838316
32.45604
40.02206
39.356064
32.514523
31.138266
38.16384
15.396661
39.69965
30.089375
30.521969
30.533777
26.89828
25.027424
31.076345
17.511566
29.069513
32.175144
36.967514
23.10487
35.336147
26.617268
30.143145
18.387936
40.514286
39.080402
39.095737
30.060987
29.76714
24.687763
29.590014
23.333204
29.14187
18.024254
24.514832
25.675186
29.265907
24.193155
19.293306
35.13091
22.059244
17.45379
28.64608
24.818592
20.961786
25.500305
34.926567
28.751947
37.879944
24.474892
21.73333
17.17759
18.824165
37.404476
31.053534
30.251513
33.03928
24.9081
31.802773
29.06682
33.322
27.742914
34.300404
16.796993
28.1751
30.039957
40.95585
20.033327
17.465292
33.926506
26.240097
37.272186
28.33194
22.640083
30.878101
29.947151
17.236338
38.209846
26.121391
23.403101
33.246315
15.314309
39.94679
36.773685
32.918552
25.020033
18.075706
15.850693
24.471033
30.764183
22.820045
31.72311
40.330692
20.164457
23.934368
28.215828
30.59629
28.02317
37.890457
18.9722
29.474293
22.237974
31.289162
26.401777
40.32539
39.239838
20.485779
17.653858
28.60212
29.0497
38.928974
39.279587
33.662884
34.078346
18.199717
20.309637
36.215454
30.389782
20.285357
33.101604
17.972956
23.306591
29.235474
24.500599
23.998026
26.956457
28.019798
20.608498
40.165848
35.64224
21.144958
26.771814
24.194391
37.76368
19.385555
24.275045
22.770176
24.427044
37.846428
30.665804
35.440617
38.849678
28.49681
39.640068
32.148884
27.199697
23.303377
22.980242
33.554993
16.606699
18.13801
21.165743
33.616722
23.73758
36.747505
34.965244
16.296701
39.55231
24.246153
23.571678
40.717003
36.63766
32.828564
21.65554
17.600138
24.86253
16.698883
40.089012
38.415497
37.00693
24.57388
27.032839
33.292793
26.48709
24.541187
21.579882
28.469215
30.33262
23.54041
17.213713
40.804447
32.167202
40.283474
20.967548
31.72798
28.102549
16.042091
18.358309
15.875516
31.176077
30.40391
23.922514
18.626507
33.245907
32.83533
32.495193
37.77235
29.102543
21.687769
21.249935
31.624874
17.964783
38.145435
16.957653
35.017326
30.498068
31.536638
26.923624
15.855157
35.026764
20.416794
37.626743
30.141472
16.707489
32.88029
38.211987
24.73206
38.08888
23.66963
36.676434
32.467556
30.703787
20.824028
18.841198
17.785343
33.12326
20.846146
40.01612
34.43132
19.247179
20.66429
18.640886
34.471867
19.51478
31.02883
24.125858
27.448772
25.18889
39.405403
29.617722
26.22507
17.901
30.913792
20.479591
37.837296
29.239872
21.410196
16.902134
39.49967
20.32475
23.42192
28.25171
33.798416
21.024797
31.317385
23.513536
19.069424
16.769642
34.830647
40.502254
28.970015
27.741673
35.858444
20.389328
15.335767
24.648811
26.309164
27.536057
38.555805
17.247316
40.706863
37.623016
25.905104
28.31725
24.239914
39.631153
18.539927
40.889084
18.992561
27.356739
34.192604
28.177979
26.209116
25.831778
28.994394
25.903101
36.614243
33.273544
34.310303
15.452433
26.049192
38.001225
36.987278
37.69935
23.982595
26.134697
19.997293
33.18532
39.81588
39.829926
29.099396
18.853905
28.327026
19.307335
25.849882
22.554316
21.08286
28.994045
18.05735
20.12863
19.198853
18.727812
29.609446
18.054836
28.436678
17.159878
28.490686
21.33866
16.3037
18.246016
24.765863
39.630306
26.554815
17.029406
23.321041
32.38797
15.295932
23.795975
33.234314
24.318123
34.749702
36.1223
24.791027
27.293354
25.667942
18.338078
16.36323
16.481699
17.36148
31.48968
40.640736
24.517103
21.36709
20.018204
39.03126
36.198883
34.882328
20.054945
36.43961
35.428734
27.273132
28.489098
34.091038
39.877056
37.19517
25.777014
19.581516
25.216045
25.168913
24.839273
28.917532
29.66523
38.80959
19.331238
20.950891
37.06582
19.33718
15.07479
38.31886
36.73344
18.477728
38.50334
26.767647
38.934517
36.41629
35.59918
30.567324
21.989798
36.073006
33.991688
23.61878
20.729214
22.647661
19.636873
15.808501
30.305426
26.114494
31.813179
40.18441
18.219168
24.147726
28.045406
26.6062
30.817688
33.819695
40.00811
23.666092
32.498253
28.337275
28.46174
26.881079
26.381943
28.068602
17.839272
19.425228
28.318626
21.160929
25.227999
26.000788
33.7422
18.161816
24.180656
36.839344
19.115938
15.229602
23.041943
31.279371
36.490932
37.755547
18.291021
30.884113
19.046345
18.518744
15.777471
24.643814
19.388401
33.85631
40.667667
19.448856
38.855713
23.755184
16.420498
25.7255
17.111795
17.258116
26.175743
24.893421
22.901268
27.125383
20.565493
24.13442
39.004482
31.30498
16.14833
28.854162
21.146027
39.437912
36.417995
38.173923
23.895693
22.36158
34.65273
31.806917
38.44632
33.37297
34.74843
17.753828
37.56096
39.874832
18.618141
29.39473
23.952717
36.951733
16.74252
17.759731
21.89361
30.409243
16.020134
36.028164
27.944677
17.858395
40.19364
34.636284
23.357643
30.538797
40.817192
32.76601
39.919212
15.747653
24.98239
23.442278
40.79227
35.978275
19.834646
34.984207
16.253902
24.170494
23.288673
21.135345
17.138468
26.836702
39.291286
39.84078
40.26455
40.251076
34.481712
22.34409
38.15784
37.375866
39.164013
36.044594
17.977825
30.74752
37.13316
40.385452
27.714102
35.156597
34.085808
30.935799
35.43917
37.629433
33.098732
38.785122
29.687475
30.955704
21.972336
30.385677
39.8763
28.804947
35.113625
23.05883
15.092376
15.336366
22.072487
17.5238
35.538597
16.13014
39.847023
17.0123
31.468624
26.25474
40.63821
34.800255
15.532736
33.333576
34.861057
18.317701
36.116535
34.58568
28.9089
38.390762
27.474836
40.988865
16.419458
34.624397
35.246212
16.950289
34.605667
32.45251
23.279446
40.167957
27.591293
21.961805
39.611298
19.728222
26.63083
35.238518
33.905678
32.908092
24.59502
21.6922
29.697586
24.637434
23.167908
33.578285
20.380825
20.12511
35.828236
18.77123
26.036713
30.76428
15.877429
36.732666
32.92174
26.106024
18.528404
38.57401
28.7153
20.42674
21.383892
35.13062
16.47432
15.213593
20.509863
18.044561
38.649853
28.753588
25.749176
39.995792
37.49137
40.935776
38.922455
33.426437
15.697697
23.362293
36.1277
22.370647
23.269224
37.912834
40.477062
17.332344
25.174307
35.018528
18.298676
18.546011
35.663338
26.074896
16.083391
28.410532
24.84731
24.660025
25.270727
25.403803
27.503283
20.522825
27.345272
37.36585
24.977484
18.667633
22.65424
17.680815
38.52734
39.285183
26.858858
19.593187
34.477077
36.766384
40.99669
35.661304
26.157106
35.58409
20.75894
33.181168
18.755735
19.439384
17.77631
38.306236
40.932335
29.742832
30.458796
19.543905
23.324373
20.237305
24.249424
29.32699
32.926403
20.367981
19.028788
32.4386
25.72729
24.866348
18.84667
34.211323
37.962666
40.938885
32.159103
21.626833
20.87284
39.43746
17.313543
32.70944
16.95202
32.437298
30.151892
19.937355
19.332989
30.759604
16.290482
35.787926
32.172016
15.149996
37.888138
28.988142
34.682037
36.0599
27.52785
34.55942
20.80779
35.277187
24.21458
23.325603
38.44485
38.013493
40.43113
23.195795
18.575167
18.479506
20.695997
31.238693
23.72491
39.465904
23.131601
18.332651
28.74621
32.996407
34.178135
23.005777
39.082447
24.730688
26.777882
29.973
38.39757
15.468828
16.106651
19.832035
34.733067
20.845242
22.24357
23.397858
40.201912
21.098839
28.047314
37.23524
19.637066
36.66755
40.946365
22.091648
28.582737
38.279163
21.35285
29.137709
20.549856
28.196678
27.973928
40.190163
23.552952
26.325361
33.421673
31.422237
16.603724
18.999834
18.211838
33.45893
26.057428
35.443493
23.493868
34.209854
29.491287
17.128822
30.668924
38.309784
23.139925
40.56603
33.429714
28.617167
35.820965
26.408674
18.695297
24.863459
37.75467
37.188923
39.416054
30.25115
24.714722
40.48129
38.288403
36.56602
16.542875
17.842539
37.045845
18.199167
36.21848
18.486895
23.18238
25.36694
31.394575
26.329323
24.71619
20.772047
22.595415
29.766148
17.9161
19.966604
29.116018
25.36103
24.790146
39.758015
31.072544
33.465645
36.575092
23.141144
34.022984
21.728264
28.467667
31.445322
17.110846
39.42973
21.40279
28.6523
24.780294
15.635203
16.81094
39.171333
33.76926
25.261326
17.976328
34.750202
39.307896
23.332294
34.86947
32.65595
15.232873
30.934692
40.142216
15.776863
28.073717
38.679726
16.350199
29.877113
17.075605
26.842836
40.407234
27.878187
22.59375
39.774513
24.777983
17.74627
40.327698
15.662444
17.979834
33.332302
22.45954
23.273973
23.591743
26.341545
28.918318
28.91914
17.157356
22.502048
24.713488
29.548456
36.121593
15.956487
38.56363
23.635853
35.254395
30.91943
27.892233
24.296074
28.89226
22.72217
35.670567
28.947142
21.767614
19.50982
31.558434
28.752306
28.198118
27.060472
39.3267
15.062272
26.972315
34.463764
32.641277
39.127262
24.395132
29.726341
25.94645
29.459862
18.646088
29.764172
26.406002
36.403397
30.855045
20.696875
36.644024
33.696896
36.114857
15.87671
26.372772
30.126553
21.02709
26.664991
23.9033
24.714949
31.316605
34.611244
20.005201
34.32305
19.55258
39.395554
20.615057
17.026402
27.078142
38.662067
17.488844
36.175728
31.877653
23.701715
25.05181
40.66348
33.300163
20.834824
19.419962
24.5917
23.309505
28.29932
15.850589
30.272923
26.24597
16.467852
21.724882
22.294626
34.96141
39.297176
23.573957
33.23909
16.629135
25.055817
26.630264
19.57436
36.531857
28.580988
35.919598
27.218327
30.695429
33.583424
35.004578
26.326746
32.36309
31.848803
40.148754
21.967402
16.994318
18.577028
27.891096
23.516382
33.72441
19.555735
18.803888
34.84881
36.035355
18.381939
29.552769
17.69518
36.76547
32.52582
33.2858
29.895782
30.524769
35.673267
38.8492
18.709526
22.084982
20.488792
16.360575
20.819798
40.377567
30.708094
38.26613
27.228838
24.360058
24.299587
19.166656
24.843401
17.200468
38.32677
36.417664
21.228361
40.98154
23.098425
26.792337
28.741169
37.440952
32.211205
28.341625
15.058992
23.140633
22.16923
22.994022
30.9716
29.897787
24.407902
24.408285
37.236958
17.312126
27.75424
29.125523
22.282778
37.788315
36.62358
19.162819
35.58614
37.579563
29.58261
30.848742
33.674583
40.06778
28.301212
37.921787
36.865902
35.747597
40.3708
24.696037
23.1003
27.196093
28.984228
15.443965
36.517174
30.686949
40.0526
33.05459
28.79041
19.047264
26.976786
21.495815
36.659637
22.857166
16.996557
20.643064
35.581387
31.15685
30.807844
28.631935
32.972855
28.452589
18.968664
16.050913
21.132318
28.002748
24.506893
36.010773
17.594078
28.116777
29.098083
20.410593
31.412138
38.514595
38.199142
17.565943
19.665625
21.670738
34.60375
19.77305
37.340336
17.507141
16.027973
27.353443
29.664583
22.800266
38.53963
34.256752
32.96387
31.23289
27.912485
21.395084
24.147697
16.147688
31.316504
39.54058
36.053215
25.749287
26.147924
27.838448
28.04421
35.753357
23.258
18.770954
22.500221
29.29582
18.356829
29.75369
28.129492
36.292168
37.948795
19.453382
40.400703
34.376312
26.798695
23.387499
25.81229
15.050453
24.63271
18.398882
28.204538
33.741726
16.54597
19.194502
29.868357
17.088537
18.418545
28.295494
37.816067
40.96879
33.534203
19.466478
30.253326
26.53426
25.551493
27.975237
36.02762
36.829773
19.994131
38.87964
26.627619
39.45282
27.507877
32.946808
24.169003
23.148699
29.273563
32.780323
35.72619
22.2382
36.171104
31.264345
26.355722
34.33933
34.556824
20.529398
34.20594
37.971523
34.846573
36.30256
23.218796
15.320221
40.489613
21.72571
34.103622
23.69165
36.37342
20.50855
18.498917
27.002161
17.217054
27.62885
26.536995
34.02329
28.090849
20.700628
16.387835
25.043325
40.842777
28.60159
29.782095
31.108
21.916893
35.984432
31.999733
24.067423
16.816828
20.89227
16.359438
23.283337
18.297436
21.856672
29.855415
36.040188
33.26022
26.577486
20.26191
35.455498
37.28326
30.566826
29.762138
35.999485
31.733963
36.985348
29.957214
24.610746
38.49298
34.30705
27.971869
32.8344
37.460327
30.419643
33.297672
16.410946
26.21963
40.30067
38.00081
17.308554
39.50423
39.50524
40.97016
17.318525
18.438757
21.359556
15.992986
34.023018
21.922487
15.974976
25.619057
17.196163
32.97582
23.980648
40.010723
32.51411
29.38879
27.21843
32.274933
39.826515
16.590675
16.552004
27.134785
17.181395
27.302195
25.412819
20.221874
23.297308
39.23704
34.738655
20.757067
34.241173
24.886951
22.55638
16.936214
20.697086
16.254633
17.618574
32.94856
34.400845
26.291466
29.22451
27.229465
22.06697
21.751911
34.63908
19.28546
20.449352
31.194239
31.36902
31.228302
31.053663
26.937153
23.963999
24.016245
37.459118
26.924557
25.98077
21.324402
22.20911
35.655727
15.2818775
19.952467
37.794724
24.605778
38.93604
34.72693
35.382046
35.891342
22.645567
39.966133
23.623676
16.329008
28.846903
40.7505
20.14679
24.4891
21.41349
33.47646
18.12454
22.864985
29.235981
16.471449
37.71457
30.858168
39.86292
