32.37613
38.555717
35.191586
31.274176
38.566414
39.279316
26.235018
25.544048
29.575943
17.353546
37.032337
23.4748
36.884624
18.134499
22.7966
22.436066
18.468039
39.662636
25.005745
19.608625
37.11731
38.45717
37.813663
26.854425
29.386827
22.585499
22.447086
21.773504
20.729952
21.726482
22.219673
35.652054
37.41607
33.432705
27.859196
35.773304
23.417938
33.345726
29.470617
20.393063
20.616644
38.72954
19.647331
27.574314
25.392029
29.361462
25.994791
34.030373
23.949762
37.555794
16.645199
25.143576
40.581894
21.894653
39.21888
20.406744
25.465904
19.101473
38.127426
21.67702
35.578045
15.416682
35.115643
38.836956
31.829844
22.821297
21.503782
18.72516
17.63251
34.503014
15.718512
36.528976
30.752022
40.070744
22.390491
34.2242
39.5385
24.197327
27.548435
24.101946
32.396618
22.606482
40.253925
36.940334
31.709465
34.618946
38.39826
33.95876
22.33662
35.83398
15.321998
35.33508
28.277733
15.946352
36.419945
27.771101
19.12619
29.185144
28.95857
35.359432
34.53319
38.409634
35.960014
29.834679
20.060663
28.508764
18.196182
30.184685
37.522205
16.424623
19.088383
15.552548
15.194483
27.856575
37.622425
35.377674
18.127115
24.501612
30.26609
26.804285
22.187372
34.547783
28.315266
33.528328
37.446674
37.06137
24.097057
30.458828
23.04908
25.894836
36.02261
36.837284
34.797676
36.791374
34.609303
30.788824
28.352982
24.473253
33.281487
40.67139
21.158123
38.67495
19.010874
17.044266
32.988876
37.318356
40.672073
37.59494
32.37221
25.326279
35.36584
35.94325
24.025288
26.93167
26.90195
33.884415
18.937521
29.76392
16.135624
35.337646
25.751547
36.47984
35.915863
17.034538
37.694603
36.255806
18.031004
15.811548
17.47003
26.068867
33.726288
37.263527
25.2394
26.368427
15.12011
19.470211
34.10881
23.476469
40.16018
26.525248
25.378748
35.853077
24.6377
37.67741
38.22506
29.225391
25.217121
25.03617
33.449245
16.501919
35.44105
29.998947
16.469524
32.380455
18.234266
35.824898
30.81988
31.606737
21.557775
19.11016
32.082344
31.952198
26.55335
34.31211
35.398674
20.153147
17.770842
24.925222
23.490591
17.289867
16.885086
16.42868
26.463646
35.383102
32.686172
23.706059
29.57777
23.346632
37.066257
27.27983
24.638466
23.858496
23.228079
20.408695
20.695662
19.199781
16.404829
40.86314
16.333035
37.65866
31.007872
17.024855
28.98876
18.70875
37.308395
35.848152
16.46938
36.844627
15.510942
30.176573
30.101667
28.693766
31.391232
20.9255
23.813105
31.822865
17.547663
31.721714
22.839714
28.517946
17.755333
29.73324
19.730782
21.741426
18.913357
30.628145
31.853159
25.455647
31.640696
33.86831
37.693523
23.551222
40.70273
26.874403
24.915245
28.729877
16.140175
40.990868
25.347107
24.865269
15.223985
16.634666
28.86445
25.601604
34.174236
27.529352
33.46892
38.24874
38.958035
26.505833
32.78124
23.393724
20.420906
37.994034
24.6321
25.072598
34.508026
31.03453
27.469595
19.832579
15.396228
35.406937
30.897066
35.563644
39.984543
30.301874
16.813725
30.589745
36.380558
29.855873
18.35091
34.183807
36.77182
24.823753
25.080145
23.406988
20.385977
30.680454
18.814825
29.97143
27.120214
21.524513
26.735558
30.687143
20.860176
24.29787
29.539957
19.977453
39.510292
29.041784
17.850756
16.933756
40.322086
30.176247
20.211971
40.429214
32.233852
33.120316
38.660915
19.922274
31.624603
33.963406
29.08464
28.754759
36.13716
27.352617
15.352573
24.985651
35.039665
19.27882
24.562786
38.10041
25.971743
25.024193
23.647596
26.297115
34.861076
40.176605
21.054852
26.474451
30.298014
36.321224
23.25446
33.53295
35.72031
22.787338
34.415466
35.14971
34.387108
27.658482
16.757149
22.798103
33.31064
31.146505
40.79828
17.457886
17.06615
16.38529
33.012005
19.197401
28.714931
22.717445
31.239368
15.608382
26.952372
18.627354
17.6228
36.935238
34.032356
23.61652
26.791573
37.664516
28.02127
16.522268
31.564384
25.326498
23.499382
22.048403
29.530031
33.30987
30.954248
39.606514
21.5252
27.601538
24.800344
28.959236
21.249258
35.53764
19.210949
19.61175
18.03899
37.88808
31.762892
33.41552
24.172045
21.89573
17.271633
20.428228
37.97598
36.252766
24.133635
28.716507
36.49053
17.42049
30.994942
21.493134
40.463905
38.185234
22.629322
31.747927
26.059711
31.89184
38.536297
25.361658
31.80912
27.407505
35.958817
24.584873
16.06379
28.542616
34.7723
18.718626
31.488176
37.39151
23.011234
39.85163
16.975527
23.854969
34.676422
24.5885
33.78013
29.467535
25.905514
19.846281
33.62907
34.57659
25.591293
22.001537
28.109907
27.906454
38.09676
21.937897
18.726465
36.58962
20.84292
35.87396
17.673052
16.858505
36.234665
23.24412
40.598198
28.765015
35.64213
30.359901
34.41215
20.531452
38.9693
40.096954
29.538092
15.435205
20.718576
25.433006
24.915258
40.490944
36.399628
36.30458
33.53283
39.617855
29.632544
30.955404
34.30663
24.465874
30.360014
36.71699
22.706472
15.62353
18.21001
22.991972
29.700075
21.541561
16.240074
37.103302
30.30025
26.180082
33.046112
37.627617
37.285255
35.123554
29.533148
35.84848
20.507912
39.706585
18.522442
22.04544
25.617216
27.554886
22.80873
25.47737
23.98703
37.86961
38.283455
25.123564
40.179478
16.76957
21.30416
22.5138
22.366482
16.054657
23.61727
16.30846
34.791023
29.865183
23.83089
38.682575
31.570469
27.885574
39.686226
32.022575
21.927427
22.977316
32.19065
32.962193
34.279385
35.424747
39.052467
29.364063
26.526527
39.33872
26.796782
20.496046
16.34784
35.1869
28.443897
29.356464
36.348873
25.905937
24.696125
26.870008
30.500122
26.599306
21.205786
20.5061
18.463314
35.436306
24.686703
24.764128
35.12348
20.041203
38.383377
35.925034
25.928013
39.39802
40.726555
22.486286
16.479464
28.095276
37.880775
17.777391
35.23721
39.5962
15.329014
38.395638
25.153673
16.143969
21.64144
25.30686
19.604052
28.89765
35.139755
39.72362
24.064243
28.943455
31.295609
23.20318
15.649777
33.937256
29.39091
34.800377
23.849335
40.30809
35.219948
27.565426
25.569609
37.188713
36.427574
20.194366
25.95397
15.5381565
28.454735
15.219913
19.345615
24.282457
24.002018
36.773006
28.236536
32.723682
23.423918
22.650532
22.07692
18.9536
23.530897
23.192144
16.415236
29.557207
31.903326
35.299313
17.997488
26.502699
19.010807
19.822184
27.174824
22.788227
15.182373
28.49505
33.25188
21.152134
25.787458
34.618656
37.253944
15.952226
19.86455
33.767784
37.999245
15.180933
20.873814
32.94506
37.33335
39.507015
21.25202
32.806973
16.915869
20.220867
17.012476
25.85581
32.04536
20.009247
16.759647
33.821125
17.666584
29.59659
33.177666
29.84705
25.924828
39.463917
34.303738
15.556777
19.415401
27.092674
32.71208
15.583184
35.62196
18.47963
39.11083
28.73454
15.945588
34.030334
36.793934
21.606943
19.19728
21.362469
40.891865
23.160107
38.4596
31.036655
29.42957
17.540762
35.819084
21.781294
33.82698
15.267979
31.629107
39.38913
30.6668
17.787315
19.683628
28.13724
32.30633
21.355757
22.965466
29.318346
19.22449
17.237011
40.478447
18.270267
29.872171
20.266785
18.080938
31.151598
16.233507
28.99025
31.209059
23.635553
27.307566
33.778984
22.910965
25.680258
24.28449
16.602264
24.709396
33.582546
22.317003
29.457655
28.46782
28.63372
16.477661
39.858376
22.656242
20.869493
15.7442465
33.230114
34.195934
36.642715
20.670033
29.587416
31.408037
32.046257
17.772736
39.439907
36.499233
28.574827
38.615322
17.52122
25.488321
32.83823
18.053835
40.63848
19.510784
40.625008
40.19187
15.707913
22.034143
37.16415
20.208252
37.87207
17.675037
28.043913
19.413904
20.486868
40.02975
40.92066
39.645947
28.721655
40.213043
38.886864
27.421394
24.533098
36.64588
16.16638
22.149824
28.853775
18.040882
35.666256
26.143913
30.978945
23.504929
19.838354
37.168533
33.34001
18.211678
33.290226
36.833725
18.120823
26.192358
35.633633
40.263695
38.50297
15.451464
32.170364
24.163465
17.718891
24.834631
32.18884
39.65685
17.546577
24.859251
37.881344
29.083689
34.397396
20.063974
25.19053
26.321463
35.728447
28.341581
23.255205
30.135643
34.153572
37.190296
15.549149
21.56527
21.332226
17.85189
33.29318
33.41454
28.482845
17.900585
20.269377
30.548302
15.197651
17.005003
15.777789
39.87865
27.128193
23.306074
29.14973
34.681892
38.06616
27.137054
32.968124
39.199543
28.961475
34.65749
38.944183
32.35397
21.499863
32.381153
34.261024
29.848778
19.004513
22.548725
37.11864
39.92597
20.631712
22.829128
40.20103
19.616346
24.097761
25.92921
21.835054
23.44664
23.504633
27.349606
34.721912
19.256199
26.224388
40.745316
21.296059
24.028128
30.257473
24.13282
39.002556
22.454166
32.997536
18.531107
30.082834
18.329548
15.915563
19.532381
40.82005
23.813559
39.31863
21.768728
20.619118
24.093449
21.043703
20.274376
31.782803
29.0538
36.714497
17.338787
38.394096
31.180439
23.019388
20.604082
21.326427
18.117378
25.361149
17.88098
32.07704
21.047295
27.184088
28.440613
32.85531
36.380432
16.30202
39.385338
38.156452
32.11385
17.630379
31.109816
15.912564
23.662289
17.868452
25.834358
20.23659
26.964008
37.88278
15.725738
30.761307
37.229263
32.810303
28.216364
21.624136
25.826172
28.230038
35.79094
28.25994
23.488049
21.144415
21.73038
22.337837
15.278388
40.966766
36.08602
36.414337
15.563956
24.228806
25.502851
16.173943
31.62356
31.30214
38.418625
37.48974
28.459404
28.070385
25.636534
23.960234
18.879993
40.19356
23.30225
22.065126
21.987879
34.373993
40.91182
25.631458
29.83263
31.863049
19.13521
36.91292
22.178743
34.340595
26.960869
34.259003
19.09025
33.254177
32.949997
24.08683
30.348177
28.722424
23.234812
21.667595
17.593979
33.187378
35.303406
35.100594
31.531563
36.142895
17.58437
35.771847
28.522383
15.471435
36.37772
32.580547
30.472645
38.189114
23.774181
24.265465
31.038511
38.728943
36.86327
32.274685
23.864754
24.284773
15.751161
29.795946
16.824144
22.193586
33.69266
18.801163
32.039425
19.851246
18.987198
24.257534
16.846592
21.23703
33.197025
37.01895
33.797707
39.764725
15.71651
34.3353
30.303366
40.883232
30.754555
35.403515
18.579498
19.617165
29.38796
20.93312
34.18999
28.067995
26.501677
32.3103
38.666203
17.788902
32.152657
21.618368
24.436325
39.901573
23.177156
38.50885
20.612013
25.840702
27.707132
31.716175
20.056656
19.69214
36.669445
33.870384
37.59915
31.233095
18.312443
16.186005
20.258915
22.987947
26.337584
16.591604
34.912395
20.880798
39.309475
34.913406
40.958298
26.395943
22.676
19.837574
35.228123
36.55002
34.95077
28.549736
25.64063
18.43472
34.39346
23.1865
36.913303
35.60647
31.869211
40.53268
30.020771
38.17956
25.476538
30.759174
21.02967
19.121908
33.003845
19.420338
20.44137
15.957435
25.307886
22.415949
21.238379
37.847023
23.303183
16.17177
36.457294
30.849686
25.409634
36.904003
35.30053
31.058437
17.026264
37.506718
18.551046
20.260328
24.882214
28.337765
31.3688
31.78768
30.961834
18.977398
38.424458
37.307667
21.108934
27.895258
22.76555
30.439943
30.385897
23.885122
37.81201
26.297115
34.796627
31.113205
35.44267
17.310408
31.078005
26.67459
34.261063
17.03299
30.922646
25.66371
32.818512
29.005962
27.216576
23.938646
16.824295
33.227116
19.658558
34.9953
25.187206
30.28014
19.473532
26.666342
35.109745
30.76204
29.840841
33.721188
25.39569
15.289075
34.128616
39.867065
29.633648
32.066673
18.05888
39.137512
38.983738
16.776278
30.52366
38.203613
23.921465
31.362186
16.930586
39.75441
23.482298
30.194078
16.677135
30.766968
31.302408
32.035915
26.635954
26.22271
18.065521
22.269508
23.379288
28.625614
23.84274
37.901184
18.278864
32.539085
27.251677
18.022459
35.58819
21.282213
31.363178
34.600773
34.14745
23.912436
28.848373
32.74393
38.446987
22.67042
28.985743
29.91188
38.44333
20.174362
40.837345
37.94217
29.742708
19.824694
32.155304
20.210384
36.550014
18.116507
32.394108
26.764511
39.126877
27.855883
18.5812
16.852234
25.410849
36.63758
16.737846
16.902746
18.918285
19.36541
31.044186
38.729744
20.086716
17.082918
20.006784
17.489828
23.808271
22.930872
15.51408
35.76065
18.063892
19.659323
16.854403
18.995708
37.28872
15.795861
21.523373
26.567709
29.382332
19.30806
33.96178
19.630148
31.12318
22.39682
20.242128
38.106644
21.154697
40.91879
31.161386
30.260286
18.68141
30.859747
32.199505
39.500298
21.54644
28.267244
34.367657
32.350803
25.45758
22.09957
15.097185
16.836761
36.787273
17.55949
39.009605
25.934464
36.592567
22.65498
34.660038
30.1893
39.28431
22.965551
15.160865
25.120888
39.72053
20.89156
25.969337
22.615896
31.407204
36.02524
40.062397
21.151323
27.960205
34.706013
19.223806
15.396219
40.015617
27.308983
18.233236
17.507265
16.37109
27.364298
20.37387
30.263844
33.29927
27.216469
15.864541
40.08071
27.694975
24.606483
17.574364
21.8915
18.000977
31.295929
32.6923
31.91388
35.70303
38.651157
18.901035
32.38721
35.59288
27.966848
17.043976
16.516207
16.968796
35.232155
33.276173
32.05909
16.47628
37.028946
26.254414
36.2664
34.3874
30.300486
17.048632
35.206627
29.775316
27.84022
25.146334
28.907421
22.261305
19.52419
23.173595
20.196293
16.794838
34.546856
17.770699
19.64215
15.272871
22.219027
16.437399
21.579247
26.712784
38.247856
18.102291
24.837587
36.164112
33.842724
20.672678
40.508965
29.57735
24.477142
21.885798
31.845375
33.44389
25.685654
22.409222
24.216616
26.179296
32.88601
18.32772
35.946476
32.942886
32.890747
23.905773
15.801991
36.869682
22.50867
34.829433
17.927805
23.536678
40.435413
21.008152
36.097794
25.893345
32.49379
32.45667
38.298626
39.857216
33.208324
25.778961
19.865097
32.30845
32.684723
22.34079
32.65454
27.313011
36.813877
26.344233
31.077818
31.062395
34.93136
25.70713
17.19687
17.238344
34.23709
16.902287
26.553957
16.29442
28.516333
26.725708
15.915241
28.49183
40.001827
29.340147
29.691484
25.435196
37.57842
21.879658
15.4411955
28.324636
21.95509
26.402807
22.56663
37.173733
32.915943
16.046673
26.080635
31.838648
17.310228
16.86067
15.152425
20.8619
35.053017
29.98876
22.032904
35.854935
16.0819
31.62046
28.915293
31.42691
23.951378
34.445644
34.30434
35.51279
23.54552
22.224941
24.547503
16.362
31.250694
18.527124
26.324083
40.41968
17.854103
35.68673
18.093302
21.865717
17.420115
16.599676
20.769985
39.672424
19.445234
38.10154
38.22653
35.700058
26.703892
28.362656
16.612398
27.569866
27.371037
39.986137
25.93755
36.837788
27.24388
33.309357
21.883673
26.337427
26.18391
38.786377
18.387278
22.469276
20.26172
21.268314
40.18119
22.683788
39.510876
28.500544
29.186152
23.439112
20.683552
19.220066
37.411716
27.51004
30.94933
20.863409
31.855824
21.682869
38.09001
23.084785
25.784891
32.59163
31.417019
29.036251
17.731428
27.734293
37.374386
35.67603
18.563713
34.553356
20.58906
23.248152
28.06219
36.873234
20.991693
28.515942
31.579744
16.957832
32.55479
30.333939
40.56822
30.984648
17.18153
15.707212
28.020939
21.827602
26.32731
35.614006
39.2113
17.698954
25.047478
18.557127
21.499846
32.421318
30.338459
28.061398
30.437485
26.884098
25.875885
18.148993
38.910027
19.584253
36.552113
16.20141
35.64927
17.059597
20.576859
25.556261
15.078492
16.493471
36.328556
30.689072
18.165249
40.802895
33.63024
15.894676
35.721977
15.117944
24.672785
32.009785
21.424965
36.718346
30.419422
24.907736
25.714846
30.213978
39.99952
38.24843
21.69683
26.039135
39.33576
37.280804
40.17648
33.176197
27.047752
40.372307
19.046915
16.432426
22.536469
30.37915
34.38591
36.564457
19.077652
32.973133
38.8264
40.078102
33.738743
23.605282
23.031548
18.62696
23.982632
26.913496
34.435524
31.591347
37.932953
16.070827
37.80381
33.639908
19.449373
20.823023
26.62184
37.859425
22.39773
39.778324
26.838448
28.383978
26.798662
18.889595
15.070579
36.362957
20.899729
16.008183
28.0184
35.577972
31.639803
32.890923
36.544933
23.052023
17.460907
19.1062
18.641975
17.589935
19.971443
38.91179
22.3341
23.347332
40.576115
24.366858
20.46518
18.24601
40.86165
21.692255
24.266848
24.336903
37.263813
17.207798
31.626007
39.05745
31.33997
38.052204
33.048477
40.738426
32.832756
21.330713
39.458504
24.68597
29.634407
29.337448
23.178934
39.697735
22.747385
26.064016
36.704395
36.96786
31.385994
29.332766
33.20993
27.993599
37.47483
33.582596
22.130136
27.317106
23.973883
16.587189
18.598856
39.719254
21.696281
37.199936
25.057152
27.827839
38.5837
18.596813
26.917294
29.010895
33.76553
34.427948
17.813093
27.896475
40.152004
15.79047
29.671999
16.893482
29.797552
28.999826
28.611956
31.683788
27.819675
31.763575
25.496077
15.814181
37.269875
34.55121
19.870804
18.237268
23.026981
22.705446
21.968235
15.933737
21.5196
21.154976
39.47098
26.594084
18.883226
17.46543
29.817886
37.746075
29.018845
38.40503
40.971584
22.684937
22.943731
30.203114
27.773949
28.09649
27.81146
27.244297
23.283016
17.359123
20.026964
28.067984
18.815115
33.168686
15.993805
35.23233
28.808435
27.351147
26.204666
34.85379
19.079428
22.511005
39.622395
22.447783
39.560917
23.509157
21.59774
16.07297
35.19098
18.672169
27.931263
37.72111
25.264133
17.10554
24.110758
29.396421
40.261528
23.516804
36.2418
17.392752
39.94436
25.54998
26.73787
38.90395
17.324846
18.79111
37.447926
25.292149
36.02164
29.325302
21.572931
20.090693
15.461658
39.008945
21.459404
17.132914
33.4079
38.466393
28.156683
27.074837
40.372883
35.228687
24.48607
39.019436
39.61984
29.402548
24.293762
29.951948
23.659103
34.79111
28.545832
34.26025
33.414383
39.483505
21.972382
38.74122
17.564007
16.58868
16.079239
25.183485
18.954567
37.009525
17.519493
22.86893
40.43962
19.936502
29.05342
39.149696
34.0136
23.085823
19.62421
25.634499
18.691175
23.615278
36.43823
38.457413
28.224957
22.12162
27.362364
21.60433
17.459381
22.156567
18.437376
16.33666
27.886316
40.29419
18.854937
33.378872
22.797955
30.940681
32.357403
37.72586
22.325115
25.798176
17.693245
16.678146
26.604198
18.177507
31.497255
36.027317
27.333593
27.200495
24.763645
17.191065
28.060427
28.34056
20.941324
15.536698
33.681087
24.721142
25.604591
17.133863
39.844093
40.12463
22.63873
15.741747
23.21141
33.760223
29.928854
39.962936
37.86439
18.497274
30.651678
32.18558
33.533142
20.491503
28.44371
22.187435
33.783154
28.9145
39.95569
17.08988
24.810608
33.842804
18.601925
33.726868
40.077892
28.270948
30.674528
37.433273
36.663387
28.683556
23.41633
30.759087
15.904715
19.654888
30.132639
24.680239
37.68215
31.539795
33.970806
21.503948
18.519047
16.478329
17.607882
38.855824
20.568659
32.65697
20.760498
23.887924
37.511845
22.052567
15.167421
26.161507
18.407692
34.73083
35.494064
32.53503
35.619205
29.179478
38.469547
31.82752
36.07877
19.126688
15.490773
37.029358
24.363155
24.82888
29.914246
16.396912
27.315456
38.90744
27.305258
35.894524
35.2814
17.472256
33.02534
16.136696
28.420036
30.490599
28.712751
23.235344
36.003914
33.14316
15.447028
16.771402
20.141432
34.254646
28.687597
35.48706
28.93411
32.79464
28.437572
34.234303
31.72412
38.915073
23.507877
40.217426
30.792469
22.023932
19.243046
18.631666
19.63588
22.990368
29.61893
27.426947
27.780367
32.73483
23.233856
36.115334
21.982206
19.178276
20.388601
20.29261
33.621998
26.807938
39.18691
19.858932
30.115152
33.962666
22.387037
40.800423
20.242132
38.349197
15.596236
25.83304
39.44447
25.271296
35.32382
20.212023
17.337557
19.58698
18.394838
37.574608
19.95882
17.504778
18.275244
40.81075
33.600014
31.988022
32.97063
34.645966
21.464869
23.7571
35.33463
27.872408
30.848438
26.662575
29.859251
31.97871
37.05212
23.547964
36.318333
19.306105
32.828297
24.629038
19.996567
37.79779
34.791237
16.887293
28.660433
40.910423
40.935867
32.008404
39.913677
40.32112
28.173712
25.992191
25.128782
25.690283
33.62526
19.718824
39.757248
35.929996
36.300694
26.476694
16.495302
40.179756
20.755972
17.740606
17.517967
40.00566
25.328747
30.334599
16.793308
21.216215
26.638834
16.521969
21.349936
28.127329
33.180393
29.535711
27.29469
27.111042
38.0381
24.59585
38.363827
21.826954
36.027245
35.555794
31.839731
37.6623
37.887566
39.978077
28.776615
19.596087
31.553524
40.66055
38.652443
33.9546
17.97844
37.417248
32.800663
26.340118
40.50779
19.263952
34.274136
29.391546
26.376879
28.066572
24.155018
24.975218
20.550694
16.181215
33.748127
15.905995
25.82892
20.64806
22.58172
26.363283
30.906548
37.09674
27.688353
29.79353
21.910662
31.679306
22.249912
28.280226
30.82657
35.06734
23.364674
28.114382
16.181488
38.833225
27.430576
32.612885
27.371565
33.381046
19.437765
27.10916
22.098171
38.001015
25.32474
16.479895
20.52187
15.591823
20.476316
24.573689
23.947636
33.128696
18.4279
19.47181
32.122414
26.050507
21.889412
40.63826
25.55623
28.397535
37.31355
21.705816
17.670633
20.752262
32.40687
19.89661
30.03328
20.818602
35.21855
21.89032
38.45513
28.820879
25.740402
20.329962
32.306763
23.811888
40.313236
29.094744
38.052834
21.450232
31.558308
28.971394
34.708927
28.840189
38.038982
26.41982
29.692482
35.623196
36.406654
24.75591
24.36962
26.668129
24.39612
23.263744
25.492285
40.42835
21.709627
31.501461
39.675182
34.316616
27.564966
33.379417
33.079514
28.29475
30.48194
40.46628
17.550722
28.283037
31.742802
30.418177
35.599873
39.96515
30.886084
26.427826
29.823536
29.09753
29.579607
17.155283
33.624454
20.527882
27.267242
27.728617
15.425536
16.78561
20.095358
39.09247
25.962088
34.32781
17.798685
33.234337
19.692486
39.307487
35.461704
31.632874
20.884895
21.076588
28.370428
23.649454
34.51783
24.544376
26.530838
20.523712
19.774874
23.98262
16.85402
27.13572
21.61897
34.902134
15.494386
31.761908
25.699299
33.220932
20.37622
29.678802
31.673765
20.102499
20.555079
35.658085
31.92279
24.56335
40.734406
29.148447
26.585098
28.232267
17.994097
22.254187
29.863821
25.489279
27.586512
34.49739
32.631294
21.620728
31.51682
25.790052
30.503498
21.597353
39.548332
26.044409
36.760212
36.615646
29.259863
26.414232
21.75444
16.638334
19.830957
29.286762
32.78486
28.828127
17.342148
27.834417
24.797533
19.98952
33.551224
19.187397
32.73825
25.916658
23.342888
18.102715
28.894403
27.890997
26.347902
28.382162
21.145433
20.480648
33.589237
21.231157
32.68341
19.26405
16.436525
33.252407
18.470419
30.133778
32.63646
37.832706
36.466976
19.432028
26.735607
30.308237
36.495842
30.32748
39.823418
17.483088
18.498047
31.564009
32.197086
19.827751
26.893196
17.99484
18.286173
37.99876
38.773525
32.16153
21.973808
36.19757
34.74141
28.585253
32.31255
15.326331
22.34247
25.408731
22.55686
32.899982
21.25162
39.560135
21.420443
16.23876
28.636879
27.70623
38.515556
34.591995
22.455921
37.920017
22.042698
16.5336
25.832865
16.209
29.97292
39.221626
17.11792
15.8333025
36.201363
33.928646
15.750042
37.688602
26.449408
17.626741
27.6229
28.937052
27.054146
37.350292
35.29693
30.540071
15.207788
26.561737
22.105429
16.380047
33.695858
28.809885
34.97019
37.253765
28.731888
15.597401
24.572184
24.178495
40.097694
24.563408
31.41552
35.172485
30.472075
32.839256
40.27784
23.954666
19.567137
32.749805
27.557987
23.854218
36.490295
32.909683
34.111824
33.62877
36.611294
27.203259
32.309643
25.860718
33.137424
31.139183
24.253742
31.134388
34.586494
27.634716
24.362226
28.292385
37.395813
28.412008
21.855297
16.727814
36.016968
38.87801
23.07274
28.889606
29.019787
21.611574
22.006506
39.96152
32.965385
24.395845
19.949768
19.020971
36.10693
31.110886
23.74403
39.89217
21.338085
17.741018
24.74828
28.378628
38.232986
31.253326
37.359444
29.593412
15.507837
40.168102
18.680796
24.701117
33.783154
40.269127
17.765223
18.543821
16.136892
19.091005
29.752674
40.343964
26.612617
34.5728
33.176308
34.96024
40.58317
38.58163
31.729382
20.018389
31.66909
34.886875
22.86501
18.6469
19.772406
37.605015
24.743507
34.51839
23.710245
16.13724
38.2471
37.430584
21.919022
28.186197
38.049377
29.756567
19.74877
27.565409
22.056908
38.752163
21.978594
40.204197
35.933067
28.928965
24.35792
32.003006
32.86918
18.484829
28.214685
20.008366
26.285606
22.12925
15.470338
19.75381
34.725597
39.549305
31.762873
20.55242
27.847208
32.23255
24.802996
23.028639
16.123688
33.39639
31.574778
39.24152
26.630352
20.369267
35.541027
27.378412
39.125996
25.927092
29.62492
36.187653
32.529488
28.809134
24.413284
17.070702
33.847294
31.920729
27.763195
22.06866
15.625206
29.575912
39.792454
33.85506
18.077667
38.541264
38.0958
33.286213
28.190676
19.612953
31.952494
31.062468
24.29926
36.99219
21.277397
26.618046
18.908176
25.81999
16.11624
39.4842
36.854523
15.890311
37.597385
18.059782
22.303513
27.781458
37.426
23.975405
40.523777
18.428667
18.242996
17.051624
34.906143
20.506655
37.46991
38.228764
28.26985
33.89901
26.622131
15.785263
40.142826
30.002056
40.496914
17.663471
30.407677
20.644037
40.12867
39.786285
26.472609
30.99609
17.953138
38.874897
25.956633
26.009796
31.233118
38.46743
31.770939
34.6367
18.472488
34.590233
19.4334
37.36847
15.281371
24.847935
19.47077
22.481985
38.954296
39.57544
26.843218
36.781956
24.884428
22.134401
22.468395
33.604263
28.860802
21.438778
33.127308
36.376488
29.281857
31.358356
35.3019
16.127823
36.367306
20.776285
15.824264
33.99862
31.561829
32.765934
25.609991
23.020737
17.497784
31.604465
32.203293
17.222895
37.120537
40.15492
26.379038
38.460983
31.878807
21.525524
35.62701
20.281546
35.243782
25.854504
16.986137
27.59725
21.244534
29.570469
29.401712
36.986458
38.19362
34.54306
35.546
29.02467
37.325645
26.165377
28.872864
15.213779
20.68275
30.599224
35.56951
37.79588
24.254967
32.166138
37.023636
35.021465
25.119596
18.181623
20.441702
31.287624
35.122665
38.406986
37.33431
24.970053
28.506807
17.732565
33.72704
28.7433
26.81376
27.708168
40.160374
15.717032
31.376
35.100967
31.809772
29.81168
21.760822
17.787985
17.387094
38.455044
29.641594
35.979885
35.87718
21.902212
27.744623
24.024603
34.618378
30.264286
30.756506
22.85391
30.753517
18.677107
23.375593
29.512888
38.65777
36.949425
22.052555
32.15178
20.592516
20.500622
37.388866
30.361612
38.53938
22.4313
39.648346
31.799488
33.93617
28.165785
18.385725
22.676308
20.86652
30.263748
24.807505
17.869238
33.147694
39.718903
30.154295
38.173122
38.715923
19.345886
19.130013
17.519516
27.726448
18.702177
40.20226
29.868961
35.865307
28.40011
34.4595
23.92162
21.512615
36.63469
31.634417
39.793232
40.602135
30.286179
31.88929
25.36796
28.289461
19.05213
31.007914
21.16651
17.87133
39.721657
34.75002
37.257427
32.791
38.925556
15.297942
19.991444
27.01985
30.479036
16.961609
26.15314
40.62287
27.779467
31.60673
23.501192
38.8958
30.629883
20.632471
37.607914
29.104221
17.329556
37.74862
37.410725
20.560053
16.906252
27.288683
39.952717
33.53843
28.960411
18.344074
24.416292
18.368029
15.749761
23.616003
16.743483
37.92048
34.863514
27.555382
18.888367
28.6796
19.11858
33.097496
15.061522
21.588776
31.155813
24.096924
37.203396
23.954807
31.62267
21.429619
19.362919
25.82926
35.799194
20.652777
33.65965
40.493282
26.05758
32.09956
21.072172
32.939575
38.64119
36.334473
28.422478
32.575138
32.90713
31.006622
36.615414
28.761145
15.397209
23.311752
20.444334
36.26119
23.885262
37.510525
15.088517
28.186962
19.894587
23.249067
32.804794
22.610249
36.087383
33.78936
25.255411
31.652893
37.398815
35.680725
20.415974
22.571388
27.821548
34.89008
26.071892
17.120306
16.342232
22.957413
26.538588
20.308914
29.689732
32.354286
39.430275
26.557863
34.27547
40.896965
19.054007
28.21791
16.989555
24.80216
16.320175
22.430262
40.362026
22.772144
39.9376
35.388126
28.006748
17.357332
20.10075
28.201735
27.236212
24.768303
33.87869
21.774063
19.268679
34.295494
31.07968
33.362164
35.544827
31.543673
28.492413
28.829033
21.329252
39.7996
35.094254
33.983547
24.992868
39.025146
19.068834
23.861034
21.155493
32.20443
25.289824
40.314716
16.21356
20.072353
35.304585
29.868223
17.686129
37.61335
20.790966
19.422047
30.283064
35.142803
15.96236
37.11183
27.63247
21.270094
30.46065
33.384003
35.200127
28.590977
33.903603
25.184305
33.091934
27.568325
26.442741
34.047356
37.151035
27.734116
16.439648
40.830513
25.044493
34.081867
24.683134
29.852804
18.880138
38.31756
36.446663
23.279804
17.302351
25.49836
38.124832
20.737938
31.986282
28.512419
20.189718
37.34675
15.983213
19.839157
38.77231
39.62522
28.46546
36.07844
38.30124
21.058372
40.077408
19.848326
19.32042
21.502901
37.319996
23.824806
38.859222
33.065685
35.179188
24.933487
17.543213
33.60663
24.55456
25.001736
20.010475
15.597318
22.952545
37.541378
25.137953
28.70958
29.379337
34.7557
34.084232
19.213112
29.401836
30.350906
21.219631
32.02893
31.940676
20.281027
19.641405
22.115421
17.5175
29.166521
39.161324
40.75646
28.399494
38.800743
36.40486
17.275974
30.367243
30.894712
25.975674
39.721123
15.677796
17.009441
28.515957
33.136105
29.202961
28.48647
39.932827
23.191395
36.693577
26.111006
16.062689
20.138153
35.653717
31.228466
38.610138
23.325182
27.404455
21.083992
35.324783
35.84587
23.575089
27.265844
24.068941
22.275156
19.480318
21.307487
38.680984
23.9116
26.625208
23.73935
18.353712
21.457258
36.92533
26.180252
23.623917
22.648094
24.1378
20.419674
25.008934
27.990269
19.46957
31.865957
16.827774
33.46275
32.36252
39.22181
34.80897
36.814175
34.05066
27.797342
39.71421
33.912086
28.64291
26.482197
36.396267
15.495187
28.205637
40.072086
32.46169
28.634274
18.602322
23.381529
25.023191
35.225246
23.69347
35.373222
31.903624
37.917515
16.908045
18.395983
35.09282
22.023756
17.168413
25.546898
21.260647
34.162125
30.684015
20.15971
20.693983
38.64943
31.224632
17.470297
20.152279
24.994083
37.1424
37.621387
38.82591
38.23001
37.63232
31.342533
27.833336
20.287905
31.504353
24.87766
26.507719
39.117737
27.085691
27.031338
37.100376
16.856588
19.780283
36.566277
29.468155
38.978275
38.28308
26.608332
30.813517
37.066547
19.479923
40.201702
30.6108
32.621025
17.659555
25.705723
35.478893
30.135223
33.822506
34.3361
40.95013
36.57856
37.592274
20.827217
26.83713
23.3693
23.517418
35.92839
30.213715
29.94303
29.398956
18.24597
34.90309
33.101246
36.685547
26.804277
34.805836
39.46731
39.949738
26.622393
22.402225
31.582043
39.991726
33.590034
33.32791
31.438778
25.212757
15.974606
27.04886
38.58792
40.558544
28.002851
18.35097
33.33343
20.553757
40.134373
24.611696
22.99888
28.731825
16.88055
23.635502
30.758265
26.110043
24.321325
16.211863
34.106815
32.26812
21.833517
28.494043
23.689632
18.059076
25.968287
17.798826
26.91109
33.014503
18.901611
31.491747
34.51546
35.102047
15.430489
26.249472
22.159351
23.650991
19.098919
20.18028
22.889101
35.982723
23.711538
17.035656
26.39136
20.565887
35.229115
38.060383
32.902637
36.361877
28.838902
34.90556
27.743732
37.434395
24.854275
36.468338
20.587475
25.867638
25.021746
29.524155
25.77333
30.570765
35.799957
37.581745
38.249992
30.642048
23.223936
30.518068
34.05714
15.62434
33.07932
23.239836
28.650124
17.204136
24.28501
40.870205
26.826471
15.689756
36.61914
36.77371
22.5306
15.949854
38.22194
22.109398
15.393252
27.401669
35.67054
29.541718
31.504759
17.10915
21.84449
39.240414
30.626259
16.084265
36.287167
30.365438
26.810656
30.480516
29.31698
15.859628
28.235085
35.525917
32.75375
26.561394
36.939335
30.763313
18.79929
38.4017
26.119661
28.449253
38.347748
17.763962
39.645058
36.808178
38.799877
22.962515
35.543137
40.246998
31.316954
34.23472
32.345287
33.605843
16.373669
34.643745
30.385942
25.05384
16.455854
21.853537
21.418282
24.334677
39.797577
33.86434
23.238844
15.724707
19.163544
22.486776
15.406057
38.287235
32.85654
40.58422
37.592785
31.789694
17.366041
18.927845
35.630577
30.996172
38.372807
23.885546
31.883364
15.956013
31.185781
16.105474
34.23095
35.379784
21.11132
26.856825
19.647713
18.227242
24.741114
26.754997
32.12947
19.227545
30.694061
29.22519
38.551643
21.210192
34.958626
26.247953
15.934297
28.845892
37.656044
18.682163
17.544828
28.679712
38.781086
25.775341
23.28659
35.184628
36.27591
20.348213
39.901836
31.971748
38.653843
29.579807
20.659927
23.264212
26.31383
22.321413
24.406872
21.274954
20.672468
38.432102
16.11979
40.22426
38.28959
27.755526
37.439987
33.39117
18.27446
34.047115
24.050955
27.813595
35.43364
28.412811
37.222588
26.035099
26.857851
15.634805
25.360594
25.642118
25.943935
39.13689
15.980077
25.243473
15.209487
36.2813
21.164886
38.01485
23.681366
27.190954
30.279398
36.964024
26.125818
37.35554
24.466965
33.66841
21.93661
18.906643
32.299343
26.394587
27.109007
39.636757
22.834023
34.230316
21.401201
22.588913
19.291395
15.142625
36.52116
34.358032
29.581358
19.72133
29.975643
37.122192
36.988937
40.77552
17.079525
15.861368
35.471195
35.921246
36.547356
32.223152
21.222647
15.8319
23.075405
32.059494
17.434105
36.918365
19.371302
26.785368
40.49987
23.864363
28.199675
31.399746
37.320793
16.663012
30.186066
34.261265
26.805807
36.583862
37.35766
19.525345
28.19212
27.845392
37.698246
40.526546
38.3843
18.676102
26.3562
31.329357
16.15512
30.918102
26.56792
30.172533
24.756052
15.360243
39.845757
28.596693
24.252886
16.583597
22.528032
31.671625
20.7321
32.260223
30.400276
21.92941
29.416056
19.566954
32.770504
28.361282
38.680313
17.659023
16.117743
20.150663
37.983795
37.994205
27.231882
30.691772
26.802773
29.706161
22.62413
40.8826
39.80203
35.196587
40.911335
39.68305
33.68183
27.64877
35.86364
32.49352
23.406763
25.261015
15.853812
28.036022
23.852648
32.65653
16.557976
32.10961
33.300304
16.147053
21.931158
19.843584
17.660032
32.310783
33.71754
32.886593
22.828182
32.69076
20.054047
18.34666
39.157406
23.328178
35.087265
28.236504
16.664593
32.315685
27.947487
31.680634
38.30569
21.589071
26.910017
31.205063
37.414173
26.771286
21.12275
37.057426
38.22992
31.041086
37.890247
29.694828
37.337944
27.719189
26.178514
16.328568
36.79143
21.54811
28.74084
26.729492
30.71116
38.487495
38.064068
20.374546
30.233393
24.255013
19.195845
35.45463
30.820992
34.81351
23.437313
18.26579
39.157524
17.538445
34.872
35.07022
26.11174
39.895176
18.750494
21.640543
23.589817
37.114006
28.861828
30.390223
28.48548
15.571543
26.19634
19.244987
22.393013
40.370087
17.441063
26.224554
25.265888
25.952581
15.147539
17.080898
26.783756
23.498718
25.773335
20.278774
36.833115
18.318636
31.222275
18.106169
40.212124
38.493725
17.994806
20.766762
20.437466
28.60986
31.608706
15.933493
29.361422
23.586508
18.561663
23.431732
17.199736
39.325916
33.781143
31.472534
23.526024
17.189753
40.243202
19.170893
35.806023
24.15628
27.24079
19.960886
28.125074
31.919386
38.643402
31.959034
30.904774
18.161428
40.41379
28.329144
22.609867
15.765105
15.633696
37.266403
28.71395
32.825268
33.33949
27.34539
33.522724
21.979755
36.57987
33.66614
16.846056
31.799072
21.281622
19.48441
19.96516
39.757915
36.745785
26.826603
27.858906
33.65727
34.895325
15.966963
17.23317
36.273964
26.756851
29.583895
20.53989
24.485373
23.082703
28.914392
28.87744
39.14997
39.505943
32.289898
27.431583
19.620401
19.169863
23.06392
21.946312
16.923685
25.384682
34.131157
29.606493
22.364046
39.538124
37.98991
22.669268
23.58699
39.22282
24.613863
40.198772
23.988953
22.342281
22.276443
30.338818
39.765083
28.81859
18.910307
26.700705
39.858395
16.448725
19.586472
19.64853
15.606722
23.442783
23.26211
36.531754
26.979662
31.226206
27.07292
22.245071
28.955832
19.199411
21.135496
38.88803
28.811493
30.322092
23.077002
24.752047
36.87483
34.62575
25.323988
16.379967
15.64582
39.056892
17.559082
25.023447
31.089895
36.41457
39.693768
40.46599
39.3842
29.569897
37.2074
22.884521
36.428608
39.64136
40.767082
19.190046
28.02919
34.34871
15.669958
40.117897
21.820164
17.379398
17.838951
34.230774
33.711
35.275524
33.854897
36.952755
33.92853
15.085419
38.822525
32.77012
38.56974
39.822926
35.744648
40.814846
37.988884
39.638752
29.518389
38.189236
15.313598
34.532036
23.669228
29.595217
22.917559
27.416693
26.503128
22.099453
35.77318
32.40583
27.483904
28.195398
24.265902
20.288956
32.332474
16.716158
19.272417
21.350424
32.59663
25.606907
37.088303
34.913998
38.254326
39.083378
19.136312
17.297142
32.290512
28.282864
31.294716
27.220045
32.126987
29.15687
28.15582
16.138193
38.286625
26.059528
28.557995
22.453608
23.73791
36.253567
32.33021
35.10875
19.992512
17.38559
24.346354
19.678331
22.21826
36.87515
34.707203
24.74825
35.38165
39.116985
39.151253
40.106964
36.74862
21.413586
37.641186
37.07375
16.94921
22.63511
17.481047
19.149275
22.251148
31.746449
30.289865
28.0981
34.689457
32.54618
27.690676
28.558716
36.2635
20.229792
34.669586
31.325813
18.540005
20.719604
26.217737
21.560667
21.689817
31.096443
36.089725
15.359372
35.238373
28.923136
16.29524
16.345047
40.624104
15.767508
20.286392
19.248854
37.036037
37.812664
33.71137
27.806128
22.941326
30.084867
34.075813
21.717632
34.215347
18.534416
22.68652
25.912346
23.851484
33.972546
36.847645
20.897005
37.85464
21.697392
35.438015
23.58893
15.112049
28.534685
18.718607
27.70253
35.786797
40.973873
25.502699
39.496166
35.094013
24.098013
35.666668
20.484919
37.196613
19.08578
19.387815
25.586105
21.396894
15.206559
26.466162
19.088251
19.802288
32.4347
27.620428
37.82051
34.20801
15.076457
36.744106
26.948378
36.0663
21.133427
24.765715
24.932892
25.101332
26.51865
25.978054
38.364277
39.381035
23.696787
22.484459
20.61741
28.471191
40.837296
25.755785
28.57521
37.67447
36.14957
32.20002
23.027477
21.296246
32.7117
20.11715
32.776466
18.381184
25.809418
32.44512
21.96685
29.4289
29.569578
17.298378
36.706524
31.224052
38.50241
36.458767
16.656063
25.10559
28.459461
34.699173
31.938438
15.751932
32.469242
24.103584
29.456968
24.87319
33.93006
37.392883
23.508255
33.078625
40.719746
28.673914
23.438236
23.626863
28.92441
33.000088
18.01328
33.76845
22.093588
25.66496
28.164595
30.954695
35.19658
38.245907
26.813019
16.313755
15.784962
31.073322
30.592655
40.484383
36.258793
29.021309
21.465563
33.149624
24.589079
17.299194
26.456093
29.427322
36.366745
18.26879
19.03229
27.651154
20.628279
15.220574
36.02305
40.015392
15.5509615
22.51269
39.38365
38.05859
31.815557
23.50978
24.608511
37.025753
15.201955
22.354492
21.138876
36.77561
39.813343
28.762587
38.72453
22.088968
23.21706
28.753368
23.372374
31.986116
24.745325
30.510292
17.251055
33.97576
36.216705
35.412354
32.71972
25.034784
30.419132
23.685045
17.510214
34.55773
32.837975
34.09039
28.01594
21.516762
26.317703
27.608715
16.626858
24.637327
40.613228
16.160614
25.099
40.52176
25.117147
23.07565
15.058157
38.342392
17.44164
20.235153
38.91123
20.977869
36.98889
29.5996
31.675087
35.2806
29.161432
32.176773
36.531563
24.540457
20.443953
15.395165
28.278606
28.149096
15.230629
18.31768
39.27136
22.971367
21.977144
15.164025
15.933335
35.994633
27.024155
15.205769
18.466644
20.453838
27.269
31.256306
30.001558
31.819569
35.755066
23.69868
16.09957
19.788372
15.203272
28.277376
31.260347
33.728954
25.527742
33.72593
17.881918
23.914915
36.45778
25.710398
30.984638
27.314108
27.530857
18.539438
22.933435
36.706627
40.926434
39.624928
16.379045
37.467937
17.87792
29.772793
32.687855
33.480587
16.730272
21.041893
39.241272
24.327347
24.103224
37.129517
26.15937
34.17072
22.07526
23.025251
31.23987
38.53801
37.820995
21.020695
21.2024
28.608276
35.714737
29.070658
33.68921
37.53687
39.555557
26.972254
15.897459
29.855154
26.274273
25.861423
28.204441
19.04763
32.25035
27.122192
26.695936
18.0354
23.196775
25.96211
17.1193
16.484596
38.46357
38.6281
30.456596
37.61019
30.565638
38.520058
21.049515
27.460123
22.75828
19.305285
40.006603
15.541616
21.563751
18.545141
31.484657
31.091036
19.294788
29.315754
29.359934
18.290543
23.826206
39.838127
40.791275
22.299301
23.13311
36.228466
29.225891
34.093925
26.444473
33.13786
18.51006
23.802288
16.253323
21.271088
17.940653
37.466835
17.879887
23.557642
21.329918
16.987896
37.80164
37.093575
19.454561
33.374542
28.544243
39.88115
32.62172
25.369907
32.56998
29.863934
20.508036
19.019932
32.305325
18.788092
17.91456
18.818827
24.216906
25.016447
27.628883
15.691622
35.67517
33.580048
39.197334
15.263561
22.23767
34.47265
19.083849
17.618032
39.938892
39.476723
17.428453
35.059246
40.19125
37.655422
21.417181
23.272768
35.98184
24.052923
39.136475
37.716496
37.19213
31.116488
26.709059
35.0766
16.072979
27.886637
29.49452
29.187435
17.174694
18.097609
19.186686
23.94136
19.362236
26.988455
38.751244
40.403816
32.937973
23.845821
22.320835
17.601091
26.349634
39.082684
29.401184
22.262487
30.478642
21.003008
32.04071
36.175705
18.084063
16.310465
33.977303
20.7536
21.620016
19.89013
20.199879
20.912523
28.349468
29.425182
25.84854
40.426804
39.444878
39.006416
16.926132
38.550983
23.596287
33.05052
21.90517
24.890781
39.539967
15.563835
26.988066
36.255814
23.875912
16.071434
32.51481
25.541416
20.559896
34.37716
35.811188
40.564022
26.536053
21.728374
26.631844
38.213898
20.118382
37.92993
29.276394
36.290974
28.934753
22.485073
34.443123
33.954113
38.51452
32.936638
35.93358
15.840887
36.930897
31.240202
22.432735
40.604595
27.301964
21.221434
24.76325
19.86708
30.409023
30.95321
40.248623
34.40038
34.208847
33.233673
18.118898
22.727247
19.596256
39.254665
27.253931
31.27001
30.416159
25.02064
31.982986
16.679087
20.429157
33.1114
25.145844
20.037142
18.70252
29.977684
34.16935
31.26161
17.728313
37.116783
15.524738
36.217888
39.463062
27.196201
39.60481
38.807426
17.43849
35.47642
37.796463
31.609352
36.110283
34.729652
26.322817
15.53132
35.692135
24.259607
27.29057
33.36459
15.864659
32.598015
38.301975
18.140438
34.954063
32.986847
15.977296
26.749344
38.44286
28.85093
15.782194
38.4114
32.00514
29.12372
18.666117
16.27585
39.651344
16.509903
18.19132
28.679613
37.02274
15.551468
26.068666
24.409033
23.39316
17.709824
29.315075
29.686184
35.51586
39.58454
38.608868
27.540392
18.095783
27.860147
22.843067
26.727629
23.37263
20.605494
29.363049
17.424917
32.067772
17.146036
36.923733
24.55379
33.77805
37.88745
17.012897
18.776321
40.792072
23.189795
38.86098
31.95922
23.259827
36.674576
20.19403
30.215897
19.663792
37.192875
17.585403
17.513369
36.62004
23.09072
35.12301
18.270355
16.180218
16.3788
20.032806
34.374855
37.01048
30.946663
28.885603
22.613894
28.090952
24.057299
36.062916
16.635193
15.909491
34.016243
25.26915
21.249859
32.51591
37.12997
33.05105
30.137213
16.258127
35.851627
28.52175
16.827293
23.539062
33.35778
31.78559
25.213552
20.513388
29.708117
30.921185
31.787682
26.285645
15.210725
17.804035
17.290493
25.87641
21.648745
18.536343
18.537205
35.99077
23.619957
34.80048
15.80246
37.453384
30.398998
26.063936
35.339825
19.067112
19.452673
33.237312
16.36252
28.607038
36.021973
38.123375
31.126514
15.679621
37.030125
15.793928
39.63416
28.256454
37.98428
34.89257
18.91591
25.83494
32.508995
39.78534
24.849672
33.383102
25.683022
18.467484
20.04177
17.493458
26.446524
33.1834
16.420471
23.500835
35.004105
18.828272
25.882462
37.711723
28.36964
37.373524
22.58462
22.34769
28.982275
32.79478
22.287872
24.323095
17.668442
40.27968
23.536922
28.557318
23.133142
37.854256
24.399002
40.16438
27.634335
25.990513
40.986862
33.567814
24.527493
21.24403
24.055573
20.356335
21.963129
15.519333
31.58971
39.525818
36.178246
23.172068
18.486963
27.6458
39.54341
35.830868
23.196108
22.443645
20.810337
17.558096
35.48179
15.317284
23.850529
38.767517
35.365467
26.367287
36.58385
32.178215
24.731407
27.681837
33.76644
32.00799
34.088436
34.813084
35.840714
32.595734
37.542732
32.65099
31.145826
40.69108
21.16384
26.230902
20.445244
36.761097
31.61556
17.403591
32.94868
18.837408
27.17529
28.7516
31.78892
23.663671
22.079853
22.65337
18.259787
18.201984
17.512888
21.976606
32.029606
37.91825
32.48816
31.524998
27.015324
18.690329
39.385265
34.067436
25.635612
40.669033
33.958588
25.546492
35.75694
26.971037
34.267284
34.892937
22.80488
25.693932
15.1636
32.76576
34.233597
16.417545
20.728737
38.492085
24.829578
16.09203
20.359922
25.499117
31.17154
16.011942
33.089333
28.610165
35.97647
31.436956
25.15493
25.719553
36.03262
38.34363
39.84528
29.566095
34.953327
17.779016
20.204779
28.592598
18.081375
37.33565
20.312803
27.208767
27.531717
25.378914
29.539616
37.167576
32.58112
40.83146
20.433891
23.22018
22.396486
15.555817
30.71119
39.73207
34.439365
37.675034
15.189573
18.523188
38.79222
36.53265
36.458138
27.8374
24.122929
37.417023
35.566063
40.051666
27.037025
32.66138
32.084316
29.50295
33.16297
25.279865
36.519077
19.64093
31.473942
39.911095
15.245414
34.607124
35.070324
35.51458
28.881624
16.296206
21.93027
19.001755
27.339252
33.972767
29.981428
26.782122
16.660587
31.596947
22.255156
40.066357
20.195002
36.154858
37.855145
29.692093
15.667424
26.494854
27.005741
31.224363
32.256664
36.438282
27.540796
29.131582
19.928278
26.263357
35.852177
25.949192
36.956146
23.053501
23.537748
38.517014
22.818819
24.856424
21.771822
30.612598
28.47121
34.11794
40.766804
23.601755
24.369133
30.434464
19.602936
18.088732
32.56362
25.310858
24.173773
15.972344
40.683968
28.315166
34.0282
39.80072
22.692818
16.789616
28.48551
34.866108
33.923645
34.107086
18.558327
39.09255
40.10039
32.355026
21.938705
40.443027
25.790953
26.28376
27.58615
21.309084
17.060726
26.373705
30.3018
18.144617
39.969334
21.956211
26.081408
20.467033
30.993073
26.465155
18.010271
40.27266
19.457687
20.101612
17.996634
36.899662
33.630383
24.461477
27.735662
27.420614
27.247074
37.00595
16.954388
22.758078
29.940231
38.64744
40.208626
30.890486
31.284672
23.17848
39.286186
24.75189
23.993116
22.788788
36.6163
17.727974
37.17025
29.495813
19.993431
28.012072
17.473467
31.956524
24.394367
18.508743
38.530525
34.8334
26.700636
39.458817
15.028652
21.655085
27.734043
22.508583
15.516688
23.942291
35.171288
19.557219
23.151329
15.262112
24.624367
25.390297
36.37037
26.828918
18.45663
31.843578
35.79042
29.287712
26.750078
17.040138
29.503454
19.395756
16.247711
24.105156
32.386036
36.460976
37.06539
15.686581
22.036974
33.600655
39.50097
39.596172
20.523682
19.151564
16.363997
26.93426
35.244415
25.892664
35.90771
25.17289
31.90301
16.134228
22.665565
20.845879
29.844769
21.182161
18.277765
21.730556
38.81648
20.204004
17.739134
26.704908
40.59063
16.103086
22.40762
20.825052
24.833216
32.649937
37.58361
35.591885
22.096628
15.825108
35.503395
25.862043
33.883377
15.095143
26.185755
31.407116
26.353565
39.173534
16.728933
30.736448
28.438334
31.71102
16.375942
35.472607
38.87349
37.314762
33.94929
25.305029
17.982025
23.313396
22.102016
30.346037
28.911114
15.76511
27.240028
39.57494
15.468716
39.34848
26.94154
24.979559
21.706781
31.980806
16.232513
36.991013
35.96255
18.276363
18.17277
35.856297
33.196415
33.286976
40.86563
19.704628
20.154179
33.359943
22.22465
25.237274
26.133646
26.40344
15.614159
39.206947
39.949745
29.367033
25.826157
26.15167
27.06951
36.325108
21.76414
20.209356
31.8276
32.19351
37.67529
40.26314
30.135
20.814816
34.805573
40.153893
26.15804
25.915276
31.948032
29.245068
22.071783
17.266394
40.51273
23.236511
27.18132
24.2769
15.467582
40.79753
27.456398
25.195782
17.782383
24.325972
30.839361
38.124672
24.854189
22.938814
27.563246
18.118023
26.800306
22.661158
24.156368
36.79196
22.47588
30.704258
28.811697
17.067924
23.606321
23.709667
24.363733
33.944645
30.520407
27.885277
17.242605
34.522205
16.628223
26.070467
40.4645
18.894428
17.00872
26.941343
35.969555
15.980948
17.254887
40.803406
28.432724
32.88789
16.070292
16.717773
31.05016
16.966177
23.018866
19.068468
21.743032
20.37903
35.30058
18.102087
27.722715
27.695343
18.45881
18.457464
27.425694
27.793154
37.520958
16.251806
35.45351
34.187553
37.232002
34.901108
38.342514
28.789911
30.761448
18.526457
22.740135
27.060377
23.547321
25.534178
24.878868
39.53328
20.7865
25.756615
23.116074
39.774967
17.48897
30.401632
35.74719
23.976343
28.98422
22.982798
24.3019
18.587406
25.301243
21.388487
24.09721
31.668612
20.939281
24.297024
26.94841
34.96402
34.204678
23.256256
35.62829
29.093777
39.509884
30.919836
15.91696
31.718483
39.813892
18.168766
23.899109
36.045662
36.729046
28.145618
35.542374
16.628567
38.727406
35.59017
20.53011
15.05018
23.35054
23.289011
20.823683
37.790287
23.35979
29.93798
16.493887
34.341145
17.359823
29.265232
30.988062
35.4673
22.586424
38.87387
35.18895
35.39771
33.270214
34.93712
30.373217
35.693363
30.271193
29.615164
26.49211
24.551275
22.524675
35.86173
32.07359
39.38564
34.24743
17.14974
23.484806
32.669674
19.823502
23.569256
22.295658
33.226685
26.822424
30.737185
22.048716
25.426414
28.69822
20.007128
25.86766
35.072937
40.37579
31.579025
38.025917
31.16284
18.15201
16.282082
29.849047
15.147502
24.12203
21.04084
23.13896
31.850996
18.68699
19.33301
34.68497
34.775024
34.607594
39.309063
29.366116
27.16501
26.538624
26.66741
40.85116
40.91654
23.012743
20.865274
29.967161
38.168804
29.437613
15.794255
19.434408
35.26201
16.828535
25.660847
33.854973
31.62796
31.719568
15.486078
25.59412
17.138466
17.979254
19.37468
18.508265
38.45353
15.102767
20.503094
22.350069
15.991457
37.960575
20.636906
19.120779
18.285637
37.954308
37.912167
28.641832
15.697723
21.063803
35.601334
16.18223
16.724644
32.36499
39.633453
16.105095
21.46683
37.25646
38.749477
24.18633
24.217718
34.85323
18.3475
25.510212
32.58962
40.78958
31.308943
36.66121
18.108614
33.018284
38.39564
18.308308
28.791265
31.102
33.16902
35.217518
25.858456
20.963165
23.806482
25.23023
32.446766
29.09194
26.676292
16.809557
27.945387
30.80751
20.081314
16.383675
29.41666
16.326223
33.193024
25.904734
19.450832
18.11071
34.87123
15.793786
31.760817
17.257427
15.801218
28.756643
35.84023
31.525652
25.178787
27.832567
26.088068
17.019278
36.035107
19.477106
32.94604
37.503353
33.217026
25.482372
25.799528
37.87061
33.024883
26.102478
37.660835
25.368824
37.558636
22.878847
35.983406
27.85819
29.9345
29.34952
30.348276
36.588436
28.70809
27.07857
32.219116
27.768736
19.076372
21.256159
40.479797
28.549147
18.729605
34.49676
35.048485
22.940422
31.585749
21.402466
33.50483
35.66989
39.06364
35.960335
30.371931
37.0042
20.037596
30.907114
31.462334
31.165407
31.164865
26.821636
38.52733
17.125238
20.888802
40.8947
32.3415
17.282852
35.094303
25.078129
17.309465
28.814806
30.128508
36.629173
27.699383
20.331533
21.698542
28.94341
18.687838
36.88289
20.019377
23.00872
34.543327
37.326
20.50879
33.814823
37.48064
37.60187
37.312634
25.61744
37.98597
39.562893
31.992573
27.082962
36.742737
39.6516
17.819645
28.029041
33.680626
40.951782
25.290934
15.72845
17.12543
21.916117
24.722914
20.55799
27.544903
37.420387
17.073889
18.151236
29.96585
28.702393
38.50923
30.153297
38.780323
20.214417
25.647005
36.17775
40.36378
23.451382
18.90786
33.630367
28.695782
38.412388
38.941883
29.691223
21.003695
38.511684
29.71652
26.936144
22.342644
32.475723
37.523354
26.83052
39.97987
21.046156
15.898018
35.6429
20.469316
25.154438
16.246225
15.202714
34.38236
29.641743
24.830296
40.365986
33.80307
40.568737
32.69436
20.054811
33.901634
38.69291
32.092754
31.300829
32.16696
38.786816
31.034945
27.84988
19.209728
18.12891
20.671652
22.574512
23.439632
29.71919
28.420694
18.1929
36.37566
26.555252
32.967346
19.607246
15.865848
16.649881
35.572872
35.551674
25.073004
36.379673
25.486265
17.179033
39.725513
24.22474
25.6779
30.718082
20.837347
21.992891
38.600372
34.396847
20.869055
30.21724
38.23037
40.45502
20.131527
16.574524
30.25694
17.257645
33.126945
16.892054
16.955286
32.274303
25.476395
31.594404
29.02146
18.0025
33.10117
26.28672
27.442356
21.790861
40.40494
25.579657
20.336494
26.957205
33.346466
32.2317
24.625113
36.598568
24.497623
37.21784
26.379286
35.05462
38.449173
20.429176
36.737694
27.112953
33.256645
32.366444
40.400932
27.734106
37.011425
24.410845
26.882124
39.32618
20.077074
35.0391
28.929934
33.41335
37.048622
27.695082
25.83884
34.919533
32.072556
26.938753
39.72295
18.227879
34.80785
38.963745
18.253363
24.678795
30.013445
16.608175
17.845543
23.233585
21.515177
29.578949
32.831837
17.657766
25.135204
35.76807
30.76575
36.7676
35.059597
27.260101
35.678318
23.035284
36.074825
34.91315
23.84328
37.16277
36.121403
16.241556
38.4066
36.11102
25.693132
20.736425
28.09716
23.51111
18.752851
28.73116
33.159367
24.385399
36.040756
30.452063
32.63462
40.671524
17.918907
38.989994
23.167538
40.16893
18.225597
38.587135
40.624073
29.217056
21.005882
31.853687
33.982548
20.666265
30.439592
28.312529
28.194933
39.517094
30.80578
26.015518
23.014462
38.980312
27.902594
23.883366
26.14718
29.649723
39.984165
20.891716
27.508635
33.981686
34.98118
17.259228
30.853384
33.339607
21.53936
24.389206
39.593826
29.488852
40.240196
40.474503
29.236063
34.616707
20.26079
39.396126
39.534515
39.704235
27.684849
17.82917
39.20317
36.391117
20.694292
23.315453
26.820265
34.351635
17.951187
26.47033
21.424532
36.639374
27.622179
23.462017
25.224915
31.460215
25.702715
40.434788
18.832027
22.397505
21.565912
21.643248
18.46846
28.240467
27.991043
33.723022
28.72634
20.256159
30.319134
15.743924
39.614388
32.997353
18.838297
24.47483
28.873089
40.553146
18.018946
40.635292
19.835306
25.526028
23.799183
38.816963
39.47116
18.958643
27.763178
19.228811
22.679665
17.935387
32.76044
31.453085
31.376034
21.648436
32.28151
16.994896
40.472393
30.344816
23.735569
40.56635
17.460918
24.760479
19.668222
23.766905
17.98227
36.3994
22.912569
29.104897
20.498552
15.33009
15.684429
31.150734
20.988804
18.048925
22.712591
15.020629
33.446396
23.399101
36.637547
36.36032
31.881493
15.536009
28.117224
33.53151
16.51813
39.49427
25.345877
25.79936
30.92422
39.03862
40.022285
26.977757
33.924175
38.170265
37.19607
24.209528
40.31764
26.912352
24.875935
24.342216
15.664136
22.812538
39.801308
15.705581
22.692339
15.977731
30.358856
17.005234
40.25389
39.395397
22.267977
17.517582
26.165613
19.79788
15.364408
35.80433
38.770233
35.39059
24.57872
21.76061
38.594624
27.39186
35.036495
30.968992
37.09579
18.521736
16.0996
21.052227
34.15881
21.328976
24.123
21.000937
31.747093
40.55984
26.719227
28.298056
25.90432
24.649397
40.402557
21.070063
31.168592
31.855328
30.627668
33.465755
22.383303
36.55637
16.442535
21.996515
20.875418
38.80178
25.242931
28.667707
27.02084
35.32535
24.445988
37.389084
33.3277
18.926792
26.292837
31.37273
17.342379
25.375385
37.44541
35.010315
15.919296
18.805183
18.560122
16.06714
29.694422
33.948
22.60112
16.938599
28.963678
32.489925
38.298534
35.18547
39.591347
21.338987
38.862038
25.59758
38.05985
40.656094
23.827784
36.631134
36.32111
39.128334
17.746746
15.22318
27.721067
35.15311
39.31513
35.707394
20.942688
15.353637
30.502565
28.838566
25.649199
22.160658
27.251413
31.778898
27.308056
34.072327
31.400517
35.307358
23.537516
29.64353
19.629398
28.48414
38.2415
33.257973
23.423946
35.53539
20.78475
21.300737
28.33215
28.819117
39.50912
35.47603
39.10865
39.39137
34.003212
15.70421
37.73933
38.912525
18.711271
30.284294
37.792297
15.416675
25.703783
39.822357
35.059216
16.8128
34.73081
37.80344
35.03096
25.894709
24.040623
20.623861
20.394205
21.1073
21.869942
31.402864
32.440582
38.35001
35.998352
36.956955
23.047684
40.69396
39.308475
27.947237
24.721182
29.04751
38.904575
34.39954
27.080023
33.52572
19.016304
36.54902
29.121601
38.562233
29.650515
36.275444
27.621536
32.648064
21.752903
31.272272
37.102627
27.989714
39.50261
18.532114
29.950216
28.34993
15.286709
15.733087
28.456284
40.86751
28.887848
26.675093
17.842047
17.748362
15.467133
20.041914
38.639126
38.37807
25.035677
27.45455
28.201704
21.627172
33.282063
33.033134
16.577318
29.903261
39.8593
34.499218
33.48148
30.849964
31.53365
35.22719
22.701332
35.500946
39.959137
39.593014
15.896221
33.167786
23.265177
18.470516
23.468079
21.373829
39.131336
15.789687
25.942093
17.741768
34.571865
40.698734
27.128271
33.90094
26.264061
31.060776
24.227
17.201029
24.928381
32.768223
37.996853
36.302048
20.004425
23.672222
40.120457
19.556181
20.6659
16.80157
40.984264
24.50532
28.078869
18.984922
17.230732
30.788723
21.731495
23.992071
26.646412
17.288555
33.64979
39.874542
22.217081
29.43667
28.362709
20.312681
21.511118
16.264265
33.59125
35.465908
17.944864
28.996693
20.810087
25.074682
16.938866
37.77896
30.066532
29.37729
20.491375
28.46311
17.740496
15.781402
34.27566
39.296925
39.29043
19.169886
36.010193
27.82403
33.45405
25.222282
24.555841
37.338795
31.859003
23.1978
37.96188
31.834953
20.547432
37.25263
35.512577
18.54528
37.5297
27.553875
17.718782
23.890165
21.156477
22.204319
19.15398
31.936293
29.83455
34.306644
18.051855
28.312206
28.410727
17.372835
37.662537
24.93584
18.40934
28.723734
39.507183
21.879753
28.232895
34.525875
19.875734
32.23298
29.421534
27.677029
28.180157
33.91422
22.115963
24.878906
21.105675
33.04913
24.979755
39.92493
29.894976
26.745369
20.010752
34.48292
21.555489
20.882076
26.907665
35.46697
30.297424
38.876293
24.956783
39.469776
21.090357
30.296986
40.765003
27.666151
20.868616
39.668022
37.58925
23.100348
24.62098
27.834705
32.498672
40.334297
31.3676
16.864105
37.154865
31.060886
38.857258
22.6077
34.606598
24.47571
31.710602
18.775478
32.169483
25.952839
25.69005
30.653921
23.197256
29.884483
28.79473
35.44592
20.35021
18.421457
23.958769
27.618927
19.827625
33.29076
40.273945
25.61839
15.954899
22.868542
33.862686
30.83655
20.502384
27.25125
23.79511
38.82263
23.161774
16.194563
18.773697
16.378448
36.717197
18.47933
28.701958
24.404247
22.622053
32.515556
21.708399
33.142834
19.928867
32.810024
37.714725
17.815647
18.818356
39.300026
36.217293
24.552713
19.335182
22.495184
38.59336
22.989141
20.361689
26.871233
31.948889
18.933908
19.347273
20.024185
40.292007
34.112514
39.85986
21.720125
21.646582
30.143225
27.637276
31.165457
40.612686
22.627335
24.490122
26.574282
36.836044
30.517056
29.144144
24.424128
36.8659
33.77042
24.908827
26.668112
15.961016
26.710709
25.920374
16.611145
21.54601
23.478643
32.630955
26.1597
31.225245
15.498817
25.202522
26.71914
15.529233
34.97749
40.512287
33.139538
38.89843
19.107111
26.588253
40.80038
15.80198
20.873638
29.467072
22.17651
34.34397
16.145878
39.702797
33.0421
27.227442
27.07187
33.053944
39.846405
17.526318
32.715412
40.237576
16.73453
16.35818
31.336653
22.062983
27.188305
39.255745
40.753788
38.743855
27.326962
21.80255
35.818665
33.73665
31.534117
32.928402
19.197239
27.064196
24.267103
38.15278
31.366611
40.757454
30.656612
27.019354
20.023483
15.784551
16.819094
24.98249
29.944645
23.635193
28.681244
40.086548
35.748295
18.589788
23.555471
34.921513
29.975658
40.626465
23.707071
32.543415
17.44563
27.905487
27.718388
19.31575
19.930817
17.819427
25.582111
35.957973
34.861618
32.708782
19.145409
20.479973
27.98561
28.516464
22.778414
15.136243
30.692766
31.891102
37.955204
36.0513
24.062746
17.547676
37.812187
38.747757
31.598623
29.0556
37.688427
17.451204
33.082207
38.647953
27.154266
40.751015
21.019278
27.132078
16.099123
28.963858
18.738747
25.530464
38.076283
21.376677
37.367977
21.692238
36.291946
28.438616
39.627197
21.78937
27.377766
34.92628
27.669165
24.34806
27.40052
37.12446
16.035849
33.264572
27.439585
20.144367
33.212284
24.116125
40.502254
16.644209
38.22822
25.0013
25.548973
29.421747
16.291628
35.130684
29.964924
25.616331
21.53359
19.437386
20.941473
15.587771
21.602573
21.588312
30.920305
38.932117
16.066498
24.950981
28.505123
31.549404
20.364481
17.30692
24.060225
15.196094
15.395631
24.401577
38.59217
40.53491
39.740616
35.78197
33.450294
24.337444
38.982346
25.79713
26.883667
23.199951
16.625355
23.122717
21.556665
19.900263
21.709154
27.720076
36.752197
34.353966
17.369036
34.75121
36.181095
17.020449
38.3185
18.645092
25.068134
24.56454
