44.03868
35.905373
49.35308
45.828564
43.126213
49.000244
35.09623
51.69907
43.041412
53.602177
47.679733
53.20285
51.260235
52.171932
45.386124
50.210186
51.754642
49.344612
41.18909
40.708427
48.16131
46.737633
40.685688
36.30881
39.12661
55.539867
53.859
44.950977
40.50566
46.12542
46.435474
38.37329
38.52383
40.655136
55.67239
44.902565
39.97104
36.1301
44.513477
46.383133
45.992424
53.64335
53.184513
54.61339
54.063225
55.639767
48.465717
35.486732
38.291477
45.838676
41.074123
52.14432
48.27908
35.099678
46.816525
45.838737
51.38982
51.919506
45.432556
54.880302
43.422466
45.436203
37.337334
53.992096
55.36769
51.7865
53.794506
47.6349
55.139446
40.413437
44.402973
48.380074
38.914623
37.45339
52.164513
42.20604
49.989227
49.645115
37.814312
54.67329
49.86499
37.29824
37.54302
48.29314
55.617184
41.73457
54.716175
51.046986
48.462643
44.272728
47.70588
55.93581
42.84641
47.265297
54.48946
54.643658
44.29598
51.917156
45.241287
50.884216
42.754208
44.61484
49.746334
35.766235
48.09493
50.27888
44.09797
47.56134
43.049892
40.814632
53.807407
35.586937
46.831196
49.081738
53.14859
45.52723
53.32034
49.92845
41.289837
49.406967
47.8132
53.744183
46.522263
51.605427
40.959652
54.67215
39.68522
40.752205
53.717117
51.093777
49.71005
42.081726
53.849434
42.247322
55.0562
36.84006
45.745415
45.875683
36.6974
38.6354
53.10596
42.611523
44.2307
51.202652
36.3543
47.402817
52.627426
35.91309
55.460735
39.657772
46.12269
46.501404
48.2415
36.94532
36.748848
48.905476
35.090816
51.02592
44.058346
50.818325
49.535717
35.707016
43.652653
49.536884
47.96532
47.518597
39.23661
41.959034
48.379265
41.486477
54.051216
50.12804
39.024487
39.344334
43.702934
38.552727
51.345196
48.370403
41.603943
50.642048
36.757755
52.66058
42.46522
43.984245
36.38041
54.056942
43.543217
54.873817
37.99721
40.13924
42.6308
40.443375
54.216064
48.65657
51.104614
50.993046
45.992863
47.527374
38.693348
46.626556
52.436764
47.068302
45.01531
46.10096
37.08608
39.42574
43.34874
47.876194
50.649918
43.278732
44.544525
39.710907
35.547688
52.75782
44.468597
53.7926
40.44663
43.181713
43.86998
36.313034
40.39705
49.652027
48.110596
39.603897
39.095573
43.766216
50.764206
55.43314
36.268585
43.709652
36.694294
36.828903
38.16128
41.770096
48.854675
39.84591
52.642124
49.881336
54.72149
35.018215
55.488144
55.14737
45.96161
50.852623
52.00348
43.424614
51.67
54.60862
42.24167
40.946724
40.267403
52.78358
41.751686
55.66525
40.93969
42.176044
52.94829
39.44884
35.321552
43.13532
53.919273
35.534992
46.979763
42.622105
41.72522
39.660236
51.13499
51.002846
41.021996
35.108425
52.976166
37.07952
39.141647
53.511284
41.867783
35.71697
35.60443
43.61154
40.727978
37.57145
41.402836
51.356026
55.86399
37.846954
44.297836
38.624737
51.59179
47.709976
40.798355
46.621483
55.03773
36.978634
55.45669
51.452824
55.622887
49.968876
43.60602
55.704075
54.864243
46.9281
40.69031
48.884804
51.292187
38.31581
52.892796
42.460857
54.479897
39.30119
45.855953
47.815952
46.407806
36.2391
40.904194
45.89316
50.645096
47.558865
52.32981
44.454956
38.12024
45.45428
45.98347
43.87038
35.573895
52.99869
50.622314
38.088734
52.139935
43.825527
51.212124
55.99148
51.8843
36.312542
38.65413
35.627563
54.546272
51.28717
42.213013
48.93193
47.17316
37.630672
40.25927
54.403233
37.816845
35.800404
37.807552
52.873703
52.969517
52.21238
55.731735
40.942814
41.95586
45.630394
39.46839
41.866
42.07033
35.193325
50.482056
48.69074
44.85067
35.478874
39.75895
39.21438
41.512535
42.049736
51.120197
35.901863
39.235306
35.257484
46.201252
53.24586
54.685246
53.68961
45.531162
36.178112
51.889874
55.536903
40.263443
42.047806
44.3361
48.33111
39.759773
52.37142
54.954792
52.957005
48.408405
48.028088
44.475616
47.578255
41.77099
37.82559
39.488728
53.13316
45.39488
39.39428
54.433426
37.35412
41.40216
40.17972
43.64916
50.843853
45.27249
50.899532
45.57038
47.601665
40.073677
42.205933
38.124443
47.534763
47.762085
45.452736
38.40035
49.912357
42.07437
47.403908
38.696358
45.424477
37.96279
36.44068
45.12567
51.49275
50.488075
39.32505
44.061935
53.746964
53.57722
49.859833
55.840145
55.129158
53.077805
36.848824
53.293564
41.916004
45.09619
35.605415
41.903465
43.06063
51.69388
52.88396
44.56625
52.646706
36.634373
52.51541
39.24101
42.920288
47.022457
42.217205
54.030914
42.31926
50.35831
49.017185
43.572887
45.155293
42.7409
55.48221
36.962673
50.120117
39.6982
36.474365
42.826168
50.585514
54.396275
44.471287
38.562958
42.74571
39.784782
50.5816
55.23416
49.0111
50.57354
50.262657
52.044456
46.7039
55.80285
36.404938
46.876686
50.029095
53.169693
40.88582
38.877697
51.498295
55.202686
49.91539
48.665226
40.469254
40.840378
35.497726
45.328236
54.230614
35.960922
40.1134
42.02688
42.109196
39.935303
44.292465
39.663338
54.406193
43.332138
35.09183
48.791
49.579124
36.488914
51.61698
44.65707
43.977894
54.78268
48.635155
47.03244
53.61616
41.08269
44.01564
53.272675
42.913452
36.048058
37.202507
53.875313
45.078537
55.645504
48.17617
39.651176
46.821533
35.505356
53.392227
49.511166
47.37975
53.508427
43.999725
46.785114
52.42156
42.302048
54.23555
51.93548
41.252888
47.280415
43.267662
43.50628
37.892517
52.932636
45.91717
48.156387
50.005222
51.36123
41.62772
46.666397
53.38591
40.204483
54.77022
38.879543
49.673256
45.158062
39.87227
43.639652
36.237938
48.784313
49.64341
38.92302
45.73839
48.32224
41.731255
53.525944
41.66618
37.766705
50.987946
48.866165
54.313354
46.57238
45.652504
40.683804
51.985813
40.956062
37.26191
39.6863
45.95953
36.9205
53.292065
50.471863
44.630604
44.803406
41.49972
39.387184
41.545406
46.367367
38.68722
39.327793
38.513813
39.18942
38.14435
37.87315
50.806206
46.38358
37.33483
52.563614
53.514145
50.495163
44.489964
40.572803
53.514946
47.74277
36.647675
43.506256
49.12192
55.65186
47.332626
39.566216
39.425022
35.52332
47.511433
39.862347
39.530617
38.111122
42.676735
54.21948
44.394505
39.344967
48.914978
45.436035
41.708954
52.927094
40.59481
41.580566
41.352272
51.156796
48.87662
36.57886
43.238647
47.391838
39.58838
49.04041
54.016205
54.142925
48.138977
40.000492
55.953022
49.91546
43.047478
42.01303
47.52348
53.562366
55.3551
52.819267
53.661606
43.092274
48.65658
41.638737
37.38327
47.5894
55.73853
53.98148
38.495888
39.144524
51.844467
36.764202
44.411865
49.470947
50.39997
46.42825
44.6614
41.184963
46.625813
42.70337
53.560448
46.567253
36.843166
53.63895
40.631233
40.9898
54.43204
54.533104
55.795696
39.09239
37.342667
41.43004
53.066204
41.223312
48.779198
46.927456
47.4433
54.620903
35.176197
35.138245
42.99681
53.30564
47.870438
51.784496
55.654583
39.67704
40.934193
35.567
36.05207
48.365078
43.48078
35.14955
53.906445
38.97299
54.379204
35.325016
47.770535
53.9663
48.721855
35.188854
35.694637
49.112457
49.57785
43.43591
43.278458
48.55598
48.53419
41.217403
36.830692
51.826134
53.277927
52.34782
49.87046
45.81711
41.004818
44.035004
49.002552
44.055264
55.753345
54.72186
42.277676
52.373497
47.85773
42.0744
45.50907
55.449905
44.589584
54.628365
44.65867
49.53585
40.714966
45.11538
51.328606
44.098175
37.13227
44.02983
37.59821
50.03079
49.97586
38.56872
47.931767
49.55291
55.57157
46.679413
40.649067
54.904274
35.412235
44.584
54.49855
42.472187
35.88504
42.81394
53.201992
35.0408
47.827084
43.485046
39.449978
49.44005
45.11159
55.27033
45.719074
45.989765
40.374462
49.287033
35.45441
44.7839
52.67922
52.904297
51.615536
44.040493
37.38825
50.299038
38.318676
51.454933
39.759174
46.440304
37.325245
47.73717
50.81738
35.066074
52.4242
37.288017
38.869225
43.13158
52.335
55.27528
42.61526
35.154392
41.618256
38.207455
37.198612
35.859222
53.22278
36.470787
47.681015
37.534042
53.720524
42.194992
39.37748
39.5492
39.98515
50.243565
52.20018
44.56257
36.055103
55.08651
44.66328
46.03619
35.188923
39.806484
46.482533
39.823742
40.668118
39.513817
55.766953
46.753185
50.73225
39.001465
46.64474
43.325222
53.14109
53.557884
52.79141
46.87572
45.250324
37.47403
52.735416
45.8091
49.16025
38.93001
39.005096
41.79968
48.45082
38.62768
42.150288
37.179207
48.25192
36.747284
39.423203
37.081554
45.91424
51.54952
39.435127
55.299038
44.344086
39.218716
43.419205
51.220097
42.144333
36.34854
35.82409
39.664314
55.064438
55.80854
55.839417
45.90819
52.90369
37.597992
41.11112
35.703987
53.93489
53.692974
48.343174
48.633972
35.11979
52.82318
51.70208
40.713627
37.87283
46.576954
48.941315
44.76
40.89648
49.226196
38.945274
47.675114
46.65921
44.18716
45.955654
40.45942
47.416237
43.08888
46.087997
50.46653
40.28369
42.007805
38.872032
52.138058
53.768185
35.545506
46.456768
52.21614
49.3269
47.075558
48.80965
35.22128
53.987167
44.66656
39.708942
39.804398
52.790062
35.900013
53.579353
43.4346
46.838966
38.04501
49.2533
39.767857
51.03209
39.82612
48.553467
53.956898
38.136814
37.32647
46.187317
40.108917
50.724323
54.404964
40.819897
54.075146
38.624374
41.37473
40.348755
50.76528
40.983055
41.589336
41.343113
45.219597
44.710377
50.013947
38.329205
55.743073
45.09002
46.82047
41.104694
45.50827
36.58999
55.539017
35.547283
35.167473
43.460976
38.322327
46.446083
51.17975
54.53815
42.435432
46.729115
51.754807
51.772575
47.16992
44.086197
48.54304
41.41
41.000107
37.39375
44.460007
55.407623
36.948006
44.53656
47.323574
47.63354
54.80456
44.191174
48.3033
52.62894
50.066563
42.88665
48.534103
35.229706
44.19181
42.190613
52.630096
44.14194
49.049496
35.182014
54.24952
55.64501
48.248466
46.466698
38.307934
42.956112
52.362946
44.867935
42.914425
48.431885
49.94337
37.581226
46.61439
36.70553
35.59961
35.02121
49.06237
46.061913
55.374207
40.80817
53.81991
49.838577
40.085514
49.342747
50.575714
42.40708
44.31349
43.199505
39.719395
38.33704
54.22556
48.133625
43.86495
47.674236
42.495354
46.83965
55.616512
47.874676
36.154377
44.727238
41.59645
38.82784
46.334496
36.886032
39.51459
42.575493
52.50877
40.10027
47.84751
44.786274
40.01875
47.243557
55.518036
55.781837
51.38822
35.63503
49.817616
43.926773
35.166653
49.97055
43.698166
38.49247
52.81988
52.255924
49.4748
49.684166
47.491405
50.763885
40.92736
46.380764
54.294373
47.412643
37.766064
51.2786
35.162674
43.12089
53.43544
46.553234
46.1889
46.63275
50.27072
48.857372
38.807575
46.0258
48.092197
37.458473
54.14402
55.616337
49.42555
49.58606
54.342342
35.25826
51.669933
46.606747
46.71049
38.09536
55.700726
43.47405
36.075962
45.671673
37.589985
38.010292
55.832615
39.930367
52.355392
45.969723
54.777313
55.038975
40.907066
39.504604
43.98445
41.167236
54.65179
47.610317
52.647095
42.31349
44.53542
49.36073
44.025383
47.026604
46.65684
52.261745
49.386063
51.402584
45.970566
42.848854
53.091316
52.048603
40.010117
54.733456
41.80086
54.80169
47.01069
47.663254
49.08805
41.86562
52.28706
44.803497
41.638996
46.686417
50.231476
52.368763
41.60313
55.325676
38.836422
45.93899
50.594196
44.310394
46.21832
42.279003
53.30266
40.93913
48.220764
55.247097
49.67372
38.806484
43.80986
42.426422
38.12939
44.87133
36.638954
50.441696
43.368916
46.739048
53.856686
52.534374
41.86861
54.95388
41.95956
45.860878
36.32046
41.004868
47.249153
37.151344
54.89812
48.43718
37.244087
37.82048
35.419727
48.930477
39.21821
55.357525
41.188797
40.456898
48.888878
41.838734
49.537632
38.663437
37.16315
52.70388
44.872105
40.43703
37.764656
51.517227
43.322384
39.205334
35.510174
40.293797
49.940945
38.90219
54.982605
48.11338
37.75758
41.684032
36.355682
47.167614
50.900307
47.421803
55.165867
48.08948
51.421986
53.71296
37.898212
35.400017
41.434074
51.658833
36.355373
55.173542
43.642467
53.935
42.912914
35.570618
53.40441
36.745777
46.928936
40.717083
46.981457
40.098656
39.77246
51.517735
47.75014
39.46045
46.162476
39.385002
51.750328
54.264194
39.768333
44.535637
52.100525
39.924335
51.312317
53.4627
50.49017
52.98735
49.736347
39.425346
42.17082
35.796116
43.347454
52.315605
46.61126
41.57833
53.240368
43.05917
35.25606
38.18302
53.71065
43.786263
46.632725
35.783684
36.818058
38.36913
50.38945
48.74268
40.737362
52.564137
39.713776
49.488777
40.042667
48.91945
35.981754
40.698093
51.61131
55.813293
36.417885
39.288483
45.40464
43.473198
39.008137
55.738453
36.985653
36.593113
54.90135
36.023743
54.267063
43.213352
55.058834
51.028393
55.64865
47.85717
52.967667
47.63167
49.39878
43.528328
53.82002
38.798344
36.862736
38.06549
40.67905
36.906868
53.83914
39.5222
49.80137
37.2387
37.255886
55.695267
46.466595
52.021553
39.09822
50.65974
51.37665
49.670376
44.394203
48.185265
55.930397
46.902233
49.946507
45.206455
41.453754
42.214462
43.414635
51.09902
47.77111
46.810516
36.29785
48.373737
43.34061
42.433624
39.346687
35.541992
46.54432
38.725758
42.939697
51.32934
36.62336
45.667896
48.002113
52.117886
54.179115
42.37716
48.11443
36.483288
39.123203
51.037537
52.561394
54.959194
42.45232
46.023026
49.20574
40.709377
46.248333
50.335564
54.235996
54.61723
46.85972
42.324787
54.033993
36.41249
49.307346
50.2827
35.63528
35.846706
50.57576
47.91349
40.514385
45.60178
44.600555
45.8673
38.71693
47.570095
45.44308
37.496353
36.681904
46.379963
55.355606
35.742973
39.4499
37.55688
53.183304
43.601112
37.33696
55.50882
46.823772
49.906563
41.568687
38.60288
42.27047
48.305767
45.81555
40.961113
40.1034
39.129055
40.0479
37.24475
38.158546
54.551388
51.63794
37.619038
42.50685
47.862206
35.176003
37.294937
36.804424
36.885654
54.03971
46.529354
47.537354
47.59343
52.35716
37.732063
50.67776
43.734787
36.639103
38.37542
47.792217
51.871643
44.02005
48.73208
54.699123
35.551483
55.74457
51.076187
51.358772
47.476753
38.262615
43.875217
45.797825
35.4366
43.056408
40.67242
55.519436
37.4554
43.111576
45.81396
36.030857
40.08212
41.76641
52.910202
41.832348
55.995617
39.525707
43.937145
35.454304
47.133186
46.309464
49.18194
40.903957
41.36311
44.52169
35.81541
44.1887
35.316765
49.27092
48.735004
47.41996
46.371735
42.051517
48.463062
36.36968
53.934635
43.203724
36.30818
54.251015
53.1109
46.510323
42.70163
49.925335
37.56835
45.35919
55.606033
38.699642
49.902523
44.003536
50.160133
39.37174
38.093834
50.58528
53.27142
54.204678
46.71017
44.75231
36.697334
36.067974
38.353268
53.89637
51.26626
40.069733
46.473103
44.266087
41.28105
52.62212
50.081917
37.468338
54.82069
38.03205
37.087795
53.16119
52.609756
55.389545
48.93756
53.062946
53.360844
39.738148
53.00969
45.754436
36.011524
40.25502
39.73017
53.13535
36.075348
38.442665
45.697723
39.810577
45.4056
42.139923
46.19951
53.128716
54.03067
44.496834
42.37441
42.07252
45.361652
39.92605
55.938293
36.709793
50.995586
39.44297
48.823997
40.453266
39.541885
38.73739
40.308594
49.94939
51.38477
37.78137
39.201504
40.018364
36.06123
49.771248
48.4491
53.70162
38.98181
52.726044
45.07515
40.13795
36.55067
50.120216
43.72092
53.685867
41.35169
40.515713
46.17495
44.43712
51.95895
52.276253
38.189606
46.02534
37.10295
50.0964
42.570045
53.42362
48.37774
40.25843
35.990982
35.246155
43.409725
54.242126
42.24749
36.921787
46.4255
38.555634
36.678528
50.990795
53.453674
35.430004
39.315098
35.69157
35.975124
39.325703
39.899883
52.94995
44.69612
44.036247
42.301052
42.861595
45.26058
43.542366
40.000202
38.76654
53.140476
35.6694
49.2729
35.05515
36.64761
36.03141
46.39996
44.91589
40.995094
55.707294
39.7486
45.33802
41.603817
55.587475
44.844894
50.815937
46.396736
42.354027
37.622276
49.36707
49.653076
43.61287
50.875763
53.67142
38.10483
36.783478
52.577362
50.368465
53.34961
41.96984
55.115505
40.80586
37.326614
40.185677
48.70972
39.824448
47.556786
55.98769
43.221523
53.485367
45.08337
43.782513
52.333496
40.997604
38.56583
37.816135
47.60072
37.488075
53.777897
49.129105
54.19225
48.671455
39.83958
51.566326
46.234947
41.92314
48.873375
48.26733
38.54813
40.736374
36.41649
35.930946
54.214523
52.053276
37.843746
43.547817
35.871662
53.499645
52.259956
55.22475
44.827473
49.124588
43.80584
45.18692
38.10484
44.848633
40.088257
45.037025
35.302147
55.457783
48.493324
52.874977
40.720207
51.64594
53.47007
37.937294
47.55089
54.304516
42.48268
54.002342
40.048508
39.985462
53.220936
53.925728
37.512405
36.222874
51.83136
55.319515
50.597656
49.188255
49.385635
42.569656
38.940426
50.975864
36.538242
44.097885
44.335594
38.667126
46.341797
38.01757
37.73646
44.206806
44.486603
53.107353
55.159775
49.038807
40.809746
42.332054
43.174152
40.395554
43.779705
46.977386
46.025833
55.1127
54.803864
39.83299
50.612972
41.84946
37.629192
45.7578
44.458214
48.63504
43.81057
46.392532
36.548885
47.73295
42.20642
45.74572
49.4153
53.91736
50.728058
39.873196
48.09966
35.38966
38.11692
37.89513
36.73179
36.728256
36.352997
43.150444
55.27243
45.461014
53.408108
51.37541
38.610916
50.07727
40.449295
48.411263
37.611267
55.555145
37.270412
50.09526
46.8892
41.76985
51.684147
43.670055
47.072266
46.470108
49.842003
40.258427
41.046356
55.862232
40.966454
50.6933
36.223957
40.225212
38.777218
38.26764
48.183098
53.395252
50.97282
46.77434
44.12061
41.40446
53.488895
36.54314
42.43934
53.03588
50.89627
47.049805
35.44608
49.565968
52.224777
47.07226
42.57563
37.50548
47.702827
41.298912
37.775925
42.72125
37.38806
55.756405
36.69034
42.92362
47.43113
51.417213
51.05536
47.138306
41.762352
40.87185
40.29533
55.44639
53.320236
35.006115
48.64079
35.972404
39.551113
46.210827
53.222725
37.828144
40.800766
37.769543
37.5025
55.478474
50.391792
52.719193
43.08546
35.78553
43.634537
36.65928
45.436214
37.809002
37.754765
48.69718
46.264263
46.2927
49.737873
54.96022
55.38117
45.65135
48.38727
52.87962
41.643715
49.18672
40.473694
43.757122
38.19233
40.208378
36.712486
38.961967
55.570053
41.711918
50.44761
37.47408
51.464436
54.276333
41.343884
51.38867
37.753376
46.88223
46.093105
46.42831
41.255516
40.423836
42.12506
51.470154
40.08688
50.790348
35.581024
36.58949
38.807552
55.525925
49.355167
46.144894
38.60584
39.242634
50.838486
36.986176
42.611897
41.157055
37.110085
48.953033
46.05893
36.348656
46.712383
42.450653
36.417183
39.596935
51.81955
37.037796
54.81457
52.944324
40.56265
35.6436
53.027283
52.453144
55.510326
52.24129
48.074966
46.977448
43.8204
37.550064
51.987053
35.15438
55.37565
53.610962
49.620457
45.234684
35.296173
37.88803
35.503487
42.818336
47.581013
36.88318
40.556873
35.03877
42.27336
40.121117
55.199944
44.247997
43.46654
38.760338
38.78855
37.794903
43.672012
41.016678
40.55107
39.06036
52.556034
48.047882
54.18962
46.515263
44.81819
42.940857
36.096157
47.201443
49.032894
39.96765
36.69627
39.700462
48.60399
55.331852
53.778477
49.35146
37.593037
40.214
44.79263
37.206963
52.073395
47.04292
54.008354
45.974148
45.83502
46.569004
48.112923
42.97926
55.719177
47.49646
49.29758
51.01406
43.597427
40.14325
43.13254
39.77578
36.0259
53.8406
35.56281
51.49581
46.903828
50.55859
53.17072
38.267426
47.04425
36.549683
49.445652
53.52911
39.42528
55.639236
51.17742
41.137604
55.031845
47.160084
46.247063
46.473557
42.62071
47.42763
38.027157
40.06274
39.44566
38.08275
54.323704
37.26705
40.965168
55.59148
52.292324
42.70208
37.82123
38.68384
38.043976
39.171757
40.926277
50.5384
39.718784
48.075764
48.323788
35.07494
40.651268
51.441494
43.59887
52.80451
40.876286
40.960052
45.0065
40.304173
49.63222
50.66451
52.158077
45.53344
47.706417
39.178593
51.060947
48.889694
40.437553
40.785484
51.541008
48.112156
39.94074
43.918655
52.595016
36.88691
50.65315
46.060738
50.01714
42.27994
45.61174
42.45126
44.723343
47.930885
36.969055
41.450478
46.5576
35.27703
54.12931
49.88404
45.005466
53.94528
49.544067
51.202023
45.163494
45.849247
35.645317
55.82583
40.51689
40.459274
45.613506
42.627945
53.56346
35.175076
52.67903
41.091797
50.088135
36.7239
55.437927
45.33299
50.940544
41.031544
35.22599
45.828114
47.49699
47.06909
53.940296
49.393654
40.598602
43.765358
55.822964
44.684998
42.649117
55.192986
51.62943
39.244446
35.72839
42.88569
35.291725
40.917065
35.032143
47.324783
41.657246
42.274574
41.683453
51.344975
41.134216
40.539917
41.978413
47.452637
54.10752
55.389114
40.426018
55.82421
35.801823
55.921818
52.521545
37.057926
48.86383
54.03847
51.053024
38.589104
37.311375
41.43941
35.88196
36.04736
55.654293
41.47006
51.562428
35.733456
42.930553
47.07638
54.866543
38.824287
51.120785
38.206146
35.26999
43.876263
37.905346
41.093925
35.71755
50.69067
55.010307
43.00172
39.536648
54.62888
38.452206
55.152
53.195995
55.021034
50.836117
43.786316
52.716656
39.398663
39.4876
50.51019
41.934612
40.899918
55.606316
36.343674
46.48666
48.34552
36.817535
43.18716
55.345562
37.164116
38.467533
55.733185
49.96583
46.557755
46.759815
44.207558
35.61802
41.041225
44.361374
41.706985
40.287243
39.763607
51.421597
48.31527
37.590885
49.8258
44.041264
36.62663
38.53063
39.14493
55.10494
36.781998
48.535656
52.284607
45.047382
43.633244
49.176697
50.06935
43.563026
49.189964
42.13469
51.73234
37.48731
54.075066
53.493145
43.807377
42.07965
48.317745
49.190006
50.969215
46.720036
44.44627
41.51251
44.55084
53.594696
42.508087
53.84776
39.52184
45.291065
42.34099
51.512062
49.299057
41.348217
53.146614
54.37358
49.87878
48.716145
51.17645
44.155876
49.429153
41.76579
45.13035
44.76387
39.662235
52.96139
48.689114
52.709167
50.01691
36.55779
48.454956
35.72829
54.92718
43.717407
48.457733
47.985195
51.224598
37.255272
53.29959
49.828564
43.02946
39.81505
50.95723
53.93474
45.322144
42.655064
43.238285
51.8087
53.754173
54.38055
51.897312
47.038406
46.158092
38.896782
53.456757
53.401897
39.645767
51.577568
49.849693
38.911884
47.14672
49.144382
41.103554
49.149193
46.731293
45.033905
42.417915
53.784275
40.087738
35.094925
53.154472
54.01505
38.078163
48.300507
47.45355
53.75975
43.384987
45.787216
48.41908
35.835056
46.87788
54.94038
44.072796
38.022564
51.480515
48.432953
37.568333
44.880848
37.99707
42.095142
48.477337
43.39567
53.570465
36.24307
55.31214
50.077457
38.187313
38.62682
40.833347
51.913105
43.91916
47.471886
51.105804
46.65821
50.39509
52.182537
52.712574
47.316185
35.337795
50.15179
42.014225
39.29234
49.86333
53.779804
36.849403
47.63382
50.644176
51.241016
36.6128
55.970478
49.965923
55.760017
49.217823
51.256985
51.169834
38.157272
42.053917
38.183193
41.96658
51.207832
39.68216
49.16758
39.631027
37.91981
51.677914
46.177677
38.14351
50.184082
43.725506
51.231773
54.929924
38.37259
41.797474
47.327793
53.971268
54.369907
40.009785
37.718037
54.70247
46.21125
53.5343
51.90265
38.30122
47.969696
45.77129
46.450005
43.679283
36.786495
41.83703
42.768772
38.731987
45.97056
40.305664
44.254307
55.176025
38.906555
40.059227
53.811134
54.61131
36.105976
47.046196
55.61356
39.2796
36.111385
38.72646
43.108147
43.360718
55.12123
37.989323
39.684612
52.546654
43.141296
53.371254
52.14573
47.064445
36.188335
43.47132
41.0923
36.28074
49.5726
42.56492
55.60574
54.513947
35.5681
36.549976
53.15877
50.704544
52.84297
35.52511
45.513752
38.149456
44.86697
48.495247
45.47856
52.59364
51.1392
35.928024
37.7815
43.58998
49.48631
53.14276
45.99965
52.18808
39.869926
50.804188
51.42903
46.69317
54.111797
45.114075
47.02051
41.44834
39.696095
52.646683
53.021748
54.336384
53.34057
49.157608
55.76348
35.971943
42.34171
45.11073
53.10758
48.360474
35.793777
55.11414
48.43445
53.137188
38.657604
50.933594
42.68928
49.367596
52.312214
46.26078
53.929123
43.290413
46.660847
55.953625
51.017193
36.314495
48.082664
42.03736
52.595993
48.04317
41.52243
53.35741
44.237453
51.092693
45.79263
39.409065
52.716167
45.995758
51.725983
43.533916
40.680954
45.53693
54.16112
36.36929
40.610188
43.45344
39.87001
39.164528
46.828106
41.553314
47.443096
53.336617
51.53204
48.951862
52.83648
46.427906
53.234623
46.30856
51.755295
52.449753
46.760494
37.65797
39.298298
40.448555
40.953434
51.67173
43.321045
38.014458
43.547913
37.96293
39.788372
42.367985
38.23795
53.349895
40.981754
38.6062
46.83671
36.833366
52.802944
53.667446
41.56174
51.40909
45.572712
54.582645
50.903603
35.737408
40.661766
49.62105
40.239895
41.121998
51.010857
39.00969
48.3418
48.211864
40.09789
50.008263
53.18711
50.33379
42.192204
48.25509
52.04133
45.387028
53.799614
38.464622
49.59775
53.78744
47.046516
52.753525
36.077595
50.035435
55.377346
53.099617
50.582985
41.100044
42.34697
37.69701
42.668385
38.961025
46.477936
41.26061
42.05017
37.331432
43.12237
41.654568
35.609432
53.795097
47.019215
42.571747
48.359646
48.33657
38.769672
38.375076
51.84873
43.51549
51.767387
51.626713
49.544094
55.3431
53.214367
55.277184
53.109703
38.25535
54.729866
50.96428
39.125603
41.44545
44.716476
45.380196
39.723473
41.217915
38.086304
38.205513
41.81561
37.95693
38.169746
42.67986
49.080276
38.763763
37.63038
44.481617
41.63288
36.811157
47.99173
44.222935
44.360275
50.986843
44.945095
41.531197
49.22467
40.454346
47.952423
54.384468
40.453865
45.345764
36.78414
39.096004
38.426228
42.919704
39.539066
39.101646
42.23165
45.16673
49.38207
49.493935
54.343784
35.025482
44.70481
47.0682
47.574265
35.08452
52.665874
42.498245
44.496223
47.887997
43.0989
46.14319
36.822163
47.737915
35.590668
39.90193
40.800537
44.191074
47.125996
36.478138
43.555534
44.28602
47.072083
42.39606
44.43628
38.9033
51.43234
41.116364
49.864555
46.56179
47.23809
53.64112
41.874096
38.384514
39.66637
42.068497
42.520042
38.92931
37.972866
51.660122
39.60358
43.072884
47.611496
40.117966
46.70476
45.161083
43.975346
35.93252
52.345543
49.194077
35.038635
43.860516
43.215458
55.901863
45.80518
52.81774
47.783882
53.183815
37.876205
50.73151
37.295837
54.53533
55.638683
44.18726
45.10219
46.765305
48.545227
46.025024
48.510616
37.520115
48.70748
41.39419
44.860268
37.872917
43.55716
51.158607
48.320797
35.51149
35.642464
55.959206
39.99573
53.86352
36.72216
47.687614
45.27033
41.83518
41.195778
52.601727
47.98577
46.706875
41.56543
49.823
39.94434
54.129707
54.063404
38.495327
46.454357
45.09652
41.79924
36.456535
39.10904
41.22366
38.781097
55.87621
35.759926
42.672497
52.948402
46.947258
50.69351
51.564262
42.91625
38.383663
37.34875
40.797417
48.47672
36.1732
49.523464
54.763706
39.028362
42.76144
51.90921
39.577145
54.01215
55.60212
55.96724
37.079636
49.12084
49.798943
48.611977
49.067642
46.51834
51.385353
54.90406
36.89614
54.556644
45.641106
40.97142
50.85929
35.510143
45.72849
54.674812
42.521755
39.6606
49.8459
37.113297
55.480103
36.660797
45.04292
44.92546
36.87079
39.48087
55.8184
35.48391
49.309284
52.39844
52.632107
37.50323
37.84441
46.4324
43.500214
53.285892
49.942486
53.33959
43.916477
43.815784
51.477955
55.794876
40.443317
54.175774
53.20021
43.657238
40.450867
36.31347
49.170773
52.28788
44.6471
46.008484
38.220726
46.731285
46.238407
52.00486
43.565067
39.195946
47.787563
36.66393
55.32895
41.67884
35.094776
55.16568
48.89014
48.76611
45.71759
45.240856
48.622643
54.6122
36.066692
42.651352
52.838436
35.850666
54.36716
35.153076
36.467384
46.722034
54.15859
40.473244
48.28978
45.01772
49.422443
39.913292
39.341705
44.53349
51.871365
44.548813
52.450233
38.60226
47.412678
43.639606
52.72375
38.932884
54.3071
47.785793
46.22197
38.420387
47.083717
44.569927
52.960976
45.812607
46.843647
48.9106
44.870567
42.119293
38.187157
42.11939
50.314156
54.431904
53.63306
48.701073
54.306152
41.385777
38.063995
50.265976
40.617214
35.84121
55.427677
44.533745
50.54475
54.48579
37.651646
35.299465
48.24424
41.96766
40.487816
39.405773
41.166298
48.857838
37.793285
38.218895
38.3251
53.20946
46.57498
44.84171
41.835712
54.732746
46.978416
54.313667
48.401024
35.636772
36.28451
41.345222
37.20338
41.002552
42.89354
45.71346
54.961662
44.146732
41.22151
54.306023
42.751568
53.811092
52.411854
47.94212
40.55488
45.170326
49.77404
46.522003
53.403027
52.58905
47.900883
42.76069
39.410835
40.778706
42.48742
47.746887
47.958344
38.505993
55.97696
51.83467
49.77166
52.286674
38.293587
43.923466
55.678318
46.562164
40.085434
50.01077
42.368168
51.700905
41.099415
36.01261
44.577858
39.792618
47.53555
37.23821
47.735016
39.61067
54.487858
53.57818
47.247757
43.306374
45.868847
46.419792
37.30571
53.368607
43.53586
39.538025
42.270767
42.133274
54.690083
37.727886
53.478844
41.659283
43.002956
52.741234
38.548386
54.101147
50.339462
55.170452
41.097034
50.803165
49.394424
43.281742
38.104748
38.21598
50.03517
39.442284
35.02988
39.39364
53.65292
35.708504
41.184048
39.26772
52.365124
40.34665
40.802425
50.114773
51.48249
48.542362
52.70786
50.634403
41.256718
44.322426
42.460476
44.837452
41.558907
49.75978
54.40882
48.507233
55.803677
44.861965
52.114223
37.341568
48.130154
43.153572
38.207035
47.009254
39.578724
43.85475
36.851524
50.261875
41.761055
49.73083
54.64561
49.930336
49.311092
55.142094
46.962326
37.105217
36.225895
47.558147
46.451767
53.051044
43.057762
39.817955
55.66553
41.436752
35.802963
43.714355
40.539886
46.27814
48.24727
44.061115
54.779835
51.582844
37.474915
37.260864
38.022915
54.064274
45.225094
38.533768
53.02984
43.448265
45.788868
36.389843
39.04857
47.834614
41.17946
55.631756
48.928886
37.295395
42.38013
46.160313
35.526672
52.39301
37.576447
50.1216
55.430042
41.583015
46.41346
53.48236
41.064102
38.53037
40.483402
47.949463
48.786594
35.212418
50.4458
41.25963
43.673714
39.307896
37.409443
40.257153
55.313503
39.77847
41.464344
47.85021
45.073654
50.737858
37.542065
50.890472
48.99119
44.673225
49.10385
41.25612
40.64348
38.834538
46.50869
54.934868
52.10308
36.139862
42.297173
54.70152
51.35348
44.257984
41.042076
40.063725
38.348305
50.62447
46.862804
48.509804
51.233612
45.02331
35.178528
45.734325
41.120968
52.02346
42.78344
39.439743
38.198452
40.998093
40.867775
41.51671
55.897396
46.674145
45.17941
35.890842
39.29457
52.160587
46.123432
36.090546
44.922726
36.186256
43.230904
36.63804
35.686737
42.841408
55.092968
36.69521
42.638344
43.461956
43.5529
41.00591
49.94937
41.42133
50.676067
51.06818
50.54144
53.502068
49.776695
44.64258
55.479626
37.207836
39.570297
35.156963
45.41821
51.84614
46.341934
42.30342
45.09852
39.463135
50.873005
52.13963
52.142048
54.744034
38.75308
43.304764
55.15653
37.80621
48.618294
52.53922
48.478134
51.40666
39.804165
47.55772
51.71006
49.46166
38.87809
55.467045
41.585842
35.933525
43.525837
40.342327
52.585133
45.077904
48.306065
46.280193
52.16039
38.764797
54.85847
48.23213
45.394817
54.087452
55.25347
45.188244
41.40508
51.75545
38.305363
51.82936
43.826683
41.83189
43.83566
50.594463
52.275616
40.219215
53.069862
39.220924
41.766773
37.92421
41.578285
49.20656
43.68781
51.53999
49.430363
48.315243
50.07646
55.571182
48.522064
38.20222
35.630184
36.198326
45.357037
51.47023
49.088608
39.828403
43.914986
51.984535
54.372795
52.310703
42.624252
45.072468
52.13941
46.010677
51.87089
44.312477
44.21373
39.029167
54.922565
39.977787
39.70238
35.730366
42.623352
48.841602
43.45465
50.39909
37.724174
52.97339
53.940865
48.28643
39.253693
38.36014
45.54684
40.52261
39.90577
36.67166
55.745403
40.376728
49.022133
42.255596
42.599087
39.125492
41.382687
47.49586
54.572533
36.356308
52.680927
36.997032
39.688892
49.875004
38.258236
53.66782
39.65123
39.514297
38.39836
53.668217
43.668335
38.04647
39.242138
50.357796
44.373554
42.092068
51.172615
48.836758
35.40606
43.386234
41.34199
41.40667
50.935825
36.01533
44.864304
35.294384
44.65674
39.268543
37.081635
40.280617
35.54674
36.562824
43.226627
50.453552
52.999466
46.494175
47.750336
38.168434
39.768883
52.44422
50.56209
49.435505
43.536465
49.32833
35.436726
39.38163
53.809975
46.009953
39.88462
46.13497
38.293495
43.62554
55.851334
38.4675
48.830307
37.565575
36.71601
53.796635
53.51341
48.139153
53.191704
49.695286
38.58277
51.013355
48.895653
53.88853
55.28425
41.363163
47.553936
52.82562
55.951843
44.293713
39.0324
38.307556
45.19324
43.503956
42.64459
39.32336
40.207985
36.349182
36.47745
49.202213
53.948196
43.429653
36.79682
54.42405
35.04385
38.583565
49.947273
40.94776
36.157604
42.694725
42.544743
51.714043
52.70867
55.03891
35.175312
45.05893
42.710934
52.9875
46.259808
54.13459
35.807278
42.762985
51.221546
53.075348
44.450466
35.59825
54.603172
49.569916
38.580116
44.089878
51.318684
45.704845
46.076122
49.755527
43.797993
41.429527
40.73073
35.806446
40.38395
55.759792
42.474648
41.928318
52.97545
49.88486
51.11701
53.427174
55.575397
52.67162
46.914597
36.441814
38.09852
53.67047
50.87275
41.05018
40.521576
50.618675
47.79849
44.004303
53.21732
35.609856
44.775784
37.51698
46.10355
49.55258
49.913593
38.992973
50.059986
48.27613
53.929222
54.848682
40.9181
53.658264
46.372673
46.596176
41.21295
53.447678
35.072105
39.18128
47.801056
39.03277
45.686172
50.15987
54.394554
50.268948
53.08594
36.672657
47.03965
41.618053
52.657207
43.3359
45.57586
46.276527
51.513515
41.104015
37.15282
37.67291
54.040775
52.87972
48.952652
39.70069
41.156345
55.14835
40.36833
50.319153
44.15858
47.195263
49.022438
39.702545
41.06725
41.52861
55.17563
38.947273
46.91093
49.974606
52.2704
51.45692
35.504383
54.538284
47.583405
36.51664
53.877033
48.530075
43.21822
42.241234
47.66318
49.646923
35.960632
39.03548
55.445156
47.666424
39.839645
35.940365
37.252575
50.163425
35.59014
38.75577
53.164032
37.19081
48.59673
47.627808
48.231945
53.179592
54.313515
51.86816
51.75695
45.408173
39.600662
37.1332
51.275177
49.26672
41.896297
38.732136
55.48987
36.199646
46.65103
44.756405
43.778217
52.647808
36.992344
39.92655
35.835022
42.531734
40.157528
47.538265
51.47657
43.818077
46.83629
37.655693
52.621418
52.493866
45.197906
45.748257
37.989124
46.836468
40.04301
44.29601
44.113598
51.211975
37.21614
54.499134
48.854725
43.76072
39.14297
43.118717
45.71008
39.235756
35.114716
37.64874
39.877853
42.94875
52.732395
41.47339
48.202938
42.24732
39.744884
36.399147
41.849903
35.19896
54.367134
39.96767
55.789833
48.18881
38.04889
36.25331
37.96237
38.952095
52.579155
41.428368
48.279995
44.1567
46.357967
45.239304
48.47845
42.027393
49.644592
39.67894
40.185486
36.66041
45.600098
42.562397
40.479343
51.615585
48.982162
38.418663
35.639217
49.092907
44.421402
50.095078
41.75179
49.50148
45.310986
50.738537
40.33106
53.510902
49.475056
38.365154
45.13316
53.73874
41.946613
35.059155
44.903515
51.072372
42.381668
55.95216
50.880535
52.24953
39.864204
43.52565
46.498325
37.729027
47.11501
52.452145
53.880177
41.0717
53.407787
45.1449
54.395397
38.021328
40.81699
46.421074
39.763805
48.226116
44.774467
46.20013
51.935528
38.073833
54.29584
55.956924
38.248066
50.426853
52.652485
43.728085
39.16824
53.13839
36.711304
54.83071
35.263638
52.10687
39.642086
46.0939
54.91623
45.282944
51.20088
54.326527
54.69033
55.48182
38.33806
42.94886
40.19773
42.073544
50.45087
38.20079
53.76462
54.62469
47.20285
43.10621
40.198322
35.347248
40.46632
50.420864
37.476006
44.77388
35.609188
52.120087
50.23345
42.423546
39.043545
47.593178
46.518623
43.347385
44.6811
55.602867
55.393208
45.351997
38.69934
36.241024
35.614475
40.385788
39.812237
37.56598
41.810642
54.0437
42.060688
54.34217
42.274727
53.39666
36.99042
47.319347
35.745125
40.384296
53.968838
44.786484
43.315464
46.823017
43.307304
39.71469
42.922092
41.67609
45.80177
51.663647
35.69429
48.60858
50.28204
37.767773
38.820625
44.007034
38.768845
41.54122
43.484203
45.582375
50.877922
37.94476
39.850216
38.39416
38.1816
43.143124
52.051163
42.6354
35.340828
49.647873
38.608215
38.799168
38.95459
44.088737
43.75171
45.91204
52.238415
35.685486
53.65926
45.36376
54.8402
54.602753
41.71709
50.48879
48.32899
50.76178
45.528168
46.462467
45.151237
39.355976
52.540264
55.263035
46.138905
40.271202
43.84768
53.42054
37.975384
53.84717
55.93223
49.02451
47.377422
47.932774
37.852444
40.994625
40.135235
44.986168
47.66403
42.93206
42.567974
53.049484
48.660667
49.96381
43.397953
40.788326
42.360867
40.868443
50.524673
49.427917
51.03483
41.4288
42.68838
52.340572
52.964794
54.39574
53.553005
38.243214
47.562855
42.66675
50.309555
45.449127
47.93224
43.28408
35.503628
53.3846
36.451187
37.639545
53.42449
50.629097
39.482944
45.836327
41.058144
49.066586
39.37113
47.503067
35.303196
44.346073
41.46657
54.481373
53.875797
51.740993
46.049885
53.71517
39.088753
37.66989
39.66352
37.35873
42.479942
38.595016
52.547665
51.590034
48.086437
36.750748
38.586224
49.867012
45.013283
39.1704
39.412357
44.396473
49.829735
48.777767
44.09746
49.399025
43.240654
37.888947
35.15304
45.347954
47.4272
39.330227
35.412003
39.736103
53.428406
37.519512
37.72386
55.081905
38.944035
46.281578
48.29801
42.824318
47.97917
39.871567
54.959595
50.47601
53.822285
51.66641
55.54466
51.905266
40.950985
41.250603
47.154354
46.89914
46.59361
37.170506
50.01227
41.224045
45.83965
40.460426
43.224846
49.24454
41.388477
45.154217
47.83151
49.787117
39.253254
41.387577
35.149532
48.343033
43.99573
51.3692
49.5679
46.892673
48.357742
37.452976
37.625164
35.60371
41.476383
48.77876
44.418213
48.406185
44.22246
54.465973
54.13205
55.980007
36.585625
54.141907
42.754993
55.00379
42.444546
39.665985
52.849514
51.608585
48.50686
48.271336
43.58574
39.856186
40.681118
40.986824
40.11287
51.718838
37.651756
55.125416
37.743095
50.475624
36.968147
54.828907
51.353413
51.660618
53.530144
45.144398
47.87245
53.69877
41.9549
38.87449
52.71277
42.147823
48.943756
46.490982
43.53339
40.027954
45.43288
45.731102
45.77302
46.065548
48.007614
55.105392
36.981365
47.80361
49.78819
39.438313
43.094032
46.438404
37.753044
53.735126
40.446022
45.93043
36.25618
54.123005
49.499382
51.4077
50.31621
35.34952
53.972572
39.129963
50.10731
36.338272
42.30226
43.31514
46.96605
36.599327
48.142605
50.94231
50.143154
40.871185
53.91283
47.24067
39.475533
45.23139
37.240795
43.94956
55.131393
48.05446
45.518356
55.59214
49.59015
49.618656
49.68385
51.943584
54.05877
40.867306
42.77757
54.594456
37.597557
41.815598
38.77813
48.010956
55.330887
40.36051
43.720673
46.77586
41.25222
42.799286
55.12238
43.75751
46.297707
55.190998
54.296364
52.798973
36.559044
55.806187
41.221912
38.145306
38.733757
53.300938
45.2573
39.23433
45.16985
47.92491
42.1307
48.664585
45.151863
48.026646
49.32543
39.123962
52.39659
44.355034
35.187767
42.81346
46.07933
39.17235
55.828533
44.432777
40.09525
46.99211
36.16429
55.107864
55.675537
37.83406
37.24947
52.735332
44.924316
40.24914
52.3878
45.094563
41.319767
52.008606
48.37946
46.735664
52.731743
37.274544
46.6599
44.08975
46.04824
41.273083
50.01684
47.467888
49.074253
40.97683
39.033936
51.615997
48.96923
43.06983
38.40273
51.27512
47.122997
51.516136
37.768963
50.76013
49.03518
48.38207
37.83492
43.914486
45.459347
47.172813
42.026455
54.92475
43.800697
49.835403
44.151497
38.385788
41.514847
38.75311
49.12619
40.69598
42.04539
39.510307
54.025578
46.33156
42.65913
50.942245
46.427628
46.800198
44.390404
54.000782
47.262478
45.106083
43.1898
36.264942
36.153305
52.37231
36.287544
54.50431
46.540863
49.861095
45.728073
47.56359
41.720543
51.00828
43.009983
43.978283
48.289173
48.24583
42.774208
55.154236
49.397953
49.324566
49.523365
51.64805
43.638786
43.568985
47.42654
39.070473
54.353092
38.99709
55.366238
40.401745
38.645294
37.52036
36.518066
47.055496
49.407738
38.502426
35.91877
49.857067
51.21932
40.79978
52.67447
40.21238
52.067093
54.03386
48.68857
53.135113
46.458275
37.250946
45.0475
46.472794
39.639446
45.314972
35.492607
39.626507
50.32048
42.347893
41.727642
55.294296
45.51258
50.28338
52.664062
43.2849
35.832996
45.131706
55.089886
37.246353
44.90341
39.867325
49.66308
51.233047
42.27465
47.94515
50.576656
36.39525
40.647243
45.32777
43.720245
47.716595
48.025623
45.562862
41.671635
36.648045
50.84303
55.888622
52.39182
54.690746
47.02499
42.564785
43.06853
43.465744
41.421047
50.62774
54.155483
35.57495
49.027645
45.050453
39.288628
50.605785
40.949444
50.851456
42.425625
37.96079
44.102036
52.04184
47.250988
49.80411
50.245968
42.42516
54.617023
53.308186
40.06003
35.172405
41.54933
36.556828
36.611378
42.78269
42.135822
42.91513
55.760456
47.509956
41.439358
54.41177
55.750908
46.587116
40.426735
38.69607
42.47756
40.611057
54.790535
52.429977
45.700134
51.265667
53.455345
43.554073
46.775948
45.154575
41.506176
49.72738
39.32178
53.89133
38.25446
49.38199
51.583298
52.75205
43.165764
35.256702
35.189728
42.133884
44.41339
54.977722
50.402306
54.78255
42.89341
44.23991
52.92673
49.252995
43.63905
55.4088
53.853252
48.349644
48.706345
38.911163
43.312206
54.35599
39.767815
42.611347
47.988632
55.70817
37.847363
45.480625
42.726505
39.39303
46.857037
41.258694
55.071163
40.75845
55.855125
38.479126
42.74809
36.61226
53.235107
41.18469
53.756718
52.455585
55.376217
55.893948
37.969997
47.447704
52.638985
49.896942
45.873444
48.23154
51.972866
46.755806
48.35201
55.06243
39.818092
52.965122
37.238575
52.777615
45.430244
50.087254
43.67495
43.019733
41.233486
53.319485
41.204304
52.78499
42.317253
49.372604
38.91347
42.804974
46.731224
50.744747
50.87412
41.491005
37.804665
48.959568
46.5938
49.1707
49.318798
38.10452
36.18101
44.12881
50.994602
42.052753
39.452778
46.527752
48.42358
54.0814
48.269
44.628063
40.26517
49.209164
39.96468
37.85495
45.262165
43.467934
35.869305
54.164303
55.384212
54.495872
38.552124
35.850094
43.1995
37.293545
54.612633
42.404705
43.396088
49.720047
35.54759
44.294853
50.226776
36.32266
43.468983
45.547806
53.535347
45.39142
45.221832
41.85627
43.93687
36.70909
48.75632
35.504913
37.67123
38.327404
52.44571
48.79749
53.62639
53.84194
38.409626
42.82084
44.03691
36.06105
43.80175
47.320385
36.403076
47.6681
50.451588
44.181587
53.247364
54.461887
51.211887
35.51274
48.427605
36.02651
38.8565
54.606693
54.859768
52.22991
46.39781
38.12265
41.6686
36.77941
45.248634
50.67383
43.980373
44.17285
54.740257
49.63277
49.799797
51.775642
49.12659
49.373375
42.6717
52.4268
43.353737
37.3571
41.11829
37.931187
51.55497
42.44059
46.164036
43.03049
46.443027
53.53294
44.61271
46.96216
49.51481
37.263004
51.125042
42.51325
51.257904
48.63068
47.560287
48.555317
46.354187
40.710773
55.491497
46.406864
55.212444
54.354095
50.281693
49.011307
39.030357
37.487576
50.616966
50.841507
37.98538
45.053764
38.932568
51.645786
54.084904
40.849716
52.739384
39.635838
38.667866
51.526302
41.460613
40.48355
36.54323
46.791164
37.022423
37.541466
50.275078
35.422066
38.10721
48.0309
52.179855
43.04207
41.674557
51.55195
37.18804
45.733944
49.082405
37.161278
50.840897
40.47851
42.89974
42.436428
50.342117
50.089962
55.292244
46.399464
39.76514
36.7911
46.683556
52.908134
42.228516
35.82226
43.247284
45.139397
51.095127
37.510036
50.66886
36.087833
39.025295
36.03522
50.53123
42.580814
49.01963
54.7344
38.624664
46.172424
51.424194
35.14527
51.458626
54.41986
53.238968
51.163223
49.26229
51.46886
55.96975
49.61514
52.800434
40.578808
46.694523
54.276012
51.402657
42.20348
47.977077
54.855114
39.706486
37.510082
38.753895
40.76046
55.74861
39.76697
46.34475
43.514065
47.20368
41.859684
51.293076
36.534904
37.76619
39.30509
40.829136
43.632786
49.898785
47.525253
52.367096
42.96324
49.42875
48.81531
45.596664
35.38237
39.76487
55.39384
35.41047
35.109936
41.82785
36.159534
50.120354
46.3603
37.140137
48.294594
48.15893
52.132797
38.904816
41.653053
41.73708
38.66679
37.31816
54.951523
43.73383
48.16116
47.806858
47.139885
48.431923
46.234234
47.35837
53.971462
40.580547
38.257133
41.621677
37.71465
50.66607
39.13218
36.995766
41.152412
54.20244
50.307575
40.49445
46.501183
36.314594
46.820698
52.778656
42.647423
45.88162
49.944454
49.381115
41.147953
37.030617
48.574677
35.81345
50.76914
54.828053
52.841255
35.94186
40.95055
52.602173
47.551704
43.745316
53.470196
55.448303
55.983036
53.328693
39.761288
48.118214
36.226288
49.853657
39.78465
52.67542
54.757904
50.87104
50.096188
46.0102
49.162933
51.391304
36.765495
51.551292
39.967438
54.913254
43.099403
46.285595
42.350857
48.546314
49.703556
46.502926
42.103813
42.307953
47.275295
38.51976
36.572914
48.655315
55.662807
55.004047
43.491203
52.319073
44.14833
38.422623
43.53144
45.547268
37.617332
36.563408
46.13921
37.938572
39.26088
45.04647
54.70363
55.146564
51.72506
47.231213
42.405884
54.870674
41.169167
50.951374
42.149124
41.71439
52.523434
40.06512
39.818043
47.687542
43.347473
53.894585
51.742485
36.35721
46.082188
50.24713
44.64654
51.910324
46.160744
44.86031
54.55318
40.681343
54.39834
38.792866
40.084137
40.019455
35.31579
36.49631
46.34573
48.72246
51.568623
39.044567
42.123604
51.64813
48.451206
54.27368
50.42271
42.529
37.524467
37.38927
48.483776
35.46282
46.776222
38.936253
41.283245
53.02831
42.36468
53.893555
37.18115
53.48483
48.918518
55.05602
42.81963
47.054512
48.571037
53.796223
50.594704
54.856667
44.39133
50.760986
51.024773
36.66693
54.641857
40.050415
49.121613
48.30726
49.33984
35.95183
45.433086
35.13804
46.928806
52.35646
42.771496
37.81983
42.477146
39.57384
43.767513
35.23976
50.71202
55.376938
48.296852
36.256416
49.369843
51.760437
54.51529
43.707138
37.79872
40.07533
54.707367
35.942856
39.483463
35.91481
39.405174
43.008175
40.180515
37.36969
38.265682
51.468227
40.647907
38.04595
45.00873
50.798805
47.534477
42.542686
52.31238
40.202595
40.852978
47.925606
37.93838
53.691895
48.603203
43.09951
44.51775
36.28697
50.53425
48.882435
54.364826
38.219173
35.739
54.01495
46.408047
41.099434
52.75936
47.299904
40.826534
53.114994
49.147343
48.56115
41.263874
37.4513
35.97493
46.134205
49.553944
53.30086
48.614788
35.15734
39.73835
38.017197
36.224236
37.018707
49.781025
37.199585
35.756447
52.93307
36.792744
41.75303
36.995792
48.771282
49.76686
49.258
36.068226
52.94623
53.79717
50.30569
42.113052
43.370907
53.499912
44.80716
38.31899
36.247383
54.89407
49.66845
54.325287
43.72002
53.307613
39.63888
36.067745
48.231697
35.972103
35.585903
54.509888
42.75895
54.843964
47.92758
48.34107
53.96998
43.84809
40.462406
39.64621
46.748875
52.177757
52.376293
43.755917
39.460182
35.504707
40.777885
35.971115
43.78971
43.954124
45.71575
54.622932
37.99077
38.48153
49.26496
50.976364
50.889328
39.852028
40.9355
37.815464
38.057365
49.76714
50.35125
38.158028
41.15049
53.810375
36.87589
52.439426
49.524124
39.78993
51.62076
37.678085
40.89197
43.74541
36.059868
48.58915
42.971146
55.355213
46.298355
52.348324
40.77018
35.73202
48.893517
36.724377
49.419445
42.626408
44.011032
42.59673
42.217766
45.871635
44.61417
47.453594
40.874794
45.497826
38.33014
51.32653
40.76558
48.319366
45.615086
52.758816
36.3819
53.956818
36.84823
54.82801
47.06441
54.19304
42.025528
45.94699
43.53028
42.282864
53.794605
44.153313
41.672882
35.336792
38.675224
41.863186
38.603306
49.181313
54.44337
48.614292
37.927925
41.16187
47.822014
37.150723
46.81173
52.199417
55.817963
49.313705
54.464283
43.03727
35.2717
38.593388
53.30319
45.022297
47.446
50.869755
35.19934
53.95297
42.76892
41.8249
47.88904
38.4965
52.168427
38.744244
53.849804
47.428246
42.788002
36.940784
49.679966
47.478832
43.256805
37.834473
53.296574
44.887897
53.102673
38.79779
47.071693
46.858097
48.34268
52.238987
55.36421
52.978943
35.763565
40.036068
45.772327
53.347393
40.91293
49.357418
38.831444
41.550426
55.362392
42.109158
44.812645
53.894665
44.374985
51.734478
53.739105
53.26909
42.7117
51.85707
38.730736
52.80908
38.94588
48.30835
53.311867
37.093452
48.31915
41.40751
44.372463
52.95102
43.868942
50.973576
43.060226
53.07903
48.28514
42.440456
50.9991
43.583187
38.712147
39.618614
38.879166
52.237328
50.502827
47.101257
49.64355
51.730637
43.75193
48.048225
45.209816
36.42124
36.28925
44.09734
50.9066
46.147232
54.696453
39.45085
38.58059
43.459583
54.826675
40.76377
47.634556
55.23635
36.252174
44.32111
52.094208
38.013283
37.042896
53.13277
52.16969
46.52334
37.28765
51.997612
41.67694
45.87606
55.80951
51.292343
49.11494
44.527473
54.598488
55.22622
39.156567
55.692104
42.58699
41.569187
45.804203
45.131065
54.527306
43.40889
52.48539
36.313465
54.895557
52.321064
50.91969
45.79331
41.942677
39.448326
39.674747
45.269825
52.24065
47.373726
47.94768
54.20662
50.33091
49.348522
36.257423
52.07329
54.37198
48.387608
35.414192
48.24306
37.004578
50.981373
38.34434
50.330853
49.005047
38.68944
43.091812
54.288494
50.681747
48.67955
46.591976
50.88719
50.384026
45.353897
38.61927
54.31219
35.939754
36.56574
51.646877
36.47046
43.31491
45.57047
43.22503
46.269478
51.29746
54.77844
40.8837
47.56373
35.54787
41.580715
45.49636
41.685127
44.92989
45.00445
48.50317
49.474728
47.637665
44.72105
42.385296
41.515118
38.2692
35.978237
45.306377
54.826546
42.661083
50.356194
37.892864
36.63443
39.995777
39.85828
36.711815
35.94194
55.42025
48.73849
45.123016
42.54855
47.17351
53.64062
49.831535
48.843933
51.01077
38.078213
37.647644
36.17631
54.533016
40.019733
52.672874
50.84533
55.88357
53.36002
53.37411
45.801754
40.156815
40.356853
42.78215
53.94981
38.779366
40.69072
50.35668
41.54262
48.07032
52.66598
43.896675
43.537277
53.164635
42.213535
43.24326
55.93321
52.49256
47.777653
48.42158
42.0561
45.048073
48.87394
46.298878
45.469177
49.750526
40.090668
53.797794
51.694893
37.30632
38.572308
47.197273
38.21197
52.11107
50.571953
52.077602
35.256535
41.897984
50.488495
52.022038
46.80056
41.034233
35.914635
47.274197
36.707012
43.594795
46.613518
37.168667
50.468117
47.601974
52.014595
54.30162
44.121838
47.108826
51.773445
48.088985
39.911266
50.12609
43.175552
38.57151
43.002594
37.744644
39.68076
39.06933
40.109642
35.18937
39.702904
54.563038
41.186344
46.955383
45.79821
40.48385
52.4433
48.623768
39.79645
48.932476
40.820522
36.431564
48.050426
48.214417
51.705738
47.179592
53.902172
37.97878
43.125984
54.60158
43.66841
43.178486
52.860138
38.889557
38.933178
51.53156
50.920826
53.67281
41.702007
50.156338
36.63647
39.381653
43.02006
38.577965
39.127716
41.592194
52.985626
45.359093
53.317154
48.644657
46.70073
40.194695
36.737293
51.55523
38.592266
52.428944
52.3089
48.00034
41.70991
37.601753
48.950356
46.942253
35.061047
36.812946
40.348396
43.286083
53.77851
43.40419
36.471497
52.810974
49.933384
53.701847
42.43954
38.50198
52.10293
43.33833
48.17678
54.324078
40.383015
38.9753
37.869785
39.426243
50.394512
52.08883
41.62822
47.74089
40.974937
44.844902
48.90332
44.952827
37.669327
47.993046
44.15758
46.851967
49.83852
47.136463
39.998745
52.1552
54.188354
39.69906
52.492306
41.98552
43.789845
52.402863
46.648846
43.330154
40.20832
40.093746
40.14609
39.964577
36.188545
41.30901
55.190197
54.52555
35.45327
43.067398
48.046886
45.64381
54.564175
45.980156
42.180157
52.305946
52.46707
40.931194
45.12485
39.904907
46.297363
55.25515
41.18901
43.75996
44.256996
41.55397
48.833046
35.239426
40.89088
35.035847
47.104836
52.003304
55.88852
49.53472
55.823437
43.29798
41.615715
41.174267
35.298805
35.6814
45.94154
43.977184
52.25087
46.034763
48.567444
50.588745
42.24854
46.225468
44.988113
53.682976
42.427734
46.32617
53.417896
44.550602
49.467197
39.865993
42.501892
36.82961
39.801895
48.192596
40.39742
43.332664
47.835945
47.657505
48.85946
54.449875
53.480602
53.002167
54.292763
48.66109
55.687454
47.018528
49.34361
35.278954
45.773006
37.28539
44.495872
44.66186
37.2381
38.540657
55.308876
51.785664
51.47395
51.03962
39.388626
45.243378
51.216515
39.070637
42.919327
37.454254
45.861687
55.65224
55.598755
55.106583
40.786148
43.319355
37.118862
43.633175
35.632195
49.82144
54.91207
47.823956
46.109474
53.501648
36.744167
39.51718
54.242706
50.10354
35.876152
48.678833
51.151527
50.76086
48.940437
49.079224
42.38717
43.965736
37.38067
37.20648
46.57042
39.382034
44.290062
38.018513
40.576214
38.4732
46.749462
40.628235
55.79249
48.0476
48.31443
40.041157
55.044395
38.989414
41.129597
38.620247
44.619713
40.639587
44.258972
51.039783
55.457226
49.51864
39.212463
40.108097
38.967102
51.34212
39.321655
43.988567
43.140793
44.569466
45.572166
47.028812
45.577656
45.048218
42.735023
42.62005
49.80652
35.66832
48.156296
45.251606
47.81261
38.32473
45.361988
50.200157
36.99377
45.90184
45.714268
42.098774
38.864574
55.439384
53.715527
54.96785
49.702953
42.11703
45.198364
49.15818
38.99123
45.20377
47.562366
45.055763
37.941753
47.65807
37.422695
40.328693
48.617294
36.636234
50.520943
54.9583
46.157173
54.768772
48.515118
46.289997
41.40232
39.698566
46.313667
39.863537
47.776066
54.039463
54.94741
47.83821
43.62205
42.610363
45.583717
51.41536
51.32672
41.52732
38.17875
49.778664
36.46099
42.495026
46.436527
38.72227
38.86429
37.428997
40.197685
50.317287
53.063774
51.361237
36.116043
52.67922
37.672573
50.43444
44.497807
46.142025
49.4431
45.67388
39.47604
40.918903
43.464966
53.140873
37.272163
50.6356
36.591785
43.01827
36.15651
42.958908
43.557064
39.15575
41.86171
44.91117
42.39666
53.611607
35.625385
46.361153
36.73374
48.7677
50.74283
38.61212
44.201927
37.665577
37.495686
50.969982
35.783226
55.314255
36.58917
44.667564
39.11966
46.85399
50.77832
53.54534
43.920914
50.625362
40.192883
50.444813
46.435074
40.389355
35.980587
48.35744
43.575535
43.171524
44.280495
51.990337
51.704273
47.46233
38.210644
39.559326
41.260353
44.795517
40.508503
55.300533
54.392048
51.047928
49.698048
45.403732
49.502045
43.15654
51.17386
37.813755
50.147484
44.33235
48.3905
37.620644
39.04989
46.26577
40.424557
36.565033
36.064945
44.26447
55.53702
37.521976
46.83797
38.742176
54.0054
51.6948
48.528137
40.985706
39.417633
49.64977
42.42304
51.667507
49.82417
47.253162
38.484894
35.142357
43.62977
44.034294
42.87063
49.169373
41.87329
42.490967
45.25035
47.334183
41.591526
35.378536
47.31219
54.111343
51.292233
40.07922
43.186165
52.20319
53.171947
39.735332
39.645805
37.518917
35.605682
46.94816
37.85339
46.916542
35.608456
51.493744
40.103176
46.620304
35.422802
49.68743
48.48675
49.047462
53.12163
41.74091
44.655552
43.630936
48.132553
42.698776
38.88789
55.10804
37.88746
47.315887
53.48124
45.660576
46.380413
44.542614
53.085297
38.237896
35.277214
47.121853
37.967342
48.371986
39.361485
43.169952
40.358536
47.80255
46.525173
41.51305
36.96842
40.26998
38.215294
46.981
35.474472
37.905437
36.234222
41.822956
53.29467
41.74986
44.05732
45.901936
42.233112
44.067432
47.379635
39.349968
35.65235
45.28407
35.432487
48.921185
44.670734
51.577885
35.721054
49.36713
47.509045
53.376
42.225742
54.776646
50.517975
38.270947
48.782944
36.972225
36.606457
38.15988
41.31488
48.735268
55.7605
49.731197
35.81359
40.844677
52.093384
50.775593
44.500763
39.656364
55.399944
44.182426
50.382847
39.225643
39.50154
41.897373
40.500134
51.78012
41.762737
47.563465
37.52875
52.68774
50.03683
52.04531
46.0361
53.932606
41.954556
51.54504
40.61322
38.510777
46.908813
49.558483
43.311535
45.088833
41.307926
37.491486
51.296913
39.729908
50.670948
43.358723
48.40048
37.48512
43.920776
52.62124
54.29348
49.172623
47.794296
52.883858
35.342735
40.7223
43.633476
38.870068
46.813293
41.050964
36.947357
47.81935
54.97682
50.55107
41.042095
44.210857
48.856876
39.92542
46.70465
38.50725
52.796402
51.280975
37.395508
44.43394
41.76816
39.106808
47.65675
41.16137
50.36538
46.004364
46.474007
36.64185
50.707703
47.812675
44.14439
46.267548
37.076794
50.07678
44.797066
41.96234
45.956047
47.64452
48.089317
39.79799
37.29071
51.54513
37.757942
38.233723
36.207405
43.20229
41.644535
48.11848
46.136204
52.46514
46.532726
37.666245
39.263767
39.90258
40.6366
35.717487
36.512634
37.29936
35.861565
46.733585
40.789616
39.316868
40.022636
36.135975
35.07535
55.837246
39.049614
49.798256
36.037422
42.59627
47.834717
40.72688
39.241024
46.3287
48.7855
37.224876
44.704063
36.79918
41.33424
36.123158
35.497654
37.772396
45.62482
40.98518
36.328278
49.188194
41.349026
40.543266
48.55456
52.55042
37.236454
41.00874
44.889416
44.81277
44.015713
36.313034
51.1174
43.85053
49.759243
51.783203
42.517532
35.943977
37.400173
37.23282
52.32337
39.5675
38.866764
52.95806
50.47503
42.177753
41.718533
51.668804
37.121864
39.624928
50.387817
41.95577
46.82003
49.27312
54.131554
43.497444
43.13556
37.908916
41.580307
50.844162
54.41157
36.04171
36.334927
40.28184
36.787285
41.255047
39.40615
37.974094
42.166847
38.85501
46.418198
39.309082
53.727657
47.18004
36.404873
53.13614
54.73059
39.585793
54.714962
39.367332
44.848774
52.29951
38.01358
51.240345
45.96681
35.050064
38.617012
48.391678
50.419003
42.62323
50.4309
36.772873
51.932972
42.265972
53.575016
48.35757
49.124134
48.16929
55.372627
50.53347
42.246883
51.096077
45.75849
51.050797
52.04997
55.58857
44.316643
40.40768
54.006294
46.08941
38.097652
47.592896
50.891556
39.74098
43.08485
41.177677
41.671516
35.58967
45.679794
37.8509
43.92417
44.414745
41.859715
43.625645
36.571106
52.426037
47.722927
37.110313
53.521267
37.630302
44.983116
51.433598
38.94084
53.75295
54.599236
46.640278
54.254505
49.220093
40.135094
52.633568
36.6561
51.855263
40.631077
43.029743
50.86103
53.62571
48.740273
36.612057
46.067825
35.985264
43.63218
46.423645
46.613155
53.10381
46.699463
45.922623
54.60221
48.54782
44.416622
39.037933
46.875607
44.78217
53.79423
47.41057
44.03429
49.200188
42.748363
35.582382
37.885475
43.25731
44.362015
42.403606
47.59557
45.682816
37.453873
45.47006
54.040073
41.6751
51.08945
42.97241
52.32586
51.447586
43.670593
49.942432
53.22778
51.48573
41.021626
50.514915
46.329445
44.39988
54.45385
38.48892
38.987095
51.314465
51.134823
52.168407
53.845814
43.320885
48.214874
49.189865
54.52904
37.63961
47.070473
55.803116
48.29501
45.78653
43.712605
36.861835
35.908047
39.219032
44.877975
42.60138
37.70784
38.64949
41.57192
49.134094
41.876503
46.456726
53.864006
36.476208
55.20106
45.400642
53.55094
40.835213
39.208107
43.15076
54.89598
53.833176
44.407696
53.976357
48.030098
48.318733
44.525196
39.314053
44.757378
38.42953
55.022644
51.82811
44.445564
43.60671
42.915195
51.00937
35.402466
38.334454
55.873764
43.320705
48.63977
53.480137
53.871346
41.38993
49.208244
47.244343
43.17855
55.775642
51.351604
41.895103
48.342865
52.38707
51.571114
50.657055
55.896557
40.72591
44.31901
46.353584
55.92971
47.736336
40.446003
45.659016
51.337776
44.198727
55.71657
35.10781
50.507072
43.283417
55.67561
39.329056
40.43706
38.092537
43.900787
49.3271
47.814796
55.76135
44.20739
36.012943
47.35482
48.964745
39.685703
44.60604
55.796856
36.480354
47.54595
49.972473
51.31405
49.79654
50.6215
48.44297
48.72602
45.621765
49.038536
38.16305
52.833954
51.551247
43.998737
37.567623
36.39894
46.077404
41.8412
52.143635
54.770256
38.592606
36.550934
36.246883
52.93673
45.02585
43.663403
52.373
47.82235
48.279373
51.078056
38.947502
41.97623
