33.558327
20.785507
40.223423
17.167482
29.853727
38.576843
35.68509
38.115402
18.325169
38.97118
40.590954
16.996763
16.446032
15.842802
15.511331
15.052159
32.915924
34.13964
18.935276
39.834984
17.8566
22.354721
19.020216
26.325056
33.997856
19.367304
40.65167
33.475456
35.419952
19.289097
39.927395
24.85236
24.030237
18.14024
27.072874
18.748236
24.625738
35.931847
37.75008
38.432068
35.129536
17.046219
39.739098
29.045954
35.38779
28.68291
15.052218
30.065613
29.77552
27.57819
16.682756
37.213017
33.783005
17.207445
30.3958
15.242652
22.741152
29.244528
27.23584
27.118517
37.892895
26.17895
33.756176
37.75721
33.129005
40.68136
38.367638
35.733208
36.88064
17.55961
15.659191
28.125517
27.897102
25.962261
38.060684
24.030773
26.936365
30.863205
31.797892
17.175827
24.756908
25.800688
15.732749
39.533794
36.223595
27.345848
35.3867
39.880573
34.82637
25.84038
34.21261
21.82465
17.459547
32.569916
28.010815
33.001125
25.920727
16.729115
36.277515
38.8417
39.262188
34.286446
32.22864
36.61547
15.863995
31.171093
23.260092
32.28109
17.896824
35.081337
19.685131
28.099186
21.703867
27.653275
27.732512
28.924412
31.555025
15.730644
38.99375
23.629921
39.212868
17.04098
36.775757
39.212612
29.798727
39.71031
40.14497
22.785774
25.55859
28.738052
28.841768
40.886425
19.302288
33.805622
16.699043
28.30786
20.525803
39.606934
33.716312
36.013634
19.525354
34.265682
27.52091
15.597366
28.173248
21.343914
27.590357
20.223509
24.4493
30.448294
30.315008
19.017412
15.307956
34.504913
27.747799
21.468674
31.010103
26.400469
37.717842
40.570045
25.659853
17.877075
29.877312
34.13479
19.36042
37.31993
21.206087
39.018658
25.139536
20.391508
35.516174
18.818304
36.593716
30.342915
34.578087
30.026167
36.061947
17.27247
33.633854
40.592613
22.063238
33.603573
21.266481
22.379232
32.718838
18.618317
40.863182
27.08295
32.92864
20.0103
24.239874
15.868863
39.18278
15.10953
25.386923
38.170265
27.063097
36.684277
15.751263
32.89771
18.725578
40.03913
39.98755
21.6445
30.953695
17.505587
26.691109
32.384342
34.733833
35.360786
38.268036
37.62747
18.727917
22.712154
39.80281
29.034842
25.504564
21.949947
24.55149
17.085718
30.939056
17.996881
27.518452
19.552015
23.803604
40.77328
24.467438
24.253698
28.24333
28.048244
27.67255
25.852556
20.569645
40.161774
19.732536
23.287466
21.601551
23.9797
26.851725
25.862425
30.646734
20.88277
23.133593
27.969343
39.138134
28.593184
25.637995
16.960817
40.928
29.206266
34.22065
37.783756
16.29027
19.922043
16.503609
21.642988
21.793465
36.660786
38.71796
28.18463
40.380066
25.998688
27.61513
33.472263
33.224728
37.674156
39.160683
35.3746
35.24248
30.292295
28.304676
37.891556
21.479359
26.79446
32.765095
18.416391
32.04186
15.761861
18.466072
40.964676
26.707758
17.686518
15.040127
19.996668
20.909863
39.96993
32.633724
19.617785
20.395382
38.59919
16.148064
35.66264
22.537647
32.202297
30.002077
25.451256
28.013056
19.498817
27.52218
21.851784
37.355057
24.039022
38.143414
30.692312
28.758265
38.56411
20.749172
37.534954
30.42967
23.322016
40.681835
21.358704
40.770164
24.237803
33.224136
26.793205
38.71852
21.964586
15.681235
17.203762
26.701195
17.53038
15.585994
30.148668
25.805271
36.548187
18.00508
16.513136
15.028042
25.77119
26.441069
32.96973
25.755695
35.15172
23.405785
26.323538
32.984814
39.50227
40.382732
17.770897
32.22424
26.358688
38.601532
33.13378
25.501211
36.710163
19.814844
39.727608
31.444498
20.887543
26.098333
35.678455
19.028522
39.09108
23.58687
21.226341
38.236435
24.790466
31.015127
33.83452
15.636238
31.544687
27.948437
33.770283
26.663103
21.66599
19.669746
30.231165
19.262117
30.591854
25.831158
22.06094
17.469751
37.830704
38.183575
29.633213
30.498503
21.911648
40.965565
37.575924
18.938065
26.895376
31.862669
27.668404
34.79771
39.69292
37.840893
27.463303
18.288383
18.690819
24.613218
38.96886
15.479294
16.995775
27.015625
25.072773
19.262726
21.98879
38.14907
39.29705
29.421995
30.818233
21.786518
34.94398
24.021385
34.963253
21.249226
40.72656
25.823214
38.063408
28.723969
29.57233
19.98596
29.837307
39.823055
31.447987
30.908789
25.102528
27.081541
39.77254
38.76158
18.661089
23.041067
38.27028
27.9759
18.129057
28.58744
40.96032
22.77121
27.665995
31.289036
30.387796
38.651924
31.999302
29.625755
20.172434
21.734749
22.14047
16.203323
39.483456
33.752045
15.754768
38.31529
17.145481
25.625847
38.27276
25.545172
19.738241
36.618423
15.521587
27.49378
17.273714
21.239147
30.905848
18.171804
17.81739
34.32375
27.982338
35.11534
22.76618
34.000847
18.649977
20.862146
33.403587
20.622
38.11556
16.068907
36.823536
27.155338
22.298012
39.25497
23.347456
33.02917
39.398293
17.92552
40.15482
30.960766
26.988956
25.657263
15.0057
26.916868
23.166931
37.622265
19.654486
23.02632
23.064976
30.980679
40.837135
34.00149
34.33172
40.590656
37.560066
23.424038
31.067198
24.563822
28.827003
19.111874
33.14019
32.337296
23.910704
16.707989
22.81563
16.138235
23.809843
25.618195
37.18488
26.98462
21.626907
21.473585
21.018486
28.69585
29.26121
36.404922
36.350613
23.779537
34.031845
36.589897
16.356245
23.51576
39.628597
23.770668
37.896667
31.07777
35.13448
15.737735
23.485771
15.108106
33.771873
18.137724
33.369137
27.811733
33.49484
28.386333
31.90976
22.332869
18.58347
31.9541
23.538836
18.949713
34.99176
17.841455
30.156883
28.451426
36.358765
19.670874
36.05999
35.954235
16.313442
29.497707
28.217897
25.36865
29.986855
35.177696
25.04509
17.747355
27.491032
20.9279
35.68305
15.823367
38.532066
26.5792
16.251186
34.190735
28.29566
35.942253
37.52609
35.784992
32.276577
40.69521
36.07295
20.588299
31.819176
23.250263
15.980211
31.814163
28.794344
30.167469
19.037794
18.219294
17.058908
16.858046
21.45121
32.645172
20.126778
22.55579
24.998426
24.409538
40.82678
23.833958
15.913192
20.748005
27.630363
39.306374
37.71804
18.148706
23.803045
37.575325
24.732136
34.12781
35.56663
16.975132
27.043564
31.761452
18.055048
29.209087
21.362633
21.119616
29.004717
15.588848
27.362217
15.64015
27.841188
36.25914
15.863092
17.436089
30.106878
17.526941
17.53671
29.547132
22.020542
32.21325
18.674765
25.226154
33.36725
30.806694
18.014399
26.494165
28.888346
21.122286
25.609838
20.402313
32.87415
21.15472
21.305676
35.70702
28.757711
27.86464
20.493994
26.994421
29.166292
35.74751
28.526981
23.682941
16.10787
25.208591
24.40865
21.787786
39.75313
30.003853
29.203657
18.848831
37.619247
27.305481
18.97829
37.003384
39.86975
33.311947
28.02803
25.827923
18.915714
39.746475
19.648119
29.277975
26.536526
22.074017
20.767994
15.822833
31.334263
30.815739
35.3974
25.702003
15.493938
18.95126
36.02143
26.122715
18.54251
17.07284
21.833767
24.173002
21.082811
33.6919
28.01174
18.242403
37.32425
24.897182
19.11385
15.822395
23.640282
39.425194
36.11986
34.70131
19.353443
34.12729
22.63547
35.773457
39.481853
28.804218
19.348024
30.94991
17.27689
16.42774
24.946793
24.988277
25.039808
18.880163
28.41059
39.451622
32.92596
31.516613
23.817688
20.461508
29.228298
36.091076
32.647266
29.427908
39.97765
38.88616
31.918644
27.518744
26.605452
15.247747
25.454048
28.274355
39.88528
25.149641
26.052528
26.477322
40.402775
20.899614
24.427149
37.155647
22.399199
39.64701
40.384533
26.427353
26.992174
35.963505
30.91526
33.787136
20.497707
23.442371
16.615591
33.39082
39.86093
24.997969
20.175459
23.91089
40.048637
25.345951
18.544582
40.616524
27.664898
24.006096
39.828053
31.474014
15.021772
27.093416
20.964657
25.268719
31.430275
15.149557
32.8057
28.017042
23.572538
36.31536
23.338974
20.267237
18.474249
27.256725
21.49209
16.280237
18.81718
20.429773
23.201168
24.536903
27.11482
25.507677
22.245533
21.535593
24.619808
15.0902605
40.725857
15.424073
28.740118
18.178883
28.002724
36.652355
37.211575
19.322906
28.414522
21.538101
38.307545
34.830402
39.15804
25.403877
23.96234
23.984522
26.342041
38.77553
22.843023
26.818401
25.413649
17.023628
27.1251
32.675125
19.9092
20.784874
22.010681
33.515797
19.795773
19.518145
22.873503
18.73744
29.54652
25.629692
17.323298
28.12384
32.53238
31.744762
24.452793
28.476286
32.31467
34.907925
29.063787
33.45746
24.987644
24.761934
40.76443
23.230574
23.846807
34.08515
16.488081
38.58717
34.348515
29.459936
28.204786
21.43082
15.578143
39.2997
21.379663
33.720352
26.258612
31.979778
32.07813
16.274925
28.708065
22.397326
39.52613
19.204758
21.09487
34.928154
18.404306
35.15505
22.840107
30.453346
21.188053
33.036964
32.082176
24.896196
21.441378
37.46842
15.745077
22.540009
18.13044
39.7587
35.941345
35.28991
16.743507
29.944822
33.192696
18.996912
33.287174
24.123768
21.265709
31.980026
28.074482
31.12369
28.297
20.962284
19.628666
15.418425
36.32168
31.779163
20.997099
17.113474
20.32087
22.422935
39.303066
34.81801
34.468563
38.254047
26.458797
39.266216
33.38496
27.540726
28.621376
16.662642
23.89296
35.880627
34.193794
34.900085
20.026388
18.513294
24.956717
21.034798
20.85303
30.049925
34.26209
28.702703
39.052433
33.726933
28.128107
21.521585
40.127983
22.932364
19.545582
24.948063
27.634619
28.459377
27.339052
40.54451
24.868074
29.708473
28.5217
15.159854
22.088453
28.890343
29.241241
33.139576
40.54041
38.173702
28.134775
38.354027
24.284147
30.677593
33.1937
18.570503
24.165916
29.225216
15.085525
29.493382
17.133638
35.8564
36.28767
29.657896
24.542734
26.238457
18.358925
30.28701
15.099202
30.320162
27.207573
28.207153
29.6514
17.841274
30.31081
16.967392
16.16901
22.640009
38.49831
19.41797
17.93707
21.093475
30.133495
36.17798
40.24489
37.481228
21.309282
32.65819
18.664179
38.579556
36.020744
20.60404
29.387648
15.374292
15.185391
32.484875
25.038746
33.42248
24.852386
40.479645
15.865243
19.098303
25.975344
38.295357
26.293732
26.726265
32.718895
37.603516
34.44913
35.434696
19.427591
35.49113
15.43271
38.455235
28.106255
18.996628
15.904088
19.548986
28.5442
21.537369
17.827164
15.257714
40.061413
29.834343
35.11682
29.758373
15.262961
16.800854
36.36276
25.242012
16.158642
37.785885
19.80871
20.943035
17.538069
32.549206
23.329842
18.212465
35.587097
23.393986
34.277935
15.358898
27.38967
20.99416
21.753563
16.373398
27.17993
31.627491
23.116354
24.109722
39.992584
20.761702
27.358833
21.00877
20.705229
24.239767
38.34643
35.036285
18.374557
15.671937
38.865524
19.145372
16.239103
29.0657
29.923504
25.280516
18.79427
19.211433
16.809156
38.707325
18.941254
22.890104
28.04873
15.282331
26.369518
19.580896
23.582422
25.169737
39.05331
31.02035
18.238016
31.46707
19.025803
24.700962
17.892847
21.219334
19.440252
23.196047
38.592228
33.38125
30.335669
37.05895
31.331892
19.429829
23.495258
23.968552
21.214025
23.534529
40.31911
28.779346
31.250834
34.459904
34.728233
30.18315
24.216612
18.705643
23.775345
19.800886
28.638706
37.781567
25.85841
36.69671
25.269697
35.970142
24.216269
30.542988
34.19763
28.446728
25.731241
35.963623
40.12803
19.207764
23.971918
24.944387
18.310871
25.899794
22.879992
19.622849
36.087765
28.347193
37.53822
18.256792
37.098846
37.344093
19.052265
16.718842
26.816021
32.10611
29.737404
36.476326
17.258537
32.669952
32.521816
27.68925
39.498898
29.484236
20.761293
36.795628
24.881477
18.452208
39.50597
31.752111
15.7533
35.767307
18.6679
34.959385
29.94572
23.025038
30.508919
17.825409
26.24787
21.299656
24.40154
15.906111
30.67706
19.141815
26.911251
21.611797
15.47833
27.783339
22.906834
16.579008
30.474829
25.22791
39.626003
27.981289
15.642559
17.361528
36.406895
22.288698
16.597591
34.734158
36.141567
20.284737
33.06072
30.244047
36.416008
26.510645
18.30402
27.598877
40.77171
22.730907
39.08573
37.1328
37.55713
38.500088
16.6443
38.326214
31.433117
40.459972
35.949425
23.204983
26.754484
37.6073
30.597353
27.688618
30.770668
16.44622
18.489662
40.91179
37.87163
35.67594
34.749195
39.561287
15.950825
34.8628
23.20377
27.350542
38.365253
25.407413
20.207756
38.896397
31.94341
19.041325
20.573557
20.46796
29.025003
15.073909
22.94945
29.344873
15.612123
24.659124
37.107273
36.85243
36.36974
18.46306
28.292822
15.533609
40.43405
25.286978
16.043789
24.373074
21.770441
31.436972
30.694593
31.505854
34.168556
17.930128
24.164305
23.423437
23.870102
32.988422
40.563393
21.332632
30.295794
34.69541
40.656948
27.027596
25.370966
29.177101
18.28651
40.40301
18.5452
17.21726
26.479519
24.566513
29.759356
34.82863
34.164974
30.400984
26.334267
36.975483
17.165709
18.382439
34.03845
24.379227
23.452257
39.47684
29.437895
25.137526
40.52014
17.019176
32.039303
19.748846
20.191952
23.620794
24.708656
28.058123
31.14749
15.356023
33.380432
21.625507
18.049688
35.74669
32.168278
35.06909
24.261038
30.393211
37.646275
17.043749
16.834635
29.493603
34.29064
17.6921
33.715954
33.946636
39.85481
16.639933
39.905895
19.253181
22.796642
19.90722
39.71262
20.0097
19.784702
29.467247
18.159094
18.430452
17.781174
15.610095
24.115307
35.040108
30.232258
19.75322
40.788467
16.446005
34.492607
35.890488
23.831535
31.929356
37.76847
26.482548
23.519815
27.487303
31.58503
35.26509
23.1974
38.912815
34.066536
35.18804
35.509544
16.516953
37.163586
38.497337
32.814198
23.178156
32.3701
29.832537
36.60519
34.545753
31.443213
24.137081
32.781662
31.429964
38.17256
35.164543
19.162699
17.678314
29.341091
21.412931
36.773113
26.168325
37.677757
18.430464
21.115778
36.939083
32.823143
19.61007
19.897839
38.93923
28.112318
19.826197
29.49263
24.386574
23.324831
23.56633
31.796022
20.314587
16.460043
29.570932
34.075413
35.52361
15.066665
23.419409
16.91153
20.859665
23.688562
19.985947
29.397663
34.511414
40.58462
17.237965
40.387856
17.84576
34.03863
27.46122
29.775108
15.19533
24.295881
23.669441
38.532562
34.965946
17.44636
29.692682
38.565063
29.450022
26.42013
28.237442
39.295506
38.81165
29.668684
20.072897
23.349792
38.851917
20.076777
21.421438
36.70616
38.367935
37.182407
37.618015
33.23916
32.18675
34.878395
33.151646
35.7154
40.28526
30.427103
21.313766
28.987816
25.799997
24.84067
22.851875
36.38694
39.185535
33.462204
40.26337
17.1223
38.298027
20.929203
36.663162
18.883904
20.760313
40.60859
27.520105
19.77332
33.607754
17.063473
35.981007
23.195686
39.918873
21.144993
23.9874
16.40858
40.902637
32.898243
29.93901
34.050518
26.744085
35.62951
21.269236
26.161386
16.40283
23.202766
32.97175
37.958992
19.513786
19.916555
32.853687
37.95043
32.557274
38.15808
25.089682
27.833902
22.545553
21.439575
15.512389
22.08601
34.61557
31.392685
20.998892
23.131666
19.122631
40.829792
23.298782
29.55799
23.097435
19.076963
22.69851
23.960697
26.258858
16.441349
21.027899
27.70088
19.167547
25.89661
26.688599
32.101974
32.5604
27.853123
38.62055
37.43127
34.423607
40.225414
29.421331
18.38718
30.94207
20.917538
28.194693
25.75298
39.105415
25.317686
33.128254
34.37969
26.456133
27.426697
40.28681
27.7252
33.232777
39.840652
34.656475
22.803713
35.991276
38.966118
16.086111
16.588995
19.680067
33.56714
38.446575
31.66695
25.099691
27.026426
33.06433
35.247406
22.695242
34.54882
37.28505
35.522007
19.70998
35.943275
27.884026
16.794533
15.871119
20.59041
40.964092
29.811941
38.983776
21.735826
28.968073
28.288857
20.076752
22.345026
31.481564
30.74521
22.073807
26.41413
39.613274
40.466156
40.35669
23.851114
15.913897
35.64537
32.04131
35.82565
19.030813
22.587297
37.30595
38.831196
16.594831
31.2208
38.690525
19.611317
25.196417
24.116232
30.928507
19.572786
26.732714
39.699783
18.578125
34.34137
17.89303
15.423505
25.487123
15.711748
18.09922
17.276283
24.955389
17.40134
22.828787
20.210588
22.352316
18.738462
15.922304
23.81166
16.900928
23.698446
38.21313
38.85035
30.35828
26.547058
28.616182
23.237719
23.401772
25.75876
33.67387
22.338982
15.673602
36.848064
16.48116
32.606342
28.640629
16.285412
33.89798
33.05468
25.694525
22.764763
38.006123
18.231049
37.247143
40.748184
25.87899
33.018394
25.968637
28.43359
16.906511
35.86578
30.77094
28.074781
33.153736
20.851994
35.656754
34.928856
35.530567
26.366236
27.134317
22.014086
30.91131
23.129107
35.54082
33.332138
38.766674
36.779068
19.322315
18.241755
32.357014
24.31397
39.085663
20.266617
23.084637
31.304226
18.068066
22.778406
33.214134
29.983631
21.56235
27.716719
23.84366
23.075815
39.79118
17.790754
27.746344
22.528757
32.741062
19.453321
26.499863
16.206715
17.546991
21.345997
30.183542
17.028418
19.161188
38.88489
37.846157
34.04232
35.24449
18.189753
15.933959
15.494115
32.48652
37.6548
39.917274
22.06872
17.890747
39.117867
15.465318
28.178396
24.953354
16.80521
23.69277
18.420557
19.11961
23.012428
28.237883
25.14335
25.419285
26.827776
20.230824
29.433989
17.76256
38.11224
28.5722
25.784311
40.020527
21.421497
27.365614
16.189964
39.71946
15.588133
29.83434
20.504068
15.945565
34.278053
22.601131
40.49319
23.887058
26.993404
23.82145
23.232897
31.332954
36.714897
25.334196
27.232073
27.403036
37.65966
34.73046
39.98974
22.801079
36.47647
22.039518
36.564945
19.963427
24.608429
39.59271
31.17983
32.617676
22.523777
16.549614
21.877918
31.471203
28.048836
33.557327
29.824078
40.01695
17.132715
32.062366
31.95964
19.77386
24.031631
30.9062
38.41553
33.672066
35.12141
28.009079
28.338285
27.747803
32.329926
33.183304
35.59823
26.830883
16.52691
39.415794
29.226091
35.48734
22.116894
28.321222
40.363747
35.122677
39.551506
20.890734
24.016752
37.8561
16.510832
39.147694
31.960772
17.543701
35.099045
27.870632
18.780983
26.15871
23.557783
38.154957
24.21297
21.629414
24.721508
22.2588
33.705555
27.190502
25.722143
19.914717
27.440535
26.321133
38.296185
26.087725
35.921143
21.423088
32.455482
35.02159
27.680647
22.534992
18.25375
27.33902
31.664263
36.583626
24.913954
21.94777
15.402224
19.940958
23.67754
36.553535
28.218628
17.385561
18.394539
33.691765
24.410227
38.959743
40.094395
23.364431
24.581257
40.668667
32.56052
32.60404
18.134865
23.485449
33.277294
40.586063
40.298603
21.706215
26.02641
19.272306
39.000996
32.3417
33.88019
17.991436
16.418043
39.93706
40.372723
19.849384
29.073046
33.979134
20.225283
40.411087
27.000057
26.880466
25.160847
34.706303
36.670742
39.42202
23.063063
33.28619
24.136354
35.49149
18.018353
31.793583
22.150997
40.97185
24.625475
21.308699
35.919323
28.714712
34.365067
22.59346
16.551228
36.675697
36.792465
26.281317
27.308075
29.494175
15.850184
31.045835
15.289455
37.067146
21.692253
28.830168
18.336403
24.997282
37.07076
32.33081
35.616467
35.187622
26.555614
35.1029
20.607983
38.31051
40.641884
22.890614
19.015362
31.395952
27.144533
36.085106
35.52411
33.364723
15.18887
25.573692
20.24382
28.97391
20.575476
17.667828
26.189293
27.347956
29.331722
22.283827
39.21436
27.03561
30.857664
30.098965
15.440024
37.36337
35.23225
21.017065
28.407919
17.748566
34.966595
19.951426
26.942022
40.59032
37.774105
28.669273
17.01611
27.374172
31.773169
18.240807
34.801273
29.706255
35.94607
19.497143
39.50737
39.13548
40.648727
36.82541
15.634169
17.82729
33.4989
21.615435
30.812424
32.420048
31.066284
19.721434
21.54209
35.725304
32.446064
34.413315
38.824295
15.325688
25.018303
20.466145
16.935686
40.579292
33.478607
16.272554
19.4082
38.05693
22.571308
29.161804
34.65423
26.01887
21.864592
32.470413
19.616673
25.179993
31.37766
23.333231
17.325293
31.717682
27.90329
35.65005
27.305168
25.24408
19.464775
17.231754
16.410149
17.294563
19.504513
31.74125
19.843512
26.77686
33.122143
20.718388
23.880083
39.78024
40.963387
38.71424
23.118471
30.16186
26.206427
33.35906
17.969057
36.4074
30.50086
32.04951
24.522802
31.405657
19.684969
23.864655
30.947947
28.981949
29.640278
25.306347
32.12603
22.30264
20.738012
33.508774
27.365715
38.59325
21.990335
24.672935
32.722317
40.005184
21.239939
28.655903
37.70281
19.921148
23.504696
18.880865
23.95073
19.506992
37.93988
18.03292
36.8821
26.897636
38.788624
16.36681
16.183187
15.047521
33.161938
20.876673
25.582682
21.980927
24.522926
18.064209
36.37544
36.94518
29.345411
24.590466
24.801846
21.799786
33.575504
28.707785
16.57634
30.8672
35.245266
25.042297
38.61052
30.425882
17.870852
34.033672
28.29081
39.043983
32.11323
15.137606
20.547523
24.03205
22.58779
33.757996
30.391691
17.435675
40.679768
27.799372
15.597902
23.194172
28.755774
18.716711
20.775911
37.35885
36.257263
33.988388
32.200714
35.594604
33.820065
21.0495
32.460194
20.581099
31.784779
22.896502
37.23151
22.38487
30.246077
34.810547
19.311672
35.391304
31.13458
25.945627
31.404902
21.965477
16.733246
26.889023
21.108686
29.653446
29.500893
34.725384
39.042435
25.440662
27.10868
30.622055
16.127121
15.351735
36.191063
29.50213
34.651188
36.505875
38.470955
34.98303
19.947538
35.634903
23.639532
29.432209
17.25829
27.025818
16.654324
38.727997
33.678467
31.867443
24.964891
30.112255
33.946796
26.060837
25.583693
21.383072
23.291136
20.695612
36.89033
38.59934
38.53812
40.599506
21.590647
31.455532
40.260967
35.636036
15.347825
32.533764
23.866415
32.755188
26.260841
26.751514
28.211157
22.19469
23.586329
40.497345
40.590164
28.684406
25.883099
18.183083
36.753624
38.02411
27.104319
27.23998
33.986332
24.984821
18.07047
34.947495
36.22267
24.126596
32.22699
27.907314
34.672375
40.830643
34.623642
33.461468
15.496671
31.611273
23.648424
19.902298
23.701395
20.60327
28.206947
34.93326
37.603046
27.012783
20.759022
15.513505
20.975807
26.27501
36.907295
28.955387
38.301914
17.679445
33.078537
32.94295
16.424776
21.303614
33.246384
19.000774
17.34367
23.238676
39.61501
25.866291
19.890778
36.29554
40.716446
20.205183
30.595835
23.647503
19.469921
40.158142
18.170559
31.195679
15.409871
34.31867
21.734484
20.835962
15.509866
40.91542
24.155853
23.261372
36.813023
33.208954
32.69555
19.451216
37.425076
29.411442
19.51912
16.578573
32.334538
40.799473
38.581333
24.710184
32.995087
36.11361
40.889652
29.37791
34.63845
19.824938
37.217537
31.868507
32.88189
24.397541
15.965345
27.908508
27.352425
30.287195
16.056114
40.31366
34.77083
32.090405
28.505457
24.127338
27.221428
40.994247
23.619238
27.79002
31.17963
26.476288
33.649647
28.961954
17.277159
30.065186
33.17976
34.763706
19.755795
20.896418
27.508636
27.404402
28.093515
28.783894
20.8734
21.435003
23.382734
19.577045
17.471785
18.194098
20.698458
29.684319
36.93802
24.406174
23.914928
39.817806
30.176886
37.347538
37.212532
24.250118
29.275286
28.512495
31.86241
25.17336
36.587524
39.292606
25.784426
26.111498
17.03004
15.824297
26.844925
15.761128
18.12327
35.8653
26.89378
20.122063
22.38267
36.327843
30.136045
38.32795
40.28807
15.926723
36.591682
18.19847
33.2498
21.29286
31.117558
17.208462
24.74209
32.858097
38.749054
19.30573
16.088654
28.834515
15.964452
39.808002
35.262363
21.691664
28.883295
15.470938
30.500315
31.67767
15.380807
16.74287
27.53756
32.135246
40.633495
36.208263
35.827297
27.631226
16.706896
19.270763
21.24214
36.248314
36.454514
22.238005
26.440664
37.780342
34.217815
35.144154
21.335283
36.02734
24.600235
27.882536
20.912048
31.904392
39.933956
22.519485
36.029827
32.658268
16.966337
36.021923
34.765858
35.128407
35.763638
30.05494
25.376568
23.693924
20.862856
27.992065
17.00701
26.315882
34.29819
27.829641
36.909252
18.914148
30.286879
21.308147
23.11948
25.210712
34.079826
36.21706
37.29552
20.12649
40.765675
28.596218
19.730995
17.836088
29.662613
28.345474
21.439169
20.66526
40.340553
27.615719
22.639166
26.158161
25.286812
24.278257
24.97899
34.84677
39.761818
38.755753
28.394402
36.5223
27.486984
21.546856
36.62957
18.138552
29.465061
22.887943
38.13488
27.869738
24.454088
37.169205
21.309282
39.300373
17.399149
20.95865
36.868916
35.242413
18.471924
22.78646
37.500843
32.254887
22.27621
27.203392
31.900024
34.583862
28.248245
19.05082
22.789728
21.945684
33.313942
30.366274
26.59
39.343914
36.460815
37.897243
24.025728
34.940613
32.040524
39.807217
20.155329
25.895054
20.338772
25.831915
17.053036
30.038128
22.23245
23.87984
26.692215
39.268223
27.599545
33.870235
27.454073
34.634495
20.555672
32.462765
35.125587
31.21591
32.561707
24.257147
22.252468
29.10971
18.980211
28.027191
20.277348
29.11031
15.754032
24.602654
37.020424
37.98988
40.538727
22.123524
17.749193
18.684383
40.841076
20.565277
21.335833
35.143894
26.499212
28.669893
21.815348
22.123636
31.185596
24.716324
36.03442
30.772253
27.522215
27.925362
18.020466
27.516392
20.86815
37.717747
38.20227
38.445766
33.872856
37.530636
26.67808
30.170425
23.484118
40.44641
30.353989
16.952055
34.25798
29.499098
39.964836
36.803726
20.538534
32.19758
30.741877
18.207537
15.358727
36.54096
27.805897
20.11722
31.759008
32.600456
30.241373
24.992836
36.628872
17.603369
38.24679
25.757273
28.147034
23.378561
29.758125
34.769333
27.429192
21.009268
34.507008
16.175766
27.08802
20.587757
24.601961
16.334713
26.068243
20.077816
27.41068
30.395563
39.340363
32.464775
16.773104
22.575325
26.819788
24.609188
28.389666
23.189205
38.223835
28.51901
38.605923
21.073141
37.487247
38.116585
30.754297
27.678608
23.827652
26.000418
21.715557
24.825151
20.585445
35.188213
25.427183
17.86359
27.558485
16.376318
27.692675
19.832996
21.709974
35.862137
37.835297
24.08707
38.84877
32.949936
37.49176
24.820654
15.164509
22.39668
23.155739
20.94469
24.345589
17.253464
36.95814
26.83798
17.416359
22.31937
35.610413
23.646738
34.400463
32.348484
24.43918
37.007942
37.450577
38.13704
28.005
29.34013
34.180378
25.66654
40.924835
23.17532
37.59295
30.590063
22.207481
18.39831
39.220303
40.52269
17.662977
28.71474
32.872154
38.833447
19.76157
29.186832
23.73757
39.934853
22.694754
39.255795
21.491446
33.427612
16.330313
40.312496
38.528427
20.881727
38.25529
23.583092
17.480112
40.521683
22.165243
24.86378
19.767015
37.63216
19.485086
35.46907
21.095087
16.112099
23.296326
27.650438
24.527151
19.2787
29.397362
35.697327
29.042969
21.75935
32.63806
18.950068
23.347195
27.10822
17.546726
36.034348
37.092815
37.64566
22.707027
38.769417
24.658316
17.942356
38.344444
29.407375
20.149973
29.356422
32.146194
34.128307
38.396492
32.080643
21.465607
35.046314
37.361286
33.26819
16.7513
20.37391
16.618505
40.97909
33.293556
21.847383
18.322006
31.92607
36.194633
34.0333
19.442314
22.297071
24.846838
25.71643
40.954666
21.293303
22.141495
27.211931
29.132051
30.445284
18.13402
29.14964
20.130299
28.255825
17.954689
16.046051
37.648003
37.26765
25.381672
35.809498
20.602253
25.264685
18.682337
22.216684
25.48186
25.989923
16.08083
25.353813
22.322954
33.499046
28.524311
29.033102
28.097559
22.067831
19.29726
26.275574
26.713911
36.43269
23.47265
24.093563
24.798037
37.067574
39.19082
31.011515
20.959282
34.186703
33.32121
25.031137
15.338187
38.21148
40.18924
30.077158
25.893316
29.55129
17.739895
17.352417
32.10435
36.72163
30.761652
32.486153
17.551962
29.059446
23.608799
25.876944
24.180653
30.59429
21.237131
24.211739
38.959007
18.995316
25.307507
27.785156
24.122478
37.9379
27.613626
30.948122
19.216993
38.72005
26.15495
19.782663
26.75744
21.507526
39.802532
15.929611
19.473267
38.198017
17.695055
38.38867
29.83409
31.568487
35.254272
26.065283
19.831476
19.106098
24.023556
16.856363
16.838745
16.72206
21.410147
18.14703
31.77879
29.40895
22.851225
18.733051
32.800716
32.825996
18.925797
25.388771
27.199203
29.783026
35.498905
16.567913
16.40625
26.642733
34.111607
31.054667
39.54319
20.772144
34.519585
28.775122
20.241478
15.348047
23.5353
40.434116
19.224056
20.057459
26.14288
30.160187
27.484743
33.533024
16.232119
16.921387
19.811295
31.72461
21.237198
20.117304
35.868557
31.832104
19.467834
30.457663
24.091223
25.910875
30.984945
15.005558
20.231522
21.810041
16.499928
37.09333
25.565277
31.715153
21.966022
23.71176
15.480548
40.24061
33.28227
40.928318
25.456217
36.753563
31.844982
19.90773
22.283634
32.4098
23.558573
18.188303
27.792583
17.243492
29.35713
35.009884
16.313585
20.576435
30.289963
29.694595
17.641724
38.998905
18.788893
34.34886
36.36291
20.222855
21.86197
18.485498
18.061674
38.2197
37.64775
25.557085
21.150286
31.228659
30.016243
17.846992
15.842244
15.457973
40.717064
22.682005
33.13882
21.60019
26.952312
19.510513
20.605583
30.643948
34.191105
16.03288
32.186516
35.888622
25.544712
32.275665
34.336563
17.554428
24.0856
26.268877
32.349144
20.929476
35.12077
35.815678
26.91329
40.606564
25.619081
15.7363205
25.655956
34.036335
31.744362
34.923405
19.708029
37.35974
22.7604
34.562912
25.17844
23.28161
30.451004
35.955708
21.828901
20.608416
33.63768
23.516703
40.2125
39.997166
15.379492
33.73397
38.072628
30.448717
28.00403
28.137655
36.894352
34.12757
36.24551
25.658665
36.15864
17.201591
21.455328
25.149612
22.07044
27.568869
32.102448
24.29567
27.314898
24.575348
27.595411
24.66045
30.7417
37.125587
15.834751
20.192226
30.785664
34.950394
23.843948
26.158278
37.902477
35.218895
37.329166
35.180317
37.33164
15.168958
15.082331
36.811447
30.094398
34.978622
25.769114
22.925272
15.292668
31.712658
25.832888
29.080229
36.49555
28.852047
33.99756
29.977453
35.283432
24.650673
40.166744
33.147923
29.865198
36.362175
36.39368
23.084776
24.092335
32.241375
19.035627
20.179268
30.16447
29.148417
24.208647
17.023916
16.853994
26.570202
27.222918
18.91391
22.173206
27.922379
30.805803
25.70802
15.06557
35.10662
40.609318
30.60277
32.923367
22.47166
37.750587
15.8286915
20.517307
33.56293
24.948355
15.795136
19.269262
22.344425
31.195505
22.790115
15.707556
37.937813
25.847128
24.984262
28.414948
32.34757
16.50545
23.193096
31.812601
24.127323
16.147552
31.619297
34.719086
39.491302
39.568684
22.626839
35.781628
37.986263
33.403408
20.491364
32.59757
26.51296
35.73883
18.026276
24.627115
33.222637
28.648571
33.001602
35.844265
33.612835
35.853123
20.352772
19.480959
21.008068
24.15165
33.31898
30.19013
36.534878
17.272287
17.855995
22.486692
29.686966
40.35241
37.93568
36.42106
39.62504
20.38733
26.674774
32.09804
29.467268
38.675274
21.627876
31.874758
35.000107
39.538563
18.034767
36.854187
35.47556
29.415194
29.329748
30.636969
31.4598
35.79217
37.80074
18.202011
37.05937
32.391235
19.928486
31.257326
25.275002
35.519646
34.64127
25.435663
31.7195
26.563175
40.488136
15.305194
25.484854
25.225348
37.56369
28.323748
32.555145
31.30642
35.910107
30.58578
18.835623
35.56762
30.077095
39.494434
28.604658
26.540556
35.538105
35.336834
25.994074
34.01863
18.741179
17.148829
39.964756
23.406868
34.715366
18.22626
17.168194
32.108356
20.358797
27.172894
26.070976
31.690104
39.801968
31.470936
33.76809
39.69797
36.56998
32.218254
36.022198
40.679817
23.660004
40.897064
37.239857
25.22798
39.105263
33.822166
34.332058
32.666607
39.114532
23.262358
26.705208
21.38638
21.45613
26.137012
37.990036
28.768541
16.397972
19.660397
37.539753
28.142183
23.220383
32.339577
37.215076
17.283112
25.085878
16.327425
29.522633
21.589628
39.88025
33.29046
36.78448
37.260002
19.531853
24.671947
17.690416
19.548334
23.27105
20.51392
15.320988
20.489996
17.309402
36.84741
25.52802
31.364782
28.498203
22.068478
22.420744
15.605335
28.668581
33.688274
18.62947
37.860394
23.560453
34.37855
16.005066
20.486845
23.51521
20.329826
35.461338
23.87152
28.437044
33.597496
36.778744
33.673126
20.920486
19.332
36.361645
40.326668
34.89671
38.572292
23.17774
31.967142
28.66881
35.62754
38.407036
19.306274
22.786293
21.980276
32.689083
29.935503
34.85163
40.11483
18.281094
34.03034
31.056772
18.708132
29.925753
19.495766
26.01512
25.21567
33.776516
38.2192
40.28453
33.043545
20.339386
36.287052
38.86949
36.218357
33.064053
23.77284
27.945684
28.749765
40.953625
34.019314
25.067781
36.72633
23.360949
34.213932
18.201277
32.593426
20.000893
34.49654
17.061909
19.032724
29.131771
23.840029
32.45113
24.395926
17.845434
39.509224
23.543795
22.741163
30.454361
27.030163
35.414215
21.178675
16.075417
29.291431
25.479403
17.453045
26.683788
16.651165
29.9933
15.472534
40.146915
40.737717
34.243465
27.841702
39.04707
33.009045
18.681713
32.361744
29.462584
39.075264
23.862753
27.933681
28.301506
27.290718
23.77006
30.33267
19.26785
31.186543
23.875654
21.917528
22.08941
39.9414
27.110645
27.497656
35.2474
17.277775
15.81592
33.30031
25.122078
40.92298
34.697464
35.264336
18.204805
34.088554
36.82835
16.732256
19.82578
39.298714
35.819553
38.02067
24.70811
29.337898
16.424265
25.319803
33.582615
36.08948
23.04553
29.90606
20.084143
15.602082
22.884548
36.747326
21.199003
24.846994
37.7971
22.238802
16.644407
22.319534
16.318094
18.027939
19.73469
16.889233
30.76938
19.670279
16.52537
21.118122
31.883451
35.2036
25.32499
22.643402
34.95584
21.636099
31.02591
32.16015
33.181503
38.814903
36.129173
31.041779
37.535652
34.174572
38.8248
27.700338
34.32697
28.460793
36.03773
35.415703
35.381306
31.682789
37.960983
35.55218
29.706545
32.26861
38.271374
30.833054
37.444252
22.680666
40.959507
19.65788
30.931532
19.594677
28.504581
18.324537
17.776411
16.153198
24.985863
31.457272
22.992697
27.775837
17.646479
31.944057
37.44539
29.541294
37.411617
40.251007
22.12524
36.25215
30.911884
29.108513
32.101143
25.951492
39.674084
27.253286
34.391655
37.881184
22.31533
37.162342
16.45197
38.65483
40.812893
24.529526
32.490288
35.76408
22.220873
19.61208
33.407604
19.445248
38.56624
20.51417
22.797434
38.403828
26.080494
23.976309
40.147247
19.927761
20.409643
24.304056
21.150738
28.51596
22.993917
35.696247
33.87033
21.306805
23.420034
15.422596
22.381775
17.312078
23.222652
35.05233
24.48783
34.744957
24.34794
32.25008
29.105568
16.576403
28.291063
32.532097
40.01195
34.862465
35.780663
34.81545
29.774878
27.355791
23.807302
20.594662
18.901983
23.44777
36.779144
16.144827
30.507078
20.583424
29.636892
20.27712
22.124144
32.94947
22.871487
36.862106
17.691431
21.456549
40.56178
17.588182
34.183235
15.819916
24.785753
20.236961
20.884563
25.88855
35.05769
33.13435
32.883904
40.280827
29.805048
35.375523
36.00197
29.855673
28.322569
28.923946
26.079317
23.581213
32.127544
34.74909
17.313332
16.95873
22.188934
38.794327
20.165121
34.317913
29.114367
20.75615
23.249523
16.020052
23.052958
31.407547
21.576393
17.889084
20.808065
36.51306
35.52902
35.03607
19.453081
35.25986
23.045502
15.650913
24.604572
32.56866
17.611614
22.30577
25.43098
21.650286
36.878624
30.847912
19.461386
31.738127
30.987219
38.055374
16.307686
36.05362
36.00875
26.887064
26.524836
32.751465
26.307528
20.379559
32.007687
34.84316
34.08302
30.026178
19.559212
35.911835
24.868431
17.819494
27.563808
34.808506
22.342113
29.046715
15.060616
34.459087
34.450912
25.398056
18.935709
19.413664
33.549633
20.981438
22.438278
29.833824
38.028313
23.432495
38.77476
40.24088
37.72919
38.467186
35.14623
31.537285
36.347706
18.944881
21.26817
22.565403
30.967043
26.793083
16.148071
34.78236
27.893257
25.990644
27.695139
38.506577
35.03811
17.214472
19.597715
27.631056
24.239342
31.725515
34.82786
23.700512
18.113153
35.602943
25.118856
33.813732
23.301256
27.53119
22.810194
25.939714
39.304962
24.002712
29.566027
21.925402
25.491302
35.020008
39.646782
26.724895
16.311314
33.163677
37.65002
38.19443
28.288113
37.23898
29.935492
21.17437
29.912584
40.62151
15.310525
16.518927
19.226963
17.89347
27.975935
34.23628
31.581749
29.394993
32.21873
25.966154
19.81894
31.910854
21.8869
17.649008
36.96465
32.87105
20.292793
32.430256
31.40675
29.164423
23.865501
20.595064
22.488295
39.947666
37.608894
25.643627
26.46498
17.677908
30.220884
19.493765
22.855047
25.005049
35.59076
17.23724
31.352625
15.130907
29.315262
20.878014
23.680458
35.775387
31.860441
20.04522
15.025729
23.985504
40.045116
17.80052
30.032614
18.681454
37.633137
21.349007
32.71787
38.054447
39.99538
36.714725
22.130777
29.7144
31.038921
21.256397
40.096397
16.831139
38.899395
24.275795
35.961136
29.421047
40.254158
31.910795
21.902178
30.401802
39.53747
32.006947
15.067498
27.070984
16.825407
17.725965
19.580654
30.260105
24.706873
19.276457
22.274696
19.573793
18.068657
23.341618
38.91208
33.84455
37.395996
31.530664
28.602573
35.216713
27.9267
40.495136
33.148693
35.11898
37.795612
35.228233
37.128315
26.793026
26.167427
29.504736
33.66666
26.016459
33.279945
23.421055
32.05496
15.191546
38.305885
23.55941
38.640617
26.0669
21.990427
24.42705
29.743908
33.017437
35.13291
16.510933
30.748596
24.028694
25.154886
16.540205
20.969227
22.314743
25.23314
17.36326
33.415146
27.844688
21.775076
18.223164
16.151567
28.960894
40.375202
37.15462
17.60051
35.742825
21.815258
31.727661
21.829508
28.803555
32.15692
40.42764
23.643599
33.801743
26.524727
18.58813
17.126143
27.11005
16.78835
29.982748
37.166634
27.80165
21.027029
39.9338
31.468716
39.399765
31.395409
24.110287
22.549229
19.680792
20.808756
25.064564
15.319126
36.22978
17.72699
29.99651
29.97977
27.417828
18.240643
16.235992
34.173103
19.004034
15.6483
19.49887
38.59185
19.660416
19.763863
28.098719
22.58588
36.376423
15.303279
23.985895
36.693604
32.92033
32.87428
18.737598
31.482145
35.318024
19.328896
29.436914
40.597782
17.655415
24.537481
33.755882
36.50815
19.41885
15.004138
35.49703
20.060286
32.058697
35.167435
19.349766
19.68369
31.494392
30.716505
24.682554
16.835104
30.874966
40.80152
28.818588
29.111887
30.067314
15.6288185
36.432323
21.353342
37.065117
20.604816
19.456034
32.004467
21.794548
15.929163
27.2001
37.03423
34.63861
17.336405
29.267618
32.78043
38.410152
35.546772
36.28346
40.23591
19.474302
36.910534
21.459768
24.495892
21.254244
15.716663
39.58442
18.353783
27.450033
29.685434
17.14585
24.362923
20.95827
36.275845
23.997166
15.074275
17.701195
20.612617
25.214394
34.61517
34.356987
16.073896
15.618131
40.29179
15.328682
19.879456
38.80489
36.478115
29.19744
16.380758
35.473816
20.69671
40.37647
28.17785
36.336437
27.501738
37.715237
21.674505
40.96159
25.542194
32.399174
15.23184
35.534534
15.013435
24.648443
28.691946
21.698832
20.597652
38.439865
16.716898
21.401398
40.94899
21.75944
33.124855
34.975716
21.796663
28.738522
33.20379
17.575031
33.81939
39.434986
29.844652
24.506916
18.587166
36.991318
19.259764
31.022425
18.071346
26.434874
19.038315
26.677622
31.491732
28.481188
23.339926
22.512165
21.599276
25.359444
17.138384
22.979076
24.885736
23.899895
25.601559
35.811787
16.666607
27.906282
25.929838
29.829048
26.501238
25.181929
15.274239
27.055151
27.994192
28.486427
23.716654
35.472473
31.664371
24.170578
23.718569
34.225193
28.273636
27.270357
22.930882
24.157618
30.774086
17.436459
17.80629
33.19734
27.863386
26.234144
37.06704
22.283077
37.03001
35.06882
32.75465
29.288889
17.925352
16.275997
40.324615
29.710897
23.917305
15.759941
20.04778
29.759724
30.759901
37.973587
35.841557
17.94115
26.45625
17.002935
36.577934
17.209585
15.59703
15.052406
16.901459
27.343283
16.724442
33.723267
29.63939
24.317295
40.601524
28.13552
27.99736
38.13952
28.65938
31.164297
38.907825
26.867199
38.349915
38.844994
19.134909
24.335678
25.649248
24.347166
31.037968
28.50816
34.537064
30.825302
25.257713
34.29467
24.919739
16.925344
19.012352
15.190397
38.170155
32.759083
39.177708
18.14801
37.224686
34.754124
32.873997
35.72551
26.00794
40.94548
18.893328
38.740665
36.84837
27.995415
34.975784
21.414965
18.503036
21.511444
34.678314
27.304531
27.427254
20.078108
35.379402
30.192389
17.005075
22.826252
21.823969
19.555862
15.599008
30.334364
19.5366
21.224968
20.482544
19.189625
15.417664
20.41196
22.986609
31.632105
34.88565
40.419266
34.521103
23.363686
34.0404
30.022444
39.525345
28.82403
35.49574
39.776756
17.85622
24.01911
33.76628
16.310406
35.640514
38.33349
26.392174
16.044436
30.197897
38.665787
22.346632
15.718765
27.283655
15.697482
15.69518
16.60575
19.605347
33.138275
39.961674
30.357136
38.335102
18.387167
17.205105
35.057224
20.169394
37.20638
31.422474
20.244516
19.38069
39.726097
40.566845
33.416054
29.260433
38.381172
31.206053
35.84313
22.370426
22.226583
38.64632
22.404
36.09975
22.48676
23.206419
22.57869
27.166914
19.164446
22.251781
33.752888
29.912024
16.068106
39.584362
31.54246
18.491365
37.712486
38.832798
32.977013
30.416801
18.20522
29.598822
17.070364
34.275032
39.452988
30.289688
35.55781
33.91681
27.804049
23.802622
20.39449
16.9238
34.58955
33.526283
19.98603
34.74083
40.93434
33.485405
37.0623
33.50385
30.678589
23.878733
17.606792
28.299053
29.284845
15.746579
16.31886
33.35612
19.200785
34.05328
37.712803
38.508644
21.306112
33.081062
31.147358
34.14743
33.79283
17.705706
38.83105
36.847347
24.11124
40.860683
40.163315
21.866055
34.45976
25.295347
33.64831
16.79299
24.704866
16.593988
21.057701
26.769571
28.58816
18.346453
31.520737
25.906641
29.610714
33.34735
39.784332
37.792793
40.08065
32.749695
23.012875
16.317251
30.468023
16.210108
34.186848
22.42359
38.431828
30.236658
35.411427
30.865625
23.667141
19.186584
33.260555
39.554432
24.066101
31.660114
34.659027
26.66547
36.594646
20.397831
31.744503
23.317427
30.757652
40.212906
27.653408
22.339405
15.558246
33.97584
20.239042
18.41073
20.452875
23.21821
23.357218
39.687687
34.96182
17.53311
27.544228
15.924057
16.31559
19.624075
37.66381
19.047491
19.80088
22.590288
38.414345
27.171186
20.315346
30.83494
21.46435
24.100578
26.048811
27.844816
20.423904
25.537214
22.179127
35.013046
39.86151
18.387102
24.004118
19.663296
40.140377
16.848406
23.026781
29.482481
22.975092
36.283432
34.16909
32.680424
39.299026
37.272427
29.510466
38.36871
27.284876
17.701778
15.730142
25.887312
18.175104
40.256805
32.77845
29.106392
28.956024
38.269405
32.21012
22.092005
27.84878
30.513376
19.083546
25.94829
19.092321
35.24531
29.362976
35.134995
29.558044
29.556612
39.35654
39.1081
33.362606
33.932114
22.880987
17.742552
23.834972
35.803547
33.56486
32.669994
40.945663
39.840992
17.984993
17.400694
26.620594
18.74319
22.176886
30.897701
40.23893
16.367525
29.467815
32.132587
22.053741
19.183208
35.5521
27.07595
39.27629
36.236153
31.261269
26.562218
28.129139
18.081669
16.577513
15.517057
21.300306
25.471178
35.097034
29.147108
27.920088
22.971708
16.370583
31.865488
28.434162
33.152035
36.33172
29.962936
19.56101
21.486883
21.368984
15.333223
34.898663
16.710693
39.506416
28.922832
28.685228
29.995062
30.627533
40.9987
15.719598
37.028976
18.711073
18.814182
37.513226
29.848633
20.642574
20.802181
25.370745
22.093618
38.323967
32.03576
25.286749
32.25887
39.524147
32.37034
29.297894
32.46689
38.196644
22.417965
35.244057
25.302252
28.836245
23.302881
17.76913
18.330563
15.854583
36.00904
33.83158
31.066545
17.925474
37.054016
27.996748
40.361073
18.78392
39.210007
36.34741
39.44449
16.058435
33.0416
18.976067
35.193665
16.374563
27.14118
17.711782
33.582848
26.188124
18.116724
17.98649
32.73333
39.589966
27.62308
17.560019
16.4947
38.669674
17.02662
28.200108
23.070368
20.933914
38.65451
23.353127
32.84273
25.745764
40.003647
25.34314
29.25838
21.784626
21.770662
27.701433
30.401358
16.12198
30.113197
39.855576
38.712494
32.666462
28.16402
38.596527
36.205513
23.452456
39.493317
15.494264
24.485626
20.529572
20.950907
35.74685
36.89387
25.05611
32.11887
25.824823
34.180645
19.607796
29.46647
28.71224
25.25435
37.68378
17.223051
32.547646
18.75618
16.925117
29.97092
15.03273
31.479708
31.656586
28.009058
40.10332
15.983923
40.021
19.649836
33.04692
16.141016
29.195793
38.78473
25.50279
35.815247
28.964886
29.291353
16.595243
28.38685
37.264553
24.152987
16.827545
15.414931
17.23022
34.52305
23.30344
25.376007
17.741776
32.390858
24.345196
36.1198
34.498264
17.99131
36.64152
29.451544
26.248457
21.649921
28.685682
39.080128
34.962032
25.366058
30.453577
32.063965
33.446815
20.11097
29.02349
24.841564
31.200682
38.553562
29.153715
21.951368
15.132498
33.72571
30.71115
38.625458
22.19462
16.000216
33.28346
27.584375
19.94019
15.678318
40.30934
29.565325
38.5517
40.470074
24.625885
18.38362
33.98295
36.199642
38.458927
16.657328
36.51477
27.178944
37.571865
35.71764
40.245564
17.866896
37.540203
38.682545
28.820911
37.66786
29.933678
21.189001
27.052244
20.02162
25.564701
21.858866
40.982685
15.298747
20.901318
38.2164
18.428993
34.43876
20.244852
17.480291
34.061657
26.755114
34.336838
29.420637
23.680902
28.879639
21.686811
20.301508
19.504595
20.430521
16.101988
26.82221
18.004763
19.661669
22.651764
40.925472
26.112547
17.08771
30.614517
22.35838
20.457247
38.877586
33.83103
19.9519
27.713202
16.67117
34.328415
38.727505
30.099005
24.39704
36.080276
36.144398
24.606796
29.655952
38.33341
37.06845
29.634962
31.283344
38.05814
19.374105
36.355904
23.815552
22.76905
32.482906
38.37116
25.758205
34.21459
31.597635
29.98939
25.79168
38.24868
40.908386
20.808432
37.347218
28.57432
27.627121
22.190878
25.348717
25.988594
33.349796
35.69323
21.338995
36.260536
15.950199
28.542027
38.695675
38.837727
27.977278
28.845917
38.190662
33.204357
38.357723
33.390923
17.75848
17.903152
15.0982485
31.586847
37.012627
38.985237
17.637033
30.415913
26.785376
27.96674
40.51136
25.080526
18.765327
30.24767
23.0886
34.45517
22.168282
15.388224
25.250254
37.418175
35.300896
38.639492
28.123821
23.672338
33.8629
30.690083
24.224882
32.759014
32.88242
39.71712
34.701828
37.628544
19.290386
18.51946
20.768244
16.350584
23.313715
25.763018
15.86309
39.33108
19.103401
26.182484
24.596304
31.748384
32.31237
37.960682
18.117626
39.829105
28.699368
24.446283
25.188955
19.055185
35.258907
17.872519
17.945652
28.42663
19.863712
22.804028
35.0998
29.5003
18.95482
20.665873
17.168457
38.08315
33.425938
23.89828
22.202583
24.179134
28.522375
39.03253
36.447342
32.07219
36.311317
18.297987
30.382082
25.273321
39.07891
19.247042
36.66841
32.468132
22.871048
19.32443
40.67726
16.571775
18.31853
33.309105
38.471058
33.53154
40.87363
40.121433
15.384526
36.61294
32.6339
31.61543
40.677917
29.563435
37.040344
25.665142
28.128849
30.268589
21.91107
37.106285
20.884146
25.298677
21.50759
18.908693
25.410624
19.08944
18.630066
36.33209
21.963781
33.40891
17.098911
40.75709
19.636028
39.23295
33.404057
25.385408
22.751068
18.185274
19.789555
28.067583
38.13873
30.293554
31.589966
25.143559
25.654495
36.971252
21.246319
24.37088
17.200718
20.855698
16.10329
16.767233
20.461393
31.415964
20.825537
18.50849
18.580132
27.089952
30.06996
40.900406
36.0909
27.11818
38.912018
28.881521
34.553802
23.21253
29.448032
34.51684
30.553102
24.731424
19.98172
23.506239
31.98244
37.128532
24.252075
25.858541
25.872149
16.100428
40.27101
26.571703
34.406166
15.079195
35.512997
40.411392
17.231201
19.499277
19.435299
40.694786
21.678278
15.613516
19.606182
39.363377
24.09696
34.541557
40.079857
18.567902
31.145039
25.704496
22.080702
36.490654
33.58165
31.832808
19.545649
20.194727
18.87928
24.330376
23.622467
25.91677
34.80022
20.935583
32.83298
22.409279
33.975666
15.341127
39.28408
35.690388
37.48061
38.717484
18.045774
23.873598
17.415417
17.930557
24.614237
30.626795
26.584877
36.65239
20.239292
29.249409
25.508284
35.534298
32.81946
18.358507
19.19899
16.145292
30.054106
22.739017
20.41963
30.474022
33.591022
17.04032
32.44914
39.45098
40.019135
21.69081
40.790398
16.168186
32.72981
17.65406
37.70231
36.256905
37.90658
21.464615
37.95777
21.229603
20.201998
28.358408
34.80901
34.500553
27.021523
39.25229
21.784391
24.270193
34.758316
34.82905
22.645885
20.491623
39.80905
29.048794
22.603863
16.73317
15.749717
29.03452
38.716114
17.909338
39.6617
18.469109
32.290443
19.573027
29.272284
31.393019
31.065317
19.745165
28.310007
18.606287
15.96066
16.103605
32.27416
37.755524
34.270855
37.761307
32.679028
18.625946
40.31473
29.834572
34.757328
37.1605
35.76229
20.53525
15.593594
19.29254
25.125534
36.616604
18.707077
18.80554
17.230856
21.66066
21.215153
40.122684
34.882996
30.915606
18.881895
23.181232
38.385696
18.175001
40.592968
15.360898
32.101673
26.53627
23.096685
38.81257
28.81475
33.78412
25.212523
20.47301
22.299374
38.615288
32.132076
20.553223
26.20805
31.954157
40.92394
29.352612
19.154585
22.204533
27.902628
25.877966
19.701258
38.44107
15.133187
20.935814
18.850567
35.264503
21.01677
30.118605
19.59725
23.3281
18.638952
38.419647
23.113903
16.388386
17.361279
28.088684
19.22358
15.141478
27.997921
18.77942
26.955313
30.076984
35.843105
22.042309
15.183608
16.114693
18.801352
22.780321
23.620543
18.884912
29.921352
22.412378
24.759117
22.171637
24.745668
20.178617
33.759174
32.258263
40.06223
38.273556
19.722235
15.698926
37.879982
29.30773
16.319122
36.384155
26.749815
40.975285
40.314476
39.67773
21.913277
38.744503
19.17465
27.872423
36.185375
20.89015
31.650705
26.245392
30.964098
29.251009
23.995735
36.589767
31.308134
29.722929
17.305826
21.257195
16.635576
30.687145
38.366566
25.466692
27.270245
29.325596
35.342056
22.918547
30.798567
25.089401
32.661007
39.597515
32.998806
24.463648
22.534525
37.05791
29.965738
33.61105
27.682817
27.453808
34.977722
27.47902
21.053085
22.11081
27.63941
29.519125
21.578482
37.531536
31.882225
33.294918
22.358088
27.385187
21.515968
27.94345
23.030401
18.252226
31.198877
33.707905
17.56797
28.678461
38.929646
33.573074
22.238321
15.438475
29.463848
28.412495
24.05646
37.816574
26.418505
27.995396
23.696766
34.184124
30.252302
22.703644
20.537197
29.18535
17.795431
28.873308
37.276302
34.439377
30.551685
34.302376
15.393601
38.82448
33.606926
25.655666
34.61647
16.131227
16.651747
34.249905
37.511795
18.154428
29.362549
19.016384
40.338142
26.139435
17.184086
39.315563
27.37438
18.906607
34.41778
33.71749
40.08317
29.948448
33.44406
33.863796
28.672897
18.327087
31.89317
33.09146
17.889122
39.295517
37.627846
29.62564
21.196783
26.224197
20.512516
33.83809
25.906893
35.63533
28.117476
32.31986
16.256605
29.930302
29.742954
24.33127
39.969044
15.741523
33.446648
28.56918
28.399439
15.748079
22.119728
24.130997
37.016644
24.265303
15.080165
35.05686
37.674156
25.951601
39.138454
30.895834
34.892467
18.57156
15.639759
24.36893
37.204456
34.912548
17.597729
23.391249
23.508316
15.672762
21.709145
16.467417
33.32744
32.421844
35.774834
39.789055
34.894306
15.580914
30.851112
33.239853
28.055561
32.777046
39.317413
18.953337
34.137924
33.897953
38.96947
36.070408
20.11976
20.705803
27.233889
34.908092
21.720678
36.96484
34.648643
24.877934
15.351564
33.695656
20.865448
27.181995
16.260126
21.389671
15.603749
15.566221
17.662
40.800568
29.222404
34.22553
35.165123
18.275166
22.873962
35.33184
30.375132
38.494404
22.567768
19.595798
15.2120905
16.965765
38.89197
21.774792
26.17401
36.641758
36.6308
25.1044
37.550102
17.63472
18.062347
38.25737
32.416866
30.156384
16.333395
39.623573
32.142643
38.53146
38.981644
28.456472
17.081366
32.417557
28.412094
18.746004
15.153807
40.209545
27.93303
29.554726
21.09471
19.014692
22.818544
28.993605
21.286758
21.555506
17.788252
28.015707
27.307425
26.890528
19.281195
28.770514
17.582304
28.938944
40.949802
26.388586
24.868645
36.453163
15.91108
26.755695
39.685333
34.304108
35.466007
38.08751
32.26068
24.727293
15.23448
38.930428
18.086975
34.523346
19.951948
19.591007
30.750725
38.114937
23.535254
25.935986
16.35029
28.832699
19.448942
16.006777
26.517456
35.83598
15.88971
24.956827
23.827269
31.669956
36.855465
22.447123
24.210405
15.618823
21.776766
20.824629
37.874996
24.735502
33.062283
32.160385
39.19987
29.711496
24.646248
17.538431
33.078773
18.596241
15.424618
20.863665
22.275188
17.783482
25.328138
23.89626
19.489988
36.652927
28.704166
39.222134
19.049175
39.788628
27.665575
37.433483
34.3866
22.791224
31.113787
19.920294
34.826584
16.359419
23.254406
39.36327
22.563995
18.536762
34.59764
30.270454
18.194336
40.802937
32.672146
19.714424
34.664066
26.034582
36.97965
17.803743
19.091383
19.2688
33.07911
32.361916
35.55031
19.673182
34.113007
26.78899
37.61599
28.159462
24.574547
26.145424
25.236725
29.67357
16.66365
24.124771
22.328245
28.353062
26.19061
36.771217
37.37843
19.463575
18.66043
39.54994
15.30566
26.309269
32.906944
30.692667
28.831652
39.15775
31.444813
31.617931
31.709583
36.62834
23.568712
24.66469
18.291052
25.963177
19.152935
15.380224
22.120333
39.133766
38.090885
19.167494
32.5121
32.831512
18.362831
32.224155
38.39879
26.048737
36.831593
18.394863
23.126356
35.177517
25.039625
16.810505
28.33231
33.336864
15.517371
26.002344
27.557444
31.984465
28.411503
38.556137
16.822744
30.777346
23.603065
16.31064
22.045586
20.116682
37.909294
23.60695
33.874386
19.844952
26.449282
17.1595
39.288418
25.159569
33.802456
19.746552
40.139656
18.965149
26.200125
31.107452
37.70599
40.607384
38.664288
19.185865
29.280344
38.21464
30.74408
22.172657
29.837702
19.719133
19.299187
24.679066
24.902208
22.03768
38.64083
19.810226
21.879026
18.86285
37.26473
36.911106
34.32076
31.048391
32.39684
34.321297
24.865797
25.668602
32.62144
37.602165
27.916021
30.48953
30.972488
30.389177
40.51391
25.810518
36.043015
23.274326
19.33411
37.41788
24.903599
29.937885
35.222214
36.738163
24.919853
21.125803
16.293415
33.186657
39.92015
32.008392
26.246452
25.17755
23.588652
24.958017
34.253212
16.295237
35.445004
15.847864
20.551992
21.722149
40.320957
29.600855
33.702507
31.17649
26.85543
39.90725
21.353245
24.334143
38.203392
36.781384
38.32695
40.99206
20.890284
39.942474
37.847507
17.07629
39.542465
15.881386
21.811596
39.00588
36.085613
27.914633
40.151108
20.894682
27.92669
17.528994
15.537346
19.606255
18.621527
21.884384
15.945607
21.772736
20.578884
20.46973
37.928883
34.546825
16.463112
31.595974
31.841902
18.07668
40.13145
34.662292
24.711906
20.476688
19.17827
40.946117
26.970053
19.412916
33.457428
28.044386
23.837482
26.33005
21.315199
39.03309
34.80261
17.817526
25.690134
30.91389
15.331315
19.64565
15.722415
27.98132
27.71928
36.598217
24.064253
24.370722
22.825766
17.386354
19.694073
20.236835
15.320754
30.64908
24.711115
31.764664
20.032417
19.32913
35.32343
18.528816
19.999464
16.558435
40.041016
32.59449
25.913006
34.59581
33.94723
30.192604
27.775133
37.330048
18.845404
26.803696
34.806526
30.3949
35.06389
18.049492
18.9029
15.038098
31.75171
37.91816
32.27033
28.544748
18.608168
34.538574
33.261845
19.236166
35.163654
31.971008
15.893029
35.848423
39.965313
38.295982
24.031704
29.44055
15.319853
21.660063
24.837002
20.890568
39.60734
16.876827
39.665638
18.50824
20.603495
33.683105
32.368336
26.326569
15.734329
31.815165
32.66681
20.22987
38.735962
39.69635
30.132
18.234356
38.803528
16.717255
30.176592
32.95794
19.987154
35.841347
15.430092
16.599129
35.329124
23.583494
29.882286
33.590614
16.035349
20.28575
15.260916
17.501322
28.83541
33.05427
31.25206
18.731451
20.609426
40.72311
27.376762
30.078157
24.346237
36.775112
20.60499
22.345333
40.546234
22.277159
25.118164
37.829037
29.293526
40.57636
21.023993
39.73092
22.395935
28.755777
23.282469
38.335133
34.227646
33.662792
38.61948
28.129951
20.208157
30.700033
26.784504
35.963493
17.212519
27.5084
29.15151
30.793707
34.631702
28.173552
28.36719
24.625912
16.28818
40.6517
15.518293
35.82692
25.96072
30.737587
20.119873
30.162975
34.8837
16.086853
25.118828
19.62947
38.260044
27.557045
16.062235
28.423502
19.563221
28.445946
16.597507
33.25619
40.202625
35.08282
37.551537
29.609747
25.987919
26.667704
23.978483
40.51504
30.751764
30.255724
19.77106
27.958662
19.476748
28.347971
24.697624
29.12403
28.32104
25.677345
20.05754
16.32953
37.04874
24.46727
32.539864
38.74713
36.544678
29.693132
23.32538
37.768288
40.329678
29.690737
38.989758
16.229591
34.291256
30.833025
24.345495
18.618832
17.205965
17.935778
31.003063
38.852833
18.053436
22.554943
33.13659
18.251644
38.60851
35.402718
33.707146
22.92936
27.346685
38.73644
20.22665
28.980045
35.309418
35.763786
29.038046
17.557941
38.249657
20.859827
33.042515
26.23437
28.114305
28.705732
23.821978
31.859365
32.719147
20.336136
19.185293
39.564396
17.333084
21.5214
27.30912
40.513107
37.812386
23.91312
16.84946
21.540333
17.91196
19.945559
16.667498
38.91523
39.449482
22.612734
27.143457
26.12268
31.109545
22.930305
27.444723
25.777767
19.848858
15.1433115
33.569572
18.571276
36.0998
30.555372
18.505482
31.490015
36.268463
33.2318
16.420954
23.463825
39.38472
38.768612
25.452522
31.061905
31.185575
22.821346
24.35353
23.894272
18.399479
27.152014
31.038975
28.9699
32.548035
19.579556
33.890694
19.421251
18.192932
30.408525
27.57983
37.72563
31.22969
23.662731
36.118515
32.837013
16.56621
26.765036
24.87036
16.487654
25.322866
25.181402
16.329338
18.327065
37.552284
32.986797
23.619326
24.536572
25.400715
40.312466
18.871536
20.09089
37.619278
22.198595
32.90475
18.933922
29.38219
24.503246
27.963264
26.994043
31.480341
15.208025
34.6601
32.185047
34.13253
29.712778
25.728027
15.3219
20.8929
26.52613
38.69867
16.226337
27.43199
17.135643
23.209831
28.205448
24.330122
20.780748
40.283993
23.557108
40.445713
17.353662
22.625792
16.789349
17.907362
15.717874
36.75407
24.836441
35.327477
36.360752
31.613962
32.712643
20.446428
32.486343
32.207264
20.765335
33.09018
22.406263
22.73423
15.972388
16.0605
16.401161
17.757643
20.574398
35.375877
33.10211
23.980051
40.74053
38.142452
39.88076
25.367579
37.93749
28.258133
20.739027
38.5589
16.204348
17.139471
39.75356
21.765457
27.631548
24.70956
38.257206
18.69916
30.000778
40.99671
37.62905
39.45627
30.762957
30.867327
36.816704
20.741375
32.31489
19.652853
30.528812
38.332897
22.880758
35.729443
18.412868
25.271553
35.212902
39.470318
19.472706
37.895954
31.797003
26.414646
39.48214
30.55444
32.279972
21.983044
26.215584
26.58992
32.43459
37.618717
35.94349
20.024519
20.133123
37.844517
32.82983
19.263449
16.522852
16.399992
18.620892
35.09256
15.879616
33.35898
19.329031
16.261627
17.461271
17.92692
24.492027
19.02553
23.091043
21.478563
21.028101
40.15799
33.171562
32.320484
21.70865
40.157696
35.363506
27.649166
29.835175
16.634144
30.258501
23.224262
24.833838
27.190691
17.034151
23.387922
38.17056
26.514765
37.299747
37.234978
33.241478
27.840414
15.12439
34.97502
36.708096
32.465813
29.585043
15.82632
36.12332
32.588516
17.080124
23.142754
17.634197
36.363773
16.12505
39.898888
22.048859
23.796328
33.37928
20.144527
15.61993
17.843706
18.250143
27.589008
15.523385
32.93902
32.576946
29.08673
17.20138
25.033981
25.619501
18.469326
39.48955
21.217821
38.858486
28.906199
17.763697
40.98543
21.960764
25.77388
39.217697
29.308098
32.67085
18.876154
17.824055
35.802803
23.36063
30.780563
17.530283
34.50111
29.50247
17.023365
16.808907
22.986273
26.42662
23.98373
39.80577
25.99725
16.382042
37.3394
17.020788
22.99088
30.140425
30.189777
33.707214
35.608604
30.166462
25.16876
30.99002
25.511637
15.723038
35.168518
17.080873
23.6286
18.18828
22.65667
39.906616
22.502193
35.33209
23.993145
15.970248
20.126596
38.332954
36.639427
39.32769
34.434803
20.911612
35.701607
33.19071
18.425222
36.116234
23.86003
28.8557
32.809464
23.014612
15.412216
18.41015
34.01824
28.831966
24.891941
16.982826
32.41999
35.9187
31.52629
31.18094
20.686802
25.340664
16.653807
40.796795
35.384884
27.855158
28.15063
40.868458
18.07186
30.569128
21.897924
24.743475
35.450752
21.6717
31.372675
35.921547
27.460583
22.291426
32.55527
37.141537
37.576157
25.749266
18.521122
29.430225
29.044561
28.26159
38.31991
27.644512
28.303648
37.49316
18.044832
22.415924
40.407642
22.268267
16.35562
33.345543
20.927835
36.21885
26.142847
18.799574
18.50117
40.18173
30.507477
27.720142
19.967274
18.752699
34.778294
36.492874
37.864483
39.56345
22.901308
23.102304
15.948005
33.568027
30.209028
39.55805
40.348457
20.908678
31.31373
29.889212
24.006563
19.776722
35.667828
34.881363
18.099915
25.092192
