21.037457
37.443275
39.477554
31.150457
21.947874
16.002012
37.814342
18.991863
19.625847
38.083652
30.198654
39.469353
21.64018
36.049988
19.754204
21.46472
30.2751
29.410183
32.02338
18.094667
19.930946
40.54962
34.180958
40.167778
15.828124
25.653849
23.252417
18.866295
30.849115
17.510584
23.324944
21.934296
38.863056
20.39808
26.905226
29.085413
26.199709
17.106045
29.556677
23.087473
40.07441
40.285717
31.739742
37.038006
17.71282
28.788599
23.382433
15.713767
20.684095
18.428692
31.124268
15.559008
39.52333
37.69102
35.40532
17.871403
26.10894
26.30959
20.613075
39.051178
29.457853
22.350843
20.353329
38.398117
36.611214
31.464035
35.577335
27.872751
30.105497
26.297863
31.776005
35.482224
33.158768
18.73307
30.742884
24.507906
19.14901
26.543625
18.51122
16.66102
19.221313
19.374506
33.98642
40.43415
36.93285
30.511936
16.523682
24.410656
19.729452
40.82238
25.241693
27.100668
37.744785
33.449493
34.216682
17.991467
32.922947
26.383518
37.867233
36.93168
15.787509
20.855675
27.818707
32.712887
21.314865
32.6603
24.327194
22.768894
27.316935
24.970552
31.946394
16.281967
34.498127
38.98871
22.536854
30.667124
22.923637
16.860195
22.945492
22.399567
17.02101
31.680645
21.724388
39.45708
34.43407
20.138336
35.1113
18.268309
31.0582
24.359697
25.160398
32.989483
19.408087
32.86344
16.39021
25.176325
18.103933
20.179302
33.606827
39.474464
24.709333
26.650255
34.663868
17.820871
24.413784
32.21243
17.836786
34.83042
37.125095
38.534904
22.217566
28.535887
27.421692
24.801859
33.07688
29.456274
39.51212
39.63258
20.494373
25.08752
40.858753
35.160053
36.723564
40.3413
17.445042
25.126907
21.736626
21.201738
38.800373
39.007767
17.185108
20.926523
31.843884
22.63002
18.616276
27.488039
25.36831
40.54038
34.200768
35.631763
37.55729
34.45245
21.45572
28.923346
37.314198
15.511071
37.48864
36.462395
18.37798
39.821842
17.140638
25.56015
29.211096
18.719887
39.073875
35.609882
27.467045
33.58961
32.326397
23.622952
39.479652
19.69772
25.14868
18.460155
40.663593
32.464558
28.039618
26.65708
27.975386
24.874329
39.81581
39.92387
30.65634
38.312527
35.276432
30.893925
30.36373
37.019413
21.567015
17.502657
26.493715
32.561176
37.699017
35.49669
33.009323
33.24584
19.848017
15.005361
33.409016
30.248907
24.031933
32.850674
18.606186
19.364035
21.561636
23.328392
32.43719
20.757015
15.259895
28.56218
15.275246
16.876663
27.860565
19.21423
25.799814
18.764143
34.228462
17.330118
40.355892
27.402622
40.081383
23.402105
22.534817
39.46208
17.749252
29.354336
18.618034
25.819408
36.171368
16.085009
21.347511
26.571962
15.811254
30.444748
21.121239
39.912937
25.45967
16.08698
28.15952
28.199991
40.999756
37.49536
33.447567
16.823875
16.124416
38.674843
22.332113
38.071644
29.724491
37.4872
28.534588
15.079548
22.207281
17.418377
26.040579
18.183508
19.358553
32.684254
33.835205
19.500458
35.52712
16.013014
21.776123
27.411798
27.88963
21.186445
19.030813
34.770527
24.34421
22.47914
15.451926
23.116564
39.18513
40.503754
35.024357
27.960085
27.12666
28.652021
29.089863
27.280718
35.472786
18.315493
27.439886
24.790672
26.270565
38.376465
21.564497
29.222906
25.138239
39.07885
28.3551
20.930744
21.125446
18.32024
28.380861
17.423285
20.44122
29.650703
32.49353
26.111303
24.176558
19.820333
37.96265
19.501287
30.25188
31.586851
40.602856
19.350557
22.73562
30.676125
38.427303
35.884426
35.408817
24.282625
31.245937
16.07663
32.991528
32.303493
25.32465
19.207205
24.800367
37.619026
18.731148
38.437424
15.772617
16.163988
27.315548
31.979168
20.770714
25.278412
23.408537
20.586662
27.87204
31.883034
31.26721
19.561222
28.952427
16.39379
21.058405
25.235216
27.287804
33.97134
32.741688
19.989208
36.126907
29.695805
22.59885
36.25671
31.229053
28.563478
28.3541
26.683844
30.214386
20.821463
25.838837
28.636562
32.240158
40.087772
32.977203
26.586084
22.994982
35.948666
29.50338
35.553425
20.294136
22.281487
29.26881
40.756947
36.662403
23.420599
20.25736
16.882162
23.207033
26.465443
23.498657
26.980894
21.81187
35.524082
31.954586
15.907395
32.224754
36.492085
24.151281
30.41179
18.963774
25.085865
18.838608
31.536674
24.133974
30.281078
26.281448
38.800568
24.224693
34.051033
18.921906
27.802345
37.748627
28.35648
39.09871
19.343573
40.18729
17.707481
24.269972
40.941185
35.123592
26.299572
18.75765
22.69073
19.670652
36.720615
21.416851
38.840847
38.347115
26.53141
16.830387
38.152554
40.40267
21.642242
21.63874
26.14221
25.26351
27.33913
29.437883
18.64508
15.245982
37.057827
37.312153
36.786636
35.977726
15.560101
26.51663
32.411755
17.069054
29.03607
19.083271
26.297283
38.493362
15.837981
23.197279
37.061386
15.8639765
22.044933
35.074986
20.583452
18.335627
21.864733
35.77176
25.961195
16.212532
21.998165
17.858246
26.557089
35.510876
31.522655
31.225481
29.52401
29.70207
32.596367
23.414236
22.350475
24.654243
24.340513
37.81114
32.428715
25.39279
26.626692
28.81397
39.424175
30.71697
38.17781
18.640726
30.312986
33.937977
32.385212
17.841852
17.354311
19.044931
40.551285
26.772285
39.977352
15.458757
33.88604
18.289759
28.588213
17.199987
24.51765
22.76798
39.6397
17.774914
40.021244
21.148237
20.957525
26.37569
37.526714
16.200039
30.27926
40.093365
34.33564
30.42135
26.237822
30.758915
40.158863
29.081137
25.609098
37.755848
17.580524
30.791727
21.543772
23.68896
18.161024
35.695786
18.716242
16.147339
23.710363
30.862425
40.848972
27.965721
23.695154
39.809277
31.908464
38.366848
22.486582
34.202106
22.419449
16.158453
36.213306
40.730762
24.806784
29.76206
18.352442
30.920147
28.44993
33.266724
33.873344
36.207005
40.222775
22.929468
37.74312
30.9982
23.691942
24.58508
22.909386
34.6234
37.859695
37.281498
15.494999
37.104794
18.362778
22.12304
38.871
29.488813
16.37659
15.782217
39.518314
17.119535
35.12442
23.431913
36.145256
25.680758
16.854296
39.953197
15.397109
21.093445
16.421484
21.190083
30.675657
31.42756
23.202547
36.751064
29.080673
21.872047
28.9672
24.398228
35.29206
40.503986
15.547158
17.418327
40.330437
27.107714
36.666557
22.536139
35.56559
35.616962
23.136368
22.909029
16.08644
28.887863
27.765652
32.5326
26.602663
24.457888
29.80543
22.990797
33.417423
39.70557
40.516247
36.899982
33.69215
22.398174
33.538467
22.62483
18.218575
27.99914
28.144709
17.885056
20.219753
32.304504
22.166704
37.725433
40.321056
40.98721
30.414293
38.987587
34.76366
26.45043
23.742102
24.900587
38.177296
29.025963
33.569893
19.698317
19.785532
20.00081
32.62546
38.27521
36.786182
36.214977
24.954283
25.80786
36.830883
20.045734
34.828094
34.998585
31.022175
24.47832
27.084942
32.138065
31.65295
30.660414
24.646065
31.537569
39.0324
34.847385
32.480515
19.047468
37.174046
40.967636
15.12612
19.357126
30.865812
18.172123
27.025965
22.562304
28.698524
33.679375
25.402328
17.089762
15.998486
25.987144
36.165474
24.484726
30.291407
32.094044
34.442535
18.795403
33.919056
28.759302
30.712189
17.329758
37.736687
28.02605
27.243635
20.41329
32.43843
39.243313
29.563831
39.44252
31.989437
29.644117
32.014797
27.007467
40.887794
29.171955
15.113256
34.147354
25.535736
32.695015
27.387636
27.907389
37.868984
18.007456
37.643032
17.280329
38.57451
37.08921
21.192438
37.34525
37.721302
16.980562
33.493076
29.956762
38.435314
29.325037
36.83949
18.691578
16.368807
38.143913
32.290436
35.925278
38.146168
39.727898
35.844574
36.890644
31.71217
20.666267
31.030258
33.359974
36.56546
25.98113
19.537683
28.197279
16.229153
27.094099
15.29702
33.442276
34.99199
16.925034
39.49403
38.816643
25.947762
28.807217
16.415085
32.58399
33.667248
21.100657
34.726402
22.54849
20.456139
36.394867
21.817638
33.643204
22.083958
17.014898
18.177961
36.03755
23.11327
37.178967
30.423067
21.984512
35.51495
36.60349
23.554472
38.73152
35.124557
40.61096
31.30786
16.735176
18.676437
21.868397
36.03511
19.148268
19.64631
18.768932
28.465055
38.08876
23.93977
25.166252
32.900856
31.553802
18.583258
29.681484
32.937355
20.007845
30.00569
30.12432
32.61956
19.65259
29.243086
37.70494
28.113903
16.177303
25.45518
28.660608
31.426722
38.391735
28.51211
17.680496
24.479849
39.55979
20.090971
34.084663
24.941088
35.480637
18.71612
26.0978
40.607716
26.404964
17.483755
28.755615
32.854065
24.72764
27.830484
32.9916
35.679646
32.063965
40.637173
33.274033
25.232079
33.79529
29.203537
16.797962
33.329628
18.460808
23.185627
22.68415
19.470894
21.47572
38.45735
24.896648
33.09469
29.572174
35.03903
19.663063
25.44098
18.087725
27.729925
39.066235
40.264187
23.767172
17.88846
25.173378
16.862986
21.09713
31.92289
37.578476
31.416222
16.358677
32.486904
25.555965
35.45235
16.561975
22.118738
28.15856
17.430256
22.217758
24.11902
35.53931
20.872194
35.504086
37.831703
40.53772
34.26498
22.802792
17.174116
39.142075
32.03344
30.808601
36.256287
21.82486
28.29051
32.454803
18.236282
34.9454
23.781332
16.753033
15.177562
26.423681
25.463963
33.3106
31.605844
34.711506
39.50735
35.76738
36.707264
32.721928
18.13748
22.685291
25.666117
26.82521
22.725601
17.526901
19.509737
25.279266
23.787756
33.275692
33.009583
26.534836
17.15276
17.979084
31.681854
25.740406
22.456156
19.036251
27.737526
29.469156
23.330599
32.406387
28.950876
22.199982
32.18843
26.078993
35.847176
29.406881
34.3302
39.12631
17.354406
39.245804
16.263172
34.449093
31.120459
33.775288
25.576874
26.930336
40.06645
25.406992
24.497988
33.12763
33.428387
16.854515
18.334896
25.86337
18.533642
21.233595
15.422532
39.113033
26.865168
17.164143
30.891064
37.445152
30.585754
37.734238
34.607384
37.932884
23.626068
20.008553
23.97619
26.935266
28.68446
17.398365
26.93791
37.437546
34.043144
26.65768
31.463572
16.7433
35.974503
22.529633
23.122105
17.2272
21.692854
16.13971
23.883488
40.585686
18.301283
22.117033
17.221514
30.56392
32.98962
32.12225
20.792818
36.49084
40.858932
32.97029
28.4943
20.120234
21.179447
35.858604
38.538807
23.254103
24.632969
25.34612
15.339494
33.415848
35.1476
30.675634
38.456062
27.444073
36.301525
23.791857
17.631504
22.294
19.954447
33.97984
21.03586
40.561916
23.759298
34.4331
26.233948
29.289087
16.513502
25.258162
28.106771
32.455173
21.928236
34.431858
20.981882
36.237057
20.325756
31.050133
29.565725
27.587652
40.019
31.841793
26.921452
30.98018
39.684326
20.367872
15.698552
23.266962
17.907345
28.587147
19.096075
22.517754
16.263533
18.54053
24.629051
29.431248
37.78937
37.79184
32.66818
27.45425
31.506403
21.959745
22.935667
22.096697
21.779821
27.185406
35.66558
31.096565
32.724724
30.702648
31.974844
25.067371
24.617413
30.812223
38.141563
37.051834
35.325687
28.508999
40.950085
21.008932
27.141277
27.770693
34.03771
39.677456
22.07915
32.089012
34.26582
23.48782
40.702595
25.208857
28.53855
20.234808
40.83964
26.238441
25.205109
24.07745
39.17547
35.30307
20.207108
22.098322
20.637138
23.737448
20.470291
29.132984
21.731112
32.446247
21.690376
28.87135
28.550657
27.50989
28.625568
17.336248
22.03938
35.372284
27.283821
25.76051
32.278763
17.01951
23.980663
19.612356
16.061756
23.443195
24.143936
33.05998
33.821045
35.379654
17.954565
35.519592
25.099834
26.825521
20.43795
37.097366
16.184593
18.153019
32.458443
26.714125
15.263325
34.782593
18.219713
36.49266
35.529594
25.318073
36.33679
26.591122
33.021717
22.809202
21.32085
38.08188
17.668045
36.37862
16.405842
21.703806
35.003593
15.835242
19.046247
25.356947
20.329697
35.09314
23.128387
21.062038
20.70771
33.22487
22.962894
32.77336
39.109272
24.800428
37.463936
33.91197
17.289864
27.797773
32.571198
23.77723
27.509012
37.81814
31.933418
21.098335
18.089634
15.599106
20.147799
30.903215
27.990631
26.89072
33.43738
21.610983
35.061058
27.644608
31.548946
34.795
31.450724
27.163403
27.86683
38.41711
15.771307
15.367545
38.263523
27.499739
21.033705
21.658707
21.045694
28.180878
32.131393
29.993975
40.504765
35.8882
38.696335
15.732101
31.044044
33.97191
36.523014
40.57292
17.629725
17.552008
15.437885
26.483347
27.401096
38.564213
21.48559
35.88802
30.675566
16.029657
22.610039
37.600086
21.297064
32.42717
21.627504
21.9772
34.301758
32.712826
22.220531
28.610245
23.212925
17.01005
26.925686
27.486946
27.92718
15.284529
20.64466
38.01982
33.117172
34.42171
39.077553
27.587746
38.351273
31.040718
28.658672
18.312592
26.7186
35.106968
15.069372
15.677224
30.648228
23.946848
17.209127
27.288353
37.824184
25.621267
20.62512
16.597586
32.623344
16.781002
38.83228
32.716183
27.341152
35.10515
38.699905
23.593885
36.620544
40.215126
15.137545
17.77937
15.962252
17.560123
28.682014
29.739716
28.97018
39.18592
23.269115
15.288493
28.073326
21.527512
32.467606
19.056854
35.86615
39.407005
22.759798
17.139288
24.922243
29.271774
26.07218
23.05546
28.961391
31.37383
24.691114
23.991804
37.588226
18.069939
27.942862
16.921345
34.47082
23.712994
21.573746
38.647438
40.79068
22.708672
19.635502
34.07692
16.070807
22.227453
16.862366
21.100418
25.076544
36.79053
21.020767
26.342339
18.384176
35.48924
31.518953
37.74028
29.425245
38.951027
18.683186
17.423458
24.33988
32.3312
23.538618
37.68191
32.810333
20.587948
24.677265
37.953106
26.196356
17.089378
26.852005
21.699715
25.756832
28.204664
29.30472
38.81227
36.51763
30.947542
16.518373
23.742466
17.433369
31.968796
34.076885
37.95779
31.891268
24.235458
27.623362
33.50542
26.31818
36.587963
19.526367
34.483
36.677174
19.032463
21.79554
21.036243
30.978025
25.104088
21.032019
36.138073
40.576374
25.927898
15.755801
22.851288
19.999063
34.707836
24.321249
33.03642
22.30878
17.289955
30.81364
21.538849
26.60878
20.17477
22.813793
16.773886
20.189047
31.894527
26.724407
33.325886
40.02803
25.024776
39.470963
20.687178
40.889538
24.265589
15.821582
18.584837
30.09222
17.0063
26.314463
33.478176
20.179508
40.57869
39.838123
16.757023
16.18073
25.006989
29.2788
34.93062
29.929539
35.479137
36.330997
29.669287
39.993645
24.992285
24.561405
18.945768
22.170294
28.666395
18.122875
15.720336
38.214783
17.073542
35.13448
31.623634
19.494658
32.596283
33.675144
25.913439
33.600224
40.3072
24.582647
24.616247
29.592318
21.15255
32.80624
25.211967
29.531216
34.32663
33.930485
32.479626
34.20587
33.639355
28.669367
15.194397
39.570713
35.408154
19.623976
19.250937
19.297472
20.94624
17.403702
40.485294
40.062458
31.072859
27.32995
19.977468
19.71515
35.237152
33.37311
31.938887
30.311745
25.825718
16.717598
39.423916
28.147799
19.015074
22.40645
18.051727
27.38692
19.133617
36.88609
34.6846
40.657925
15.913825
27.953524
20.581085
37.08066
19.243828
28.60237
28.927126
23.581232
20.068604
21.570747
22.845554
23.070108
40.9445
18.013216
19.994118
35.08208
39.41682
15.650593
15.684502
32.814922
15.868734
16.995583
30.089504
39.153893
18.780792
36.80886
28.55287
21.232307
18.443796
17.809319
25.275984
22.353561
29.083872
38.843864
33.727936
37.68808
21.087029
34.216324
38.010212
16.058945
17.551546
22.68156
34.104553
18.342846
36.750042
17.73018
26.442253
23.538483
32.24909
39.220715
27.55548
18.392317
31.412724
30.160374
24.705906
39.622017
20.80732
17.492157
15.333307
35.240894
35.62864
20.115088
26.9264
19.261862
25.688059
17.046179
20.4906
36.147514
32.723396
39.62671
16.172087
21.7732
18.840775
27.982141
36.794773
30.382854
39.747517
27.564077
36.076668
36.042866
29.102066
34.534363
17.114277
32.436947
23.785397
34.995518
27.358492
38.49557
26.189493
24.62835
16.752687
29.316284
30.72189
32.166767
15.96353
36.106644
19.641327
24.321402
15.707196
19.469461
26.06812
29.257812
24.058565
35.25033
31.553783
34.541714
16.328127
15.380408
19.94804
27.582735
17.601164
39.672733
24.467316
40.03997
31.356014
38.368294
40.847336
26.396595
28.712988
31.378452
28.253508
32.967556
25.81279
36.63317
23.2262
30.973461
25.583023
24.719984
40.35414
25.99539
38.723686
28.086391
18.597588
40.119583
19.127266
30.47893
34.224003
36.387478
15.146358
22.004879
28.172462
23.785843
18.131453
33.228104
27.32899
28.943262
29.483849
34.04833
35.673645
37.943493
23.103378
39.763573
36.55106
20.222767
27.55791
21.678366
19.419779
32.387264
21.561373
28.895718
15.35163
32.968685
15.419274
15.518768
15.281023
31.629908
31.9855
29.388363
29.54494
38.1394
17.371412
26.695763
22.608004
23.552225
16.158033
39.335022
25.032976
28.467033
16.18438
18.697508
19.735577
40.972668
32.119778
26.761377
29.353493
35.954597
16.975254
30.791798
24.163015
17.800539
18.468813
23.742977
23.392721
16.22628
18.7318
26.541058
35.012127
21.936874
37.228172
20.82728
26.114304
23.144947
21.955853
35.453686
39.86489
17.587091
15.009095
25.049078
31.65603
37.610912
25.40303
18.31081
40.582188
32.14941
30.696348
27.328358
16.645927
16.956068
23.395327
37.207546
33.205143
23.343164
20.382204
21.539684
34.08929
35.847378
21.683123
17.84775
39.540718
22.741043
38.775658
16.04214
26.678165
32.113873
18.333225
36.131424
34.533016
20.369312
38.8134
36.95891
38.874928
29.411125
32.619446
39.573742
36.02197
23.540104
35.699158
24.995565
31.621416
25.137358
37.392323
26.59484
31.99086
27.579815
20.097933
28.086082
18.02529
38.51517
20.904516
23.21937
24.904367
32.6177
31.711704
32.65572
22.875088
40.25298
20.56847
35.224922
37.238552
39.098682
30.963173
30.789745
25.335592
37.70026
29.622875
30.27835
32.804485
39.18451
19.014101
17.097132
24.675068
23.910583
22.184519
37.09909
26.966982
27.707228
30.844791
31.558249
37.375908
25.526585
36.662056
39.188496
15.360051
36.839134
22.621319
33.145634
22.480265
22.900887
30.0083
23.164305
33.20061
23.14319
19.077003
19.506887
24.522247
16.367039
27.787573
28.239248
39.802032
40.16801
35.13477
34.49878
23.898201
25.07455
35.534664
23.882889
31.389076
18.251451
20.49688
23.8616
31.026686
19.30207
15.382014
21.205772
37.81578
39.696896
30.428654
25.822842
31.149673
27.662785
30.431599
24.104895
29.287874
27.986275
26.46272
19.919249
17.12655
17.116076
15.848173
30.709618
25.691252
38.193897
17.250355
37.826344
16.07248
34.19953
20.150373
16.167042
31.628101
28.265135
34.286484
28.484426
22.192678
36.39535
24.676247
16.30593
24.76225
25.324072
15.734908
16.310177
40.6642
19.04521
15.6998005
22.218224
23.575247
21.674099
16.080294
31.782866
37.916737
35.727642
28.1751
26.297237
33.134792
33.65561
21.83353
28.194277
16.164051
28.512022
16.584507
20.771566
37.977062
35.024773
38.01698
30.851385
20.537588
15.003197
38.867588
16.273794
35.704475
29.017536
24.656204
17.520851
23.673792
15.590815
23.907295
24.483053
33.400482
35.76281
23.00472
23.404408
29.106752
20.817442
37.549946
33.38049
39.462944
38.209023
37.728344
34.43418
39.317696
19.279514
18.63557
36.15672
37.957626
40.227985
27.775711
19.177036
34.792896
34.97518
17.015232
25.310312
17.093422
33.060226
27.161493
40.13698
38.94159
25.513119
22.031809
25.97639
25.920834
36.765812
33.38892
27.744698
38.22541
19.096369
36.440857
15.024383
31.855276
25.84471
35.738117
28.823309
27.350954
16.695253
17.24811
20.964008
34.126785
22.69077
16.146887
31.819345
39.87702
24.323454
39.44014
30.198553
36.75767
25.043411
21.91043
37.588078
31.088078
40.831287
31.084797
33.664497
37.169685
38.101025
25.926613
37.022224
32.48551
15.130273
20.777946
34.39656
37.02228
20.460196
24.713318
31.313084
15.748282
27.263016
24.91309
25.05721
36.38349
27.544783
24.924475
29.133204
28.514448
18.232512
34.75041
28.96974
30.835043
36.688946
17.591282
39.52961
26.835213
38.004894
23.761833
18.693918
37.61321
36.53815
19.815231
33.81666
31.653008
37.599728
32.22866
26.683321
27.387009
33.932236
36.139473
38.257618
21.15518
31.68186
28.568293
15.063384
34.77528
27.934595
32.325085
31.823944
17.354864
34.568947
33.36668
40.069256
25.204231
33.171547
20.758799
31.821468
25.750576
37.068684
36.593006
31.182482
38.206985
33.145943
25.218792
28.67238
39.41612
38.0598
24.973175
19.505632
15.766722
36.68907
37.225044
35.642223
39.37234
21.230906
26.998707
18.413885
30.804943
27.214958
30.700863
31.800858
33.59231
33.891235
37.547527
40.02265
25.416466
16.941055
30.172121
25.006514
27.491503
37.267334
28.593302
35.510323
20.95266
34.739468
26.230793
26.20197
33.254486
36.199802
24.979803
21.835148
26.554518
38.782707
32.48932
18.81194
23.849781
40.65409
22.736917
39.885384
23.237139
37.64807
38.752384
39.53071
30.084324
15.959476
27.914835
37.60169
17.127132
34.044697
37.632664
25.28908
39.549232
37.19023
32.413002
38.1109
31.954569
35.827377
22.337107
23.689741
38.808323
37.603073
35.780357
23.410223
21.400984
21.461166
15.850308
18.700027
26.680994
29.544937
20.463497
36.64088
26.405048
39.60085
16.241539
33.89124
40.971066
18.745186
28.479206
24.490318
25.027426
30.949354
35.322002
38.013496
39.49305
35.406235
25.988068
39.76201
20.976398
33.059162
24.378866
16.19526
28.747526
36.006737
28.745571
26.651926
39.39583
31.240755
33.21263
30.556505
34.097088
34.231323
31.907394
29.77072
17.017015
25.242182
19.20443
22.524706
31.794466
19.941038
22.165339
36.45073
22.27598
29.863834
29.639776
25.642597
21.71441
37.59843
18.690535
20.376804
25.497808
20.172434
31.015358
34.156845
36.14085
22.061466
17.860462
33.08006
31.749533
20.478338
17.555407
27.176655
16.46091
36.160248
35.24633
40.33361
17.46318
22.74021
23.66425
30.691383
16.117374
26.970648
28.837423
38.989346
28.430525
24.561127
35.541565
28.23624
24.671103
18.198912
39.978905
34.294796
23.271086
15.440174
37.686916
31.495104
40.325024
24.591255
36.999737
36.22917
40.974976
32.4436
20.520151
30.629538
36.76122
20.78258
19.007185
31.897635
29.622131
22.959578
15.84419
18.623075
22.642693
17.498325
33.82453
27.522848
31.879509
38.70067
25.37678
30.429821
34.63137
18.523531
30.54853
26.072891
25.377771
17.61801
26.077803
40.216423
15.273896
28.353176
19.703182
21.064579
22.569084
28.891304
34.498657
34.48651
27.606785
26.937853
32.466385
15.581266
27.167532
16.658712
36.880314
39.37664
16.83251
16.43885
26.946012
30.044184
22.77375
34.650627
40.22657
16.912788
25.918068
17.406681
25.982012
16.77639
19.785316
20.391476
38.079113
19.516504
36.46759
28.297152
23.451052
21.898373
37.19448
36.13357
29.220898
36.54975
16.72057
20.739006
34.550297
31.594389
32.37477
38.187077
26.034466
39.187504
37.027256
23.467228
22.036871
38.288593
32.458076
36.810135
21.741703
34.407166
33.652786
16.336044
34.899586
36.770008
25.403711
33.323284
22.25165
23.383875
30.261625
38.325718
18.439457
30.805437
33.361107
37.612137
20.842897
26.080753
20.93384
35.95716
35.23562
33.27931
17.427605
33.68244
34.40714
28.323168
25.064829
25.028465
30.973171
23.399612
23.402958
27.431587
40.480446
26.146057
25.000008
27.087372
27.60951
39.0089
22.64213
31.300585
24.788832
36.703396
23.756067
28.553791
20.855757
16.53947
26.607882
28.970608
17.534647
29.528858
24.680323
34.906387
35.44978
37.65177
20.224785
21.768154
29.150385
24.436733
27.399748
38.84733
18.197418
36.0951
19.636164
30.94289
36.74647
36.85217
36.911236
39.85924
35.25847
26.829657
20.465569
40.482235
22.979567
25.859787
37.16467
25.06843
24.653954
27.948994
25.184324
27.62675
23.567972
32.75977
16.990337
35.82846
25.471306
22.441977
32.686714
26.750397
16.180698
28.42042
38.722286
34.938114
17.743958
27.333252
35.674385
22.769726
35.926743
34.216324
34.369144
23.907822
21.481943
32.241337
25.951494
22.746061
25.171152
21.84114
34.68401
34.188606
17.830078
17.893373
40.23221
36.844738
23.904444
39.78406
34.984943
38.77764
15.830239
37.635597
25.56208
18.315458
39.391907
32.759064
34.07761
19.114412
22.76435
39.478603
37.954884
26.657825
32.329403
22.875982
35.131706
38.68165
20.554623
22.71648
20.346474
26.636127
21.232168
27.842428
37.862637
25.22497
31.19758
37.65883
24.4672
16.307425
27.28325
33.985695
31.87007
36.00542
22.708508
37.514782
31.734493
39.726997
30.36806
36.38366
33.48493
18.998867
37.552788
39.96806
16.76714
36.49523
35.52166
34.893745
32.976353
39.456375
22.040777
22.482111
19.622822
32.81
17.515358
37.36903
37.470196
23.739609
37.662727
21.87445
25.360493
15.188604
37.809105
23.85055
37.430668
28.845314
33.84033
31.199198
28.02913
30.5233
28.59632
40.024853
17.056625
24.532955
32.071457
21.476906
38.684475
22.634558
19.167698
22.735882
31.44409
27.469555
17.944664
32.310772
37.535244
39.986015
26.32053
32.840244
15.866593
29.30582
39.999977
21.928225
32.820457
25.725283
33.040115
17.194914
39.024857
25.0976
32.912586
31.687012
31.519382
19.714567
18.179857
22.066462
28.617403
38.986736
32.97594
30.584827
19.49571
22.715267
32.366543
18.750837
32.083668
24.55539
30.360903
33.811527
29.177465
27.390543
35.857437
16.692793
27.871119
17.767874
35.127396
29.883034
15.374269
25.289944
26.575703
27.89402
25.078033
16.914097
30.465239
37.39594
20.333479
39.480156
31.050737
24.899006
25.823423
32.46863
39.140625
20.941914
23.636797
30.985928
31.489964
15.147754
29.19569
28.279507
15.62488
26.220984
23.038887
27.705246
38.708675
22.98436
28.131588
28.00078
36.882023
16.892683
40.849564
24.962805
33.144466
37.110546
35.077053
17.182934
23.291698
20.204227
16.961142
19.365856
22.68281
39.7732
22.781448
31.93518
21.684057
24.934687
24.12246
24.126482
30.520367
32.474983
37.076782
25.573725
34.96313
17.694298
25.561213
24.51436
40.792576
31.497084
16.993492
21.170052
27.295273
30.117914
39.556072
20.6041
40.19209
39.023148
34.064346
24.413307
38.339222
23.991701
22.06022
24.981163
40.304607
28.153492
31.167978
35.700813
34.494366
19.85211
32.977837
19.570509
23.888685
38.598606
19.763712
38.87081
15.643733
23.096205
36.1951
38.25195
24.82609
18.341087
36.869133
32.491474
18.368326
36.142418
15.967251
28.426323
37.969223
15.05496
27.632053
20.120249
27.109306
35.68076
32.76334
35.196526
33.612217
27.571556
33.848396
38.447605
19.254633
34.551605
30.170126
36.327496
19.81226
30.180944
35.277542
22.739254
38.626698
16.292025
16.956789
36.649174
24.287676
39.057987
19.106756
17.490864
16.347519
30.888847
32.90194
23.066515
30.119375
18.602114
27.416193
24.709394
26.558071
18.777401
15.484525
37.84063
35.9822
29.979832
16.996107
36.735065
32.968296
28.625067
29.040213
36.3051
28.132746
16.659071
22.367771
27.01803
34.714355
18.93868
24.484762
33.681557
21.880203
32.224415
27.359707
16.763844
18.499735
26.034845
20.205986
38.15852
24.766811
32.26226
23.090773
29.861748
40.496662
31.412226
15.22586
27.897648
40.184456
22.605019
34.711674
15.009868
39.984528
38.064884
18.234324
28.131414
28.653988
36.72334
35.756462
28.45136
33.20176
39.775715
36.596363
39.016243
36.49383
19.555521
39.455563
15.235601
16.387789
15.929048
31.933905
39.40524
32.104435
39.563084
38.861954
15.4184475
31.491627
38.88147
37.384117
38.20452
36.595123
35.301605
20.141972
16.11565
22.523638
15.429947
40.135662
21.477228
23.97992
25.295887
19.882391
28.823486
27.027058
20.416307
19.34445
39.95928
34.668907
26.508509
21.765266
15.920656
31.64583
29.007105
16.030497
38.15093
16.481688
25.190805
40.462166
24.765526
23.26532
18.688004
40.057404
20.648216
31.90948
38.405376
19.099308
36.30276
19.70246
40.51167
15.796044
39.878307
20.852453
25.009161
31.145195
29.59343
26.421898
21.638279
26.574036
15.902861
30.55885
35.38613
36.072285
16.182629
28.25472
29.707697
32.51251
29.453424
36.99242
33.71872
30.644278
38.718685
27.596281
20.082363
36.85179
19.862982
22.35481
29.08694
40.18058
30.73803
17.059734
17.499998
18.36755
36.057648
17.989372
40.18442
24.649502
39.029762
15.061815
26.175125
19.978922
37.272617
36.393047
22.940224
40.94173
16.493998
39.317432
34.888542
36.150257
40.65644
30.562815
26.835686
21.175714
37.908054
29.719631
22.103754
24.187977
15.427634
25.403322
20.205233
15.386414
29.514534
24.581509
28.649435
33.034153
21.747736
26.42221
27.310266
37.44907
33.845364
16.716618
34.00702
33.658348
32.974865
19.439735
30.4752
37.58952
35.695877
40.334435
28.742432
29.649286
30.461823
17.539242
33.074673
37.33261
19.662962
32.227467
32.12107
19.107903
30.562807
39.98502
35.661034
27.24029
26.16136
31.226528
18.445051
35.44337
22.012836
18.334158
22.02115
40.29094
31.3322
38.400784
34.15183
33.17363
32.343876
21.468914
32.451588
40.251495
28.757776
36.97909
40.21322
15.331995
28.501802
27.776176
18.041243
24.893938
21.396692
27.469244
34.87391
25.581408
39.328224
39.2006
34.25049
22.407701
28.653374
17.951618
30.268497
24.637894
36.07123
38.397945
38.57589
29.859562
37.99607
20.023844
34.95614
15.104789
23.589138
24.715204
19.589533
27.05258
19.03736
29.373043
18.911858
31.319283
21.411285
33.224075
21.142094
23.635668
20.491264
28.452173
26.013596
33.312866
36.319965
21.534344
22.018625
25.81529
38.92099
29.23708
33.564026
36.48724
30.617506
35.613728
27.836178
23.520947
30.691393
24.540785
22.886257
35.10721
26.742632
32.340763
36.472313
27.375917
29.040222
34.8616
29.532402
38.21219
27.4001
17.017273
38.813557
35.324886
22.682182
28.241608
26.144178
23.047832
34.86772
16.567007
15.112857
23.269981
38.859924
17.112083
17.504509
33.619385
17.644802
39.64699
23.745117
34.566803
22.25596
18.602427
31.819242
34.46827
17.106092
25.398167
17.649868
33.732002
17.679647
39.289135
36.768036
20.273533
21.325274
23.061869
18.250124
28.213953
26.943214
17.861433
23.36347
30.379671
19.732082
19.188704
35.136513
32.57813
34.84097
29.680058
39.157436
35.852406
34.767094
31.666424
36.305717
27.958677
29.645706
23.705822
36.833904
37.163986
37.198265
30.2933
20.242292
24.12783
32.03638
32.77448
34.727077
15.109563
22.263287
30.12362
39.632954
26.034637
22.871151
36.69446
26.304043
34.056206
36.301777
34.31181
33.00235
25.164654
30.719763
16.144072
18.150957
23.126122
28.041437
29.681822
29.05942
38.57209
22.569466
39.84464
36.501835
15.415651
29.202187
36.74825
21.043377
16.936035
27.618393
25.986296
26.848995
19.851583
31.582348
40.415833
36.8584
21.492252
20.570568
21.382826
19.674253
32.786358
26.290956
24.083847
27.286058
36.19219
33.346542
28.332237
31.839874
26.933735
27.29026
24.381973
33.064606
35.94069
34.623753
27.659563
37.67841
21.746477
37.91244
26.264185
32.1241
28.264034
33.120632
20.918488
38.320435
33.8376
29.514656
18.687248
18.766502
26.259806
35.038605
25.228355
30.299255
24.546787
33.936455
17.600367
15.079791
21.180214
38.575924
38.7231
18.971668
20.253473
15.923603
25.472551
33.375126
29.500374
20.927515
27.088675
20.79382
15.538231
30.18242
33.08427
40.93616
35.82316
35.684814
40.165585
30.991224
29.793974
30.228668
19.809944
36.869537
23.472132
25.049715
28.092983
17.662024
18.388535
28.695051
19.117851
19.34567
31.124203
23.776653
24.97101
35.852516
21.980225
15.2614
36.514
18.018799
24.333448
34.25691
22.517853
15.644066
34.087883
32.87161
29.656528
34.915485
27.297798
28.659164
32.698124
32.790386
35.517036
39.401363
36.86721
29.580511
30.72004
20.54044
38.799126
30.944351
26.74366
20.440737
26.766602
38.769306
30.114756
24.841383
34.931545
25.013306
25.857185
19.355742
36.259434
33.47594
35.412758
17.680052
22.431152
27.681995
32.16424
17.292831
26.596758
32.58575
29.214556
39.8582
20.13805
39.64217
40.05475
18.290504
37.74145
36.941673
39.54444
22.494175
22.030079
34.567886
38.231876
25.16199
31.763626
30.113314
31.456745
37.696434
24.186874
32.375637
39.907494
40.313133
18.492521
38.657867
30.345827
19.691807
15.561207
22.80831
40.064598
24.159521
23.151402
17.161886
38.311367
36.32249
15.534111
27.882048
36.388344
36.30691
34.20207
31.853037
39.430515
39.32593
39.730408
26.235134
22.967213
37.15902
24.125528
27.070827
32.288464
30.311563
38.07116
40.917866
28.365881
30.116772
38.365376
25.385426
34.619007
25.848528
37.53961
22.662569
16.17136
35.032993
16.160448
32.653606
37.40665
17.578419
26.637232
25.172745
18.613953
40.08672
27.493362
17.800909
22.301815
25.767107
35.00634
31.470474
22.364622
33.741062
30.881407
31.619015
32.70074
39.209724
36.19594
18.841093
16.110296
16.948803
31.236443
15.367497
35.341606
30.902842
36.047318
24.414228
18.008701
32.26971
15.520324
26.468918
17.768446
37.39795
39.67592
31.920248
37.62426
19.063654
38.42241
29.086378
19.51444
36.250244
38.526142
26.66118
37.44665
38.423615
30.785734
15.872594
35.356117
38.476833
35.475536
26.235191
17.593561
40.012592
28.008406
37.67952
21.490042
39.438404
28.465017
31.053638
15.799194
39.468533
40.14678
36.517628
33.983566
24.0584
35.63165
27.189823
29.290133
21.541288
39.94696
33.553856
15.351161
20.7938
17.420536
24.598438
27.650066
34.625725
31.531258
34.43735
25.607952
23.271545
25.652426
16.244822
24.275003
38.85499
38.96606
34.742
30.651974
21.004667
32.023544
36.183064
24.52046
38.418
16.437773
20.814873
31.326717
23.102196
39.014248
33.122032
39.14227
21.265306
26.263329
23.819572
23.01556
17.386917
16.683062
36.51835
20.132498
15.867247
23.461885
31.263649
36.11959
21.835009
21.322643
32.735447
24.5521
35.18858
22.114214
34.79903
20.270443
27.751646
26.454256
15.307706
34.461796
22.543596
21.236382
31.58463
17.62966
30.59665
17.137304
29.848742
37.552834
24.49578
36.394283
37.00011
37.12618
38.87418
21.07049
40.64296
17.579077
16.466103
17.785574
16.999954
35.98349
36.00063
16.461164
24.459352
30.192112
35.213985
40.015568
18.896805
31.388021
32.56469
27.139425
27.626705
26.280832
30.855007
37.293674
31.863228
33.65033
40.89371
19.893534
32.909153
27.4171
27.579426
28.276943
24.940908
18.71065
18.340384
31.503197
35.221264
16.50908
18.735558
39.287228
18.846342
34.34036
40.20385
23.447302
29.721651
31.263742
16.44209
33.128616
28.362131
20.890945
33.699238
34.762638
38.32417
18.560156
32.39339
27.23161
30.60287
25.942001
22.889744
40.03019
21.165796
28.3351
33.021873
19.35065
16.944773
16.699846
20.995302
17.965569
20.070236
32.082577
22.681477
21.541582
36.90802
34.49831
38.991898
40.59009
29.546307
35.568752
25.016327
15.645542
18.78095
38.253254
35.915585
17.459167
33.360184
17.863964
25.178637
40.00592
16.275143
38.222404
32.78529
35.924446
27.220573
15.293247
20.059929
25.644886
29.000408
35.922016
20.558455
34.90638
36.61583
25.407047
18.1996
20.626091
33.04883
20.551985
27.033566
26.153694
15.342146
36.57362
19.534945
17.830086
32.47686
18.780941
38.11366
29.46639
36.76183
27.294699
37.656647
37.869007
26.974535
19.242884
21.34483
38.858788
26.330748
19.845987
25.733845
33.367138
31.510921
15.596924
20.143862
31.139189
32.434002
19.344053
15.7728
19.333832
30.244787
28.501709
33.628967
34.882767
37.068882
39.841175
33.37327
34.855457
39.489605
25.356081
27.467773
24.274153
30.414192
35.54969
32.646584
15.832841
19.021954
27.157528
37.656555
32.796394
39.824978
29.79744
24.459581
28.990805
27.522345
22.329996
23.644825
30.242733
18.291723
38.815857
31.66835
23.886377
36.437572
15.872626
17.71931
23.027864
23.903116
17.962234
31.50596
34.142223
19.053623
28.680983
32.061405
38.275173
36.351387
38.47779
25.788149
23.631832
28.068237
24.392319
23.392128
22.656551
37.019318
25.38304
22.101074
35.843086
33.45214
33.606453
39.618683
31.461315
23.688004
31.612066
27.63519
37.146706
26.88806
23.833836
29.396656
23.87084
27.40437
27.987257
33.829296
21.19618
21.576544
32.02232
24.021948
16.915436
23.547564
15.136029
28.488836
38.185734
24.697678
17.014261
29.56645
31.090017
25.63325
21.95117
26.542501
27.192865
40.31773
39.78546
39.671574
21.105186
32.894897
29.696283
39.101192
38.33207
37.029835
33.81754
39.913685
17.750217
29.181086
23.357965
36.98342
33.946274
29.117704
20.455276
37.155487
37.344566
29.207933
40.346237
23.371212
24.562534
36.531525
18.600534
23.797428
23.754433
18.705687
15.14481
24.760546
27.838608
33.465
22.594261
27.34322
16.450956
31.49852
31.012732
23.870424
21.226913
27.822697
38.638176
38.19347
16.586592
15.056648
36.339
20.67462
39.582466
30.36667
20.607689
31.081554
17.56624
26.559782
39.751698
24.220167
29.441343
16.831514
20.60763
16.065739
23.089695
34.010994
36.58317
18.396664
40.19625
18.796824
18.122318
35.49167
38.141964
33.440075
17.79291
29.320423
38.895733
17.60619
16.11157
29.839237
24.908018
29.735407
28.949562
38.497585
19.893633
24.121746
36.904186
21.867908
30.088564
33.143475
19.373781
38.430195
21.07528
31.603373
21.240486
34.97459
20.593363
21.975004
34.043346
39.829346
28.887083
29.50157
30.315454
26.178074
37.088676
36.55685
33.362225
28.099451
20.895998
38.453106
39.174065
16.644123
33.3754
29.968681
36.39504
29.25768
37.10546
29.2685
20.310324
37.165295
24.074469
17.603485
15.668591
35.952644
21.754368
37.200344
34.821632
32.509502
25.596039
34.091026
18.14194
18.746391
15.825657
35.281624
28.97
31.051455
35.869083
36.623257
31.446638
20.323767
38.991013
21.023016
28.501665
34.600956
18.807888
30.22078
30.998661
24.7932
20.218327
23.258263
25.576735
25.842197
21.992096
20.979404
26.083601
28.742994
38.76843
28.42669
29.66034
29.29805
16.536762
33.835873
33.51671
19.217163
25.807655
40.0819
32.22692
38.233467
16.629078
21.891823
17.979296
38.274883
33.362827
23.915762
31.62918
16.412014
28.70826
20.835018
26.633127
26.297644
25.845203
17.086666
36.98326
34.119633
36.765194
24.496956
24.114298
26.70812
27.869967
37.141224
28.421741
32.369648
28.738398
26.085869
32.50821
15.264861
38.5978
30.31837
39.565975
15.703162
23.482862
26.134222
17.407183
27.596848
39.325123
27.524996
40.569363
24.498787
38.288315
22.699734
33.652264
17.14198
37.54953
32.772137
34.5831
24.205883
21.423504
31.859018
32.86082
26.153551
19.237057
33.360813
32.995987
37.41531
40.68303
37.032867
15.341442
36.938786
25.517736
33.606556
23.299835
19.18176
37.41332
32.182285
19.49775
20.993494
30.536098
20.391684
23.932047
22.511745
21.99427
18.414299
20.322647
34.196907
31.683125
35.334427
40.946945
37.43129
33.25316
28.036629
23.084597
30.730742
15.936246
40.8639
33.86739
37.547405
22.787354
22.60026
20.807476
36.8866
18.533916
27.990055
30.568245
20.517408
39.67242
37.969013
36.64557
32.425716
28.711367
40.05762
17.543295
17.340109
31.532143
19.95514
36.755253
37.65512
23.724058
27.273117
18.407122
25.883001
40.44706
22.56001
25.764994
26.88434
28.885433
25.294012
25.983541
38.559444
18.678059
17.35901
19.445105
23.426609
29.845503
39.66907
31.832148
28.56995
29.681604
25.069607
37.678955
35.808727
37.83684
38.41895
39.56453
25.621613
20.393147
38.841747
33.337105
21.353588
17.114552
19.546146
32.80173
28.53975
21.255281
21.309586
17.15595
17.799446
40.31677
22.763288
31.124483
28.685823
24.967226
29.943651
21.22248
18.119999
29.97225
39.228905
35.86784
34.59569
23.432173
37.742462
18.166634
28.209332
36.881626
39.57968
38.11169
20.75226
38.879078
36.802696
23.662891
25.595797
36.598866
35.04832
33.718792
15.906605
17.635454
30.806982
18.34262
37.84888
25.739536
40.955986
22.771828
32.861603
33.527718
22.968304
33.718754
19.843128
36.3424
26.368486
29.261097
16.132162
32.38568
34.470192
25.22435
21.543188
31.01091
18.2052
27.374348
16.396107
19.627712
38.94167
19.966633
26.47404
38.06119
40.58982
31.240376
27.14975
39.403156
17.00606
19.298012
17.540457
34.403053
18.731997
39.477905
17.482267
28.268568
29.4427
26.805714
27.359783
26.380568
17.12889
26.401325
25.382893
22.87433
32.000656
32.821533
40.77207
31.298857
18.375784
22.234869
26.495016
37.638187
19.403456
27.053308
39.69166
32.86355
15.374736
19.186758
27.731247
26.882303
26.583923
39.439632
18.964231
16.259546
26.230364
18.734898
35.663498
40.41037
15.688196
33.82944
16.39344
39.09564
37.621838
21.975698
24.102161
38.00135
21.887962
31.58793
24.601147
40.94149
18.940123
31.387552
31.77842
30.7964
27.539972
16.730495
22.885336
36.683655
25.979559
34.860546
33.543793
28.055544
28.731934
38.686127
35.739788
19.427067
29.472803
27.343996
15.000932
28.260672
36.753784
25.291924
27.199543
23.16865
20.258226
27.963299
36.97978
40.041405
23.533478
21.12024
18.676226
21.969597
39.36883
30.957754
30.7731
20.900394
34.57629
38.740017
18.447336
24.852846
21.831718
17.290833
33.545494
18.214645
23.446728
17.013908
33.463493
30.152351
25.467207
30.284521
19.829926
23.48936
34.332108
23.032724
24.63775
29.540693
18.476645
39.129257
25.52584
19.34096
39.726864
34.788757
37.28104
24.4616
18.107964
22.621046
19.312935
29.185755
20.776638
26.189573
16.847786
24.19394
27.188084
35.97732
22.89463
38.11088
26.321236
16.51382
22.655752
27.273737
27.811172
30.083076
25.985329
23.90406
31.175484
38.910606
24.744217
20.500795
37.971874
31.01889
28.455502
31.718702
18.687069
15.044025
35.534504
36.256462
35.432533
20.222351
28.548683
24.35099
17.11042
23.4844
34.456932
29.35914
27.613487
32.13448
16.58442
26.605438
33.835693
25.947756
34.208298
17.184038
32.79551
30.682684
40.06124
22.725517
20.011915
19.985167
19.803858
23.273811
30.423428
16.45185
22.573732
34.365902
30.603367
33.223457
18.087973
21.16658
22.800026
16.895079
39.457737
33.08293
23.418236
30.758883
15.867419
29.66793
18.959238
34.435677
17.577782
23.819784
21.148651
21.805313
23.33144
23.293444
18.007751
33.81193
17.17079
18.362991
40.9611
34.1985
39.9226
30.108318
23.72404
30.516258
24.160093
40.24683
34.67635
21.85799
24.322523
15.690655
24.70391
36.68027
33.853886
23.082119
37.077896
36.808224
28.716536
16.444954
36.841637
17.25732
17.442108
16.78607
24.388008
15.860428
40.00133
29.992403
25.435686
15.854098
19.20588
30.689655
31.45046
20.556824
39.09967
34.864502
24.708199
18.062847
40.853497
18.99912
16.658968
33.478718
16.046207
24.226604
25.027166
36.64574
25.897097
26.588194
36.17043
32.520058
23.008495
22.85791
36.620487
25.423004
29.484022
25.597527
21.442007
31.228014
15.907237
37.11452
17.070862
15.216315
15.5969715
19.817965
20.631142
39.812115
21.799837
24.102053
32.38066
39.6991
30.036972
38.33419
28.89752
37.92354
31.691322
24.784443
39.895786
23.505215
22.103268
36.40529
21.146109
30.806122
38.9367
40.255447
39.87762
19.447638
24.384151
40.058846
27.250267
32.920612
25.898806
16.899443
23.012098
18.19869
28.572844
19.375074
18.294044
37.643757
20.025694
26.668045
31.644958
16.283394
19.722435
21.937605
28.872688
38.143787
35.011677
33.199173
35.0323
20.73747
39.853992
38.427418
36.99046
15.033865
31.206003
19.00505
27.39541
39.281597
28.331886
40.836567
39.594784
20.905018
35.933323
33.455753
36.06901
33.363457
24.920351
16.27821
40.285828
30.340187
24.889921
39.784843
19.531927
25.919138
27.935442
33.869484
36.240547
36.51089
30.279852
17.843681
31.609287
16.205479
28.40634
24.663866
19.890285
23.958113
37.85497
31.83093
20.635275
36.554863
19.660149
27.10949
17.39096
25.658936
21.522982
30.723858
16.865522
16.40411
22.244205
19.010065
36.42493
36.980526
28.687544
39.63798
37.928207
35.44892
40.59997
23.464893
36.373573
33.622986
27.984476
28.841621
36.602894
20.275545
30.402597
38.764587
40.399666
35.15269
17.578156
27.651917
39.716206
25.321161
39.980164
24.719036
21.478613
32.227608
40.68216
16.938883
35.443382
35.51455
19.726725
28.394192
32.91759
18.11622
21.468206
24.464058
30.804773
28.448633
21.923185
18.734217
20.401674
33.611584
17.027481
21.780306
31.646349
26.436451
37.88006
20.04558
33.10599
36.94208
31.548359
33.919346
15.893288
31.302097
25.816212
22.81966
23.912983
40.780464
27.37466
21.593557
29.365677
27.258223
39.38761
40.870396
21.27385
28.952692
20.108433
38.138622
19.945436
35.721634
35.280178
40.26357
31.753193
29.94819
21.42137
25.923605
20.383476
30.418592
36.780773
18.014297
26.795963
28.833054
15.738895
27.454962
22.536194
21.631308
36.740406
21.029232
35.755768
29.667759
33.461002
32.901108
36.320347
26.937258
17.843712
32.270115
35.72358
15.030968
25.883894
18.264076
27.175371
16.292873
32.59877
21.615181
37.195923
23.750965
33.48649
32.924828
30.322212
29.813122
31.961327
23.395021
17.121624
28.446302
27.745861
19.788786
18.607725
23.098589
22.007456
31.07943
33.366123
28.977205
35.145676
19.758148
17.223705
15.461616
16.56878
26.091822
29.132486
30.409323
40.541676
40.757545
29.089626
30.903036
40.24425
22.227774
38.378136
22.591345
31.548283
22.039618
17.188124
30.191084
26.702587
39.65426
27.76636
32.948093
32.110394
18.997032
40.642307
38.89405
35.689426
32.96613
21.191679
18.59063
31.924402
38.207577
23.82395
32.71822
22.653252
38.27641
15.418144
20.344927
36.87254
24.938795
22.281641
32.00268
39.404156
30.81697
33.869587
19.800695
30.134571
17.838839
35.777924
31.722569
34.71949
31.026136
22.110924
38.98191
30.140947
24.03998
37.224518
23.852245
16.31051
15.599797
23.059568
40.7406
22.03141
32.401447
34.804684
37.440098
16.064001
28.482588
36.465992
26.47548
39.78319
17.118097
17.071756
24.246397
34.973022
35.27568
39.702526
32.27695
32.672806
24.421474
27.312977
22.295834
20.670795
33.037785
29.399448
17.100079
40.235546
25.599869
21.967598
22.196316
40.981792
23.955875
27.967424
33.06707
36.386692
32.06389
32.38842
33.575535
17.404108
39.862255
31.545359
34.50085
31.868547
38.68413
37.73574
23.486916
26.937172
21.074482
38.41273
40.79125
16.687344
18.127508
29.29283
29.136465
29.168848
35.534733
17.405466
22.695423
32.704067
39.418797
24.991966
25.782133
40.03601
30.725182
20.37441
32.17403
23.04328
18.453974
33.440113
21.157198
38.17263
33.33592
25.225477
36.364727
21.484
18.691883
25.233297
22.269278
40.259457
28.162024
38.5805
40.79458
29.4967
24.750822
27.848722
20.926502
34.289352
28.206303
31.597912
27.4329
27.09048
16.1366
24.903738
20.842438
38.16233
22.46429
16.99223
19.686123
24.134499
30.828611
23.070665
31.671284
37.52436
40.368057
35.7915
20.936243
39.31768
18.950516
32.436577
39.82496
31.264042
32.365406
36.871696
21.724417
30.41083
21.252087
24.597094
24.423586
29.581139
26.610987
28.80716
17.181238
39.995144
17.628754
17.27324
15.230977
38.0411
40.245926
32.07614
34.805313
21.321243
19.405447
24.740438
39.92666
15.529599
36.24253
16.160517
23.191631
37.462727
23.61128
35.858707
22.566017
34.521156
15.29058
38.57873
30.811365
25.428383
25.971642
31.99311
39.580093
20.575914
26.70185
29.391018
18.44458
39.39705
35.84425
37.613518
20.166653
40.478626
18.809364
23.215971
33.367508
21.739237
16.825748
20.862776
38.424007
34.933914
27.837957
35.297565
23.895857
28.98955
21.255394
39.882298
37.07923
30.23187
40.72273
32.661606
35.3858
26.433971
39.3424
23.184175
39.162292
23.79805
17.851921
15.900755
27.294125
35.476086
26.143501
34.85887
38.477657
19.041933
22.2108
25.627142
39.399208
20.4463
30.117294
35.90752
40.22495
15.417912
17.903118
24.131649
37.78426
26.018099
15.4819355
31.48795
27.62024
26.112854
25.526672
25.288908
25.6845
16.895441
17.102736
18.363443
26.86946
20.274326
28.379574
20.247118
22.799765
21.93533
25.136229
37.343346
33.345608
31.193527
17.973764
32.941673
17.174143
21.369616
17.157269
18.004522
36.321217
28.356995
27.832335
21.971754
26.2442
36.290123
15.995733
19.482788
22.107683
15.781144
37.04724
27.878845
20.157309
28.061127
32.00936
21.623344
23.953043
19.543715
21.573929
35.366337
38.961727
27.823275
15.019341
39.279266
33.549706
23.92617
21.739492
40.499207
35.769917
38.75299
25.635149
39.04716
37.503757
26.08114
22.940868
39.422867
24.496683
40.241444
36.19526
28.228968
32.617348
21.638916
25.009676
25.640245
25.273748
39.657127
26.05024
16.309082
36.335793
26.167131
32.220234
37.386154
35.14222
19.856129
28.41484
23.735746
37.21086
35.897636
40.417328
17.138014
24.124634
27.104128
26.515594
33.295853
18.731897
19.63465
26.240303
31.801985
15.278024
26.574213
19.260511
19.872187
40.3763
40.258236
27.920023
30.61358
27.829678
17.084566
37.157455
18.872173
28.230896
38.737213
23.625261
40.29183
32.99707
19.240065
25.707708
18.1172
26.035826
16.065487
21.835112
39.48602
26.593567
25.64189
40.001343
36.481583
26.002483
29.035929
30.713947
35.054134
17.021467
34.329193
30.740923
31.070208
39.25703
20.265844
21.965511
37.211983
19.75393
33.11686
16.420116
35.223938
32.26113
29.388075
37.142696
27.092157
25.90735
16.993484
38.883785
26.141865
38.061367
38.82182
18.889566
16.751814
23.00577
23.243563
33.996098
15.409404
29.719006
40.037247
22.09221
22.168385
22.538837
19.457996
15.643229
30.221369
33.7716
28.727903
36.41496
36.262253
29.414948
32.096977
15.797245
23.58904
32.077995
33.805073
36.19853
17.485489
24.911047
25.769295
35.867683
18.320312
38.898365
31.628057
22.196695
20.015669
15.2207365
37.89212
37.067417
16.061954
18.560757
19.384495
34.12801
26.093868
22.202183
39.89538
30.019375
15.193105
17.56576
34.034775
15.519148
35.545883
29.427433
16.634718
18.330662
19.858984
33.480858
39.73459
16.816439
38.02574
33.134678
34.17716
25.360651
32.933964
33.475994
29.149696
33.242165
20.02055
16.185032
20.623493
23.909607
32.202984
21.851961
40.576973
28.372145
35.155792
33.6254
31.13149
37.054398
39.550453
36.413124
33.28578
24.911228
34.840076
32.958973
32.803963
34.85788
35.445637
38.036087
37.993767
20.6432
20.788414
26.724937
19.605778
38.178486
23.513609
28.285833
17.891073
40.0317
21.463139
19.488937
25.973837
15.306612
36.480858
34.43092
26.127127
40.448696
24.971458
33.8459
30.284142
21.654322
37.284588
23.709284
30.173977
22.507101
33.45874
40.536705
31.839952
25.224995
39.634747
23.196203
27.980309
24.474054
20.536606
20.280346
19.545143
37.089417
24.81792
26.126022
21.330143
25.241476
21.784843
27.42309
24.92679
28.594904
18.032085
26.019157
16.320337
20.83042
22.866266
28.006222
16.671072
33.53405
18.041307
32.465958
19.3709
25.90581
18.293537
19.353928
24.33654
33.99958
26.43945
32.91901
29.682213
18.278112
22.387035
34.782887
27.408808
15.151983
39.31197
27.345396
35.55323
32.868507
28.462814
33.535122
36.36074
34.626377
26.58482
35.09054
28.474678
20.114132
22.789745
20.535692
18.882217
28.805243
34.84958
31.805138
29.411352
26.289936
36.354866
19.076763
32.943474
20.683569
35.9538
40.78674
24.187563
37.72374
15.976045
20.029636
24.856152
22.55295
34.145737
37.58763
23.389805
33.381035
30.800966
37.686302
30.996105
25.231228
15.062385
35.240456
26.700678
16.796095
36.731564
18.832058
20.35197
30.06423
28.35003
21.953215
16.07816
38.82598
39.8129
34.150787
25.563639
34.42615
26.206276
27.625195
30.694277
21.203953
24.125626
17.56442
20.61465
17.945177
22.632637
30.03538
19.047237
29.36892
30.220982
15.608176
23.842573
35.180862
26.686789
16.054907
28.161085
37.547424
22.637537
17.443132
27.43145
32.97988
15.523491
25.735136
22.286936
29.564764
23.538597
28.607681
37.050354
31.236664
37.51329
39.622883
34.01988
37.361805
34.00943
18.109446
17.802134
38.28552
22.228027
18.154413
31.245577
37.69404
25.05334
24.959211
17.146389
40.65077
24.582233
18.47969
33.830643
23.98946
26.82566
40.748425
39.960766
23.381506
24.919477
34.568535
32.47085
30.841812
39.144707
19.371853
37.40461
35.697475
25.332718
18.95017
22.611269
25.115776
38.81879
33.496944
39.749054
37.172714
19.007727
30.937763
30.852308
26.140665
27.828325
31.88143
27.837608
20.183424
39.878643
20.689518
17.755844
17.969172
20.902105
36.140793
28.341282
26.846745
38.384735
38.95788
15.465401
29.177746
33.526794
36.0671
40.472343
23.17689
37.617405
30.878403
33.054478
34.18517
33.928726
19.100805
32.32076
15.685274
16.646528
16.649862
23.017117
38.56587
37.06704
30.057055
17.477375
22.15117
40.315166
38.45716
26.814707
15.334539
31.177248
33.70808
21.107887
34.789455
17.29174
39.4886
25.893156
15.678677
31.90426
35.323235
37.14171
16.542017
34.668686
29.39906
19.084448
30.115496
19.56397
36.76823
32.739746
29.71938
39.89672
39.070683
21.806664
40.549892
15.572428
36.26515
36.70517
30.71912
39.3437
24.022598
26.97653
34.209953
40.58168
26.41475
17.001259
15.047609
39.267216
38.321247
26.04855
16.93659
15.361346
29.582726
39.04034
33.37168
27.489897
19.342897
39.09478
17.803865
35.96498
34.251366
32.907932
21.826765
40.566593
38.239883
31.33934
31.546564
31.220284
40.43825
38.18609
20.308033
29.732403
31.462143
16.061666
33.771595
27.082224
38.783535
33.540123
32.971176
25.420652
37.18562
26.282625
28.429745
38.888153
40.407352
24.732618
39.66931
40.639893
16.99908
34.14752
15.524382
23.053953
21.13894
31.228922
23.552607
17.998966
39.70094
33.42004
33.533672
40.25027
40.219036
34.058113
16.557215
27.669205
24.557592
39.001286
21.522837
34.597954
20.077078
32.093533
15.01002
20.072823
15.874903
23.88782
32.423054
17.921663
32.284824
22.416927
40.075813
29.586565
17.234325
28.482899
35.45353
24.600836
17.287909
38.930275
26.273426
16.049692
32.24529
33.674923
34.163353
15.056942
30.01692
25.879353
33.787407
19.365335
29.165373
27.59714
37.069626
16.416199
29.97956
31.453114
38.801785
34.98429
21.239828
26.482706
22.368483
15.386745
34.935444
17.12293
18.58248
38.560356
19.112043
24.529127
18.69557
34.88935
33.755096
40.885765
40.534966
22.566183
34.15648
36.186176
40.4125
26.480742
22.564735
19.075336
18.963676
18.158827
32.085667
36.781326
38.395874
23.10858
40.778355
19.905352
31.759785
30.083944
28.68279
29.896782
33.805435
15.237181
38.11873
20.408833
15.7438755
26.90777
32.01148
34.412144
36.80792
33.883007
34.228836
40.937645
31.890089
31.365915
35.9543
24.626793
34.73313
20.599033
24.975355
17.886267
36.158302
24.11804
16.431564
19.376062
28.638859
32.947
32.045666
29.803844
22.160906
30.697485
18.152006
28.555222
25.761154
40.49667
22.940058
16.55865
30.390722
39.9449
36.246853
39.965374
31.826553
28.89112
32.96061
35.71893
19.236668
32.714954
27.638918
27.895323
15.702794
18.017117
21.29833
26.814283
15.513677
16.145172
29.498201
23.35344
33.3646
22.819677
39.82016
36.641575
32.733482
17.275965
30.63564
32.363644
28.651094
17.799858
25.657328
19.279463
31.842798
22.310932
28.186502
37.23952
30.791391
24.734814
17.196682
20.97563
23.655474
36.30647
32.435036
36.25065
19.174957
33.65923
39.576546
32.570732
28.705181
28.579777
23.131897
31.595196
32.34326
19.647158
30.288618
20.623163
32.74519
29.624294
23.155956
38.092884
38.679325
38.43334
25.987562
30.898699
30.621817
27.821661
19.872015
35.512302
28.771688
26.413052
32.109756
30.389051
23.748068
22.739239
17.036018
27.94674
15.929395
29.059578
17.40284
18.52343
24.90409
26.302277
38.5993
16.152481
27.82454
28.298326
39.96757
34.737152
26.590952
17.629757
16.263456
33.263744
22.738924
27.87668
23.913584
34.061382
25.664333
19.823017
19.13738
36.79824
34.39142
22.268648
38.230602
24.898035
21.474693
31.496181
16.348036
28.367435
23.822577
27.153347
37.976665
37.643932
15.240456
20.337482
33.956524
25.00562
15.313043
18.006424
36.384933
19.328262
18.880802
36.49053
40.031017
32.531784
33.812355
19.843435
18.990631
15.927417
36.034622
16.04457
16.228123
21.858402
17.854685
25.654276
35.3797
22.521242
36.49216
21.422855
30.734207
19.661194
18.438066
25.56771
26.660723
31.954794
29.765997
33.958107
29.918287
15.323879
38.843697
19.285065
19.261665
39.16965
38.027805
32.444187
34.548035
16.572056
20.871874
20.822157
22.153017
24.868828
35.13757
31.953053
28.920446
20.710194
21.471087
19.098494
37.09888
26.679401
28.99175
23.705994
33.75874
38.875866
32.2369
20.412853
26.037588
22.476845
28.916996
23.288277
28.22706
31.225235
18.757135
19.344255
24.193382
33.03519
36.335922
24.996239
16.914562
33.463898
35.279903
37.117416
22.020756
25.667053
21.431568
30.605871
24.14037
33.637104
16.681122
34.971756
25.58297
39.01759
37.037086
15.351996
38.431065
22.59346
26.207993
36.57299
35.466373
19.67644
29.477182
38.407055
40.522205
24.036137
27.97507
20.006397
28.832026
37.771725
30.587915
35.648617
20.735449
20.575684
27.689438
30.390818
35.70621
21.210194
17.641413
35.004623
28.082872
36.698483
27.581581
34.652424
17.111425
26.727493
34.402042
33.165466
39.94999
22.064907
28.018515
34.497368
39.13936
18.412737
29.040628
26.951958
19.709103
17.051268
28.775711
24.122322
21.567482
28.871347
15.133241
23.12822
16.11449
22.949593
15.444426
35.702015
36.12074
24.690279
24.471176
38.948612
34.831036
19.739296
26.950932
28.192793
29.979977
26.369665
28.908623
34.22772
16.947828
34.844826
16.664286
31.491297
40.638634
25.38496
40.974632
34.222454
31.828314
16.793324
32.069134
28.487288
24.709234
27.543648
37.47593
33.115402
18.148556
28.18637
22.480162
26.049723
15.781316
38.30054
32.817112
28.388367
25.475182
30.899899
20.77471
18.485098
32.93227
20.195803
37.26486
22.875286
17.234547
24.926287
21.620174
21.507154
25.992725
15.079665
31.882627
19.783506
18.424704
34.772762
29.172684
23.25701
20.168001
32.28799
20.362478
16.47251
19.921738
15.830108
25.723677
17.412739
31.117197
38.432674
16.480537
35.27915
19.732008
19.625801
35.270912
29.92753
30.091507
26.971008
40.40269
28.17845
16.041899
27.375584
20.490477
31.43541
37.23327
22.218
21.567043
18.569061
33.416595
37.74758
34.086353
23.863663
37.637375
34.96578
32.36975
17.972387
35.99949
39.25299
37.994133
24.290955
19.276543
19.374102
35.380733
15.934475
30.063738
24.17743
32.415386
39.590256
22.39208
17.296053
23.315872
35.919746
40.76757
25.466991
25.159313
27.895632
18.451616
32.702976
33.492226
22.485584
18.4649
34.48308
28.268192
31.431911
15.27546
17.372719
18.99286
33.52689
22.42277
28.040075
15.403209
21.74637
37.433067
17.505238
33.267826
21.879635
22.297256
27.639896
39.967216
18.88144
27.51122
17.429644
21.397848
31.072485
16.219324
16.31754
18.44102
38.527508
32.3555
37.066734
25.747307
24.515564
26.842257
39.011627
15.909678
25.69491
30.886526
32.31109
34.23306
29.915411
37.202175
38.87405
31.255491
17.944117
40.592667
37.99676
31.935684
39.2052
38.74325
28.43276
27.994131
33.713238
28.300638
37.61069
17.279657
20.779264
32.35913
31.021767
27.230534
19.781864
15.325651
38.41781
36.50911
17.321032
37.802185
40.392414
33.71112
16.410334
19.602633
31.161997
36.68564
23.013386
17.312088
18.920006
40.44887
29.193464
29.900085
40.00688
19.934797
16.42054
15.8153515
39.3198
25.897865
39.167835
31.718157
32.88057
26.167807
37.830486
20.547318
31.2865
20.153791
17.211672
32.97247
40.888386
24.005026
24.34708
37.448215
30.971243
37.15704
23.276382
18.065277
35.957653
30.127798
32.52081
30.184814
17.710194
40.374924
35.488842
25.445528
32.378586
29.785187
28.807344
24.149275
40.918774
37.93958
18.663456
30.259361
26.405392
31.682175
20.642874
34.286705
20.565613
19.718113
20.263067
22.192636
18.581587
24.975918
33.42537
28.10303
15.140271
27.291576
36.347797
25.107038
31.95363
28.60657
17.190762
37.704723
15.528797
30.319313
20.550852
19.571316
19.836931
39.689278
33.273132
21.22196
19.711182
17.265232
25.620369
21.889229
31.298264
32.193905
37.737988
16.466747
31.69479
38.962593
31.566372
33.725773
21.018713
33.639004
40.87766
18.17761
24.597788
27.993862
34.95189
24.933212
22.701141
28.026674
24.557909
30.70239
18.296694
29.362167
18.367285
40.678524
33.68629
37.744804
19.70477
26.47071
38.552044
28.430977
23.626919
36.473785
30.941559
15.6632805
24.72073
15.107676
17.026293
24.6085
38.727104
39.21107
25.086529
17.150747
24.119307
18.540373
36.10798
17.753418
39.10453
16.803455
39.61929
36.238438
35.16703
39.94874
28.956228
22.77848
36.23414
15.5336275
39.00763
40.657684
38.821987
16.91234
27.679655
26.428555
19.105526
38.711727
17.80918
18.977633
21.757883
15.604636
31.063736
40.709652
18.616991
30.743937
27.484514
15.56975
24.762787
19.386307
25.76069
23.945547
37.426205
25.213419
28.067335
31.625662
21.301529
23.649174
25.355963
18.938501
36.296627
28.075127
30.355766
40.95492
28.530891
37.262302
24.22535
32.21068
18.478718
19.566074
38.788826
37.78922
27.556604
39.471832
29.59683
16.802818
26.16499
22.932636
39.672142
40.31964
30.221218
25.606123
29.731192
15.606725
25.55798
38.576405
25.91698
32.193535
38.211945
21.43773
22.635462
34.70812
27.5902
38.720203
29.956638
38.6975
36.77749
30.553844
28.223276
28.716429
17.83513
16.195814
39.004253
20.853119
15.842947
15.586667
39.336174
22.55811
29.648302
35.454926
37.31613
31.151976
17.811869
20.655384
29.539948
36.709988
25.077564
32.404984
36.624615
15.1565075
35.84448
28.871212
38.110043
35.349255
34.581566
26.17136
40.404568
