27.693258
34.901184
39.257137
21.120157
19.396645
25.095533
34.387524
24.137547
26.865126
36.34038
21.933876
22.048004
28.929361
38.483387
30.114706
20.23772
27.609108
31.359674
40.923656
25.812378
33.94032
30.915297
24.992662
38.80358
25.02618
15.069503
34.42333
36.65555
36.92026
20.209696
31.72305
29.859526
40.209797
23.488321
22.89842
16.785053
15.239312
36.67884
29.487032
21.251387
23.799633
36.24831
39.849678
31.188957
39.804535
29.51698
36.398647
26.85994
34.9871
30.30075
22.603642
40.538628
28.970057
17.270168
35.595497
28.296455
28.199215
34.41007
36.978836
38.59311
33.176308
23.426838
28.06832
27.744406
16.187359
40.725674
20.179148
15.019134
28.294954
20.668133
23.831047
20.111311
32.747528
26.220575
26.765911
37.04085
22.1561
35.81711
23.532845
25.154856
26.798601
31.285915
19.060324
21.833334
37.23426
28.025846
23.113754
40.747307
34.0452
15.270443
17.82769
26.073917
32.969757
17.23955
28.605467
18.94228
16.951725
21.25398
31.595116
39.565437
19.702024
36.476658
22.6788
25.007975
18.254087
18.843979
21.45417
18.345436
24.691423
33.9641
39.039444
18.09086
31.735743
22.284203
34.7001
15.195379
19.206118
39.666676
39.273544
24.673948
40.49456
21.664598
23.159163
37.963978
26.150583
33.24969
21.244661
26.49367
29.4271
25.521446
38.555614
26.618643
36.212296
23.013868
40.64369
35.07943
19.15685
25.616806
21.76995
34.43917
17.003172
19.841614
15.793299
25.579922
19.13303
39.18637
21.33994
29.267673
20.172335
38.69371
24.30846
33.04023
38.126442
26.444748
19.05601
37.228886
33.96674
32.695465
38.71459
18.793806
36.849007
33.637264
29.002565
31.83483
15.216246
35.351414
30.62491
31.133379
25.923534
34.427326
24.896791
17.887976
21.219688
38.92764
27.578598
20.924856
24.93023
40.90843
37.0765
38.09691
30.508518
27.54071
25.14122
31.32828
20.75659
22.029856
38.988586
18.818586
35.964558
17.992405
27.369102
31.289904
17.977182
31.725136
29.52966
27.841244
38.26846
19.889181
27.239115
20.969446
20.489902
19.532318
22.090414
15.622016
16.155392
15.085519
31.14551
29.766588
24.135262
24.995144
21.655293
15.893333
34.45457
36.990177
30.065308
24.110783
28.525263
33.634148
25.80901
20.052149
33.389145
20.774418
34.49385
34.67842
30.808455
26.776777
40.001503
20.24607
19.11301
38.021282
36.752033
39.201443
22.59767
36.035587
25.922857
20.57045
29.961166
27.854967
30.766827
27.531424
17.787088
19.723564
20.339802
30.290506
39.390087
15.089353
17.926615
32.123238
15.485107
34.99563
18.245285
33.502518
15.084754
18.434778
38.112926
17.602324
16.789642
16.005442
26.67275
40.14819
22.208855
28.302097
37.510124
23.579626
38.63239
34.866478
26.026628
17.796206
31.274748
24.243082
15.294601
25.37831
22.418612
30.706524
24.28064
30.105072
33.609734
34.56625
39.805077
23.836239
35.68905
26.604607
31.89545
30.381294
33.895203
39.16716
17.295506
23.848356
27.530447
40.69943
25.807255
39.146954
15.755219
17.11227
38.87221
35.81298
16.96133
22.258379
29.338835
37.13074
34.871117
31.01536
31.716791
32.646103
40.019554
19.996172
25.384682
29.596523
28.598644
38.74565
21.19632
35.527718
19.77819
16.432198
24.72172
16.423485
29.564238
39.50664
28.962482
40.044304
16.01634
38.57561
19.7972
24.851936
21.216997
23.824734
16.641134
20.89147
17.771399
17.727259
28.845327
30.308813
31.812897
35.486713
31.213892
25.800835
34.499355
21.687477
25.684208
39.226967
29.807816
35.965137
38.693295
37.85523
26.069695
33.15884
25.04462
16.272285
22.135946
22.37072
31.193117
19.85626
24.321453
40.63294
27.782244
20.892715
35.350132
24.470722
36.99537
40.9083
25.406996
18.550169
30.824848
40.60324
30.100729
28.812487
33.715588
27.882975
18.65006
30.021748
27.206041
28.920887
39.929493
40.491108
31.167929
16.92821
30.14468
15.90283
32.037136
38.36383
25.85513
31.600338
25.031677
18.68589
39.821472
36.50595
20.768663
33.428627
36.727016
25.905788
22.920694
21.382196
27.207926
22.743763
36.593155
40.959667
23.823673
29.779472
38.957386
38.4547
17.609219
23.99015
28.340693
27.824919
16.672554
19.934774
37.452747
35.88024
32.93611
22.448807
26.718842
20.311974
21.567703
23.000895
20.79407
22.867697
39.906517
28.31832
25.248487
24.158539
24.76187
16.47582
21.141806
24.079666
20.847282
32.54281
30.747179
38.631344
20.809603
37.096924
22.037252
22.047157
38.822754
24.437218
26.711498
22.567598
19.037916
31.1682
24.522537
16.941315
19.316685
27.976294
15.450054
40.793037
39.62109
27.88325
36.874485
19.366287
17.194052
39.036327
25.318645
19.83061
39.236145
27.183052
33.553974
32.33726
28.169344
38.378708
27.909157
30.313866
24.775581
40.18757
39.47227
33.10773
22.507881
27.664373
28.543762
18.019148
22.093914
24.740295
34.175964
24.010107
27.186728
16.2882
27.925964
17.930595
15.264602
37.10476
27.05205
19.973642
37.241756
23.322407
27.300098
20.252056
30.323912
17.352085
37.15469
28.883839
37.527454
35.358006
21.970772
15.779963
23.97827
36.478638
29.75526
35.44731
32.61598
23.533438
38.53389
26.551224
24.251692
19.792852
24.21724
31.726233
15.062079
25.539347
17.670784
38.180218
40.549835
21.610273
22.297447
40.00637
16.760433
18.88865
26.85699
16.798922
21.117237
26.795898
36.475277
28.162838
30.621923
20.240923
19.837292
18.014254
38.3643
29.192862
36.411434
40.18755
38.29548
20.070156
30.218548
37.796696
31.0406
25.476547
28.137732
39.04252
22.16199
18.464968
29.03188
15.714264
24.731066
37.473164
19.079569
31.50299
28.32688
18.350328
34.61578
17.42584
16.651596
22.481869
18.51257
37.15454
15.8379135
20.919847
29.671719
31.848013
17.22068
31.639502
21.555023
16.208138
39.85478
22.567698
26.843779
20.909407
19.383577
20.86696
35.29763
33.297264
22.997005
19.10924
32.673916
34.30662
37.165627
25.43633
30.172157
30.921179
39.596794
29.579397
30.28439
26.175802
23.431248
37.69779
18.160524
22.698338
16.083328
28.397865
29.638922
31.09394
29.325178
26.005358
23.945938
15.094061
19.225105
19.190187
32.73416
37.323933
38.37255
19.380594
33.60758
38.786514
22.456861
22.05379
27.573002
19.717485
32.714317
32.953228
37.96044
27.33505
23.01766
38.558025
27.271338
29.189917
23.454628
31.71787
34.141876
15.314987
37.126705
39.267277
21.149778
34.18092
17.596712
32.645786
37.546394
16.582874
26.923416
25.076212
23.161938
22.015358
30.543818
35.690884
32.71031
15.836315
27.39837
38.146217
19.510822
16.578123
25.641771
26.728874
32.247784
19.132412
20.041641
30.732098
39.804882
39.217182
32.739742
15.968772
29.439768
37.528893
16.435108
26.688105
36.605316
20.288795
28.245743
29.875715
26.577547
40.51196
15.515298
28.942339
18.716171
39.259037
23.65344
33.14421
15.662297
26.374989
24.73332
16.728598
32.068783
29.775642
36.016872
23.760857
28.562305
25.212042
29.838465
18.86474
30.552162
16.62425
36.349564
30.695614
16.229404
38.690357
38.512016
21.866615
23.64086
33.98312
30.424662
36.260662
25.076157
31.2658
17.577845
24.186632
36.171867
24.89036
16.95264
33.67593
27.11538
16.005392
18.016352
34.366016
20.122154
28.337744
16.613127
20.880371
40.96355
24.68094
34.508316
25.389833
20.738344
30.905191
33.917404
24.127985
17.309683
18.297861
36.73521
20.03383
21.870155
36.349945
28.378185
17.407742
34.951206
34.723236
18.162556
20.492163
19.859129
29.064518
29.96318
26.22638
33.998417
18.57719
18.532862
22.075064
23.834206
33.817505
20.309057
34.793217
35.349106
33.051605
30.79473
19.265524
24.765749
38.69126
39.67233
24.14597
34.034836
25.820316
21.694672
22.924047
34.12953
22.630558
24.093748
33.256695
34.540546
17.704739
15.758225
35.930534
39.532284
23.51627
27.752762
37.656887
26.69893
29.25911
16.886887
19.052366
17.15035
33.17813
35.988598
18.620823
19.261251
28.939297
16.297478
15.3277445
17.333004
32.26066
36.964523
30.44615
20.746075
37.019337
30.030468
35.75335
34.222023
16.356272
38.45188
27.87089
19.667545
31.91967
37.75383
17.56539
26.739044
27.319704
34.710415
28.165802
22.74473
40.111214
39.088997
16.9031
22.792284
28.177727
38.94148
18.941256
34.1936
17.259296
34.18547
24.14373
37.05418
38.548306
17.290703
17.207638
21.703224
18.771503
27.770643
18.698126
33.161522
17.983181
34.876614
15.728353
25.197725
20.41355
32.401424
28.555931
37.689625
31.14801
20.82188
27.204493
24.985569
30.157173
27.144188
18.369495
25.752129
39.254066
21.763632
27.330248
24.39774
20.92418
16.409628
34.36553
36.57793
20.655602
25.819494
20.258078
28.516369
26.390633
28.169111
26.873585
21.91691
38.026924
31.485867
40.512768
23.095394
20.515324
27.27903
25.760435
28.625906
32.03324
28.44502
15.893383
38.274773
39.956516
38.13976
24.559366
23.286566
37.909348
31.757559
20.402195
24.189865
27.041079
23.415789
27.58352
25.206636
19.860193
31.416828
22.739662
26.077496
21.450037
34.043545
18.812273
24.656212
32.697456
37.74183
36.404507
34.9803
35.28463
34.253517
33.839764
27.69055
22.626081
19.585184
23.93795
40.650894
18.676905
33.833225
28.674618
29.410988
15.594966
32.832733
32.351192
39.75743
17.60895
22.357588
25.679935
36.01554
18.12574
37.17133
29.275162
18.992123
34.104794
38.61326
35.442585
28.490719
28.033802
23.601362
33.87163
17.184261
15.459057
38.94351
39.860886
27.296164
38.955605
15.670617
25.044748
39.019337
15.666397
40.74019
16.239765
33.89363
33.096283
33.906002
25.992031
15.465786
32.715836
35.809357
40.68236
21.471893
15.111678
15.419708
16.633919
38.510956
19.914013
32.83712
21.56728
23.719143
16.538847
25.16638
33.960922
38.30781
29.90142
22.68227
24.400398
38.99443
32.689053
35.827843
20.837421
27.334007
40.52572
30.722242
23.830444
19.749714
16.41738
15.801951
30.301228
40.66481
32.236137
36.97901
31.117273
15.554091
33.682987
31.27215
20.897886
25.961515
35.163094
19.251421
17.842005
24.571753
16.31407
22.834251
19.088882
21.276846
26.547018
16.980587
25.148026
24.845245
35.891582
15.657054
27.272728
29.278957
33.680515
16.074852
22.301937
39.235588
27.165838
20.65332
24.45803
16.995564
24.02787
33.420933
20.86353
16.37082
27.919962
34.637707
23.127623
34.679787
28.686
32.307774
21.253803
18.454514
32.694336
33.94818
22.332766
37.899246
15.850903
34.489666
25.010143
17.285864
20.286058
18.50751
15.556539
17.450014
25.453634
21.115248
40.517677
36.342873
19.437492
39.80138
36.38545
34.196922
16.629936
27.24888
16.505905
31.280188
31.627958
22.749685
23.528322
22.441853
30.187529
35.211002
34.09963
25.693226
26.382645
29.9476
21.221579
37.92154
26.735144
32.464027
28.7133
37.500042
23.01279
37.25292
15.559868
21.036428
15.637378
34.270325
35.577774
39.792587
19.201204
38.19632
39.79124
24.412214
30.459389
33.848854
35.1886
24.508879
27.347187
27.191046
18.115824
40.395546
33.065556
31.257034
15.464871
35.777676
18.084908
16.018562
20.027103
26.585524
17.036097
38.72439
15.907727
20.28717
18.889315
36.56683
17.734884
32.002518
15.565776
18.664515
29.547516
24.529306
24.183622
37.29766
39.70897
20.99587
37.5087
29.092007
34.968746
27.27128
29.862457
29.419777
33.88263
38.49207
39.733326
25.670794
21.201857
28.105762
17.644707
39.244137
34.554916
40.684917
24.451664
24.120554
30.770851
31.43142
33.17016
27.69803
37.530926
21.769295
18.686848
33.2077
18.685902
39.715298
40.253952
22.47461
34.538982
33.82006
37.543026
33.047527
33.66995
20.388632
20.21295
38.794308
40.463913
15.417664
35.4417
19.944082
38.40838
25.227646
37.678062
21.254786
31.435402
27.122
37.988564
15.494319
18.110815
23.57088
26.806602
19.745928
30.310513
16.396122
29.634869
22.183084
19.174147
31.22465
20.30872
38.906487
36.58944
35.081333
36.797462
18.19553
26.235775
31.408163
16.201984
21.098877
24.303547
19.025223
20.601439
38.67348
34.4062
22.58989
35.708195
39.37877
29.914757
39.964245
31.909592
33.14234
29.969992
40.566708
22.206448
29.435947
20.765371
22.262344
21.802639
27.335094
15.344199
34.63743
17.656538
33.98309
21.117342
29.607248
33.17432
32.13995
38.58328
30.222233
19.406786
15.568939
17.32011
23.265951
23.605444
32.898235
38.219585
28.779593
18.800303
16.292528
28.146025
28.000973
32.180897
34.779053
22.728498
38.372253
27.493776
19.394918
30.832436
36.248936
31.413742
16.457264
18.407255
36.73381
33.90287
18.205097
37.869526
27.663038
33.9404
40.821423
31.956518
39.187473
20.688246
24.416546
28.072908
19.620996
16.15105
23.938147
20.553797
34.26854
24.696308
40.171078
39.980095
18.799978
33.41924
21.999525
24.707718
24.402212
19.26873
24.926464
40.109882
36.420124
24.094816
30.480133
27.68228
25.488224
29.3348
24.584457
17.123693
24.258228
27.924234
38.23019
21.780075
15.743926
38.200684
38.855743
31.427982
37.033096
17.06227
19.731459
40.273624
38.65734
31.449642
15.338396
34.256737
23.26418
26.339247
23.242382
24.273806
21.401762
35.86726
27.286398
30.773129
31.205061
27.947823
25.059128
24.324516
20.563488
17.805794
22.544779
24.22942
36.95329
16.213373
32.618984
21.012564
27.534191
31.901632
19.627956
16.72413
38.338203
20.612068
15.672754
33.381897
32.41956
29.559998
21.417816
36.59559
24.68826
31.7007
31.252684
20.44121
37.815704
17.120907
15.458106
38.990856
37.07943
39.122303
30.662462
23.554005
32.304955
38.120464
20.321716
26.649174
20.166271
23.351639
39.215904
16.000143
18.022558
32.561577
40.027386
16.438927
31.197153
35.344635
27.950848
24.497993
37.145874
22.608103
28.982414
29.687199
26.315296
36.755787
25.044807
27.976189
18.657602
40.61655
28.427948
30.841024
36.747112
37.88765
33.159016
29.384098
27.234653
27.919342
17.863367
31.499334
19.979448
37.036396
27.437338
26.83005
20.614151
17.273739
19.42639
37.35472
29.527279
25.397633
29.386667
32.83637
22.288197
34.39048
37.705406
16.084032
27.393417
16.196367
24.365356
37.000324
36.878925
18.456194
21.960636
18.726892
21.821808
37.205368
16.906242
21.849977
30.045425
16.063635
18.23066
21.591204
23.445955
32.315823
30.60082
18.184088
15.274067
25.463837
35.300888
24.224678
21.434063
40.32448
21.77115
36.685062
36.40383
18.554218
39.010532
35.491478
31.732431
37.601242
20.656033
31.094034
23.23819
24.516716
27.874638
28.293024
16.008694
33.80135
40.33804
28.737165
24.09507
35.52
19.497746
27.972017
22.396439
28.286158
28.137945
24.692173
25.64652
21.399853
17.75574
37.93877
21.642782
39.416603
36.703136
22.384209
32.89961
34.73173
37.22245
32.55888
36.760475
35.383415
18.516537
37.900097
22.670092
30.209637
33.817554
19.84131
26.786053
17.738134
32.052654
21.810043
40.400475
16.745306
39.152386
26.965971
31.74568
21.28899
16.307245
22.785822
40.673985
23.201792
22.55014
24.18981
26.43014
34.52572
38.92725
39.804565
40.27602
15.175526
25.217121
17.170536
29.08064
33.23737
31.667461
30.22716
15.154656
36.74089
25.541521
24.246986
29.58692
40.487167
35.400566
27.54037
19.131773
25.571392
40.99634
25.715229
36.29925
28.608503
33.40709
17.051687
20.71632
30.351458
16.623009
30.639456
27.055906
31.386076
18.171804
30.326017
26.87136
31.892977
18.572212
23.236729
38.527637
35.08631
33.413174
15.653254
29.08638
31.870594
35.678593
25.37464
36.480717
29.501081
17.572388
36.335796
15.60647
39.589848
24.54578
24.220942
22.060148
34.66876
35.48857
29.085062
40.169937
35.70221
34.118385
40.584232
29.694569
29.436745
35.486675
25.316103
32.105885
24.281076
18.217476
21.984734
16.724411
26.529469
17.604708
28.629313
27.143358
31.172792
17.016136
30.994234
15.354897
25.285944
23.186743
22.268366
22.78359
17.03677
16.93164
35.884262
40.035435
21.730946
38.56839
40.843403
20.586912
17.988737
26.91081
21.121544
29.866964
28.143866
16.08121
39.10852
18.225925
27.261211
31.585142
23.749832
34.1388
34.789318
40.10266
25.08269
32.656445
21.79525
34.27222
20.197119
23.596592
34.973537
22.37816
21.303062
34.257812
24.177526
19.30004
36.547356
16.542885
33.09066
33.34176
22.499832
16.294147
18.836811
33.63073
29.815691
19.37192
39.82293
16.662096
20.481651
40.548046
15.913927
22.260313
30.266333
15.640171
39.158882
32.740086
17.52067
28.47837
16.719198
20.371008
27.31205
36.27424
22.393618
25.384972
34.02629
35.753624
31.191523
37.71266
24.034428
38.017612
34.775166
36.395287
18.796677
38.5125
18.273067
17.189869
15.863887
25.717896
30.961023
31.271276
18.637064
34.20318
16.613686
22.131353
19.458584
28.556053
17.948978
39.785362
34.633987
18.352903
37.519108
33.218143
24.321201
40.819233
34.646183
21.637196
38.87442
29.11944
26.556976
16.547148
32.192726
18.318724
17.740648
17.91986
33.89896
15.975932
24.734758
20.80664
17.76227
28.054628
26.03912
37.62382
17.678047
23.38077
16.663643
16.040276
40.731995
31.228788
27.93549
18.905115
35.400337
16.783983
25.622461
24.976149
17.776182
34.20756
23.173738
29.344429
37.86228
36.821762
33.935673
38.397484
21.433567
22.535957
28.569502
17.923555
26.747934
22.050638
15.579522
18.531519
29.471926
35.604767
35.85432
23.945826
37.588108
25.072908
36.430405
40.933136
30.764036
18.072166
30.306631
38.627083
37.687904
19.404852
20.069498
33.8398
22.21405
26.641441
35.333557
21.58374
30.811693
34.939312
31.55773
36.474392
35.773342
25.296316
24.667582
34.944504
16.914583
40.354202
40.095158
32.272446
29.08489
16.595514
18.342142
22.312302
33.7095
37.318485
25.978802
31.510426
25.795277
15.128068
35.11021
40.30302
19.358862
31.847212
29.773005
18.311548
40.073338
25.730974
22.469952
40.887554
22.079967
22.657177
34.106373
33.505726
28.374542
39.570717
21.96147
25.263798
40.953148
22.874723
17.009373
21.320204
39.990185
15.690269
27.898762
18.485065
36.721733
33.947308
28.20664
36.377453
16.420383
30.123104
18.200905
22.571583
33.87289
27.11035
16.278063
35.97687
22.110044
27.175768
18.486542
34.331554
33.788437
20.260935
25.102692
23.136854
31.586767
17.980621
15.095742
38.618385
37.25464
32.589966
32.499565
38.37383
16.539808
17.920269
33.2033
24.25063
39.120087
17.824274
36.479485
24.694746
16.87914
35.025253
26.68751
24.321226
20.390705
39.430286
39.021824
38.77969
16.313683
37.946594
38.91851
33.12256
21.550966
21.630817
25.790413
39.83106
21.487743
20.604692
34.130238
22.413946
23.40035
28.586494
20.702583
28.065977
22.214777
27.116224
27.540075
26.258097
18.194136
28.59348
40.765415
37.328438
36.847473
33.100513
30.880219
36.153084
36.377563
30.648924
17.093273
38.797756
37.32327
27.967014
38.50488
26.686417
30.702463
31.235832
40.52066
27.269918
22.924337
25.285418
25.737322
22.437794
20.015375
21.678822
22.724485
21.988338
24.291119
20.839962
15.620874
19.357044
17.50625
26.92238
28.269789
32.500652
33.728447
28.469528
16.737885
22.343864
28.706774
23.083166
17.492989
20.51804
20.343351
18.295036
31.260765
25.255907
21.027397
29.627918
34.63672
25.2537
39.053577
30.435759
26.899149
26.071762
33.122128
28.52854
36.150314
28.217007
33.005905
15.816072
32.90722
20.435417
26.87013
19.245928
16.570013
23.9399
27.4433
28.164236
32.81528
27.308752
27.263226
30.894077
29.892918
15.612111
15.560024
19.804737
35.04966
24.95862
35.988316
23.43607
22.85881
25.10176
39.383663
34.34579
33.10493
20.005093
16.993843
32.263466
27.053865
31.337885
39.22325
35.86354
15.432623
36.75742
24.829304
33.010704
15.250312
17.53147
39.72245
24.68451
35.710373
28.564274
33.046894
23.956018
33.896133
28.211546
25.056938
30.367918
22.655674
31.404846
40.45436
23.860495
34.168846
39.552917
32.314987
20.989346
29.048204
28.447332
25.508118
27.596788
26.507433
24.972067
36.600353
34.327385
40.124874
40.801407
27.635654
20.41907
20.03648
32.46782
39.896515
37.0548
28.01159
30.191216
16.776361
28.22578
20.796606
18.683311
28.231323
38.53574
35.355827
37.77548
24.929789
31.666742
31.195204
23.165861
40.181137
30.330647
25.824093
27.841223
32.0004
20.446192
25.591599
24.801235
24.253477
31.010319
25.628283
29.597775
40.72793
28.6733
39.430664
24.898956
27.187313
28.38076
20.745064
32.797493
27.99233
24.611734
21.838968
23.90515
39.71
33.720356
16.992294
35.40988
38.282467
28.679848
18.097485
33.219524
28.789928
27.130953
26.626574
24.07558
15.617523
34.053017
32.904984
36.093044
15.923996
21.604362
37.625957
38.566845
16.710258
38.719727
23.846117
26.082848
15.498906
37.905914
28.32193
35.981056
24.661139
36.34297
38.978275
24.040976
17.76539
22.876575
18.544682
30.893814
18.972416
27.778477
24.951286
33.11349
25.46441
36.2552
24.945745
32.198204
28.17121
17.601381
34.574024
27.726517
29.644398
23.6225
28.662066
31.856768
27.830671
18.49288
35.24197
27.03579
24.70859
33.568275
17.985569
21.292767
21.278276
40.838432
34.139774
23.816269
39.23155
27.683474
19.202288
17.647287
22.780304
25.38906
20.63296
40.26838
35.58389
24.47864
35.26509
36.628754
33.491592
21.337341
38.762726
16.717434
31.904297
24.83032
26.464104
33.1814
28.959612
34.65963
33.257988
25.682814
26.457922
31.056993
21.758883
19.699305
35.4719
18.07606
28.978672
36.293457
38.920162
36.226055
39.93637
32.012478
15.0359745
38.47993
40.204384
20.526228
17.624924
22.79348
26.258741
35.87164
39.28074
40.188015
22.682436
29.243721
18.316456
16.177654
16.765162
29.158203
17.06845
32.863316
31.84935
28.50807
26.443737
37.36899
20.891554
29.546041
15.106353
31.461935
29.139902
21.147312
23.536568
39.176888
29.572416
33.841602
33.34696
18.055487
32.79773
23.050894
20.702374
21.21553
16.488752
15.728925
27.466143
19.88073
16.101604
16.170843
22.7828
31.230211
40.626183
35.14613
15.208007
40.46791
28.421406
32.705215
23.209156
26.865623
18.807318
19.019947
31.885674
29.199423
33.01788
37.440342
32.095783
20.477736
17.362398
27.584824
18.826988
29.150301
28.000216
35.72844
16.610386
26.090832
20.602352
33.013206
21.054262
25.562166
35.35556
35.077194
29.16043
36.10123
38.25824
37.583523
36.987053
37.80214
17.464445
40.82782
25.43461
27.829287
16.55122
39.11247
39.457115
16.1583
21.016275
38.89817
24.838497
32.521217
38.05705
33.87813
17.824514
21.32328
22.738888
29.067522
24.363424
19.90231
28.029226
19.760504
27.48403
26.917492
23.856264
22.779488
19.427643
33.88311
37.34479
20.825989
31.550846
17.903622
36.688457
29.939728
23.72885
33.52009
20.736889
31.08243
28.014664
24.243912
29.307785
39.684948
38.647114
17.832424
37.47812
15.631236
26.151222
21.651806
30.665373
32.599792
33.237278
31.576408
40.178764
35.94316
40.480362
27.789505
33.10208
16.358149
28.34994
19.579052
35.86395
26.484308
17.05963
26.763027
37.6579
31.265484
20.919966
23.73247
31.993805
30.41891
29.402546
37.2663
22.093887
26.678726
36.96174
27.250584
18.59065
18.615452
21.810543
22.225866
34.040657
35.780273
36.310093
31.289732
36.137337
34.682728
22.407677
20.297781
20.187542
16.682697
22.646048
19.53471
21.41075
37.262318
38.667156
28.068207
22.926474
34.340694
16.8464
18.851854
39.91455
39.304146
24.718758
26.309345
30.364613
34.24684
26.196224
28.610682
38.075237
32.551605
30.226181
30.142204
20.119837
25.387756
18.503363
39.775684
22.865568
23.962847
23.12342
23.457798
15.81312
40.437153
20.653933
33.36982
23.019411
23.29479
28.999203
34.44833
33.67187
27.662434
25.647959
36.411293
24.502092
35.576416
40.418564
17.599918
37.158306
17.521336
22.654161
33.925114
27.400293
40.697903
39.97061
19.998455
24.0369
29.425196
29.122965
36.131107
39.895584
26.842157
19.331562
24.300095
38.79498
22.645409
36.49682
34.409847
39.485607
20.98535
39.13208
37.21803
39.830555
19.83963
21.556843
28.148085
16.117035
40.192944
16.918026
36.87701
25.3214
18.174313
25.944902
25.06532
36.394314
23.93784
28.993616
22.887285
22.189472
37.520096
26.90017
28.122938
40.528286
22.167173
20.43613
29.4894
17.074753
37.696636
30.7492
28.617615
26.188726
36.344337
34.071163
20.62154
18.73252
15.243459
21.188644
31.560446
31.9249
35.19276
21.697512
34.26087
31.768167
24.693354
24.899588
15.943428
15.318151
23.368086
23.35078
39.890537
40.123608
31.824894
17.53265
24.99482
39.53062
21.785187
24.894716
19.443779
27.229305
32.870667
23.602858
16.024965
18.41414
32.826714
32.72938
34.576847
40.236057
22.157728
16.333374
15.964125
18.843376
18.15963
26.905216
23.622166
26.240505
21.156889
35.98714
17.193897
19.437265
27.38637
32.432022
40.073364
32.918526
24.417368
15.725505
16.77377
33.332844
24.257143
35.07199
38.95377
20.480497
36.363388
32.53287
36.664383
27.175472
29.669952
20.405766
39.91982
20.362516
15.4292755
17.246473
21.049059
36.989594
37.18491
31.460669
20.45109
30.56768
16.50961
18.230307
33.355152
30.094002
21.279377
16.690102
16.978384
32.071407
23.201015
39.732273
38.076805
30.725777
27.070541
26.593225
34.30152
23.20495
33.812134
16.463642
15.000646
19.536858
24.731926
23.763937
20.148344
27.431087
35.618355
24.439833
15.9360075
33.627388
24.330462
33.658257
38.226536
36.42611
28.337835
28.621649
40.551228
16.279852
17.31064
17.869137
25.619802
38.882133
30.305439
34.39595
30.41759
38.058086
19.352325
28.197802
34.879948
31.943817
33.321068
34.434906
26.862457
35.435207
27.828793
36.31064
21.66648
22.693544
34.64902
32.9728
24.733198
39.61457
25.591532
36.27074
39.28522
33.59912
21.144924
20.039572
22.673412
28.707722
39.30842
35.733124
17.977558
28.338062
20.986753
34.69
23.01307
24.933537
33.08177
26.092733
29.311853
18.91254
32.986576
20.767742
26.874092
25.002487
22.572897
28.374245
18.528591
23.469027
39.95954
17.24321
24.592958
34.35018
21.35965
32.15276
22.190823
18.736717
33.12665
35.66434
40.06188
40.384193
35.75361
15.29444
22.991478
37.498802
33.02796
23.759363
34.09012
26.40827
18.803377
30.806173
30.069082
22.010626
20.922676
34.730602
24.38704
30.387966
38.710648
15.583277
17.683493
38.778793
39.152756
26.278381
32.268368
25.221771
39.38551
22.344362
37.603134
36.615345
23.446604
19.894094
18.687334
27.681793
33.367615
22.542381
21.055395
26.380968
28.639355
31.4615
30.69218
17.688057
39.839756
20.540937
40.591656
33.331398
33.786377
22.705315
31.911636
36.08049
22.960426
29.844921
40.718582
37.481
27.146498
25.526146
15.1698885
29.552654
40.241863
40.67451
28.647192
19.897652
38.01157
25.760853
39.832657
31.911257
37.200253
36.671654
33.01131
31.342941
22.858894
31.407373
24.9859
29.325571
31.004532
21.028017
28.906912
24.171778
39.80309
28.853104
20.048712
33.730755
28.350456
18.823542
34.103985
26.905458
33.823963
31.145863
16.922012
37.04918
17.28642
28.864605
15.782422
25.39227
17.746935
38.846546
38.274544
19.393799
15.217635
34.81091
33.643517
38.96965
36.45261
26.502485
21.067772
34.917656
31.81521
35.880093
37.74865
28.542038
36.29202
22.280603
34.92123
15.473557
20.056707
37.919197
19.936707
33.988403
28.184109
16.799429
29.419899
30.747995
25.124723
30.131989
28.17178
34.813557
29.372065
15.699026
26.965137
34.033367
19.390066
31.251247
27.672749
22.457327
29.314991
36.987885
20.27078
27.302582
36.206097
35.445057
15.176266
25.175577
23.691542
16.70588
36.10593
25.750069
25.740788
32.746162
19.184746
40.90725
36.992046
34.9423
27.386017
40.463314
32.57305
25.29347
15.550891
22.04139
34.675697
32.74807
16.213675
18.388926
27.279922
19.174736
28.250322
36.498272
22.369364
16.981186
32.97104
23.257318
30.741169
30.159513
15.6939
34.038677
38.084606
40.62444
27.064962
37.6301
32.387825
18.11143
33.431267
31.21538
35.92943
32.6145
35.42678
20.734184
16.1213
35.36884
26.597193
26.880903
30.291336
25.721415
17.36813
31.2467
24.129559
22.882927
15.952274
32.665627
17.9683
37.51758
18.894424
22.694801
39.32697
20.402313
17.869572
37.340275
34.224125
35.975243
36.07753
17.63437
19.644363
29.493238
33.118717
16.476883
29.244839
37.73164
19.5892
21.27174
33.895885
22.684385
29.79907
27.322273
37.97265
29.560759
26.996853
29.692463
39.449184
26.525375
34.273502
19.29813
30.793999
34.09085
15.923235
26.361193
18.4255
30.848059
34.454323
37.041725
35.05835
23.306734
25.671534
23.056763
25.656254
29.019587
30.292976
17.40134
31.904184
39.875942
19.417507
25.906487
20.122625
32.4764
26.825006
26.300474
23.368832
34.837784
17.570204
21.683783
34.10476
39.328148
31.621902
19.884893
21.258673
28.694405
15.402812
34.033154
18.767117
21.32062
21.001352
40.86657
27.756287
39.44284
16.555214
19.786602
37.406544
25.94674
27.847496
25.47858
32.24109
33.58724
26.509819
32.035553
28.089626
28.994709
16.39271
40.95505
29.300032
32.670174
38.64221
17.122301
27.90589
37.322346
21.812521
37.950157
17.404951
20.362263
25.948189
23.215096
15.563405
38.146652
24.98517
28.810291
22.233068
29.648998
36.048782
18.630915
17.553362
21.637754
27.267447
23.113451
39.107277
16.153996
25.574749
32.569965
37.61018
24.10618
16.638268
20.389881
29.53272
40.13762
38.53218
37.42599
25.69371
15.572607
17.061678
28.43806
35.306255
38.21009
39.750732
38.336468
31.220087
34.009113
29.420725
30.150099
38.175346
32.29816
21.01607
36.13669
15.767825
39.040997
16.873842
36.26058
31.522972
17.904339
15.988073
30.3819
28.985662
30.398237
15.985278
29.932934
23.055084
28.19784
30.506374
27.601435
27.92878
20.905643
19.481127
31.597412
31.967203
18.97622
31.38478
26.449003
30.549906
32.30077
36.982548
24.954676
20.56669
32.03682
39.296165
35.913155
26.571909
28.668642
18.567701
37.55914
18.82728
34.997047
39.849358
33.251965
37.468403
20.782375
34.513992
25.896051
30.852419
38.102604
31.459625
34.816067
21.77897
35.13874
19.07218
27.366446
20.723993
29.062645
15.114289
17.423996
30.485512
37.977734
30.6239
34.093952
21.712975
27.45102
23.635057
32.45403
35.676353
15.075213
37.07417
37.967617
29.328585
20.712593
34.5386
29.316458
32.224598
24.597687
35.83046
26.8347
21.18252
18.313738
33.09698
29.470459
30.70736
20.808275
24.219856
30.257593
37.14479
25.076054
30.699465
24.649563
34.292362
32.91295
18.695902
33.74888
25.767761
27.232374
32.11727
19.459805
20.818544
15.836075
15.686674
28.898584
27.454939
39.244133
29.772877
21.01463
35.797188
22.214361
27.435667
31.307741
23.351072
31.919144
31.61536
18.770586
40.56012
25.398235
20.687021
34.742252
33.43013
36.868835
31.703405
30.227903
24.281597
29.749731
34.56668
32.42117
39.757706
26.84408
21.097513
34.659996
37.10041
19.025963
32.51105
34.853447
19.40445
35.98855
39.162975
39.53595
16.06874
28.137213
37.59467
20.137197
39.98704
28.548815
37.885166
36.800076
36.154404
32.06873
15.108522
19.135536
39.31329
19.08011
40.298748
28.67258
39.022953
28.255272
38.74052
24.443094
35.10793
17.68693
40.63231
23.13542
22.826311
19.197495
35.2097
16.557234
35.295673
30.337442
36.27004
35.76738
18.724371
24.609192
20.705744
17.16802
17.818064
38.79085
16.131956
37.09249
18.366245
24.884512
32.98534
33.981064
17.460701
21.176723
22.574306
25.10577
23.05763
30.174158
35.476974
27.987228
25.66743
28.765335
20.41165
19.140448
27.840923
33.859684
24.245714
40.593334
39.81801
28.968157
15.1622095
37.740635
20.2146
31.7149
29.169527
26.52785
32.945835
37.10748
37.11806
25.703583
27.718447
34.543488
19.178719
36.935703
37.372326
25.994272
30.341711
39.955536
21.111197
34.581886
39.910038
25.57622
22.234459
18.853334
30.190622
22.425282
32.36714
22.45646
34.627026
39.53829
31.382078
23.634804
31.471264
28.579445
21.21826
27.984104
27.75815
28.386784
40.62151
19.251057
21.824238
18.78357
18.468462
34.60524
30.904314
20.15435
39.78205
28.778126
37.442043
16.15309
40.806477
39.738377
25.66727
15.092557
19.581911
35.160618
26.721056
37.058212
32.343956
19.845184
20.150545
20.596539
17.770128
21.45926
15.949255
38.94682
16.605385
33.49526
26.484385
33.217144
21.521074
34.1801
37.6313
32.649387
25.196297
26.219534
21.226326
40.17469
23.558077
18.724434
16.55249
18.830063
25.876434
25.44149
34.988937
15.288337
15.982721
40.49853
23.183167
38.7479
27.26436
16.275156
30.146303
20.735205
24.286415
29.722204
36.525158
37.992325
23.900103
17.479013
37.97078
38.553246
30.520761
40.475296
29.001776
28.356968
23.892395
25.354837
19.05165
20.301966
31.103313
19.021147
22.492971
25.51577
17.877079
19.880548
35.34716
25.795029
39.235256
32.946102
31.117195
26.665604
40.51322
25.86614
28.721588
16.318842
30.407595
21.15411
20.861504
38.79934
40.24352
20.421734
15.318808
18.251152
17.972418
29.25551
22.661524
18.773495
33.54553
30.526834
29.624004
27.493736
36.255764
29.389025
22.032791
34.83447
38.40034
16.98984
16.565046
19.633236
23.188698
16.016043
34.855038
29.767498
16.205189
31.586876
32.505093
21.244207
16.93312
35.726276
31.41102
28.332325
31.85661
22.669018
30.477999
22.248447
21.47891
23.593817
27.281395
26.14968
16.230686
23.02695
19.518085
35.744648
20.688923
27.12266
16.197266
25.702637
29.786964
30.302145
16.435833
20.222464
28.768442
27.320786
24.451906
15.616902
34.522568
40.733593
20.891045
35.575027
19.635624
28.941849
26.973282
33.884083
34.003117
27.529203
17.115084
22.824001
26.169508
32.433502
17.658867
20.192015
17.696976
25.650856
38.133698
33.971203
30.812159
26.631489
39.074375
27.026224
36.339413
23.302244
22.84203
28.890894
29.501482
17.738482
35.11795
39.706554
39.55323
16.908535
34.78336
26.676771
33.41131
38.62681
20.751335
40.02303
23.45244
20.876896
39.98314
27.35774
39.475277
37.004086
29.399673
18.635052
28.455498
37.926983
33.689896
36.39652
33.171112
15.480812
33.121407
37.89793
28.034737
28.280443
38.37456
36.88513
15.541805
23.079018
37.149906
37.280876
15.6284895
26.49846
21.839771
20.851397
26.930346
20.221022
36.908356
16.040462
31.442514
15.256472
24.790718
15.590404
16.404474
35.737335
26.099466
38.313656
33.36725
29.845053
39.71913
21.435093
36.34808
26.932802
16.97158
32.294464
16.737482
37.686073
21.451904
17.87999
26.195778
30.250046
40.362743
37.65825
40.16099
27.653168
26.215979
19.472136
15.787261
26.56923
21.624279
27.89782
29.142712
22.485605
40.571003
39.38331
25.317926
17.683275
33.025436
26.735285
15.731005
20.084576
30.061384
33.07758
37.362408
36.98753
25.7407
22.273806
22.912575
31.981024
15.939226
30.988241
32.947544
31.92298
23.021292
21.053267
30.982615
29.764017
20.809782
25.618248
38.15132
30.212076
20.652435
18.673946
27.616734
32.758774
16.550938
16.978132
30.204432
20.42622
17.297962
34.152237
19.871216
30.743378
40.35831
28.77554
26.57089
23.923964
31.833794
23.672483
22.83821
39.993248
27.26753
18.270395
36.984398
35.699024
23.271889
15.899005
20.182358
25.442429
32.00523
25.209793
32.916935
38.17712
25.37621
37.512363
28.285494
26.250784
37.520367
27.756655
17.456146
38.50077
34.572258
28.133934
38.2259
22.566113
36.047386
19.82622
25.068142
34.341007
28.251753
28.30283
32.31874
23.770275
35.05279
24.744453
17.222208
27.775183
29.074024
20.669292
18.444223
32.998413
36.91675
26.642395
36.35403
31.269855
33.36566
33.068535
31.890013
17.22028
21.701187
15.500539
25.143976
16.30784
18.219997
26.639172
34.934517
18.672775
20.85603
36.257313
24.587006
21.698494
40.397972
34.65025
40.89758
29.932743
38.215107
34.895683
40.83077
21.110285
30.631977
36.200966
15.885116
15.419084
23.133303
28.922
21.25846
39.864716
37.43418
17.457123
27.954308
26.613256
29.116474
18.151094
22.792969
29.53067
17.01097
29.588402
27.92589
26.78722
21.795767
20.211714
37.898937
29.35822
40.384995
33.07049
30.570076
35.52789
28.597826
23.686375
16.25922
32.090984
27.326452
26.51615
15.392729
39.847168
28.962507
22.29966
28.602375
18.196104
21.19512
28.699268
16.748287
35.166584
30.459635
40.069042
31.657698
31.050838
23.29471
34.93598
21.50606
19.96568
28.656357
37.83231
25.71439
16.12494
23.841139
23.486897
26.996414
34.383095
23.08669
40.065617
24.761423
37.697792
15.146228
16.144506
20.46344
27.559523
34.174793
21.406271
19.684635
37.149395
39.11843
21.669846
37.750633
21.011518
20.463537
34.794277
17.49766
19.364283
15.682149
35.24245
23.446203
27.825272
17.999933
29.646717
38.083218
26.28741
15.217161
39.587685
27.214502
25.95937
24.228985
36.979057
34.421356
17.171078
32.619793
37.945515
29.540192
30.445662
39.24754
26.887371
20.781181
15.551964
17.087326
25.54473
22.611702
29.777218
33.769665
24.305634
23.852661
31.497314
34.227245
20.746786
16.570513
26.272522
35.655148
35.45207
24.295052
28.159376
27.592876
23.523212
37.85286
36.704895
39.35267
19.87866
36.678505
26.177094
31.246988
35.430725
36.850395
19.986254
21.109205
19.537876
40.295437
29.964188
27.454891
21.748068
18.616404
17.194256
37.29724
16.78066
25.818216
38.422634
28.108627
40.938686
40.844086
15.731878
25.711313
35.699768
39.279705
19.120604
28.98381
19.103231
15.8435135
17.908516
28.185522
19.732494
33.353252
17.473988
38.430645
31.586035
39.743813
20.73165
25.383488
38.936867
18.408697
32.970478
24.600744
36.39954
28.647102
36.19814
37.11238
34.855377
24.320927
28.975336
21.811243
38.63081
21.960815
27.874226
30.012537
33.38026
40.50755
33.157894
19.147833
33.494164
23.634888
36.053284
38.97428
20.534472
30.172268
32.07782
40.90823
18.193949
26.530443
16.280397
31.133448
34.582348
17.230516
19.970276
28.987673
31.261621
39.646503
40.532825
35.79723
20.384037
16.893879
22.26895
27.807987
28.531073
22.43129
34.845398
30.151873
38.40779
29.389915
24.906092
34.891804
35.41636
26.90469
27.66994
39.103786
23.314133
36.793903
32.928577
30.683481
33.655846
22.818428
17.757753
30.105658
35.526
27.449097
20.469088
31.718271
35.18686
31.58054
32.854237
22.319107
31.698904
26.952034
34.61143
17.74135
22.314884
31.170673
20.994705
29.965446
32.505184
17.179485
20.189112
31.878218
37.841366
36.772804
28.690464
38.21611
38.646404
21.33358
31.056194
31.45805
39.314236
40.351933
34.7942
34.47434
40.507973
15.4816885
17.869488
35.591583
22.065126
18.901272
37.333775
20.399635
31.37001
35.567616
26.921183
30.105059
38.19743
19.586597
35.103436
40.52661
18.588594
23.37067
39.060947
32.931828
31.189207
24.514189
20.30156
35.829716
33.661366
27.389174
36.24655
27.563147
36.275047
32.349026
27.003963
39.085503
18.591623
29.124971
31.762136
24.659742
29.270893
20.50977
26.761833
39.383892
18.464922
23.745506
40.64308
24.42571
39.00593
30.167057
15.113374
19.640076
24.652279
28.600016
25.34668
22.846304
27.02562
24.771748
15.298192
27.458586
15.554013
37.566418
40.20752
29.391172
32.72987
37.3396
17.963522
16.201101
20.2983
23.70545
24.7168
18.284613
22.61049
36.219006
38.151325
31.609547
37.30851
21.198633
28.164488
27.944426
32.75192
37.5683
35.355328
25.836056
36.153366
38.04658
16.68351
31.69087
30.259342
37.269245
20.937094
17.231356
17.594028
25.504278
32.23495
15.327366
17.778233
17.503231
33.690132
20.743145
35.2421
32.729843
23.573362
27.694433
27.76938
29.716747
34.84118
38.275997
36.742706
31.62336
27.731249
28.798471
23.70349
24.202705
40.27763
40.864407
38.896618
21.33234
35.06176
16.616934
17.839375
39.024178
34.29028
37.010475
39.63554
40.400364
21.378698
36.181446
19.749863
15.507086
21.620342
16.037867
38.26464
33.03547
39.23284
19.040447
34.259415
22.02845
35.099876
29.813522
21.886284
16.474874
32.863735
31.70292
21.957567
36.326702
26.674665
32.688766
16.419186
40.92256
35.865902
36.164738
27.952238
29.060673
18.09857
16.011333
21.126902
38.036293
39.108643
40.11924
15.0269575
31.84381
36.088493
18.059853
16.069809
24.440645
18.948408
38.953556
35.866104
35.48014
39.228954
38.752407
30.394608
15.242588
24.272839
16.132278
33.512188
38.628624
24.415373
24.980705
31.875399
23.02621
19.415554
15.0700035
21.71925
27.622383
39.125095
20.921402
28.620436
30.303114
18.480705
16.094345
25.366447
38.66941
40.305256
38.176178
26.358555
37.89508
39.116394
34.600956
25.595886
18.161308
15.166521
39.092094
37.219406
38.225517
34.276005
31.002132
30.838745
35.31663
31.671778
17.113846
30.42151
28.996325
19.006516
35.570557
37.393784
29.885368
23.008821
34.51938
33.78222
33.226665
17.802847
39.779747
39.722263
26.141165
26.836132
32.390556
29.46363
20.130247
36.56731
18.242767
23.123386
34.88781
20.590775
40.170326
21.86854
17.807674
35.713226
35.85078
33.954266
15.706583
34.64749
40.65802
38.100468
39.23042
17.451773
37.212982
39.058533
18.17099
35.61806
26.794325
35.901836
21.492981
34.80111
39.999474
20.567595
29.255491
40.57998
39.087475
38.48437
36.809795
40.356876
30.288694
30.738686
22.664742
19.52352
31.032269
16.165766
26.23347
19.363089
34.520893
15.993679
36.309933
33.806236
40.37341
29.22668
29.570873
26.122519
17.159254
31.82278
32.658802
24.903986
32.564808
34.902153
19.473686
35.28561
39.660233
20.717165
31.18585
26.247517
37.276344
15.921456
40.17993
20.057013
30.854652
21.794588
20.649334
17.433681
35.299675
28.510498
31.883087
25.858753
33.34113
23.282066
23.421621
24.600365
21.70468
34.27079
28.205315
40.489162
28.993391
27.51967
40.59945
37.254154
27.59805
36.849075
16.751377
40.31657
39.183056
20.649494
29.120636
20.339848
19.335619
36.811672
33.219803
26.546871
31.819412
39.653885
16.613853
20.840818
16.54001
26.637579
26.047884
28.103994
31.807793
15.906947
24.207964
36.69936
22.775124
20.244425
23.067019
28.16235
32.02808
16.903456
20.027533
24.346012
19.229044
39.961327
20.14502
37.87032
36.434933
32.329163
28.601059
37.626972
18.25696
16.362688
32.29191
27.30385
27.381243
17.136612
33.90848
29.418646
24.135601
30.877043
26.20578
28.189213
19.76647
26.790527
22.294542
23.718369
40.8808
37.584976
31.73529
27.433985
33.11133
26.34678
23.974533
20.500414
39.479725
27.120192
34.235332
31.005325
27.16045
27.52907
18.359043
16.12631
37.389366
16.087803
36.29246
34.194603
35.114544
18.467337
16.924213
34.598545
33.652763
31.91388
33.796642
30.80744
33.09367
15.261979
19.8541
19.446705
17.484674
35.54035
21.835861
18.318228
26.9331
25.03794
17.181683
40.535145
40.678093
16.879309
22.390184
40.528194
37.913445
28.652721
29.655119
28.581203
38.683308
36.44073
28.301807
29.76606
39.526505
19.7224
35.055737
24.673077
27.710962
19.047806
24.497688
23.170366
33.878456
39.129696
22.19442
40.576374
37.71077
22.053762
19.941282
34.092533
20.83195
20.678143
31.312859
36.118427
31.577354
16.974411
30.289982
36.159706
35.488632
24.056469
20.116306
32.439438
15.434883
23.95036
35.7348
30.036446
20.113718
33.7772
25.16434
22.399506
31.351936
40.953022
22.998863
39.42435
31.104109
17.253561
28.84623
21.930576
16.338285
22.14846
18.971306
19.338644
40.10168
31.678783
40.66747
40.62244
37.975063
36.33311
29.95306
30.2008
24.853252
19.871796
24.074007
16.33177
19.529945
40.85551
40.991184
23.786282
37.918842
33.753437
34.540783
25.103308
23.908846
38.937992
28.278238
23.566437
25.82974
18.617216
31.151089
18.19224
40.295765
16.812525
22.093283
32.483624
35.79797
39.858704
26.393358
34.47684
17.832273
25.584658
30.261076
21.698626
23.578709
20.327568
23.401903
23.050423
39.188248
25.239706
28.606016
22.349422
16.58724
38.966404
28.368202
29.281689
39.375412
24.705189
23.3774
36.86037
40.871956
37.900326
16.349268
22.132519
15.655213
18.383621
15.12255
38.840862
33.045013
27.641453
21.199678
25.022263
16.892656
32.0697
37.98439
25.112532
16.77221
40.57231
32.85384
23.02761
39.20759
25.665945
38.900017
37.904053
23.923605
25.372238
15.685002
35.707104
39.27505
30.610876
17.676838
29.75261
26.986475
37.550842
30.167654
23.339323
23.126251
22.433767
23.422825
22.151096
25.842169
21.75257
30.5698
28.863853
18.801666
23.350056
25.307472
27.480091
22.50841
21.99647
35.901714
28.314062
33.707943
26.311459
20.129993
16.26371
39.948616
24.515184
25.847733
35.030766
26.030035
40.424873
17.67134
36.28835
35.549797
22.357265
37.907635
21.445822
30.050245
18.154099
19.306591
24.62342
34.370598
39.41683
38.474182
34.724777
35.725666
29.218477
33.854275
30.08312
33.76105
40.054672
31.073372
31.057528
35.37561
38.602478
25.139208
36.168304
17.45557
20.97487
39.49399
25.886162
32.830605
30.590307
30.245384
37.02753
33.740814
16.520922
26.03299
19.85897
24.894463
31.239634
17.935495
37.47631
38.799896
15.055518
19.583279
24.799726
23.471067
30.20842
25.21364
18.613691
18.834595
24.588005
32.7905
26.481289
37.207355
17.348995
24.50778
21.075132
27.067032
38.31356
30.00531
39.49258
16.00413
17.983397
20.448513
36.460854
38.222473
21.228218
32.257774
25.988016
28.2462
17.27404
23.720728
27.978636
23.594751
19.483704
35.980423
28.608454
37.10348
34.6038
23.964676
17.840141
32.29588
32.646263
26.706507
16.36269
26.754543
17.379545
38.203075
29.449879
18.791462
23.523436
37.470043
40.75861
39.884243
36.173203
31.770752
16.925806
21.323412
30.722912
26.13423
31.973022
32.306927
21.614399
35.223423
24.990664
28.321564
17.60749
28.374722
27.349272
29.066847
31.948767
33.202156
22.7731
20.405745
33.81023
35.544422
19.01164
32.867287
18.675953
39.730095
31.55766
32.07987
23.973845
15.146269
17.885664
26.179981
40.1814
26.917976
29.022663
31.719585
28.878378
30.140648
27.913378
24.886429
33.77597
30.55505
29.005093
22.955101
22.62129
29.813936
20.752575
17.802586
31.057467
34.561913
40.331497
23.050684
40.013943
35.43478
33.749138
22.938576
18.008108
22.781866
30.754007
22.38244
32.858578
20.424662
26.471502
29.844929
25.74205
21.08731
28.530508
35.615925
18.26987
39.26928
21.596315
19.896948
30.316969
37.27779
32.68806
23.685137
22.705091
21.89738
22.434357
28.868729
26.523806
20.746216
33.508583
18.17447
33.86694
34.753525
37.88578
40.648434
23.068727
22.389835
35.275913
32.20519
23.14313
22.291399
32.11373
27.446352
25.06135
39.742523
31.82326
24.42797
29.746792
25.114225
38.725426
16.347317
24.223309
26.804949
21.920156
33.223087
18.221716
31.48882
35.74972
16.559063
23.731222
34.54917
28.037937
32.70982
33.476547
29.45988
16.20028
38.20805
27.108124
38.574253
36.53282
30.666601
40.011974
27.291046
19.51333
24.034346
31.077412
30.88941
17.78567
24.96351
34.504955
24.459312
25.649174
15.837111
16.793388
23.301325
35.33744
39.608654
39.41409
25.92934
36.146408
26.022276
18.362444
32.382114
17.559492
26.010008
33.770138
16.934254
22.917984
27.103916
16.068972
18.494568
19.897667
19.554255
39.81581
29.989445
30.078169
36.510967
32.220024
17.851187
18.229347
38.104225
18.65886
26.366
18.589418
20.550781
34.022846
37.083614
22.372463
21.516468
40.602516
22.750261
38.018288
23.881084
34.40926
40.298992
31.285542
39.780525
32.317394
16.316126
16.189388
27.34197
34.221066
27.099821
33.997864
15.881483
21.51885
21.936607
24.026514
31.499392
27.67042
24.543884
32.80878
35.987324
38.313934
21.761261
33.369923
37.75179
39.48933
30.5208
19.795269
38.062717
34.881924
23.886013
38.0589
21.351395
38.682285
30.521763
26.166763
16.510717
35.65257
17.341938
37.068653
23.191746
22.296097
34.279034
32.50634
40.944004
34.646065
33.129604
34.99055
25.71303
23.121035
33.25173
28.43734
17.687195
21.138828
33.525482
39.644867
38.776768
35.737263
20.434534
22.754425
39.11181
27.319149
34.387028
17.114962
21.86142
17.820719
38.46578
19.558228
40.405415
20.096771
39.682983
30.992111
29.430498
26.122412
20.51159
34.432556
37.87656
37.73047
23.975454
19.119902
36.82469
33.03528
26.902554
23.2033
19.39703
16.437666
23.080334
19.62737
28.529634
16.162607
30.99954
18.31803
20.082989
32.650192
35.632637
26.539875
27.170841
35.802124
26.265184
20.38542
38.816586
29.080206
16.7833
39.756798
34.087353
21.759777
37.017643
30.913507
29.709568
23.260365
17.754025
22.685131
40.835705
37.407303
37.84316
20.785858
27.110477
35.722305
37.476692
33.318012
17.475758
27.397629
27.143993
25.514727
27.256994
21.477486
17.043959
21.04725
23.989933
37.952183
38.798294
18.810251
36.174973
16.964455
24.197561
35.998955
25.687445
33.13415
38.408493
28.504742
23.925747
19.12663
31.580908
18.181274
39.94508
23.021759
21.114729
29.371143
25.803282
29.78462
24.9825
30.233328
26.13608
30.195663
36.449917
37.87473
39.58269
28.96716
40.296783
36.06442
29.098715
25.454464
28.213005
34.397076
24.421726
37.36474
20.42896
24.172554
26.996065
22.172441
33.836987
20.971384
27.51677
18.569967
39.87032
32.931343
32.91863
31.213575
20.228209
35.06824
29.11492
28.268747
21.170675
31.634346
18.081266
26.815887
17.553572
24.47083
38.98372
36.04631
24.03448
33.585957
36.966084
28.360186
22.952164
40.778706
21.94006
21.972187
36.26711
18.027805
31.26279
19.437279
36.647896
19.579145
16.539894
20.62818
22.297985
24.189842
17.95812
30.12771
27.4397
33.82519
37.530243
25.743368
29.506996
33.255093
21.425842
38.908073
21.045847
15.459411
35.16512
39.100258
29.080858
40.527184
25.868958
33.09799
17.27897
26.822428
34.986877
33.876095
32.625923
24.589674
22.96563
27.261778
20.528322
37.88534
16.174616
25.083426
18.26404
20.746296
28.070414
27.478926
32.52585
17.845034
29.061123
30.273962
38.43799
18.531107
22.822336
39.89737
18.872652
38.121468
18.91999
22.169825
30.15309
33.577694
22.511421
20.483702
23.302368
38.296017
25.624422
33.386196
24.881516
34.636406
31.055164
33.384304
38.158077
31.029902
31.279295
33.909496
31.855911
37.028748
16.936594
33.81155
26.059242
20.50179
34.428078
40.49508
18.978827
30.327961
23.95542
23.869053
26.2353
33.403625
25.936123
39.648582
32.07458
38.554867
17.143856
36.23009
25.502432
18.033758
16.151907
40.354927
31.710087
19.678028
32.69869
31.083237
34.36008
23.526396
35.447803
33.219078
21.311207
19.707287
37.28113
32.259243
35.18379
37.7565
36.741932
29.18261
32.80121
15.16977
26.536047
28.953297
21.99091
38.959152
25.102634
19.480143
36.48787
28.257381
15.182095
33.956654
19.755754
16.602455
18.03717
16.999685
30.425814
39.434875
19.524353
19.811739
29.750744
35.55304
18.566175
33.711006
24.980616
34.79756
35.740997
32.804764
35.89012
34.073235
33.685448
37.326035
34.821262
37.967716
23.795595
37.20994
31.55279
40.688965
21.31662
40.855396
15.067513
34.81873
17.326546
36.699356
32.860847
19.467445
19.348303
17.22511
22.81874
17.816101
18.3653
38.332523
24.890368
15.743716
40.869225
39.61755
33.790787
19.264294
18.23483
29.039736
27.790972
32.835106
28.194954
40.700706
20.287424
35.248554
24.480007
37.013264
34.290825
38.78266
34.789783
20.409796
19.23298
34.56074
32.181347
18.920418
18.563528
40.65862
30.685299
30.445332
29.492676
19.398195
40.503803
22.35261
40.933525
40.478992
33.497204
24.151669
26.207228
33.12479
39.832054
39.42441
37.39658
31.260294
25.642012
30.940107
22.368338
16.88314
31.34393
39.93672
33.431877
16.259531
34.85509
28.92062
36.36154
21.347086
17.373503
29.018064
20.082296
40.936443
33.611687
39.90625
38.703068
38.4035
37.415424
32.6581
36.779457
25.677122
21.552444
15.454269
35.697197
24.05247
19.122032
25.04744
23.890074
25.818043
37.515038
25.108116
38.24074
40.314926
26.144857
26.137753
28.460169
18.00956
36.27339
16.50423
34.501163
34.436802
35.17202
32.336304
27.13375
34.457954
39.586174
35.507793
39.694916
28.178722
19.01312
21.748945
40.72247
17.085085
15.655988
33.04149
16.692589
40.480366
27.0832
21.885628
25.402859
18.144697
39.60094
29.771276
39.67736
35.2885
39.137268
26.242506
20.017675
28.33446
20.04008
38.313347
39.583385
36.837803
24.60705
20.674688
21.457956
19.942799
25.394295
33.126186
36.54064
15.1734495
22.391428
22.973698
28.602306
19.06958
40.00423
30.751942
29.052822
35.20465
36.452217
19.56371
25.79001
27.459702
40.666782
37.57106
16.13479
25.078093
17.066772
27.730635
21.304514
36.988674
16.69172
18.734306
37.13623
34.1604
22.089037
24.298079
28.84385
22.339233
31.08004
22.43621
16.477995
37.418674
35.070564
34.164288
16.454556
37.90805
36.92557
28.194006
39.027737
39.48815
15.593094
28.614113
35.90567
31.48163
27.641397
30.29613
24.341398
16.216074
35.66424
17.82004
23.97934
33.720406
40.112694
16.084333
36.49708
17.97081
24.527851
26.446405
21.654621
36.990147
30.377502
25.233477
28.747929
37.50529
28.740591
37.770794
29.661034
27.579704
37.937035
40.69307
38.720486
31.663857
28.866344
24.23672
25.37843
17.844193
21.297045
40.45461
36.38521
24.7215
24.63996
32.851658
22.55973
35.312614
27.84184
25.8088
37.52558
19.644674
40.95193
40.344448
35.85311
32.29907
15.642517
30.25669
35.932507
22.06264
25.505548
27.49619
26.60018
24.056517
29.300936
15.738806
16.050419
20.238441
31.498116
26.558638
16.886723
16.012247
34.43105
37.346348
28.301788
30.82861
19.177757
32.174202
19.322578
15.124053
21.8791
24.1785
29.816515
40.72058
20.627422
36.711586
34.527195
36.896202
37.2843
38.50991
31.792784
19.736988
40.627598
15.43113
36.797436
26.094261
32.081497
35.932438
35.215977
29.495783
34.949337
31.393967
30.934216
31.69783
36.547432
27.635187
23.162151
18.215343
27.929157
38.528957
35.704487
21.130262
17.99215
18.486902
24.412697
15.753573
21.677322
33.77157
37.91518
25.304417
15.697099
37.084824
35.606697
19.670078
31.771152
19.688707
19.575659
38.523514
32.701504
34.43401
37.65758
39.600468
18.784863
25.503551
37.125202
39.77616
29.038563
32.421223
36.660637
19.731863
37.507507
24.93451
26.202145
40.464607
29.523039
25.74743
40.01788
15.668661
22.200617
37.76229
25.931192
18.105276
27.691814
31.483004
15.006955
20.477617
36.747036
32.53921
15.205485
18.040667
23.998941
36.909634
39.52053
37.20131
31.042597
34.354767
15.939988
35.701653
22.866795
18.81307
29.202799
39.62906
23.482136
16.07155
32.772743
26.459272
27.694847
31.890718
17.709625
15.614347
23.891424
15.945542
29.190565
32.60506
27.427658
32.438183
23.31894
33.727814
31.756605
21.044907
16.555738
33.498962
26.783636
19.97878
23.61788
20.534878
35.102654
20.38127
27.010286
15.423943
22.746107
20.00014
20.493309
34.28708
19.872469
40.16761
33.73434
36.1863
18.418304
35.46188
28.15221
33.316135
32.158134
32.116787
18.535234
40.000763
15.843787
23.238504
31.398582
15.919874
30.135902
38.194794
29.24382
16.699486
39.89389
36.161526
19.893343
37.028996
23.056482
21.742764
23.894602
39.803898
17.823744
27.824888
28.623837
29.443827
39.142197
35.38184
33.166267
36.498573
21.59845
19.817768
17.309504
39.930054
16.742552
24.614918
35.05913
33.046124
34.590942
37.548805
25.970263
40.962536
31.599796
28.539368
34.286087
39.682194
22.753128
33.32582
36.38417
19.406265
31.576023
37.584778
39.353634
19.529633
30.861853
21.855095
15.660944
35.923496
24.693396
22.68978
26.809515
28.570877
30.941257
35.824257
26.65787
33.396156
34.839027
32.83203
40.63356
22.217638
36.463093
35.73288
36.4647
37.152576
29.986109
30.325394
35.248253
26.51693
40.42654
18.63477
22.684057
18.287582
34.282833
23.798416
39.12565
26.532524
17.919134
30.956121
21.733974
23.86507
17.860678
25.268114
26.467121
22.940872
32.26029
31.053492
29.899048
40.292057
22.713608
40.223186
34.932606
38.38057
22.329075
21.675724
38.35683
24.653315
27.499771
20.130672
33.895786
17.594435
25.17772
20.993876
21.906015
25.295647
22.617233
25.280134
16.201887
39.90323
34.53247
19.363184
19.622946
33.450848
19.405327
20.37944
38.904568
21.050129
28.283325
23.481152
36.17305
20.186426
35.823177
31.816177
22.958511
37.95497
28.56423
36.10583
19.003723
21.473152
29.45696
23.998793
38.34428
24.417366
38.525295
33.99832
17.145275
36.658485
15.207451
28.691504
39.601948
36.307697
18.398575
39.25361
35.846436
32.134953
39.509445
27.75704
25.250162
29.285145
17.95901
21.683735
17.771046
36.492523
27.434595
32.22129
15.067077
22.5817
16.982054
26.417433
23.982449
33.944073
19.529236
27.073915
25.709854
20.89131
19.799585
17.380224
18.442177
19.31297
21.738758
29.718973
23.649181
34.903194
20.55563
25.819103
18.249483
38.371857
24.270084
22.489637
22.89544
27.518354
34.263493
29.535805
26.348265
17.821701
23.743828
20.141079
33.493046
35.28842
31.265825
34.992783
27.927975
27.700157
19.487682
19.735525
15.259552
19.115805
35.19923
34.955917
26.245054
39.508312
39.322613
28.833633
23.746069
18.7543
27.064928
40.838028
22.091465
17.844885
22.693398
36.406174
39.895546
22.149147
32.50707
31.407265
29.636873
19.83693
19.495106
31.380117
21.375492
33.155643
21.900257
30.02441
19.871065
35.15611
25.44705
24.2332
18.06172
21.675344
39.34784
35.073193
27.373129
33.90961
29.365797
33.55099
18.649632
18.748945
21.192507
28.747656
38.633995
20.194742
22.18877
31.960556
33.869625
27.644882
19.140814
35.860626
40.65887
25.6063
36.10005
34.35478
18.283224
26.482721
15.603129
28.83739
17.076159
35.48576
28.6099
23.821383
19.136408
32.43041
33.35062
27.55859
23.479403
29.201342
30.939562
15.190726
37.246803
22.014418
26.0908
21.216429
38.228813
36.24802
24.562967
16.616447
27.401226
28.581905
31.063234
21.848267
19.438978
38.456554
30.25683
20.102999
30.240158
16.453876
31.256935
19.711613
33.37927
23.100594
16.510733
28.394138
18.105745
21.808462
21.351032
33.164642
40.013542
30.190884
20.648764
28.136463
31.829838
16.833372
23.98027
36.21624
19.90568
17.745714
24.51427
33.732014
21.93867
26.186565
17.4269
21.409695
15.217538
25.326591
17.069279
20.794027
36.250725
17.304205
28.340517
20.204039
28.025871
30.62825
32.760143
16.61992
24.34435
28.594988
25.58742
39.51716
37.68478
18.412035
39.00101
23.59553
17.871685
18.059856
37.831055
35.594696
15.4602585
33.57175
20.62662
29.944689
22.19546
39.376225
39.94509
26.86883
29.163393
22.620987
17.666056
30.738213
27.325249
32.985706
17.860714
37.970974
17.008793
28.391056
35.288956
40.576347
32.629707
34.224487
29.949656
15.562475
38.424797
35.228527
37.275795
33.858734
38.301388
21.03532
37.544598
19.14737
22.042011
16.48148
32.863754
15.055955
15.050658
34.300278
37.698437
34.531254
39.58678
40.563503
39.319775
37.89676
26.005337
40.333286
23.783993
38.090336
34.906105
38.38453
21.092361
24.884953
31.292562
25.571505
34.035778
36.514732
23.850609
37.43754
16.893644
25.060112
30.279478
40.00463
34.635303
21.190077
19.242088
36.330215
22.56335
20.416098
32.94929
16.381174
40.441544
16.881472
33.652225
26.050615
36.06616
35.891487
34.389286
30.73078
24.968098
20.883905
25.21901
20.755901
27.474058
40.34596
16.867311
38.241642
35.70864
25.303135
22.227472
19.373213
19.28525
16.436714
36.473354
23.032095
27.412167
35.631145
18.681223
33.801735
26.93117
37.80897
15.802729
24.855423
24.409658
31.280201
19.591427
40.005016
31.823158
16.51461
40.657455
32.276966
33.593685
28.239614
23.209738
26.782625
35.790398
38.073048
15.2423935
24.362572
20.152534
20.519217
19.931759
37.510174
18.260618
24.08836
32.832687
33.41747
30.660414
25.543667
16.097612
28.636799
40.03519
16.836765
17.389074
29.814611
34.625294
23.161615
19.41616
25.229137
16.010115
20.738491
32.097664
34.45158
24.095966
26.433792
33.239433
20.350899
37.694523
32.12811
31.310682
38.87505
33.42985
34.864105
35.413857
33.567043
26.878202
37.237396
22.864794
21.611969
33.82315
17.23778
27.93482
22.361668
30.29975
24.804775
28.253565
17.746428
27.704874
25.730616
16.13115
22.758665
27.666883
40.225414
40.630585
23.281334
24.596348
29.453444
16.606043
17.934177
29.880508
28.656033
31.11987
16.323944
28.53771
24.095797
17.661053
28.109947
28.814053
26.988482
34.410046
19.634304
17.682993
18.832916
30.429655
37.51662
16.499693
23.106163
39.10895
31.575663
33.16537
28.1601
37.446968
30.716057
38.07299
29.337347
38.835133
23.005926
32.834076
20.818504
15.882216
27.071688
15.327499
39.519447
34.522865
22.149235
29.964598
18.47641
37.160435
34.656048
20.230947
39.588337
18.91725
29.986675
29.543724
23.330086
35.20007
33.384468
20.254507
40.106724
32.7359
35.20524
35.230953
32.28823
37.99294
25.66405
21.866756
27.645702
24.473846
40.244064
16.597864
37.904114
25.753185
17.346947
37.043858
24.433502
32.328186
16.477036
18.747017
26.719458
15.3617735
32.277042
32.14754
36.185513
17.219034
25.070795
30.911913
18.184128
15.333054
36.219055
25.022459
38.529648
34.38337
18.557222
17.139614
37.81569
22.029999
16.45918
34.66445
28.941114
33.5183
40.659473
24.657555
28.76288
26.35466
27.866274
36.31129
21.600626
39.950336
40.410614
32.02612
24.43711
32.64041
22.70269
29.307499
25.090162
19.807251
31.103905
37.67857
27.375982
19.972511
15.973805
19.594742
23.340298
38.669014
31.113832
37.949825
34.00295
16.663616
26.60531
37.179424
38.743195
29.674465
36.126923
18.195738
27.447144
23.110722
21.237312
29.429014
24.845299
27.560213
18.821404
35.10436
27.087467
18.760155
15.924324
23.548645
18.5338
15.6083555
36.534798
32.800785
29.984955
35.407166
29.53021
22.089611
26.13096
20.979567
39.958466
29.847174
23.867544
25.556671
31.107124
37.841255
34.310307
34.40813
22.39822
20.739412
23.831244
15.071704
30.047535
30.957863
23.24881
38.73549
37.640015
34.002106
39.42181
