21.836174
22.298367
37.672096
21.929073
21.258808
36.959816
15.483367
15.260985
34.658443
32.426357
32.44653
18.005621
33.371235
28.316708
17.95099
28.881334
15.142339
29.823658
33.914883
35.14932
29.47028
27.268253
40.591606
21.933783
21.752098
23.84277
35.46446
21.28403
29.610998
29.647255
38.514324
37.431885
15.797881
25.149841
23.8114
29.629522
38.880455
34.538887
30.860481
18.196905
33.568367
35.08544
17.420305
36.96472
20.970083
22.597345
34.621014
22.167759
37.33699
23.321808
37.119755
24.025381
21.922468
35.240993
25.763031
26.739893
38.468426
16.605711
31.765331
39.450172
26.529139
38.76515
31.767176
34.797153
26.35183
37.8759
22.30169
27.189344
20.355925
17.911528
24.177296
31.600716
23.38744
31.544281
32.075233
35.789944
34.872437
21.933388
40.264004
24.19912
20.753086
21.22985
27.748966
30.471687
37.66224
22.6955
33.40372
37.523502
24.177153
24.734434
23.671072
17.40756
30.190252
22.847948
24.27469
25.832066
29.4446
37.54932
15.048806
26.123169
20.104013
26.612856
39.47162
28.66784
39.862545
38.681843
35.779232
22.428946
35.54526
38.22308
32.64041
22.993832
36.412045
31.090958
19.288397
38.79924
17.448494
25.551958
15.734671
21.669603
25.812553
31.520916
31.23047
35.612396
30.303024
26.973145
36.495388
38.933323
38.225685
35.022045
19.398455
27.165815
16.35508
39.989616
34.755535
18.053396
30.824833
37.94774
26.697996
24.880152
40.726547
38.67092
32.670994
30.813702
23.957167
27.716705
25.535858
32.606617
31.426899
31.43768
28.479473
24.996508
23.124619
36.12954
20.47465
23.451515
26.734867
25.23249
35.888927
40.527145
40.5104
21.528671
32.505337
16.03206
24.926441
28.616196
15.6970625
27.444466
16.277609
27.590757
26.789116
36.577515
19.825727
24.82867
24.743465
17.36118
18.366495
33.0406
34.220226
19.789734
32.155262
34.353123
29.795967
28.578129
40.016945
31.075626
21.661215
19.877169
31.162313
29.023014
36.472744
27.51654
20.74275
25.789988
34.202286
17.676403
37.49775
38.21063
19.801771
15.632354
20.984226
29.387375
21.296242
20.27527
28.824038
40.136375
33.519142
31.476639
19.165722
20.471592
39.120586
38.051617
30.128933
17.837908
23.70787
20.066229
28.384617
38.203938
20.018389
24.541775
23.221405
19.838036
22.87869
22.22856
40.458336
21.616478
22.369429
27.052834
18.38639
20.050617
29.094437
25.084852
39.55598
23.870268
34.74321
22.43271
39.674923
27.963385
25.239574
17.335634
22.14108
33.747578
26.685375
36.912155
15.806186
22.63683
28.036428
19.512697
18.452106
21.167194
34.989155
37.43269
17.158087
18.55818
36.90968
21.861572
39.247242
24.011843
28.803299
24.374592
37.82288
31.88956
19.300682
29.018517
34.03999
22.056835
31.42818
34.098953
36.204426
34.149353
23.533197
27.146162
31.552223
26.288939
21.151522
26.21789
18.133617
38.86588
22.83205
33.69182
15.611161
38.404594
23.975395
27.006979
30.978598
31.242393
36.59632
32.432526
32.216915
35.776512
37.586
22.873945
21.726248
29.372547
15.528612
18.970917
16.0071
39.677704
30.417795
40.29769
38.511574
26.045273
23.721962
24.34594
26.845123
19.05203
32.16358
23.15175
39.571533
34.678253
35.305946
16.922523
33.75869
38.62033
26.582037
34.82617
36.099857
27.41896
21.753567
31.224218
27.955074
26.611162
39.954327
19.06194
27.97942
27.952383
24.450457
20.872915
31.139757
25.905254
19.0413
23.911983
29.868778
30.054474
17.627977
31.29966
39.864964
30.882727
34.892883
31.742846
23.619345
17.430376
23.261776
20.390665
31.134657
26.7621
29.361185
26.691032
17.499855
28.876516
36.03735
39.732555
30.992588
22.720224
17.668926
27.488174
35.20463
37.305614
24.984211
39.620926
20.319921
32.582134
28.884695
28.068998
20.122211
15.673654
24.880157
23.496262
30.569025
15.369907
34.656666
28.876207
36.840942
23.34791
25.02728
35.971287
34.65998
28.499622
19.056269
36.27633
40.368053
22.95507
19.501225
21.113825
24.766373
20.915419
36.88342
18.00057
24.038792
28.248524
17.475279
36.149185
25.216934
25.949764
36.284874
17.024788
37.592213
20.033882
26.720856
38.24619
29.239573
38.198997
34.037228
34.802578
15.390111
35.691772
29.885933
28.55088
36.774403
35.20316
16.346178
29.265589
37.255756
38.33701
31.653004
18.131952
39.082275
39.219246
36.513557
15.505126
38.908897
36.153168
27.378107
15.002006
36.375423
16.87687
25.323761
29.549057
23.473661
18.941622
36.312508
29.878674
25.196762
19.005463
32.501057
34.14816
38.035904
39.424152
37.00857
26.849655
28.774406
33.422024
38.08941
33.985886
17.726528
19.338127
39.011402
37.605774
16.077965
17.968521
39.106354
24.225689
22.307405
36.863373
37.437836
40.40606
29.803185
15.587984
31.322456
26.809923
18.73639
38.419746
19.544273
17.438974
18.011509
25.72834
32.517967
33.424385
33.68803
30.374525
16.88504
38.743805
40.651085
40.863094
40.068203
18.54257
24.506557
18.698627
21.162685
19.356302
20.685835
39.417885
30.20922
36.46372
19.567636
37.110764
30.371923
24.842628
36.05909
18.89197
34.835373
32.758682
19.525549
38.748547
30.338675
30.885668
23.218393
29.463753
26.180262
21.037685
15.422267
30.905668
35.255833
25.087769
31.428043
18.869349
22.23268
34.454075
18.135061
32.87415
31.317295
19.65399
15.595881
33.84331
26.23912
21.858063
26.139158
15.430777
38.05181
18.119879
33.84095
29.910532
18.144384
21.014578
21.062021
39.00676
40.458237
37.7879
32.528553
29.81841
40.32185
37.799255
35.005825
34.079678
19.543736
36.036503
19.999287
25.398352
36.444992
28.78665
28.11468
25.826773
29.366497
37.16599
32.718594
38.145634
18.851702
27.144701
23.363178
25.578672
15.184536
34.94512
32.07343
32.306732
28.25295
16.249563
16.042795
40.112576
35.812126
32.52265
32.54256
30.763144
32.137398
19.934816
39.92275
32.323986
25.785458
15.867745
40.467106
36.500793
18.723455
26.789145
24.561853
37.316048
33.439026
27.403433
39.147858
18.954058
29.810434
22.416534
20.747932
20.445553
31.494394
18.997084
28.495926
23.013514
38.380276
20.073074
25.541367
32.364647
15.262807
27.972013
29.963322
22.98641
25.30147
38.594383
22.89932
26.597366
18.063286
30.304274
25.979977
34.29899
17.98669
35.027763
30.357225
37.69
17.957722
27.668686
17.623827
40.229668
16.355759
39.883133
26.744081
20.474375
28.40457
21.498167
26.750465
25.462202
23.955439
21.41678
32.408123
35.48312
21.932655
27.720444
31.308971
24.74781
18.587667
25.862024
21.929424
16.055964
18.436712
32.33618
37.070446
23.465406
15.29777
29.020844
31.796026
23.176144
26.196169
28.502611
27.495832
21.36896
17.074224
33.130516
26.020096
28.575974
24.218777
22.286718
33.969585
31.311033
19.111534
39.41937
25.170732
15.150643
25.01062
30.752037
29.125757
25.231602
30.987768
27.265646
22.799961
20.219305
29.374083
24.543137
28.493021
28.20118
35.60835
25.373606
25.738466
39.67251
29.335337
33.63185
38.18526
21.807339
18.267624
28.880907
15.237646
29.545067
39.802902
17.389296
38.86424
26.673662
23.679815
16.811296
22.434546
40.05338
16.058857
16.647785
20.70093
38.400223
23.33087
18.78673
24.116226
29.636307
40.68424
19.91665
38.56206
17.714619
32.002815
30.412933
21.260124
31.038647
26.020227
22.416067
29.148447
38.12265
34.822144
25.252497
19.326998
21.97628
30.766647
35.09293
22.311665
24.847685
20.68384
31.799557
25.782974
29.422022
33.819366
15.28285
33.275635
33.3478
34.40253
16.370127
30.827301
15.051302
16.948147
35.182343
20.989672
20.199728
36.44242
21.322128
21.802345
31.886654
18.416504
22.795233
18.339575
15.6386795
15.5774975
26.519224
36.2624
30.680153
34.145164
28.517391
26.443302
27.543144
26.333595
22.452454
31.177885
27.072817
39.520645
27.023825
25.757805
27.15367
37.563904
35.9338
28.251448
21.070047
21.450556
38.622204
21.22359
35.31472
31.009438
37.775684
39.822617
28.872173
20.767145
34.73688
19.173553
22.528687
15.196067
32.37053
40.33748
21.599167
35.580696
34.68746
22.232664
18.611057
16.519659
37.584362
20.859993
39.948574
32.68431
27.426
30.935053
28.235882
37.870888
33.8786
40.6015
32.32575
34.61162
34.39687
21.28508
31.160543
33.651276
20.074043
39.94498
36.48543
22.449074
38.183376
29.988913
40.418903
34.532047
33.671116
17.940619
31.22375
25.00423
28.105194
17.583231
16.27192
15.8073225
26.140486
39.74925
39.159676
17.43175
30.430632
18.187553
38.204735
19.693256
36.09804
40.010246
28.145061
38.91856
23.367872
25.106813
25.759377
34.424644
17.778374
18.610397
23.342236
35.529808
33.49918
30.0107
21.492065
23.500582
40.720737
35.83036
16.508297
32.81712
40.822174
15.91635
27.84423
36.93074
23.08164
18.345238
19.525112
27.290764
28.0622
22.700945
34.21627
30.83381
39.488045
18.05583
17.714125
32.357277
22.419922
20.370779
19.033161
16.23968
40.84532
38.22716
26.974998
18.82409
36.418118
33.813362
30.09091
20.446909
40.013935
29.910799
23.287186
16.572733
29.011793
33.259113
36.973003
26.787071
29.769001
18.127556
39.613472
26.502207
40.625687
21.179207
35.825813
39.14751
23.95672
37.787136
29.744558
22.34402
38.28316
24.846153
35.282112
34.104095
21.26179
33.821278
15.123747
16.450537
27.49063
22.283644
26.821709
38.0155
35.499825
16.506954
23.190792
40.158104
32.04151
17.83226
23.35828
26.930614
30.848885
15.456209
34.28398
25.826618
17.403824
22.057568
22.341454
29.660624
22.934126
32.249176
30.639496
26.157011
21.855433
35.227203
16.16323
40.867317
15.179691
16.186853
39.52715
16.888277
38.031067
36.08347
23.157772
33.519196
18.341852
24.14018
17.061504
17.475555
26.04513
36.138058
40.983654
28.566952
17.6375
29.972008
23.727495
22.850872
29.854383
32.215378
38.6776
30.18985
18.382038
25.508492
31.159586
25.868088
37.02455
34.471172
32.168823
31.464615
21.550728
21.536495
32.21352
26.533592
34.564926
15.612845
34.542973
15.808353
21.17756
31.803549
40.86974
34.624348
17.995039
23.548195
16.844774
16.04709
18.005724
25.49695
17.007542
26.794817
29.307417
30.189013
21.70847
39.461487
24.30371
22.178532
17.589018
33.774345
19.990562
31.63617
32.605022
37.661266
15.261141
15.6516905
24.291836
19.756554
17.776142
37.472736
39.995247
28.639984
22.878357
17.73724
22.129957
28.582323
16.274502
35.39168
24.177874
16.861605
28.76386
25.434618
26.10131
37.817913
27.162539
23.884756
23.121607
39.730545
20.753647
33.44505
19.40153
34.32978
39.08801
30.219072
18.070282
25.296677
38.76649
38.53321
33.242764
25.457672
23.954323
37.427967
26.210135
36.546894
15.809282
40.70393
32.81668
18.387545
33.74991
36.542725
16.188272
28.134768
32.546417
26.670559
34.44069
32.825874
21.586184
36.7917
22.771412
15.899908
24.34736
31.591497
27.426428
36.576927
15.108197
28.993397
37.43392
32.028526
40.226418
17.551483
34.709656
38.124527
28.942043
33.87011
38.164272
25.206821
27.588768
15.764184
28.78051
30.819927
19.343054
35.50863
34.278908
27.618702
21.19685
23.972689
23.953259
35.777313
34.708878
22.694614
34.53264
33.13946
35.271145
15.024408
22.514606
29.078499
20.121468
29.347202
35.314617
25.576916
30.139397
29.097004
18.78959
39.388412
40.582096
19.780375
28.218916
30.311586
19.348406
16.551855
37.66413
32.58289
30.103386
17.017681
32.77883
17.18752
25.652357
40.891674
34.603333
38.490368
26.322496
20.88687
36.65393
35.005245
16.791832
27.798792
36.704556
19.349031
36.799454
23.120983
18.058935
28.468498
36.477524
20.730711
26.82436
26.080986
15.664762
17.192501
23.723463
16.936226
24.492716
38.049458
15.318338
24.984995
19.780289
37.10705
22.171741
20.831451
22.328615
37.161324
22.43295
31.94936
22.07754
31.883299
38.611317
38.05857
37.26657
29.643522
38.88838
27.786518
36.23735
38.945553
18.219833
15.280623
40.321262
33.834385
38.69151
18.790894
17.375072
34.155643
15.118959
25.408127
33.95891
25.863579
20.718054
15.121582
23.895334
38.710667
36.824493
37.151005
28.004572
30.598984
36.10291
18.11143
40.180393
29.633102
24.461735
20.985191
28.652582
32.486736
34.977814
36.104057
36.276173
39.07993
39.535187
24.385485
21.994226
16.76103
22.595343
24.92042
15.240079
28.197273
32.541622
37.676186
17.976662
16.000244
33.378334
19.556416
39.31456
37.747124
31.21561
24.351088
19.207188
17.505922
35.933773
28.213167
24.590586
32.23274
32.696556
28.214422
19.516922
35.48121
18.57024
20.26149
36.325043
30.749249
34.4063
16.19425
39.697926
34.48528
17.357935
34.242126
29.576117
32.286053
20.926342
32.179924
32.327858
21.140335
37.270386
22.503319
40.32072
29.707554
16.663801
21.735165
40.096222
29.567728
31.446888
17.577265
18.718073
23.138805
34.595085
20.038292
36.54626
18.529764
32.114704
15.897035
36.68343
27.982624
17.876417
23.901205
28.646547
16.753769
39.21015
20.955494
22.436066
27.29474
33.61022
19.218655
19.10638
27.414957
33.237595
18.507822
27.185568
32.743534
22.556484
17.699383
30.848986
15.254687
17.405394
26.919153
33.620487
34.88094
27.07809
15.230674
38.556633
20.310646
26.577923
34.258938
38.363426
19.951063
32.109253
24.727898
22.70172
32.73554
21.08267
30.243565
29.05663
28.963076
16.436071
30.820606
29.977867
23.680843
31.911522
35.6288
29.24211
33.25497
38.078293
32.226723
26.545107
39.72219
20.355251
38.15364
26.700405
31.27471
28.061302
32.166435
39.003216
40.80292
39.610313
36.63711
23.412018
23.805344
39.36749
25.667278
18.50727
26.172424
18.396986
37.32957
35.805584
25.360672
40.35593
39.112064
39.939476
37.295746
27.127935
35.120102
36.456875
15.977989
38.439587
23.881138
24.551304
23.211111
21.666246
18.701553
16.902628
30.134493
26.308949
36.44057
26.990084
28.31187
16.211994
19.29477
19.733343
40.01391
29.4913
25.727833
28.123999
25.02944
31.356428
21.033598
20.629059
24.849901
20.534586
37.18652
27.579641
20.393812
27.842817
25.61222
15.502178
26.572823
17.604986
37.30169
40.40615
31.948204
17.073011
24.296383
24.411423
24.486382
15.787256
24.987352
24.779987
28.994368
25.898815
26.90007
16.410963
40.20076
29.876875
36.677734
34.164436
19.645172
15.737186
17.829199
25.998787
32.548794
39.953083
22.473808
35.83786
28.660997
18.54838
27.793898
36.328392
32.711708
27.521872
19.196688
40.20483
29.546492
30.716042
22.290916
16.847813
40.28106
36.51797
38.699455
21.804106
30.884281
18.36836
16.45776
15.530122
39.48334
17.954918
32.288975
29.427616
29.382175
30.179316
26.400057
30.359386
33.29392
29.51225
38.60924
31.264444
16.610432
30.189087
19.593786
15.236198
25.666777
15.8489065
30.837845
35.483917
24.905651
31.682707
33.463886
17.966824
18.60671
39.931877
25.54712
19.17182
22.417864
27.665974
39.74081
38.50002
19.310436
22.169176
34.081512
37.03384
19.777357
25.977753
22.696611
34.075615
33.10328
26.636204
15.802754
29.780285
29.357832
35.577663
17.862091
36.448875
24.397936
34.184547
25.054398
28.60613
18.612417
39.048267
20.326605
40.85476
16.401888
20.722303
22.197268
28.680473
31.459137
18.850765
16.222065
34.87607
38.800056
21.454948
21.567404
33.059437
34.192368
33.373337
33.49271
21.879637
29.139215
24.375868
33.708054
20.93662
36.896877
33.311115
36.552197
30.184547
34.14077
36.795567
19.727262
16.645105
33.84096
25.416895
15.929606
27.626465
23.66842
25.19865
30.13266
26.325146
40.825287
27.161636
32.505867
31.682165
40.577328
33.217606
30.994953
31.671543
19.963999
16.343826
34.442234
35.8183
38.17127
35.012493
18.791739
28.674807
34.87461
34.186737
25.402325
29.22845
37.494423
23.845562
17.783167
27.770157
23.753283
34.96268
25.16929
29.622597
21.1843
36.139893
28.271034
16.308409
40.312054
17.683289
24.259716
29.232962
27.112389
25.811102
26.59285
20.762844
25.054564
19.894905
36.63576
20.700375
27.539093
30.161165
20.202463
22.586079
21.866814
28.118143
23.117157
16.005205
18.009497
35.123474
37.688797
34.131046
19.399607
21.970661
36.594563
30.10688
18.716564
20.148115
18.08424
23.550098
33.219124
37.51224
36.645893
33.456112
35.558277
19.516495
38.31431
34.08636
37.20229
37.851204
23.657185
40.043858
34.61534
17.37433
24.140064
17.671312
35.15342
35.55126
31.04949
36.151077
16.27594
20.2721
20.444927
27.24274
24.11877
33.87782
40.713463
33.463375
21.734198
33.502
23.217384
40.69708
23.375517
36.422844
23.253117
16.714561
15.088821
38.02046
20.081207
21.890213
37.57172
17.14732
25.140362
30.523205
32.76855
19.245302
34.724705
24.600801
36.993885
35.38037
23.38187
32.58625
36.51093
27.516623
29.080576
21.870197
18.438616
36.814114
28.799833
30.893757
30.621017
22.510366
17.60797
33.633007
34.664974
32.033306
15.528172
15.128794
22.736526
40.393795
26.528236
40.052372
34.90409
24.618828
40.82576
30.916609
37.82604
33.011784
31.36601
32.47401
15.402591
29.364105
15.80823
24.087082
37.64678
34.8931
38.64714
40.413105
23.476372
33.64349
24.199928
24.614557
20.388563
20.36568
16.105038
31.4881
33.05136
21.47169
38.707554
24.399105
35.730473
15.569962
32.24703
29.71544
28.167732
30.293291
23.117088
27.553268
39.036793
22.659374
36.63222
24.079344
39.424225
35.04147
36.715538
30.358372
34.918804
21.977009
18.712524
25.790663
40.839058
32.50489
16.13907
32.554455
30.88899
38.497562
15.588306
15.148897
37.104042
29.541943
34.24911
32.127872
30.334202
31.323576
17.530302
19.42141
27.708445
35.18129
22.13795
40.26065
40.534355
21.525093
34.61932
23.653921
34.909187
33.147854
26.865435
29.605633
25.953241
22.111738
22.3553
20.826347
25.023867
21.853277
30.028296
21.55152
29.52796
16.426306
20.58731
20.268032
27.023283
33.38991
22.763683
30.64181
15.183607
29.748932
34.616013
21.746428
30.899908
23.567423
25.288467
32.811752
31.299728
33.400898
25.82018
21.14333
34.788956
25.531061
31.57587
26.607353
27.355118
25.13712
21.658836
16.132673
18.318556
30.000645
22.270983
29.050495
40.477524
38.1164
23.400549
38.773987
16.165642
23.669348
39.446743
36.31424
19.124825
19.238523
20.43148
40.435566
30.294058
25.801332
37.301937
37.87237
39.624245
18.137188
36.49371
32.9614
19.851503
21.567307
35.40275
23.287258
39.796154
16.617931
35.705437
38.49596
32.20184
35.15704
15.569499
31.300053
20.389025
34.830044
16.714615
30.880878
25.06935
20.207937
24.01004
37.387363
33.552128
38.96155
31.83753
32.037582
28.271484
31.588718
36.80146
28.44838
38.07247
39.746326
30.533972
39.249958
26.016674
31.07724
37.32157
21.786585
19.60264
23.57243
31.070494
37.761093
39.24378
37.97156
32.731842
26.050066
26.605982
40.48065
38.723347
21.598198
35.97971
16.173304
29.113234
26.294514
39.245808
25.842443
19.372648
30.039692
32.191814
39.782352
17.356585
29.832962
36.945103
31.006168
35.83936
31.638609
24.111576
37.741966
28.40907
34.036335
38.84335
36.700844
36.816612
40.216305
23.506168
36.573406
36.97828
17.748867
27.87698
37.48638
16.746956
21.740595
31.87448
32.739033
19.295536
38.482433
39.71008
26.03937
23.4971
15.502327
30.044115
36.673084
35.03996
30.053913
28.24184
32.56355
17.181704
15.504492
40.145973
31.019056
28.024849
19.829557
35.917404
17.113913
31.98776
22.477922
37.442936
34.112846
34.747986
35.24052
33.56856
17.123634
33.351185
33.43764
15.989276
24.250683
40.407364
15.73354
23.010954
22.92276
39.337093
28.193903
24.597271
32.78088
28.483953
26.820887
40.12429
22.53782
15.57543
18.732044
22.087673
18.558558
22.493038
39.393597
40.64219
39.561382
21.603415
25.875143
31.30053
26.802284
29.00569
25.962082
21.378122
20.380592
26.96643
36.14358
37.842953
23.8918
31.541958
39.988174
34.114147
31.55381
17.9289
24.225588
22.050383
28.14582
35.43731
28.97266
15.878855
38.62437
34.146698
28.972775
25.137924
19.119022
40.283913
22.462368
15.841214
26.160536
15.152684
17.334795
27.0183
24.457233
31.048313
16.640873
27.546791
29.310719
19.006899
31.147125
17.762993
35.849937
33.467045
27.666891
19.722958
17.663013
29.96301
26.186066
27.183155
36.119118
25.821781
38.42441
37.37962
20.698114
34.50254
15.405019
39.506798
35.98351
25.695553
37.84862
17.432037
32.624695
37.588467
16.76611
38.6289
25.537357
26.811605
20.491737
35.57233
20.886274
35.489735
40.581184
19.91091
37.982674
39.556465
28.492706
17.616163
31.128658
20.028267
19.7763
19.006287
35.654133
27.28878
38.614964
35.05124
23.917038
17.600006
34.993717
32.688587
36.875614
31.035471
23.516212
23.014132
20.991755
16.821589
22.945477
25.158674
24.687475
27.676788
28.914309
27.422024
27.351837
35.15417
34.93266
37.80762
16.983616
35.221817
36.81337
40.48591
33.955364
35.356003
38.944305
36.91187
34.097397
23.276007
15.454083
24.331848
22.325695
33.11529
33.250164
24.237192
18.375467
25.302263
17.152351
26.956787
28.852676
15.714931
23.901224
32.02805
26.77858
23.777205
35.690285
15.245561
21.077818
26.08066
23.052193
20.358852
36.04843
17.844099
17.42363
18.275599
20.752571
19.06419
23.519913
39.323757
32.47962
39.56409
36.76971
36.635925
30.958729
39.31289
15.491796
37.04151
24.83577
21.367237
29.23989
37.986996
33.08002
28.577587
39.79837
26.951923
15.448853
21.80494
15.6806755
27.58794
39.913975
32.810024
18.663944
34.380524
23.040848
23.205347
15.887502
33.017784
15.713087
25.901577
21.349518
28.847984
23.306711
29.333246
26.255249
30.817202
26.444391
29.414738
16.601934
29.10083
17.797787
27.656065
26.62957
31.277342
28.05646
18.158993
16.323393
28.340054
32.14468
37.317486
40.02309
24.102348
33.042927
17.96259
39.375347
17.624144
33.158684
28.420275
15.360527
40.172066
24.091574
28.491823
32.930874
27.92314
20.850788
24.719894
37.91682
19.131546
30.108047
34.469337
25.289568
39.80022
37.907387
32.33042
26.6123
37.0339
32.403282
37.14307
36.569004
32.197453
27.66167
15.544357
33.828983
24.763056
25.333675
18.357328
34.18688
32.30219
24.09985
17.36792
33.912045
38.46296
16.183083
16.077648
18.547842
34.970753
19.941198
34.873314
17.020538
17.699852
15.575708
28.720919
18.849108
30.685923
35.331036
19.96961
15.49142
27.584126
24.208923
18.14237
19.418905
23.524776
32.185665
18.693756
34.38094
37.57831
28.195108
27.631
25.501831
31.113506
27.728378
26.62328
20.347454
38.21781
21.80156
21.76497
15.905154
39.045704
39.255535
28.51228
35.53976
29.470938
30.877531
23.478558
30.420156
18.740736
18.671825
20.752234
29.654953
18.964724
38.757473
38.19221
22.432552
20.218716
19.833757
29.759193
39.829914
18.803213
34.92953
15.357295
23.63606
19.7687
16.240427
15.888953
16.530481
36.204685
23.258364
26.267042
30.263186
40.986595
15.110646
26.981705
40.102375
33.684425
15.051339
37.485336
40.74728
34.159412
28.38549
36.1378
35.147896
23.009571
38.75719
17.744822
31.229933
19.472387
39.695312
22.826143
20.392527
21.652634
22.586174
30.665968
25.827774
18.01552
34.830303
30.92678
40.205444
22.97024
36.840786
24.1486
35.07272
29.066147
39.753662
21.809277
22.438038
33.833645
37.246143
21.78747
32.43976
32.624054
38.69641
23.04839
21.744453
31.937588
25.069025
24.163471
15.376317
28.67572
15.372968
39.87867
40.048306
39.51408
38.3147
26.361984
21.74728
27.164259
28.856472
34.98949
26.319523
22.677626
18.790562
18.56999
31.10971
39.141598
34.152992
28.762104
40.325466
34.128506
22.325651
25.10346
24.731369
22.079485
22.013645
40.55028
25.520338
35.440636
23.935125
35.71663
16.767033
24.81585
19.023672
40.10608
20.736965
37.6606
32.21874
27.54466
31.506756
30.113132
15.507579
32.752323
34.845013
35.44438
37.782387
22.531328
34.110054
39.305084
25.289366
18.403355
37.039692
22.458408
28.971785
27.693224
36.74014
40.008663
19.84693
39.035603
27.92501
18.2714
28.707363
24.072086
36.51223
24.377512
31.89968
15.709561
33.055668
17.463661
34.70939
20.7268
20.170021
23.873678
27.968462
18.744696
23.101608
38.18032
37.902428
40.616627
16.90434
29.034035
39.946823
35.14889
31.29932
37.855125
40.288197
15.727238
31.228115
33.208054
38.222702
19.903963
17.353952
16.331291
26.075838
17.291111
32.321648
29.743427
23.389576
36.20882
21.456287
35.106056
28.358732
31.45384
26.762299
32.59614
40.086166
36.281822
40.57865
17.92542
24.126852
31.237938
40.052643
40.84156
31.003752
36.82392
27.71381
36.455685
20.903782
36.15568
20.861135
30.063034
27.600124
19.744093
31.220936
23.258326
28.797403
39.32258
26.389366
34.094692
36.55929
39.24872
29.942675
18.79478
34.253357
26.422989
39.779972
23.094877
27.535963
34.896366
40.257404
37.68771
20.300331
31.379498
24.979258
18.42684
18.223879
26.719625
37.73073
23.965275
32.576206
24.077578
24.968582
33.323273
25.287079
23.015493
22.530287
33.515022
36.92418
29.997118
37.778595
32.811176
20.193123
17.905924
18.267931
34.473934
22.847878
30.102365
35.20037
34.87372
35.487362
20.270077
34.43332
22.781172
33.614555
27.841864
27.607489
39.325527
27.547314
36.14982
29.083015
38.620125
18.295397
26.60993
32.803158
23.378124
18.356205
37.230072
18.949146
39.976295
31.532059
31.52125
21.306425
15.371908
31.334736
32.495544
22.631662
38.0376
39.31843
39.850143
20.991514
30.651386
18.770126
28.665424
23.0383
21.66362
25.586756
16.986055
24.4944
24.060127
36.881542
35.50756
37.736267
36.6504
34.88709
17.256865
25.30065
20.032024
21.060902
18.63378
28.379744
38.017338
26.94924
17.47153
20.92859
15.75546
28.32819
20.877771
36.877254
24.042747
23.416216
25.533688
36.12189
39.38688
26.540297
29.857252
32.462967
31.2746
19.538223
18.977697
17.465595
23.79038
32.392452
33.82183
26.335976
18.243086
24.116316
28.77877
29.33969
20.779875
28.751345
38.388256
29.031656
36.101517
25.484728
40.28869
17.624245
39.34035
34.35896
31.264515
30.189135
24.922108
25.820986
39.6487
26.070219
19.80485
29.446192
18.56441
30.878922
36.87327
32.57281
20.531158
40.74997
20.463678
19.295345
28.81414
35.15481
30.004892
32.29094
32.561447
22.501522
23.582436
30.290506
39.252476
17.99408
20.868258
30.65686
21.271765
17.78072
22.30543
21.49493
19.526052
23.290033
38.697083
40.994583
21.938356
36.835217
16.421013
39.29444
34.381397
32.061016
32.376305
40.05546
28.153692
18.61448
19.465425
39.14596
15.455185
27.539892
17.92513
20.36516
32.48523
26.329779
30.141716
26.970173
40.76437
40.30809
32.720947
40.921814
15.07226
18.078297
31.530266
35.227436
16.997663
15.138258
15.190618
28.534447
26.512444
25.445364
36.06752
27.215988
32.209995
23.709616
21.195772
24.590717
23.889576
19.498917
18.769451
37.631477
27.021488
27.86003
24.83861
18.543032
35.294147
24.090227
29.676363
31.926949
38.92249
16.538906
39.914814
23.902122
38.688267
28.874962
28.995543
39.512264
18.786272
20.124952
30.740107
19.027128
39.46651
40.968662
34.91836
30.332106
19.190931
32.272865
23.577034
31.501238
31.564255
22.650665
36.58839
24.861542
26.652037
31.95301
30.388527
27.38198
27.46505
15.030549
15.197059
24.058285
16.367628
18.848166
27.144827
27.115202
36.958614
26.091185
32.68344
28.31067
34.577087
33.771366
27.410276
18.401806
37.001
22.022417
16.014755
30.920424
16.135485
38.26896
38.43663
22.806316
33.52848
29.259466
15.524078
34.15927
39.404926
28.072865
31.489359
29.396318
36.57676
23.140106
32.2819
38.438488
37.064476
33.56618
38.633568
35.20185
36.557014
39.594673
23.978046
39.630398
15.940246
30.926117
26.706072
22.783802
24.04039
16.782982
29.290533
24.080933
25.457157
28.108395
37.700172
23.700392
23.90245
24.092188
19.217934
35.352287
30.813988
24.337118
25.289745
33.16076
17.179195
34.4097
26.3518
29.234737
35.48325
16.26421
19.71915
15.654777
20.486187
40.085148
17.565718
20.066687
24.13745
22.462458
37.785557
39.848103
27.352339
19.495543
22.097532
39.902004
31.603296
26.416254
19.140238
15.531569
16.319952
21.627588
19.50136
36.563713
25.945454
30.674065
24.635395
19.913935
29.162539
18.591331
34.445877
25.1231
28.281345
31.326717
28.943089
23.04711
17.07202
40.4791
33.83549
33.8433
40.428604
40.475544
24.172802
38.672863
17.166824
21.483871
34.23099
16.126402
33.986744
30.854456
39.714252
17.280128
32.1725
40.691086
28.04613
36.503197
26.954576
21.270037
28.031961
26.661907
32.62635
35.45799
19.496828
31.20455
20.484962
34.023647
40.63819
23.760914
39.45769
21.794561
25.779476
36.353527
16.878473
25.979692
32.970768
36.092937
17.295279
16.660103
35.454933
15.317308
34.41748
31.444033
21.402382
17.53705
17.35348
33.58952
26.514774
35.25793
15.142273
33.516663
22.107937
27.781694
27.24872
35.56339
23.10635
15.420974
22.170757
23.082685
40.01646
39.21571
31.597824
21.535866
20.393229
18.20122
37.663296
35.105663
18.574202
33.553375
39.74974
39.534485
29.527563
32.52433
31.034248
36.387383
31.545437
16.982521
25.502283
29.745913
33.21098
25.58366
37.511776
39.458134
16.57755
31.124771
16.155415
31.501759
38.820507
31.471199
19.647484
17.761515
20.756977
35.596985
28.75262
20.578426
32.576153
25.741774
18.87745
35.797905
36.882534
38.46296
25.86198
27.725155
34.72665
17.449518
18.736214
26.390554
23.682741
25.364458
17.748457
25.83425
20.229969
16.695707
39.82526
31.738474
33.703648
24.620594
28.289003
15.66759
21.905128
36.227005
31.137623
15.4201
15.093789
28.084707
38.482002
18.553484
37.5319
32.12318
38.840076
23.011827
30.012758
40.047707
27.902657
28.967909
18.874933
33.113377
22.114592
19.485487
26.890041
38.977013
32.955837
38.414227
19.108904
38.55998
18.160501
38.04881
26.260597
33.38012
17.278013
40.515415
35.621197
25.649132
38.959038
33.59294
26.403809
35.58185
32.13976
37.732887
27.668732
22.827019
24.901731
36.41108
33.512325
17.704386
33.200447
24.625956
22.865492
31.02089
30.884296
38.352303
29.617384
24.639105
26.46669
33.066032
24.977266
22.683979
20.967493
38.07462
35.997158
27.29931
26.806059
19.319567
40.00024
21.203304
32.2066
28.561337
20.294695
15.942897
20.867668
29.413847
23.999945
35.70948
18.751019
28.564798
26.072037
33.854034
28.76119
19.69969
30.68715
22.82753
19.815578
32.141556
26.027018
40.172916
27.345856
16.025099
37.20725
27.407839
27.625107
16.943014
20.599388
17.162659
24.48099
27.433943
25.11973
36.77625
29.933847
28.42566
26.192753
15.702365
34.089664
20.803713
16.044239
25.542383
32.221233
25.644882
19.73893
21.295473
20.387032
35.336456
27.949865
24.505272
27.165659
38.796497
16.831272
23.382425
16.124887
28.31688
28.564157
27.695322
15.497727
25.169996
25.153536
27.2467
28.204025
38.051773
20.878458
26.091698
32.834606
38.677616
37.430817
40.303318
26.505955
34.40473
38.226112
21.05419
39.597008
34.623253
26.629177
19.058832
32.295555
29.840311
40.91012
33.008617
31.610384
15.875352
16.63046
29.531908
17.04619
16.391603
24.856785
23.424839
33.491886
37.10773
22.108915
22.423525
31.038902
28.465385
35.271935
18.626415
33.42464
32.272507
21.836143
34.825882
25.58718
39.898815
18.77625
28.471016
28.420937
34.96913
32.140965
24.759048
35.23893
34.181797
25.9963
35.4406
17.675854
15.873574
15.750759
33.324467
40.807167
21.259056
35.087814
24.18047
22.112911
23.8918
17.740814
23.764301
36.581013
40.825977
25.167786
28.026215
32.723297
24.201513
16.818306
27.215755
25.568537
16.532305
25.131933
19.557653
30.800238
28.846287
26.667402
35.449394
37.12305
34.007706
25.834106
24.718807
21.670065
30.04612
26.582106
23.380535
33.804348
36.12333
40.104202
40.542973
30.021564
32.888485
35.113373
22.642784
22.826536
15.403371
29.581125
19.021963
37.435143
22.56393
22.957079
18.012737
17.943933
22.000734
21.837397
30.158587
31.21338
19.810316
17.809385
16.974985
24.126678
40.15083
19.771929
21.741394
28.11456
20.729704
32.41609
25.2164
15.87755
26.517591
39.747574
29.880802
21.090683
39.64201
25.54248
31.338833
16.541597
20.345783
23.449965
36.845604
37.631596
38.13946
34.090336
32.57923
28.46012
33.833607
24.944246
31.238997
36.816727
24.005905
23.088514
35.826305
38.32058
35.63975
40.906242
26.0531
28.67605
38.165077
20.78383
26.722713
16.553997
34.938866
28.504614
30.641127
25.961815
40.32184
20.558662
36.14193
18.131392
19.93959
37.910595
31.146177
16.932579
22.460466
21.901926
23.828772
30.610832
31.279146
28.911844
40.42579
24.251173
35.86409
17.159967
33.492718
27.786665
33.208588
39.607
25.011265
35.59808
31.819284
23.293894
40.143013
17.792473
31.982775
29.65745
17.140846
40.101868
20.669903
30.369972
34.954693
37.00933
39.369102
27.072971
24.405827
21.18816
20.38424
31.009588
15.454521
21.630938
31.68907
18.00769
32.04861
22.948795
26.299534
15.525395
23.315968
15.237135
35.306774
39.543015
35.451836
23.632648
32.207928
31.970156
40.552227
33.227455
33.97832
31.934055
20.8576
32.35974
35.4479
26.824883
29.396389
29.46619
23.976309
27.296122
26.855814
25.660181
17.165262
20.552818
17.65781
26.990566
29.403357
36.207817
35.680847
22.939484
25.407774
34.745815
33.843727
39.133617
26.60881
40.207363
21.855404
34.47185
27.217438
26.089706
40.835205
37.91327
19.12265
36.65863
24.220783
38.022976
34.384537
36.87518
23.40646
25.039234
17.020672
36.963516
35.892548
16.70391
26.027481
24.280771
27.376635
33.38926
19.135008
29.59719
33.180664
19.157585
29.662508
33.154503
32.683083
23.306309
25.024044
29.942768
29.013193
27.679537
26.927341
31.52074
17.165224
34.56821
32.115807
33.40199
16.902576
24.37439
32.622814
34.538845
28.348022
25.381372
31.938864
32.758476
15.993584
27.949677
26.236565
31.140152
35.014175
32.250107
25.85481
33.270084
18.232
36.248547
19.612846
40.06987
38.854065
17.07311
35.20643
31.46699
35.193096
24.122929
30.932516
30.560444
22.982504
22.31869
35.29552
34.13197
32.60894
22.748714
27.667269
21.362953
22.611395
39.63029
35.104553
18.439547
15.133651
26.984512
37.672173
28.363104
37.667324
17.71389
37.176117
26.730482
36.3856
29.87555
36.08058
31.508375
33.643158
25.858782
34.56428
23.898214
19.805681
21.904278
28.165472
34.27289
23.472727
23.94339
26.271946
35.863796
36.37065
33.089245
26.831264
35.38656
21.717615
22.277601
39.08816
28.115906
27.700663
16.533794
19.900225
25.055098
32.855183
17.133213
20.239586
29.792461
23.60002
28.526157
28.857458
20.397396
33.956825
30.314064
17.77007
27.280453
37.57021
22.792496
29.2186
31.326918
22.54555
15.617385
32.06245
15.810501
26.334295
39.004475
29.184238
36.603592
24.921942
25.537964
20.416628
32.022743
19.911732
38.142883
37.745155
30.282824
18.747593
24.066658
23.097975
22.98059
15.282642
21.818953
23.902428
23.28813
16.175013
37.934834
21.770151
37.60892
39.180653
39.154804
27.16645
21.334042
40.31312
19.156294
31.726364
37.033283
38.05331
29.32473
39.998978
32.925743
20.317387
20.218254
25.83318
30.796652
39.729187
26.358768
17.362196
37.662083
26.893642
15.772917
22.60089
30.430313
23.830698
37.310177
37.03892
33.568485
28.504667
37.18124
27.29456
20.355442
36.471703
29.388363
16.887993
28.686329
19.0686
18.760418
15.49976
22.59193
25.278976
26.158829
39.69888
30.645355
22.43822
35.086678
25.057095
26.251024
21.276594
33.411697
28.809622
16.44568
31.450182
29.204931
38.779552
27.288342
26.672277
15.800374
20.152124
27.175966
23.83326
36.09684
22.86676
40.49382
40.084793
21.851925
20.888885
18.894287
21.764666
40.258873
24.430204
30.19518
33.251446
15.450704
37.30522
17.398314
38.363487
16.741932
30.043468
24.651438
37.75476
18.396828
29.121033
39.111313
20.910349
35.50404
21.731567
35.61305
38.80735
31.141027
21.886219
26.810566
37.082294
29.427746
23.313417
35.02525
29.634113
37.297462
17.623734
29.42477
20.992035
28.853752
40.51153
39.35113
40.490757
40.03605
26.384415
29.626945
40.320534
33.98233
38.74298
20.491043
40.857758
32.955868
27.877613
25.44945
24.332075
28.994106
31.005693
18.77486
35.848774
22.541206
16.841671
16.64766
31.06083
24.241764
16.774166
34.0037
34.372623
17.801825
32.31836
21.038855
32.45798
19.364239
39.31861
31.017633
15.087848
39.198967
25.495295
18.542896
22.788498
20.674957
37.361652
38.76597
22.68894
23.458708
25.280394
39.151245
40.0666
18.67568
31.486599
16.356634
39.56332
27.374199
27.272488
19.550888
34.81898
20.047535
22.211363
24.06129
38.358074
22.19836
26.292078
21.629732
20.964848
26.970768
23.142103
21.75266
29.495567
32.728596
21.136358
34.59003
40.10186
19.12479
35.120625
27.750689
28.176952
29.685068
34.722527
18.896414
22.987
26.220116
33.779633
25.554066
27.912676
30.484158
17.283482
24.78506
28.501451
21.413673
23.41987
26.433708
22.119013
38.00857
26.779942
16.560608
20.888563
22.459154
34.62324
26.364721
17.8197
25.475758
21.193047
28.407318
16.55393
39.943867
27.515919
18.273436
17.99175
26.006142
33.861538
35.94112
34.216686
38.463726
33.095592
19.07607
33.594475
27.992739
27.52754
26.229036
16.701042
31.087908
39.536808
25.485577
36.820805
33.87374
29.25502
27.502586
29.157154
17.964743
20.888575
27.063236
33.609978
22.409605
36.88501
22.291727
31.000372
32.420395
18.078197
29.491581
23.960617
29.066223
26.191612
38.205875
33.357933
18.401917
32.635483
21.545177
15.083296
19.605745
30.402885
15.088611
30.312164
23.616224
20.051327
33.735855
24.931652
18.486595
36.250668
15.772561
34.729267
29.216543
16.18476
27.108936
20.151094
24.17425
19.213364
28.161112
35.962723
17.387918
20.632536
33.167023
24.984177
29.964363
31.115833
16.863432
15.220383
26.683338
21.475294
36.39792
20.1717
33.41976
25.750349
31.109419
30.884357
29.462004
32.314365
33.383236
37.388603
28.022919
24.682775
26.171104
28.572685
18.281368
19.013304
32.964252
29.253717
29.145414
35.907967
24.017107
25.231907
18.594448
16.058186
28.441582
37.452408
36.936
28.51847
23.42666
23.04958
37.604008
36.95075
31.285215
18.011225
27.228806
39.050625
38.289818
29.47581
17.625168
39.548428
28.331518
15.263578
16.073215
23.672054
25.320364
20.14283
24.807985
31.76534
16.943703
30.545515
15.9870615
38.87467
40.908012
25.971748
26.571596
19.548338
19.11239
30.160666
20.53461
39.83724
37.33645
38.255466
21.601469
25.542086
33.97278
23.653414
30.330948
22.121552
15.093779
30.00686
18.761312
23.357336
24.71501
19.929367
36.074333
16.866287
32.501945
34.36129
17.771242
28.856401
16.364283
39.262157
36.708046
28.142605
22.391695
19.322493
21.003729
24.369894
23.407284
27.725689
21.31333
33.63556
22.049599
32.640907
34.248917
22.25881
26.741491
21.090828
31.834982
20.315361
25.163776
31.113535
20.800852
34.73601
17.92392
27.725662
40.24112
33.2626
22.994812
37.09434
39.71622
35.361168
31.19586
16.53835
30.218744
40.31143
28.498463
23.504313
25.597097
30.12323
38.26019
38.501625
30.006618
19.674826
39.6267
27.130203
25.749346
24.524477
29.287804
22.798058
31.467037
34.215954
34.533684
34.50104
27.068163
17.580225
38.129745
17.125067
22.998049
36.529728
19.913166
23.13144
19.502365
30.148249
32.211563
36.198826
32.387707
39.498604
30.193972
27.420834
39.448982
25.501957
36.086517
40.996037
30.211884
19.48668
33.820045
26.997612
20.929697
28.561438
32.12412
31.772743
18.877237
17.836164
21.341658
33.797295
16.900719
28.696373
20.310658
36.399113
40.910873
28.830278
36.544342
32.663765
33.54764
37.514935
27.638174
16.049381
28.59829
22.786652
22.342106
34.762646
26.916838
29.55269
20.058554
28.785927
21.571127
17.445265
35.66149
15.595854
19.734983
20.275618
40.479195
36.07659
37.44633
39.31502
40.04303
35.906437
16.768234
22.311232
18.776901
17.784271
31.118258
31.142998
25.186703
18.262718
27.572653
17.321974
32.306515
27.667889
20.805298
28.170425
39.16787
36.610817
17.987425
35.434822
33.880848
35.933743
23.452587
22.339497
37.55037
32.58464
34.222443
24.641277
20.698511
35.876385
20.592342
32.115025
32.12321
36.86235
21.891804
31.081741
38.19618
40.147976
26.26342
18.08504
40.487526
30.35844
38.844803
21.628336
17.301836
40.695297
23.091629
19.004377
20.22029
16.540415
33.145958
38.680267
22.065601
38.903404
33.132374
31.44533
29.841377
24.659172
28.055674
31.585785
35.144695
24.985004
24.5772
20.719393
33.31055
30.182158
28.363047
15.604752
27.119047
26.15463
37.925777
15.234222
19.280893
19.218332
34.92242
19.82597
22.114218
37.62667
37.724907
34.94982
20.835281
40.22401
40.745243
19.95326
34.708073
20.976309
16.476118
27.098019
17.932459
40.778675
18.498777
32.37437
19.597874
30.902441
25.813389
40.829346
23.289267
21.719765
19.763239
32.4268
34.0043
17.931633
24.552578
20.95131
34.925587
33.425564
18.89891
16.274584
39.28895
31.102184
37.71413
37.422195
39.098564
39.535213
24.874815
38.310085
22.761942
17.167353
35.1206
31.764395
19.852697
17.894901
28.910496
36.494896
35.1561
31.35681
36.670578
40.06136
15.912301
25.019354
38.282467
18.553873
31.744366
17.235382
21.890549
38.70226
38.142967
34.8576
37.146893
18.43639
35.576935
35.698147
33.866306
21.538336
31.308544
19.15216
33.730087
18.958868
29.81473
35.640945
16.155405
39.615112
18.350214
15.180651
21.738356
17.04263
32.635715
33.34537
19.782272
19.144445
25.914234
37.16891
28.33875
24.461174
34.690693
40.117302
19.917538
37.880497
20.354881
32.164707
37.562336
37.510895
31.58506
20.218021
18.3431
30.56373
37.939194
35.661064
26.481487
15.51933
26.363165
37.627026
22.304546
32.59694
23.48005
38.75828
20.012808
18.604998
39.471756
28.675545
16.852453
23.617393
16.124165
21.153736
24.697203
37.602886
40.179142
22.089851
28.274145
25.129185
27.52154
38.74847
20.308704
17.569643
31.926601
22.483437
18.717463
20.859798
30.102955
27.159698
38.643593
36.78256
36.58859
27.83708
34.608124
29.004995
37.69206
28.92824
27.341368
37.646362
15.118337
34.005917
23.962212
38.02606
33.1786
24.709963
35.089157
20.421938
28.555386
15.792542
18.195372
18.163483
24.479412
37.240307
39.0611
31.190998
39.871616
36.625195
28.530285
19.331148
22.51363
39.360928
15.944274
35.970768
37.632343
21.380146
27.603954
34.555042
27.418797
35.897552
32.402752
39.392773
24.949049
33.38727
29.37639
16.620617
37.734356
19.678074
33.331314
32.85977
21.700281
31.157953
26.942259
26.092813
25.779121
28.479994
26.750395
39.5949
26.49732
36.87431
22.347029
27.372839
36.949265
16.196228
18.693844
36.497066
21.371157
17.178846
25.009209
25.955734
31.163422
38.008358
19.94103
33.21675
30.657343
31.303587
31.850231
24.552834
27.181435
33.856407
36.944878
23.366112
18.055275
38.077744
34.733524
36.24313
25.023325
34.994167
17.807383
23.277628
36.338497
33.85299
29.31437
35.317654
20.215044
38.91919
16.654188
30.225231
36.692543
29.88539
31.902065
18.980888
40.08757
26.466429
40.25975
24.522038
25.156921
34.213074
39.43601
21.573326
34.855923
29.354687
35.2747
16.408716
38.147793
27.568682
30.177212
33.47918
34.704613
32.974854
38.906914
15.146581
39.537872
33.365685
31.21684
17.383364
28.606178
25.709044
28.407911
38.229454
30.270176
24.297594
25.403337
39.04175
15.099262
18.569668
25.216097
25.128368
17.982132
38.589165
22.789673
16.228834
31.75288
21.447529
28.108418
20.483158
20.616617
27.43864
30.20232
26.026775
28.543402
20.757967
32.21203
36.155025
24.496508
27.690084
23.033474
37.11999
28.870802
35.77417
33.22747
22.054127
31.839306
38.274902
29.858124
20.259266
40.440773
25.436638
26.715012
18.15624
27.188358
25.461561
30.977493
18.55948
16.739233
21.927956
18.795603
20.62259
36.737293
20.452627
28.490452
25.795052
20.325811
15.801843
19.11811
37.43688
19.024204
19.368135
27.994434
21.35708
17.672855
33.955612
19.444326
35.473595
33.972122
26.154387
16.517443
23.036325
15.776546
26.235071
19.703352
33.41167
25.752403
39.457214
27.782692
25.29604
35.266663
40.960922
39.866886
29.407494
17.447521
24.998795
28.407452
35.19874
19.24157
32.165745
36.497025
30.94145
39.989876
25.497063
15.137663
34.65095
17.554977
25.83061
39.318077
18.751932
34.35317
20.666784
17.719877
16.130058
30.781067
26.910389
23.66402
21.270964
24.472893
40.34137
20.512094
37.557205
22.584494
17.436813
29.153114
40.475464
32.872524
26.25446
30.435051
40.48042
17.721897
38.488377
27.44125
18.568233
23.471947
36.52038
31.365522
40.23198
27.401405
17.316088
36.405594
15.402693
32.55471
15.352495
39.573208
29.22408
18.226759
21.414213
22.610111
19.065489
31.370653
21.058565
39.302757
33.046844
17.452589
15.824985
24.404482
40.53097
32.350464
17.852112
26.102497
37.532806
37.777397
26.466408
24.508028
31.801657
21.408745
33.5189
28.001432
31.451857
31.40085
32.772194
17.430182
31.448692
33.312145
35.477604
33.136066
26.000761
37.57188
37.432888
21.579048
37.966427
17.589108
28.273659
18.928621
22.751284
18.354235
39.527252
26.40967
27.855116
32.957817
24.045439
24.41821
38.221
27.835949
33.832985
27.463501
21.845852
40.74889
38.00178
31.846514
39.73085
40.5094
35.6058
22.65069
31.181765
30.299383
33.449905
28.099566
17.713495
19.048407
32.615986
31.626726
34.36955
19.794672
33.41283
25.107147
36.136555
28.209038
32.731422
24.614998
37.3154
28.534779
24.375334
32.801403
31.204754
26.080595
17.836239
17.52685
16.25942
19.101688
38.197487
36.736225
19.005074
36.4134
37.37403
24.730682
17.422531
22.40424
24.734892
38.968945
27.258966
34.24992
31.30483
35.321648
17.779978
15.077134
18.20461
19.305954
34.845676
27.585815
18.764812
29.243547
15.875503
35.210632
40.835915
18.51375
27.260744
18.287434
21.217817
30.114439
22.090199
40.887512
25.84486
31.597002
22.673758
25.992352
31.387764
16.107555
40.28016
36.503826
22.271809
29.745203
33.749405
27.219503
33.761017
36.739075
35.196957
36.35005
40.72089
20.049461
40.8959
32.415478
36.94775
31.914322
16.60503
39.42916
23.540537
32.591
33.104828
36.163513
32.691383
26.083956
39.51002
39.9882
39.484097
35.00291
23.046507
24.281807
36.81516
24.861694
30.412134
26.739943
29.389635
15.106752
27.584867
20.037642
35.894913
39.955154
31.998606
34.25115
21.917936
36.72553
37.375996
28.203926
33.947098
24.761372
35.18929
30.474028
28.887815
28.274628
31.714325
28.184711
35.921143
29.47855
29.94949
28.89745
32.247787
32.232273
23.29057
17.936243
19.285168
33.0856
28.78403
40.29446
39.22312
38.091053
20.025492
38.910088
29.494186
34.041073
31.326698
31.542686
32.677402
35.892105
31.643513
40.744946
21.629778
26.052942
34.939056
39.494167
40.227634
23.943483
21.150259
22.933643
39.000355
37.770973
20.732742
22.371197
32.151913
22.824308
19.878103
39.191967
25.99105
31.753054
32.929268
25.664724
40.628788
24.276243
33.263767
20.755781
34.952316
36.557182
33.971424
24.011875
15.347363
18.08385
21.022034
31.333084
33.416267
34.31061
30.300335
29.029177
29.027166
38.545418
33.879646
38.937534
32.429848
16.607721
34.212208
19.57802
22.886873
22.635794
23.533438
38.33
15.293891
30.088219
31.708872
37.438934
30.600956
32.462803
18.996796
38.294712
36.497112
39.54716
28.75615
17.871256
31.783302
23.1188
16.998453
32.47656
35.134132
40.928432
20.864126
23.034712
22.536882
33.528934
32.597744
27.006123
31.596537
31.053179
23.403383
18.74952
39.108505
20.397675
34.680347
22.638973
30.826109
19.434816
20.57126
31.571545
33.18776
17.855167
17.498564
37.635838
27.919224
40.032135
35.422188
21.65909
23.88915
37.904984
23.920235
30.110138
24.37153
23.292076
35.87619
35.407867
21.956573
17.274822
20.550335
27.069544
21.751938
19.333752
22.119593
38.33071
34.229088
18.771727
25.389309
19.87801
18.094982
21.625252
23.311987
31.158642
20.90715
17.74339
37.192204
24.364946
38.80066
25.004826
24.013565
18.63975
22.658293
40.74708
24.192684
34.308025
32.330738
22.397968
29.246826
31.012571
31.101366
26.027803
28.35597
19.516226
39.49068
15.082014
15.606752
40.63043
40.708363
29.907194
31.82477
22.239622
37.586163
39.849754
16.33352
38.71335
24.66293
31.684772
18.722261
22.132572
37.2433
40.92369
22.761784
23.704113
25.71458
26.153057
21.976212
26.496767
28.181656
18.97243
15.060611
23.204985
39.56773
33.32817
29.328253
17.030773
26.729034
38.080845
25.67814
17.971687
24.844547
25.497423
19.192413
40.812603
16.36718
16.025526
15.405004
32.941204
16.160748
38.185505
39.526962
37.74187
21.097425
35.70707
24.470587
16.769949
37.353355
36.1408
15.383595
17.168123
37.91533
24.090818
27.586191
21.858881
38.39951
21.943424
17.298094
32.93187
29.183407
17.507576
20.349161
33.342106
34.065357
23.336504
39.18643
36.544914
26.190975
28.665869
38.922024
24.015564
30.824133
17.88231
30.910467
32.73652
37.690212
19.227314
29.40073
38.682316
37.08246
16.044767
27.177248
32.091972
35.697468
20.29667
35.786037
39.89104
16.25392
36.29992
38.93598
30.01015
37.348877
33.67812
37.972107
33.54428
38.719013
24.375917
29.936777
39.706573
22.099401
29.249334
25.66637
37.35298
37.210503
35.224087
21.61516
31.488592
28.054266
22.304937
16.654737
33.613937
32.663246
40.82262
37.966484
27.029205
23.721947
39.220844
20.326208
28.28664
40.067574
33.4145
24.57425
31.866114
15.9777
20.291117
31.870934
32.84617
40.365265
34.28117
38.45644
15.852556
29.526743
27.088867
19.065813
25.888607
20.927172
40.653534
23.89389
27.786472
15.656121
36.20275
26.06168
35.96561
15.651611
27.861868
29.904783
16.944595
40.564342
37.70065
31.086117
25.624645
30.222506
26.326147
15.529336
32.747993
18.057827
19.172085
33.47601
17.131496
30.5664
39.488434
33.58871
24.285671
25.903238
20.700937
19.953857
22.85157
23.047382
17.288822
30.08225
27.922728
15.62477
36.620003
38.561928
25.766586
27.438993
28.28651
36.887062
29.71971
20.035433
40.399002
17.168303
28.103203
36.212166
26.02761
33.924053
17.889662
19.291418
25.517548
35.9589
36.55014
34.178265
15.761199
37.454445
19.019459
36.758587
39.674686
27.829512
15.040379
29.026306
30.1052
15.67084
22.282001
28.480173
40.186527
19.091923
24.574965
23.793396
30.76368
19.246931
40.36579
20.53472
28.923555
27.408186
22.065025
24.807447
15.897062
37.009853
16.34851
19.07336
21.639175
40.367123
18.668518
29.141272
21.246891
29.39932
20.241089
30.325472
37.041065
36.617058
30.5983
20.11707
21.61666
26.877531
15.428911
40.36177
37.456875
17.968945
15.878079
31.900402
31.810268
30.953962
15.736655
18.903938
19.445845
27.38385
23.022789
38.722713
36.62972
33.989094
30.343351
17.969782
17.207935
30.258905
30.119978
28.77143
36.03354
38.441128
32.274235
26.643064
22.141981
36.925808
25.288763
31.28676
30.05756
40.71973
36.695934
29.757013
36.404457
18.775877
27.992893
27.904192
34.599586
29.31096
17.741564
22.780586
16.820427
34.925785
17.184515
23.781786
17.669497
27.337305
23.092302
27.696571
17.998222
30.837975
24.755196
40.551342
16.206388
34.217
20.041983
31.160557
17.999424
24.809881
35.270737
33.632454
24.064285
39.586655
27.271297
32.72985
34.415688
26.74597
15.466386
28.948551
28.267992
29.151226
27.058136
33.45142
27.20402
28.12667
39.478973
26.58399
31.140652
38.625446
17.150671
35.597885
27.132008
18.588297
40.292557
31.421238
32.40457
32.430714
22.029705
26.84066
25.184624
17.027962
24.374132
31.29722
29.85687
40.31158
19.78687
32.649277
22.78413
33.647602
32.975952
35.7179
25.721535
29.535816
33.345226
15.20599
25.174646
15.851139
24.08106
34.67015
32.27941
36.842182
17.24886
27.624674
26.82297
19.40886
37.468555
29.569975
24.877718
24.79993
35.747963
24.763132
18.187181
20.803064
23.875183
34.88614
30.920647
25.744127
38.40605
38.417828
23.704618
15.169057
25.72978
33.478294
29.9426
24.950815
27.955826
27.19014
31.350769
36.745533
25.437199
31.18861
22.365622
29.216148
17.630245
17.813189
18.620644
31.248432
31.68818
24.726063
33.04262
19.503473
39.69539
17.228289
26.284208
36.082306
18.771843
15.38233
30.187887
38.822506
31.411669
39.200096
29.767422
38.803284
16.367254
25.618448
32.79654
23.0046
29.149937
23.759533
40.510437
34.74768
29.790718
30.061255
36.15439
28.53821
15.88907
32.2635
18.15456
31.24033
23.175299
30.948679
15.539858
36.12859
21.821589
15.3605175
38.909477
38.29666
22.559174
20.562944
40.719437
23.145803
18.293861
17.651264
27.952368
40.232655
38.359333
21.690754
20.33832
16.625103
35.80748
25.333162
34.21043
27.096653
33.207256
39.649517
31.807716
26.983728
33.30834
21.61802
30.378384
15.33718
37.623066
25.91868
40.790447
29.118212
40.490013
15.211798
21.522549
19.620743
28.504734
37.9152
30.886368
34.04623
35.337967
21.645596
30.12299
22.213743
23.908953
31.95229
36.619167
40.757084
39.64117
35.746872
25.905376
18.842535
22.100151
32.920403
21.326143
28.434837
37.69771
40.04
31.314054
18.445692
17.344296
26.729618
16.052479
25.718237
31.940874
22.365213
15.977923
36.73255
19.423979
20.052393
32.0516
40.161396
35.712425
34.50497
32.020668
25.962084
36.35141
16.405836
19.993196
27.55938
17.909428
18.106863
34.56693
27.856188
38.255814
28.112497
25.480392
35.30269
28.731365
40.692074
34.29593
37.061417
30.921862
16.178759
20.977753
36.424774
40.254013
31.038467
39.394176
31.073248
35.955635
20.629904
18.751572
17.506577
30.05666
33.72739
30.758774
31.036938
15.054752
22.3409
35.92406
32.102196
36.629242
33.143223
38.802876
38.33902
16.359138
19.901987
35.243008
15.849742
25.785936
15.714743
32.714912
36.403515
21.359087
31.5581
23.668434
23.931429
37.811794
35.687397
15.5231
19.606928
17.337109
24.761225
29.377838
24.04697
25.568966
30.215496
22.816793
17.726059
20.820175
16.374718
22.291586
22.564348
22.289083
20.06342
15.476295
38.832745
18.018885
21.068668
31.71999
34.01201
36.27837
38.704914
27.262625
16.049526
28.730133
25.945377
19.233675
34.57655
38.262012
23.1095
24.618845
32.080368
38.67986
19.933971
33.358757
20.769972
23.59441
36.00509
34.534492
35.93046
19.782408
34.99328
35.198418
40.930542
34.061787
25.90585
36.824696
40.729153
30.293066
32.66198
38.582447
21.72133
30.50382
27.69441
33.675507
30.070126
29.330393
21.995087
18.84627
24.290508
33.98077
23.047434
39.807056
28.782812
34.744804
21.425894
38.84109
37.25744
23.712715
38.493637
29.10604
20.549175
37.810097
29.592346
33.276657
32.18863
22.517439
25.393318
36.07915
25.279877
30.71435
20.66699
24.998222
25.727642
26.973549
34.62848
18.97899
31.6639
15.326874
38.229504
19.29929
29.042961
18.035362
35.29254
33.954025
32.80572
24.217703
26.220898
24.871683
31.757946
34.32615
33.168793
28.074152
29.36403
35.406216
30.018456
32.494507
18.026884
36.836273
33.28658
21.583443
27.10615
32.815434
29.170444
23.063549
18.921234
28.252808
21.34431
26.231615
36.29211
28.908602
21.829687
31.062721
29.79011
38.647182
15.288363
15.035813
34.802544
28.484547
25.42506
36.079063
17.759066
37.747425
36.836926
31.32424
19.42441
23.108433
28.60995
33.4629
17.031258
22.52156
15.237845
37.413208
16.208582
34.15445
40.026756
17.734678
30.155024
15.298733
32.049564
19.76919
31.313446
20.936996
21.92651
34.84011
31.921976
26.154598
22.234156
16.00741
34.248493
22.90695
23.182642
23.855116
15.059628
39.787575
29.351604
21.578537
19.93201
27.389523
26.737976
33.242153
23.38265
15.612498
39.144295
26.495066
20.476917
22.840343
21.024033
25.25953
20.566814
26.298239
34.300865
22.94892
22.118809
28.096277
31.39166
22.625208
21.209658
16.475859
35.688408
39.17186
35.20029
24.597546
36.092102
32.0367
33.341976
21.84386
31.842144
27.390257
25.625624
37.057743
35.847523
17.648602
18.05418
31.3971
17.0016
38.225777
20.699806
16.55828
32.550095
22.109322
26.401566
34.0059
26.482338
28.39355
32.76607
18.543839
17.12867
19.258596
30.252602
17.071968
38.672344
33.04941
22.555946
30.695368
21.12212
25.087313
36.24425
29.487652
35.44211
36.63772
26.66589
34.157227
32.998417
38.061245
38.50844
37.625088
25.257431
26.591362
34.074562
30.09502
28.758484
36.41023
22.333658
37.58185
21.784113
18.735512
35.11483
30.060656
34.863914
32.48434
29.425865
35.409588
29.273468
31.746655
22.814528
15.14125
18.027605
34.778706
15.932644
33.55231
40.51782
20.51849
19.020065
31.368383
26.906345
34.728382
20.894766
38.220783
33.66498
18.786263
22.21694
23.36431
29.23448
37.874996
25.289158
30.929665
38.68084
19.861053
40.461193
28.70166
38.437653
35.506634
32.327385
35.923923
38.749043
40.82566
15.335912
35.95321
38.265713
27.37254
22.173658
31.721107
24.396883
16.043541
21.346794
37.90827
26.483873
30.574245
38.746506
33.496
30.636477
30.332468
39.670887
37.932285
37.161118
16.234612
22.768084
29.534264
19.910213
30.654392
15.672533
33.946144
33.59501
34.04642
25.725235
33.481613
26.129631
33.673126
32.100563
37.001842
38.41187
37.30203
15.906391
26.615078
19.59671
33.03137
20.380863
31.93101
15.88146
19.50566
28.178291
38.862923
25.096697
38.698666
24.918324
28.042854
15.985212
40.169918
37.666668
25.799788
17.951477
37.241844
39.822247
16.348143
30.277025
35.898056
36.00491
37.34362
39.322605
32.36951
29.96929
20.285715
30.075766
21.353561
15.314784
36.38094
16.55301
19.602142
26.81798
17.428148
40.02847
17.218666
39.583282
32.047012
28.836481
15.419369
39.888893
36.14308
28.583351
36.743275
17.59963
28.887499
23.003944
33.735966
25.32454
35.686825
27.41165
26.985933
20.116564
27.628126
18.715658
39.058174
29.443022
16.706747
40.3174
31.34837
40.399895
33.778976
28.848333
16.171852
33.69953
35.629074
36.674194
40.505173
27.830452
36.799896
19.366259
16.714077
21.96974
36.908596
18.927935
19.330181
16.722435
33.05367
31.465519
23.479712
17.569168
21.61689
30.204762
31.921131
23.022303
16.273418
23.280327
25.814528
25.922558
37.34561
26.563082
29.324142
38.05217
21.770916
34.94056
29.946436
33.297344
26.901394
38.928856
15.059591
38.96185
31.112246
39.269547
20.606396
36.51527
21.768959
16.253178
36.050934
20.053568
18.487463
16.911201
26.790548
33.05623
28.818953
21.93119
25.058054
29.643435
36.50078
21.175499
35.015163
37.46835
31.237116
32.02143
21.216684
21.623692
37.60784
30.391438
19.915934
40.498463
37.15133
20.30464
27.785475
39.38986
17.926678
16.056486
30.543188
15.856918
37.933075
33.72113
20.702253
34.296787
36.648846
37.57161
17.204617
34.030903
30.649931
20.225729
30.051067
31.307735
34.777378
24.850933
26.207006
29.060259
31.645605
35.599426
15.041549
35.00046
33.418064
34.595085
18.348618
18.689909
40.7241
32.2567
39.602165
37.594463
24.35064
30.517334
29.51372
24.812912
25.914574
25.587685
40.188934
29.163399
16.106457
38.311497
20.22086
39.618237
31.293451
35.87414
17.911146
20.696722
29.27917
24.650774
15.476438
25.357319
22.840338
16.318388
37.57568
19.174658
23.295023
26.00652
24.78514
20.143444
29.80432
36.224174
20.751429
30.320532
29.369307
19.576002
18.668783
38.698036
27.557196
32.868607
28.45548
15.19452
16.875507
23.108257
36.54517
35.4579
28.41022
38.104195
19.562511
19.29291
40.853767
32.917072
39.318455
21.95751
21.370892
24.230024
27.539047
23.316904
28.885178
39.87015
36.532665
20.90034
32.316395
28.1712
40.6041
33.27505
28.058464
31.643555
36.43986
39.833405
36.560196
23.50554
20.917747
24.083345
23.25567
26.03046
23.834526
19.838963
34.288425
30.376656
36.899265
33.327087
30.483356
30.593292
21.0058
33.157516
33.84254
23.832422
21.276304
32.348534
31.47589
38.44832
33.659027
22.15614
32.324894
39.627937
25.966713
40.324417
24.297405
20.471737
28.15824
16.556217
37.50372
25.032024
31.394583
17.497412
29.168974
36.716343
40.94114
30.334637
25.494125
28.676325
38.342045
16.225574
25.24756
24.327833
33.458107
16.212496
21.191654
29.986073
32.938408
35.01385
34.583324
21.7498
22.486847
28.145428
26.934963
15.231576
19.88816
15.191691
29.981821
35.50648
34.17418
20.729532
25.374207
29.739508
39.539467
36.400864
25.997688
36.352345
34.65658
20.937063
29.021643
20.30304
38.894653
19.55749
16.786352
32.07754
22.61103
36.09585
25.461082
16.32989
19.16427
20.452404
29.040327
40.758316
33.58769
30.526594
37.6927
34.767353
30.966318
19.653866
18.736681
28.741425
20.47603
23.752031
31.58977
36.34337
36.77216
18.876717
22.922216
40.151608
22.95595
31.692074
32.943947
33.16269
30.700697
38.482018
22.262932
23.211227
31.285406
20.758982
17.075556
38.19722
32.262398
33.271248
16.584332
35.16107
22.2762
25.266602
24.485538
21.709572
19.15469
36.239136
16.129139
32.071434
27.809385
39.067776
26.525597
20.14893
26.710321
40.44913
21.758986
16.332514
24.741974
26.83395
33.563053
29.558245
24.100237
19.695671
21.826622
21.113186
39.556377
16.891058
34.61706
24.031862
15.892531
27.117212
39.945236
15.577241
35.604244
36.025745
39.94267
30.262615
18.06905
31.42415
40.381413
29.146109
15.296222
17.175991
36.53933
39.71747
32.10118
40.905666
24.29834
19.597172
22.089188
25.420197
37.060406
40.480755
17.186422
31.879562
32.57576
30.286703
19.622528
36.17879
19.100248
15.30408
23.247288
36.749157
37.433296
18.286505
21.85505
40.042423
26.335398
18.90196
29.794085
25.331297
23.58368
15.723301
22.554033
33.140812
33.496464
38.03224
30.253153
25.619556
20.142427
19.109957
32.98805
30.4663
15.647272
20.400377
23.862135
26.646664
33.020584
21.957577
23.17505
38.06619
18.747808
22.92662
25.733799
18.610249
16.02703
40.457558
36.537346
30.517904
34.97755
20.415194
30.190027
37.925953
