25.406963
40.522633
26.314978
38.60106
38.79574
40.164486
24.967497
39.37197
33.043095
18.976013
34.589092
16.580498
26.21514
20.557384
30.396624
21.989077
24.04613
30.177635
15.26686
23.01433
36.26587
20.17073
40.15535
35.900227
22.961086
33.876625
38.87951
33.501087
36.125866
32.44303
32.699306
15.713758
37.31603
18.579016
37.545017
36.28001
25.894524
19.439459
20.96994
16.674276
17.739773
29.219776
22.947063
28.098543
23.486094
30.75319
36.482155
32.225296
18.375113
20.428244
26.681746
28.26112
38.61939
20.082163
28.393028
34.147663
19.814148
35.17598
32.82369
27.273273
21.38038
18.52033
28.653181
24.937876
27.28227
19.096153
23.063057
26.995148
37.334206
30.102425
30.842333
28.590315
23.297373
17.263485
27.265062
23.718473
17.663216
35.641346
24.79064
30.44747
36.530827
24.72383
26.803509
26.081068
25.30754
29.397207
37.587357
39.282223
23.096825
16.562454
32.519966
24.232925
34.58482
19.617105
38.078384
35.276264
16.996605
39.80007
15.660082
15.167941
22.265594
34.48469
36.45428
16.058655
24.944172
21.905695
26.638681
39.635372
30.580978
25.518581
15.030291
21.468678
31.300035
23.215393
36.98511
36.545048
25.139107
34.95869
34.81993
24.20695
17.339537
29.045961
34.320484
29.280437
27.22699
38.179543
37.003757
22.038933
35.582355
21.792624
22.718307
20.833607
18.474295
22.669619
34.89479
23.714867
22.409706
39.799805
29.300152
21.176132
32.355625
39.615803
20.502249
17.270185
26.695848
40.294025
16.417807
38.780052
21.50787
22.63201
34.29508
15.870506
30.680412
40.168003
21.27359
30.702898
32.339176
32.671024
21.266905
22.865221
27.808151
26.905014
19.330313
20.15087
28.906109
34.65863
38.903904
24.213781
40.762665
22.432554
28.362476
24.934233
40.53557
33.88911
37.157227
18.948715
29.420631
39.19442
40.500282
18.728985
40.168
28.721127
23.021473
26.83946
34.953167
38.230198
26.117983
23.558863
32.898518
22.613127
24.820816
18.921053
28.800816
31.55131
25.918179
22.411737
34.69243
33.037243
31.804348
35.051765
33.74877
35.60256
16.063574
37.40449
17.751774
15.310818
39.15216
31.163713
24.828886
31.098389
17.7078
23.410398
35.50945
15.884602
22.993793
19.370539
34.27501
39.022785
18.776842
39.563107
18.72741
18.126656
40.540524
30.596209
33.258247
39.08195
36.352642
23.551258
40.67561
16.14106
32.933163
33.888973
27.628685
35.39881
30.510424
34.117836
35.868168
26.660471
32.906837
31.084606
31.390139
34.738388
36.961346
39.678276
17.333338
15.551599
29.87436
31.9829
30.13452
21.053139
34.351974
27.4714
23.89389
33.972645
25.529728
37.701584
27.162327
16.637278
30.572212
18.157288
23.43439
33.721806
39.573353
36.37163
37.51588
40.679203
26.923199
19.276075
30.632
33.815857
39.660538
21.838078
31.65184
16.50102
19.496758
35.48179
28.127356
16.837906
36.17477
26.530392
18.979548
23.274294
21.617956
25.965275
40.612034
32.09339
16.927454
36.166466
25.991795
20.50104
19.702341
17.980263
15.809249
27.11334
27.38553
24.45428
16.214554
26.049042
15.379412
19.886652
30.82426
27.54402
32.528683
40.45533
39.702248
19.030556
27.233871
33.625076
22.841133
17.961948
34.937557
27.773823
22.305098
15.313459
36.01627
31.036785
17.64234
26.653442
20.214678
23.235785
15.435147
15.953907
19.674543
24.942951
15.927824
39.897663
35.339542
37.22206
17.557495
29.339561
23.058052
34.39742
29.910057
27.79228
36.059464
16.319347
19.133318
36.332447
31.645666
36.02699
15.161653
32.160805
29.917793
35.45323
19.241222
34.200527
23.14945
25.873274
21.19212
39.580643
34.02098
15.167395
28.603527
15.626996
31.34554
36.650238
32.73029
19.070932
23.146118
34.212975
28.243992
31.586441
36.98373
39.831406
20.189005
16.479254
24.290506
26.112165
15.5036
25.376852
27.127394
32.48087
22.288626
22.10623
26.264776
20.86014
15.640916
15.596592
24.775217
17.242138
38.31589
36.607132
29.43117
19.429329
21.743612
16.355377
27.116402
32.39887
33.99474
38.70949
21.188513
25.240133
40.177715
25.508324
31.270819
31.421566
33.445625
32.785854
33.305477
35.26213
35.301125
28.202133
20.865734
15.914319
16.20989
22.820652
27.703634
33.909832
15.667997
21.522469
27.300627
26.375599
20.815775
25.810358
39.791943
39.397068
16.450506
20.531591
22.051695
17.687233
30.862602
36.135876
26.954151
24.714054
25.304605
38.485325
26.867584
16.745577
32.099728
40.94632
20.29075
35.891174
35.406296
40.51839
29.207918
30.148956
37.4768
37.09321
40.216988
30.71361
25.88501
32.587204
24.7762
34.35546
39.641872
32.654102
23.01851
33.550808
40.380634
37.95917
21.498615
23.225122
38.864002
22.58482
37.96625
38.464897
20.950775
32.03755
27.800339
16.360569
40.856808
38.539234
15.092042
35.26207
23.054775
16.810966
28.530888
16.160187
29.479603
15.395752
30.226572
19.651066
39.841103
32.7166
36.39007
37.997883
29.792664
29.529495
16.401249
37.17272
22.464628
16.206152
27.206123
32.443497
19.443172
40.369293
39.21549
31.064749
39.660393
15.80362
15.917577
18.937914
24.85843
15.278524
18.271042
24.72571
32.300385
37.943966
16.61042
28.836962
17.22286
24.298864
19.274902
31.942347
29.159927
22.381714
26.462128
34.23814
35.7154
27.79602
37.91233
30.54423
32.620213
37.458584
23.944101
19.504248
35.983837
22.546501
23.091612
29.649881
37.533566
38.019173
30.134113
20.897985
34.33263
22.304487
35.662067
33.168358
28.977985
17.26377
28.490278
18.24156
32.60081
31.387878
29.206886
20.720413
19.127531
38.327393
38.93815
37.015392
21.206493
20.322546
20.012371
21.643257
33.965107
27.87406
24.622478
19.80997
26.334597
23.083904
15.815109
26.243015
19.064245
26.49538
18.175224
20.54492
17.74429
39.97481
15.428693
30.958921
30.166376
37.20255
28.851343
33.36933
20.172766
34.678886
33.85149
26.603315
40.780235
23.800776
26.383944
22.657446
23.811901
34.528324
35.957066
31.34151
31.529913
19.435213
17.910378
25.013723
23.83433
37.525234
32.368828
16.575594
18.478106
26.097479
32.820793
18.701387
31.445538
34.15557
25.6204
22.39622
22.151176
16.381792
18.880766
16.408484
35.438515
16.534761
21.203356
37.766453
37.492546
17.279816
23.479504
37.765526
29.727522
35.924023
38.60384
33.101734
19.470999
28.303253
26.355259
40.528793
20.837576
38.15651
37.929626
19.410038
35.570442
26.72327
18.649448
25.843355
39.826145
19.012276
22.229208
40.656242
40.887726
33.2158
19.641102
19.49983
33.613697
34.081173
36.104465
38.514835
38.06502
35.70179
15.013128
27.599031
37.19959
20.152729
21.718475
29.174986
38.783394
17.671461
15.002052
19.538471
20.73993
15.672053
19.800009
24.36202
30.044062
31.78164
21.2827
23.734852
33.963905
22.300848
39.746323
19.23942
24.963972
32.01522
35.939445
37.99657
28.905207
30.122599
21.425764
38.355366
24.31218
16.191826
18.375572
34.960316
22.425055
33.530968
31.781757
29.29789
33.51368
23.118725
40.51231
37.505802
18.503426
27.3405
39.83977
24.222727
26.347164
29.171076
39.129078
37.562737
26.775024
31.158669
24.218777
33.917892
39.063354
29.590551
26.696577
32.22405
26.286575
40.558342
29.748802
29.56908
39.150383
24.2914
16.554188
15.579436
15.951983
18.08972
30.29612
35.889908
25.472881
24.463037
16.78333
31.183363
39.68194
17.670824
33.397636
27.781124
17.011244
20.758184
37.628296
32.571465
28.664522
22.395575
36.80606
31.18277
35.9277
16.355665
37.816113
33.73951
37.773365
18.298546
25.54739
29.283438
15.185726
26.686874
27.627064
23.998932
29.579943
27.115438
22.592281
35.750614
35.449356
32.115025
33.067318
38.123028
29.946571
35.578346
30.742905
27.146221
28.488972
32.3562
21.995352
25.19785
29.676615
25.284885
21.83678
31.191395
40.82012
19.93132
29.553627
24.091888
27.198555
27.680216
31.869219
24.04457
25.801935
34.437992
24.757166
15.958581
15.760396
31.19106
37.135883
24.256945
36.921688
23.931456
28.590511
26.685719
37.11103
16.050756
20.997076
23.569342
37.492096
26.203516
38.46471
18.705826
40.145107
34.854412
23.365278
25.214615
30.487898
19.248672
22.385803
28.081554
17.487946
29.383223
23.517517
24.889557
22.74825
18.70641
18.686476
21.280174
15.4970875
16.737022
33.334137
36.06047
20.271568
18.568756
19.672325
18.551195
35.657047
36.314117
30.565514
33.766388
23.829325
27.942171
26.034409
23.321226
33.843784
35.67747
18.228289
35.584045
26.62536
21.152802
15.379574
31.520088
22.43553
35.846333
34.732685
24.918684
22.227314
40.984196
16.730133
37.252274
26.746439
39.052284
23.842457
26.28467
37.4967
25.336535
21.34449
35.7278
17.759733
32.49889
26.069063
24.740095
29.744215
26.0964
38.710228
30.866535
27.636803
32.163918
15.60157
26.139341
39.836796
39.506214
15.061258
35.490036
36.978897
39.18321
39.373928
15.367714
37.483074
25.822369
40.27058
32.514977
35.317936
21.855331
21.37111
18.222183
19.423681
26.551083
27.470201
28.062233
38.813
16.805954
31.77571
37.102318
17.75307
34.05112
32.249805
21.895664
37.629074
33.351124
33.056557
27.175447
20.099339
28.792374
18.78571
39.104694
33.974625
23.598442
19.60092
34.18015
17.888666
34.059387
18.751698
35.4447
26.274523
31.325205
17.991852
23.532084
15.420892
18.388903
23.363253
15.249315
35.45493
15.17261
19.532207
28.896276
20.982828
28.530474
21.406792
31.328709
15.816666
18.195045
27.116978
32.889877
21.725843
32.2192
30.605444
28.767853
19.473654
36.30355
15.055414
39.0795
28.5343
22.549685
28.172943
21.038912
27.832987
36.6425
22.944557
20.937143
23.611391
32.24022
30.907175
27.341759
40.09318
37.4386
39.19573
37.918835
40.00895
24.576313
35.67499
38.58672
27.237188
37.361187
38.31553
35.32998
36.827793
24.322598
31.639797
25.93358
16.496698
30.933004
22.542902
21.141546
20.31516
26.392178
16.083496
38.300934
31.764355
15.030407
28.943882
19.421097
35.585804
32.562492
30.174383
25.759924
37.930374
28.01213
17.5655
38.54276
24.19331
27.026743
29.5325
20.226467
17.620184
35.515656
30.750479
38.84019
17.278181
20.069963
34.944046
37.365974
29.309628
29.460247
32.214252
20.86661
22.519289
35.658783
27.076399
32.124676
24.294281
37.295692
36.98589
23.925907
35.615223
29.233936
17.545313
38.80159
38.489468
31.035875
31.81444
39.038986
15.522094
40.49462
33.18584
35.075207
29.537516
18.116156
24.14234
29.00932
33.174404
34.46371
16.878569
37.89894
40.198853
30.613695
18.247353
20.75181
29.91548
34.62293
18.782698
35.679432
23.503439
21.869751
35.65469
33.54903
32.36407
40.407036
18.32756
17.651726
23.63917
24.053005
17.420807
29.398891
38.943676
33.84608
23.81411
29.865442
35.053764
16.703009
24.390486
26.117792
21.801157
22.644772
36.97797
37.695946
38.746723
28.792768
40.028736
26.363342
26.34117
21.48808
22.365578
31.294611
19.227913
15.34959
38.929085
20.240692
19.103025
35.862064
27.875027
36.892242
32.119324
18.173191
28.59983
39.65655
25.206528
15.179041
37.31312
15.369698
34.876614
34.69017
38.62981
15.084932
37.093315
34.496128
26.320227
26.009792
31.606918
39.4839
37.835243
23.908728
40.79032
34.61624
23.514507
25.844536
23.459581
37.538868
26.489214
18.001131
18.42189
16.860582
37.207058
33.511772
16.566292
34.73863
37.235367
22.711004
26.197086
35.301727
26.539536
15.035275
34.00724
25.656254
18.787357
37.91622
37.598827
37.746323
24.395836
25.442379
32.77983
27.17654
25.01565
22.309095
28.001335
29.256487
31.93938
28.633184
23.24652
36.9889
20.523186
36.57789
29.442488
24.498983
39.12758
20.415422
19.038345
36.490044
24.311518
29.64853
20.777666
15.711185
38.05501
20.119024
23.890709
34.13553
19.638958
32.65057
18.941616
33.57296
32.476944
22.70447
34.387962
21.779207
26.672306
23.771437
15.544908
20.773462
27.364658
35.77897
18.09338
35.039673
39.033722
33.66305
33.53155
24.561977
40.844242
20.434555
15.041066
21.232725
25.844294
27.564901
39.124336
25.071795
31.370346
29.322111
23.066362
30.908949
25.365881
16.807573
22.78445
22.706242
29.486492
35.875458
35.951317
33.535458
24.842783
26.860874
23.41195
26.37591
16.0235
21.0995
37.86179
16.360859
29.644798
23.590542
32.51362
32.876133
31.087566
32.836536
24.052727
18.002518
29.313242
35.887657
33.564816
16.193785
16.689604
16.924778
20.318207
40.795166
16.611473
17.334784
22.291855
30.032476
20.367361
32.16313
28.162788
26.439934
40.181515
36.07293
16.101465
39.34518
15.6519165
37.49634
37.17074
33.992844
17.908285
36.533363
15.383916
39.163376
31.730074
32.33452
18.549686
37.73186
32.593086
35.198364
15.916365
37.511757
17.15427
37.42111
28.32531
16.941547
18.037792
33.05497
22.092987
31.69759
38.951504
34.16344
35.163548
28.154367
38.141426
25.905783
17.208443
35.76375
20.982903
38.839798
30.29696
34.887722
28.110592
32.20087
35.521255
15.394508
25.905437
26.597189
21.531776
30.415785
31.385372
38.55489
19.323675
35.06319
37.587387
24.653805
39.812183
33.615185
22.38225
29.613401
34.744534
18.710646
27.329092
24.620256
33.318436
38.4236
23.655594
15.4325485
22.511745
39.74373
27.740583
20.353647
24.575346
29.950336
36.579296
28.036049
34.40093
34.642735
22.627613
16.258549
28.547699
30.777937
39.15011
39.313656
40.596756
24.966963
39.73769
39.448936
16.199179
17.493908
25.014257
18.925085
37.693604
15.0473585
33.71765
39.68515
32.49136
21.991589
38.318867
19.37353
23.562006
39.155388
37.134346
35.499943
38.299313
36.57927
35.489796
25.912758
35.807575
32.43716
23.909986
39.427673
40.22041
24.4366
35.537403
17.451914
15.048834
38.401867
28.023764
29.750715
38.752884
31.457315
38.991863
15.122052
40.74061
24.253609
26.831215
34.677147
33.820675
38.017437
34.069527
31.668491
37.769516
37.855675
40.852985
37.363758
21.121202
27.707886
25.171947
23.333012
34.54811
16.616323
24.38451
40.69848
23.272516
28.570694
25.319107
30.390009
31.834234
21.085123
37.778156
39.256264
24.236494
18.877779
38.618385
23.00062
30.002165
34.548965
28.749443
16.34249
19.994585
37.991394
39.370903
15.548924
40.992107
36.416718
38.558857
38.537945
40.95268
17.345314
38.916706
31.124245
21.664576
23.681694
17.420849
32.65949
34.05166
23.08581
25.820454
24.313644
35.786274
25.2509
25.991543
32.550377
19.060228
22.411455
39.499073
32.96865
22.373983
30.43019
20.286781
25.61442
30.02652
34.150887
19.89304
30.110308
36.623055
19.354347
35.881992
17.50793
35.3651
22.617496
18.282763
19.63657
16.147062
29.651209
33.745514
29.903591
36.555912
18.280207
34.8517
15.996144
29.755161
18.128824
28.55686
38.74028
31.9317
19.289314
29.097725
22.492826
22.493752
36.77476
34.861595
22.872929
32.530537
40.396523
31.69432
25.38438
27.178968
26.856613
22.91426
39.536446
37.489937
32.30818
32.903187
27.440046
25.146582
23.412773
30.561005
15.537822
38.95916
25.010845
31.13977
21.120724
23.44587
34.922497
38.013443
15.590413
29.006315
23.108145
33.79334
16.045904
38.20403
39.444386
24.865313
39.704525
39.49671
19.708109
16.903116
33.9114
18.387669
25.0123
37.2035
20.048315
18.41913
33.899952
38.79207
16.52195
36.687965
34.577774
21.164959
18.193111
28.63651
31.359388
33.259888
15.102753
40.756046
26.288012
17.791162
32.157177
39.537666
36.12157
36.436756
21.55399
24.51514
16.388525
20.531557
25.162006
18.566519
20.060673
21.899418
30.812412
29.776089
16.539444
25.247654
40.515213
22.10551
21.11523
33.151154
19.984035
18.882751
37.83461
29.06928
39.53406
17.689665
37.798225
35.067226
30.41202
29.613884
24.312475
26.954582
15.923709
34.027912
34.031067
30.407299
25.343803
16.06806
27.247889
35.305298
36.52422
19.808231
30.840471
31.996485
34.36152
33.758167
28.013842
22.488928
20.840435
20.763178
33.957306
33.676502
36.2398
29.642078
19.802197
22.619287
40.26871
16.972313
20.856485
25.62854
26.395004
38.316032
28.992508
39.44708
26.43465
16.87818
35.276993
28.169407
19.58994
32.097313
23.457973
29.711988
20.555836
22.992311
27.761011
20.622486
31.058138
31.222729
25.597574
27.807917
22.243656
36.767883
23.251337
38.3651
33.711754
20.889572
26.383482
38.11285
36.658295
16.61553
33.286057
15.653817
25.597132
34.365475
31.212776
29.834993
15.430908
21.538952
20.82957
24.329285
36.26214
39.89385
28.852562
37.7267
17.267096
25.366795
24.279057
31.002132
37.199276
29.621386
19.267517
40.517742
36.645702
37.05743
33.685383
17.821524
40.02868
39.27424
34.618965
23.419527
21.527012
25.053165
24.727589
18.427906
22.585047
15.809419
16.224497
39.551777
35.484417
34.160458
16.479935
17.191538
31.572542
28.767952
40.767246
39.643272
32.1736
31.932688
25.510656
30.338324
36.95178
27.556417
17.543861
25.858213
16.553314
16.032068
29.351408
18.06457
29.722906
17.383358
39.040215
26.099722
21.771797
36.547226
32.87653
37.24217
29.26888
25.07719
25.623959
15.642114
39.13291
27.743053
25.631136
36.815815
36.922977
38.51212
15.642947
23.443447
19.056059
26.21935
40.647152
30.49379
30.924623
31.868671
40.71862
16.989939
15.443912
32.954872
37.786293
35.8339
26.427567
39.455368
40.523376
24.023806
32.372078
31.213282
17.149118
33.32611
22.724506
39.31813
17.831034
20.006084
22.514692
28.787634
20.58915
23.573446
30.352207
38.363953
17.12942
26.666012
25.220057
25.5599
23.871195
33.172726
39.241158
29.225449
36.584152
15.488491
22.650362
21.85214
40.51287
30.396679
29.573866
15.592757
15.6426935
22.491262
34.899544
33.545837
36.848423
30.27903
29.51582
23.23947
21.067698
29.14329
19.503382
34.446
18.353905
25.204094
22.483194
20.469055
32.688774
28.775938
31.255833
38.86659
29.772764
33.60244
33.11138
16.208391
36.661682
28.338535
38.745743
23.913784
26.080915
19.854214
25.58835
38.47496
22.524027
27.84984
22.52792
21.443735
19.830336
17.001654
34.516987
40.444237
32.83654
26.396992
24.342703
40.17127
32.910286
36.372375
18.97038
21.84391
30.698994
32.033527
31.29803
30.906195
37.26518
30.714989
28.9042
35.901382
32.929794
33.427975
27.428106
36.39372
23.60818
27.9486
31.590168
18.57124
27.198359
27.614676
31.542711
23.735548
31.669603
39.127777
26.234728
33.269142
29.899288
22.69827
24.781237
21.86825
34.01916
26.72452
15.44694
22.838787
24.05745
18.863543
15.785472
23.075424
40.00111
17.828821
32.719707
38.978428
17.05298
29.542093
29.905254
24.010248
38.821396
37.36936
15.588339
27.853588
22.455322
29.087448
23.350996
16.20496
31.325838
36.95591
22.630568
25.122461
36.75531
31.81014
15.707188
28.543844
16.508392
27.445
24.972052
34.10062
36.28441
19.72436
38.72092
18.676294
39.288612
31.830414
17.461433
37.29155
26.110123
40.85768
25.77949
40.846466
22.59731
27.56008
31.179014
26.00961
23.196707
26.47551
32.991165
32.11616
23.309526
27.880913
25.443111
17.321934
18.620144
26.071716
19.283154
21.457434
24.063845
16.313177
33.97816
34.035904
22.126558
31.477098
31.430843
38.69152
17.507116
26.855919
36.408623
29.958681
38.823036
23.937199
34.432396
20.750639
28.003668
19.025051
20.74275
35.15541
16.289974
26.511038
38.14271
19.239246
34.348057
35.325634
33.010307
22.432655
40.904003
28.64233
33.58089
31.771267
23.520418
17.259937
16.718248
16.773586
28.660522
20.25477
38.82519
34.05991
22.023466
40.472797
31.288488
39.951546
34.284966
15.222899
40.909588
16.236599
35.840263
20.135916
15.141769
35.0485
20.921785
28.57016
16.635973
15.375591
18.551731
24.172564
33.591705
26.104958
19.190294
30.245693
39.716072
38.700855
19.653042
24.424337
34.213093
20.62795
24.896372
34.831417
20.157145
38.451763
21.607924
28.361471
36.84849
27.183563
31.189112
25.030975
32.305496
27.884134
20.679932
32.438305
27.917223
20.800661
25.4515
37.29211
36.461914
18.383251
29.07977
24.695456
31.190739
33.412315
21.714142
16.414019
15.483066
36.165363
20.46771
36.71024
27.698536
33.061516
23.881138
40.491245
20.282888
15.544243
29.35018
17.496944
27.9286
16.097729
29.557144
16.045704
40.64811
22.239378
23.409569
36.458477
33.986465
15.090868
34.764706
29.698364
40.28189
18.702356
32.306343
28.990984
25.876972
17.68922
32.34089
27.232176
33.48969
27.937994
34.992485
20.84296
34.572758
32.14792
29.302338
19.397774
35.421383
24.796783
24.075382
31.830465
33.033543
21.754509
36.967716
18.313576
36.283768
34.215202
22.27116
36.009964
32.84031
34.87815
20.12672
32.81177
26.437407
38.38049
40.486576
23.910378
26.60838
31.869083
32.04463
15.5818205
27.791975
29.296387
25.568518
36.9259
20.843527
34.534817
40.59148
25.462978
15.41412
29.726473
34.260143
24.471151
20.4051
34.419727
23.284977
16.737452
35.761898
15.991612
18.402777
31.000196
40.240295
38.614506
31.536125
25.77571
28.45988
20.59809
16.922575
30.491055
18.553602
40.322117
34.886696
23.885544
35.028954
23.172998
22.641062
32.497196
32.075478
19.906765
38.527584
37.71642
28.484896
24.683443
20.448557
24.367641
24.594347
36.652466
37.887096
27.070686
34.21981
30.416122
23.879604
22.737171
34.41597
35.957775
30.578264
30.473211
23.080425
37.693832
21.629427
19.888277
40.91422
17.193237
26.494219
29.351007
26.057392
26.805506
38.050488
33.086353
38.837368
17.94811
29.340702
28.174395
16.49957
38.126266
24.168215
29.489723
19.53393
26.892939
21.394772
22.411282
22.267431
34.90416
30.25496
25.736065
38.762127
21.984537
15.778767
26.64612
26.739597
37.690033
25.501232
17.80678
37.24701
25.239943
39.0386
29.715086
30.086582
34.887188
36.823303
27.270885
22.649351
19.80589
17.315424
36.209072
24.72584
38.397343
37.346226
36.50999
32.110332
23.5504
39.899746
22.196024
35.3721
35.839455
35.60129
34.025894
29.036093
21.903004
24.457064
29.514217
16.597164
39.31802
16.977102
33.432415
24.286224
15.170204
24.714052
31.488008
31.313095
21.217321
19.463167
40.232964
16.430243
26.052711
35.894398
15.417632
22.092993
27.998281
34.225216
24.985464
28.23613
23.59102
31.693329
31.694618
27.74332
15.474427
26.051218
19.95614
29.054981
38.265903
37.079903
17.894371
40.041885
21.543541
37.207195
20.86379
33.265842
21.480371
21.716103
18.697498
28.05555
24.851562
32.741898
31.816051
21.444778
23.149652
29.281845
24.991415
39.95169
40.36531
35.77937
26.039251
39.422276
19.625792
28.494904
40.003838
38.717514
21.330574
15.83852
17.503407
30.89297
30.683384
18.114859
24.819675
18.701258
27.592144
39.71872
29.04392
31.74184
26.793045
40.720123
32.13291
20.389376
34.75235
30.990501
35.081543
34.750885
18.409143
26.547081
37.585052
31.333714
39.14465
24.630424
15.542176
35.850346
23.498402
19.180447
24.541664
27.642805
28.098866
15.839175
30.078045
25.578552
32.03589
15.383861
26.658583
26.951296
15.474573
16.581947
20.191849
33.914467
40.69498
35.85983
21.089382
30.281584
36.939285
29.890175
15.36541
31.146944
29.457867
36.228024
39.68561
22.711748
31.967918
22.463694
21.79442
39.944813
18.37314
28.011045
40.041416
27.263786
40.04014
34.612362
22.830801
40.291813
37.18705
31.916695
20.734058
30.926287
27.01216
27.076235
32.734303
35.450493
29.074966
38.205803
39.611958
24.225529
16.139534
32.763336
21.834837
29.61906
28.199635
25.434706
34.481735
38.25913
34.7275
17.944084
31.707167
38.445316
21.322779
17.36141
28.045902
17.60627
17.885477
33.941483
25.459461
26.061693
28.196592
34.304527
31.442715
24.028568
25.362206
24.856043
38.73733
32.80549
31.961731
35.744015
33.239746
24.375675
15.938203
15.364618
33.544865
36.288326
21.278297
35.452805
25.232784
30.609629
16.351969
31.132109
33.484238
30.978924
22.416462
30.948395
22.901566
40.36206
20.236612
20.875168
33.51548
37.96325
32.033207
19.553421
18.873945
38.938282
25.043385
29.616941
15.837947
23.046083
27.861814
15.854327
22.25005
18.182364
23.428741
21.171913
19.995031
19.85808
33.04062
17.847149
31.137978
26.117207
32.081444
28.3999
39.80374
33.132397
34.30761
31.559504
26.252605
33.773724
39.46631
16.268309
20.210638
31.814928
28.787455
36.437847
27.929075
36.123142
20.461123
19.261635
25.675755
36.172234
38.59748
40.28902
31.40251
30.526573
16.363325
29.17736
34.18601
23.561184
16.999168
15.065228
31.705532
16.61578
25.243006
25.847237
39.4997
34.02445
18.321787
31.281418
18.035137
38.019344
26.118757
29.823057
32.723663
31.375822
22.384645
31.354195
31.940498
32.848213
24.932995
36.565968
38.82461
17.939487
32.64458
40.651302
26.183247
20.354694
16.803255
36.17838
26.176247
23.607286
33.795223
35.54072
21.621801
39.678986
25.526072
17.21754
33.743706
38.378033
25.04462
20.228502
25.971323
17.09731
23.80996
15.629852
35.006886
16.042942
39.79774
38.67431
16.790817
30.685658
38.214115
16.344955
26.224253
31.181253
16.970474
36.37382
37.548996
17.813284
21.26934
15.568681
27.138618
28.130081
19.661652
39.297005
20.12042
31.379957
15.757798
38.31391
26.72655
37.09258
29.409664
31.771324
19.56351
25.211046
24.62813
16.20843
17.092878
23.048485
32.76023
39.59898
19.531982
27.524508
20.522528
35.118782
31.111935
21.631062
31.371895
21.197195
33.17126
33.883846
15.392291
38.62928
27.91705
26.634573
29.385798
34.050667
34.851444
23.551079
39.178463
29.915133
22.83987
36.316284
32.28631
32.26517
18.588387
15.653811
39.034073
27.048836
32.90108
22.15709
19.97904
35.51147
17.504438
36.08044
29.06459
21.278828
39.454082
32.244835
19.312853
38.148514
29.180437
28.517576
21.063108
38.31951
20.083166
23.944357
17.77238
21.815027
32.25049
35.54375
27.21686
19.191685
30.357786
15.018355
38.56766
25.278564
26.091097
20.193445
16.261587
23.652452
36.544468
30.86311
27.847408
23.831038
31.956255
30.905527
23.060379
17.753683
38.877926
34.02314
17.262526
27.019854
26.409966
15.270149
20.08348
21.568052
17.492937
28.648867
17.60638
30.003654
18.407864
24.488163
23.765684
21.621765
19.618544
19.0613
15.758435
32.321774
19.87941
22.957142
31.217842
21.073006
37.13616
28.087881
37.65778
32.366436
30.162277
31.898018
39.269062
35.175163
32.103138
23.333483
38.533146
16.346806
31.14047
16.43647
40.316162
28.063932
32.343307
22.050652
38.115936
19.033873
22.437737
24.05306
25.956934
27.40731
17.706154
27.773172
15.062853
28.075333
28.51784
22.81621
35.88378
35.957577
26.096094
30.376984
17.314703
30.169447
16.043264
38.312088
36.014305
15.544316
30.873478
21.732536
15.617892
35.886982
30.343893
24.68545
40.33538
17.547544
31.72885
37.612637
21.93522
30.430288
34.34724
29.705498
39.437286
20.389994
27.632036
35.019844
38.972527
38.11856
31.821793
24.270847
33.214508
29.08763
40.95763
18.597504
37.54771
26.888374
23.285025
21.267618
29.709656
36.397453
30.38843
30.288437
35.028778
35.598534
25.427643
23.194754
34.577206
23.601673
30.69839
38.905388
16.567354
29.428295
27.405643
20.470615
36.143505
29.46726
32.01665
32.777275
19.354343
35.15807
23.851713
34.834892
23.539667
36.420017
27.674223
27.135307
30.62422
22.621584
36.957558
26.759949
29.883928
27.472155
16.23485
16.403034
32.63455
19.11866
20.47873
38.285595
16.989965
27.942497
35.811665
38.054386
40.34727
40.077602
39.01347
39.191402
22.577806
30.508331
29.271158
27.203775
36.038372
23.756283
30.407215
16.920609
35.463856
20.628004
21.426048
31.5923
23.562414
16.271
25.634207
25.169659
32.706608
39.873287
29.818598
37.134163
15.49856
27.74214
17.007906
16.557468
21.184618
23.210613
21.195946
38.687283
32.90463
26.845732
24.071657
19.288462
36.583282
36.77022
24.279032
35.212265
21.905745
27.559954
29.021227
28.223429
33.26699
15.142272
21.926643
24.9837
39.844143
20.395634
32.01078
27.272316
21.013224
27.739016
32.296185
31.017902
30.216686
26.899832
15.193816
20.522945
31.085146
30.262049
15.102696
37.381172
20.126686
16.721558
26.850674
34.01977
20.619265
39.813755
25.577723
35.542557
20.47654
31.028679
31.454136
30.60674
38.80472
40.691948
31.229548
22.435286
33.6278
30.565088
36.024704
24.748257
22.830761
26.406828
35.006405
32.390854
33.755196
33.137196
21.627123
40.742416
28.078949
17.95928
36.9642
31.609846
25.621204
19.8188
21.359688
32.240467
39.536724
34.919582
23.04029
30.333597
33.99769
31.663414
16.68792
17.486637
25.908804
28.345608
20.03495
20.38069
38.46123
27.213085
32.474163
15.192342
20.40303
25.079546
28.401995
28.212385
30.78865
39.59281
37.554657
22.45887
18.66724
37.462242
40.950203
34.191074
40.679325
34.479553
18.215687
22.66258
36.85367
27.0042
24.057043
35.195755
34.030853
20.734983
26.4203
17.716692
29.287493
35.052303
30.49632
40.258636
36.494606
35.99097
37.137234
33.623726
21.716074
27.991337
21.481249
29.386925
35.53779
25.976885
27.623558
28.732655
16.615425
25.019352
22.02456
16.233868
26.73848
32.877796
22.012625
30.614824
39.530518
17.035955
18.21718
23.783075
30.540323
22.512613
33.05887
27.97272
25.925947
23.68257
25.527056
22.710224
16.193329
38.62124
21.391035
34.495625
34.52355
18.073736
35.719677
18.586203
40.107418
27.049778
25.125412
20.076246
31.6035
27.258516
24.501873
38.58573
28.345257
31.122911
21.190565
35.302357
31.245508
20.95107
26.490433
34.86554
17.480906
35.992424
22.215235
29.637545
30.986599
39.569443
30.60712
40.276188
36.550903
20.251034
35.330864
40.205074
20.872112
31.121656
27.501642
34.57153
15.32432
25.600512
35.74039
30.589005
38.376442
16.978157
27.104128
25.779938
32.618313
35.863197
36.40482
17.566545
40.17008
17.069656
26.908705
25.901354
28.885813
35.125965
29.699171
38.185764
18.209564
29.549475
22.089685
22.594166
37.801853
23.305689
25.389328
36.10271
40.12683
28.45941
25.051996
29.016054
22.075115
33.925285
25.781395
38.591957
30.394594
27.438213
16.517342
40.4828
17.211246
23.389389
19.395088
40.14472
25.244263
30.011726
16.74771
19.109182
19.454557
27.54872
29.012747
29.068518
28.81302
31.503754
30.007769
34.095955
22.63459
25.842218
22.455502
28.002512
34.496555
36.106716
37.86773
15.827038
17.144173
25.805996
20.938196
25.762545
27.984066
33.15117
15.448194
18.440931
30.775505
29.238165
18.354599
22.429958
28.952072
39.113216
29.208614
20.040445
37.64084
15.808624
33.344467
26.098242
26.893599
32.398914
39.38088
38.204792
35.904312
34.402847
24.494055
28.191587
37.059307
30.444729
24.6496
18.968115
29.551498
30.98875
29.521578
16.7694
40.987114
19.173069
39.180676
29.9285
19.923265
36.295673
37.79925
15.730844
24.596895
23.341991
26.599684
20.651556
15.240437
17.094584
22.063427
40.333454
21.326782
40.828156
28.021648
32.032604
20.84589
27.368523
15.664403
21.939934
22.287685
38.38204
23.73378
26.781555
31.39062
28.162378
24.20747
21.40711
37.912544
30.894518
32.632732
27.694513
26.690325
25.401037
34.936756
17.031223
30.076885
38.713875
34.017914
34.87621
31.4791
37.464985
29.71343
15.463507
38.16729
36.052258
36.842484
31.577293
19.786774
34.812428
17.939837
18.510195
23.07425
36.020695
30.023502
30.81054
23.166477
26.436958
34.281094
35.23098
25.586082
22.33172
21.912888
17.410072
28.498993
32.44988
26.53577
23.249983
20.160353
16.208652
19.530678
36.697636
37.600437
26.576221
33.50715
39.693348
21.549461
27.540588
38.6622
37.419975
17.35986
16.8535
19.226667
30.66744
20.256905
35.82222
34.42069
19.12141
21.633322
23.322317
36.381104
20.691795
31.300787
22.917479
38.376907
26.61564
18.620985
29.997835
20.295052
40.00081
27.26115
34.186092
40.85736
34.720867
29.953808
20.911192
29.320257
18.128296
27.087667
17.01214
21.512669
32.922276
24.2164
34.509945
37.983376
34.68892
20.644302
24.273636
17.757605
28.125957
28.132599
21.206562
33.74373
24.770603
39.467434
24.79221
23.18442
28.168308
15.140308
23.36406
30.712584
18.85196
40.71407
25.301956
34.551006
23.245003
21.582216
33.507835
36.18557
27.658806
31.77668
18.97652
26.445442
40.92357
37.238884
37.052757
38.33974
40.87383
37.54122
36.05346
29.228481
18.903664
29.430836
24.334587
37.946907
17.113455
38.76489
32.594975
24.355572
26.18906
24.416157
23.234756
23.454723
35.086018
16.550228
35.924026
27.679958
17.835482
20.310196
28.187626
29.287182
28.345232
36.392075
35.774982
35.838413
30.938265
32.25393
19.859226
33.71598
40.553085
25.773964
26.697731
37.321175
20.023981
31.057547
16.286587
31.154428
20.666193
23.790527
15.754472
36.32766
18.510038
37.045795
24.766687
22.225346
29.95967
23.772463
24.048113
18.009493
19.396338
39.331703
30.284113
35.45462
23.302588
18.390612
39.121437
24.202442
40.853054
15.245178
32.76646
40.94191
37.599087
31.215748
37.76603
21.248798
16.868597
19.143108
21.956583
38.860085
40.809204
29.210606
23.280077
28.01177
17.621809
30.327463
19.190687
40.134975
27.463465
33.13072
27.714066
16.683464
36.742474
36.298008
35.871414
27.156971
17.08532
21.310638
36.14347
15.488008
19.124193
28.06618
38.9249
40.876053
34.435474
34.812096
30.507488
16.881363
29.453695
32.756657
20.030924
27.131794
26.992184
40.410656
19.052841
29.34943
26.120628
29.223246
37.915176
17.569931
19.581581
24.397438
27.921795
19.405952
37.67192
40.90559
31.492744
30.997025
32.57207
16.672472
37.92336
16.891838
37.47476
30.653284
40.151833
23.524807
24.5469
37.10622
38.026802
39.177418
40.752224
34.743977
17.966816
40.355755
22.86891
40.645874
35.616516
16.369234
18.65571
17.821983
21.129686
26.561474
40.05159
22.142958
26.047293
36.122887
36.538116
28.984015
20.388926
34.70542
30.350449
32.37879
34.539074
37.16356
16.091915
23.73854
26.784903
39.66158
17.488804
19.26442
37.950253
37.115692
35.516163
23.065395
29.470829
33.480587
36.932007
38.69152
22.468557
36.743492
34.376488
39.30215
30.908365
39.654938
36.624226
34.010887
23.758635
23.203709
32.322147
37.083836
29.226908
30.634787
16.601782
27.615028
28.605318
33.412327
27.324183
22.062574
38.03564
24.945915
18.397156
40.60147
39.59172
37.12674
19.598785
18.633669
32.477417
22.76145
23.647707
24.9933
38.85116
29.84488
15.879884
16.39475
28.813498
17.27887
35.82315
21.493513
35.43201
30.122988
31.205034
23.56449
17.328276
39.75387
27.485895
34.24976
23.314526
20.413485
33.878696
34.08749
20.842974
20.542652
39.998245
30.606018
21.618704
33.024567
19.776926
33.65188
37.62743
35.00422
27.090616
38.317757
37.042255
17.303053
18.657568
20.346207
23.999023
27.614178
28.204718
33.20718
29.067728
40.642082
23.639996
22.18217
26.397774
38.141685
16.02587
18.735096
16.977882
30.415176
23.518484
22.20975
33.226727
36.241055
17.118433
29.465956
32.21833
38.438286
38.07325
20.45131
33.246635
37.309597
19.078484
30.902662
16.146534
40.061314
37.043232
26.381252
19.814045
34.96327
16.117735
32.66769
29.706234
28.49077
19.924706
16.177734
24.75182
19.981667
31.492811
36.507072
30.066343
27.445019
20.25972
25.473078
38.14116
24.073954
39.693916
19.09383
35.763367
15.7437525
38.578506
34.829357
40.824223
29.317268
29.806963
26.107412
26.386465
23.933245
18.659855
39.665817
18.906353
32.619186
15.963235
18.565681
21.344133
19.548897
40.273563
26.864586
18.04701
15.055789
15.290618
28.886038
34.75164
36.116714
24.068995
28.78134
15.828471
40.43689
20.280504
20.65223
25.978254
19.495209
18.77381
15.88741
20.991337
37.950035
24.984386
22.563414
23.893309
15.659336
15.366957
19.769926
34.82593
26.234758
40.95424
21.54203
37.35019
30.528002
33.38996
26.716562
36.508656
34.738716
19.340742
16.477049
20.94731
16.936707
35.06058
20.61144
30.672316
24.70726
18.063375
16.579163
15.605099
34.35691
35.352898
40.368732
19.999573
40.657963
23.466516
34.82447
17.998127
35.463646
28.707878
19.630585
32.128487
23.691721
38.375526
29.463234
23.381367
40.152977
35.538548
40.95584
24.659273
24.491945
40.966953
39.070263
16.8497
34.110825
32.193707
31.226206
18.55132
26.363441
23.366844
35.113464
32.569706
27.534786
28.54439
37.496372
36.699505
25.162516
39.391323
36.51718
17.022806
40.110428
17.85704
19.01467
28.978945
31.469885
15.343393
23.196808
18.798817
18.843689
24.117485
21.640804
23.547127
30.857943
20.28011
24.041315
37.97899
39.85091
36.469795
21.387287
22.692596
22.603947
34.66413
33.320175
18.64759
33.708065
16.934072
30.31104
26.019207
29.700695
30.813745
39.991325
32.57107
22.460777
18.067207
24.48182
24.254986
31.516254
15.065419
18.886671
32.58391
16.896645
37.730736
40.25396
21.474716
36.954285
26.062923
25.251728
16.720201
29.181465
24.629772
37.568035
20.025267
28.46656
38.08712
20.615938
20.629988
38.460922
38.78714
19.508999
38.94275
33.769188
36.840458
26.470259
38.319496
39.529263
31.61676
19.84733
35.150547
16.614176
21.600239
38.72854
29.754261
25.1666
16.760311
18.789806
19.227318
38.467808
32.154724
26.449287
24.36422
19.2463
31.35129
35.66641
40.03397
31.447477
19.436136
32.79439
23.989874
24.214117
21.870485
29.779959
30.988728
37.368507
35.264637
38.701298
39.30853
39.04059
29.256952
27.145037
37.279346
32.25248
27.117304
36.245308
28.279713
24.248228
40.438534
39.34274
23.801483
22.148724
38.33622
37.16844
31.648804
35.115154
23.946016
23.217848
30.112371
36.62045
34.689697
34.551544
27.047983
22.656643
23.77494
32.64497
15.188783
16.747118
40.700718
20.106121
17.733501
30.486204
36.159184
18.090212
15.278387
16.994617
27.656645
36.06246
20.498384
40.157745
24.420326
36.19493
22.63356
28.804796
15.714274
39.130684
39.79961
24.090363
17.556902
26.108175
39.4167
40.255917
27.014292
36.511192
17.638817
17.677351
36.737564
31.79431
39.5661
16.645601
27.219177
24.431139
15.235639
28.680975
16.362259
40.042454
19.911488
39.34781
25.388643
20.183443
31.032671
24.514555
22.855444
40.404236
16.328213
40.795452
40.606663
17.144955
36.071194
36.513474
40.855427
35.786488
19.219242
35.94016
40.274136
36.750286
34.27667
36.796608
32.963894
24.925371
15.113949
15.040772
39.481285
15.89791
39.69309
29.8198
23.719666
36.46857
23.672789
21.132174
37.3738
28.765062
25.205263
27.222889
16.960772
40.892063
31.886925
32.02594
18.926842
22.50802
33.788044
23.0719
30.238892
40.978035
19.761868
27.194422
23.040947
20.824327
25.821625
15.097922
16.450218
24.080557
18.274166
28.389837
24.37387
39.85351
30.511929
20.034267
21.34682
37.905487
16.890268
39.34988
32.82248
33.392868
31.955158
37.65345
22.092567
34.031277
38.436535
24.441452
15.068709
34.90487
40.885582
28.605562
16.527657
39.89713
29.609543
20.594074
29.103697
20.29277
29.6456
29.659595
29.305834
30.485168
27.915705
15.374526
33.1441
35.920944
38.41718
16.44929
19.568354
21.42312
32.32926
36.554276
32.854706
24.856558
39.25368
40.32505
19.31874
27.734093
25.457727
21.021288
15.291381
38.80911
34.951183
28.413525
32.16243
32.96002
29.503849
25.387741
34.47839
21.744398
18.298336
20.486359
34.57533
15.885302
32.813126
21.145235
40.034225
21.64951
21.743828
36.73974
38.365364
36.587273
20.295973
31.719042
34.759914
29.425354
26.020498
25.086246
23.491112
26.039957
35.513573
23.27298
35.603947
28.383339
22.765198
31.060635
24.901522
21.997782
26.716496
33.61644
20.917828
38.32272
38.673428
37.941013
39.56082
40.385727
15.625126
16.065165
27.416365
22.66521
39.22784
23.187096
24.322685
25.922523
16.240992
25.607323
20.756706
27.623402
26.539635
29.796993
27.81768
20.20344
21.478025
29.226433
28.150238
18.879562
28.341959
31.684164
38.01811
15.969229
17.902834
32.732723
39.921364
31.751368
19.674334
28.676071
17.644257
38.787792
21.37305
26.954466
25.427258
35.32114
33.297173
33.23609
34.076157
15.875131
28.862816
16.64087
25.25263
35.505157
19.375484
33.51027
32.934887
38.28213
22.264446
37.928078
28.093597
38.53956
35.470806
23.800457
32.997505
17.173777
36.455376
24.719828
23.244682
22.85947
28.380388
18.065395
18.609646
29.427301
24.419407
40.834377
28.103039
21.847874
35.86279
20.551338
34.259884
28.275902
38.711353
23.269184
26.603945
36.430782
30.788834
38.153736
30.479887
19.224531
33.05412
34.434994
21.00164
22.995287
40.757084
17.611559
30.734425
39.964355
24.357311
25.710806
15.909554
26.607061
38.71283
39.13584
25.465345
17.512415
35.94638
19.171362
20.013994
16.003849
16.609686
38.57398
19.95351
24.3031
29.291445
34.838654
27.375378
23.341524
36.65287
26.711355
19.162804
31.457932
38.024765
33.309067
24.731022
28.16927
35.163185
38.811867
25.230251
31.96028
22.536018
20.10767
25.713606
19.61046
18.6008
15.998899
25.76632
34.961536
35.934357
22.62126
35.39934
27.225769
23.787893
34.57832
35.62947
36.945328
24.666388
20.9617
37.0999
21.53512
26.869202
31.905048
27.33901
29.976315
23.579058
24.611122
21.812199
33.67499
18.049538
29.894762
33.7903
35.76016
29.716581
25.200527
35.24009
18.167665
23.647375
17.782331
37.43641
30.7412
15.640429
30.273413
15.801972
29.278988
19.503502
40.228485
20.600275
23.964417
29.561438
25.385912
35.538475
39.941177
24.283869
29.37633
38.08138
35.928246
24.073135
30.39506
28.334206
38.71727
17.715643
17.95926
23.721075
19.15478
23.77531
32.28673
20.367641
32.783745
37.29557
25.061811
37.090588
27.703968
26.576912
25.39482
38.203247
33.4079
33.50967
30.635035
24.965752
39.358326
27.96733
32.363182
20.439857
28.896574
32.103367
19.367949
24.752556
36.704754
18.045124
37.702003
39.32941
34.492676
40.44108
29.016644
27.52756
23.839989
15.593247
32.290016
27.28005
29.196224
25.494362
40.792576
24.857243
25.926315
27.989868
35.674263
29.657734
37.986343
37.49765
23.911629
16.060337
21.324026
40.2438
21.51887
35.80032
26.420837
39.810658
36.90553
19.077227
22.527233
38.94365
16.05444
32.658276
35.089897
26.026516
34.7971
30.610455
34.629597
31.409693
21.879635
21.976027
25.900484
23.864697
25.741043
17.700422
16.546526
26.837616
23.966467
34.427994
36.667957
33.887787
31.231659
29.400322
28.720385
30.723093
29.220911
24.623442
24.99154
35.581177
38.479206
29.714376
29.535326
32.35635
19.450356
31.394148
36.89015
17.834738
36.05638
21.463459
37.168266
23.675716
16.0895
32.27896
16.175144
23.365515
22.416483
23.242119
28.102577
16.269243
19.53622
19.619331
33.036613
21.120556
39.38488
40.131126
16.03107
29.813475
34.448982
26.17987
26.819698
25.198872
29.225283
19.329567
33.37482
31.738401
34.85738
16.707993
36.467545
27.331656
22.382414
22.370531
30.144388
22.407671
15.437334
36.346695
26.607454
18.45976
25.50263
20.084518
23.370033
24.603134
21.802525
25.314573
35.756786
17.447557
25.834064
22.974567
30.827435
28.602764
33.16363
15.767087
27.625147
31.47219
40.60785
18.167185
31.285532
28.641014
19.206926
29.25318
28.989506
35.12732
16.50197
22.603157
18.002993
33.040707
31.543797
39.68129
26.118692
35.7804
40.789345
22.632284
36.699936
40.80547
40.582737
35.208828
34.223934
39.22255
32.271633
18.676115
27.731403
35.96183
15.175419
36.969166
32.911945
22.150116
36.60043
36.122723
26.6892
31.439972
20.888332
17.050243
39.11714
24.516945
21.087288
22.117613
36.158627
18.782293
15.251635
28.638783
23.48954
39.29643
20.604235
22.414804
31.856699
24.468756
38.836716
35.744244
32.714912
33.692448
36.676308
24.952168
26.878368
38.148117
25.514063
28.416552
28.74376
26.338175
34.36764
33.315037
20.277382
26.564129
21.742998
27.87165
28.405647
21.52191
24.06272
29.752232
26.708252
19.465734
25.24482
34.438957
15.385493
23.97891
39.74432
39.90847
26.35599
26.290327
37.91094
29.744791
39.03835
26.288355
39.869736
23.937311
18.88008
16.90916
24.297575
21.045813
37.019253
23.414452
23.446808
27.158619
33.59933
24.223938
19.558533
18.126558
17.20468
37.430786
36.411373
15.92467
32.644127
16.903677
39.167686
21.675112
18.882235
37.96696
35.90765
26.858934
40.302628
29.05088
21.282675
30.551016
33.685043
40.41657
28.573137
16.131588
32.28753
26.086103
39.1014
29.859417
21.247477
20.44561
21.429613
23.93585
35.149906
32.639957
39.062885
32.24559
31.058767
17.840357
32.48175
27.829174
34.566704
40.74163
31.24408
17.323824
32.491035
29.23379
24.624954
35.10338
25.728472
29.092968
26.804096
36.654804
23.478338
23.749601
22.963957
34.847763
25.553854
40.7172
37.827557
30.185488
32.82327
32.1029
32.143745
34.86928
28.95744
38.77137
19.418497
24.565592
27.607687
32.196613
26.794388
25.133844
27.897522
20.811483
30.396484
38.25471
29.684143
36.752697
34.691284
27.892786
36.430313
20.29953
37.44644
38.83416
23.724543
15.01719
26.732487
37.158585
19.497215
20.641357
16.07379
18.437582
25.802633
15.078188
36.334538
20.693888
19.67165
21.544502
20.216433
25.71441
37.98686
27.835793
27.348497
34.177895
28.592089
35.98502
28.86518
25.2402
36.920166
24.163107
24.097658
35.71419
40.307766
36.572403
34.544144
33.787952
20.863295
31.297316
35.638515
35.34406
28.263693
32.601616
39.002697
27.374441
16.178137
16.99995
40.84659
24.72934
36.151516
23.581331
17.970526
29.495642
28.727743
32.52538
21.428608
22.668934
33.35278
23.527437
27.327366
17.465296
36.16948
31.936567
36.462685
32.61297
24.201147
18.810843
31.538969
18.270702
19.617962
39.80722
26.567978
26.838707
22.790178
40.848694
29.71087
17.85977
39.6543
19.849314
30.305435
26.452269
31.553179
21.42801
21.111519
16.27341
30.158218
25.505123
19.911207
40.880215
38.341724
40.950848
34.51632
21.537342
29.939594
24.042776
25.964226
27.015072
27.229387
26.390026
36.224167
15.727333
18.646036
40.19442
31.089571
34.678833
30.767262
16.244492
32.098045
37.121994
37.922985
23.876049
29.299171
35.568527
23.917822
36.28338
35.4812
34.857132
37.30298
23.028059
30.07138
31.34791
38.393696
40.367813
21.340515
16.995787
34.800568
27.11559
26.771017
29.04932
24.627903
39.13958
19.488607
31.427938
18.689516
23.327723
33.51142
24.449791
35.102123
25.865608
38.236237
19.514025
37.438786
34.014606
15.06009
36.585464
35.25957
17.227472
36.326553
30.886274
21.28393
40.401524
34.889446
35.06837
32.729008
39.344852
37.50279
20.32195
29.410385
16.119041
16.974323
24.369654
26.0865
25.822086
20.560917
40.10255
37.225304
40.58824
31.437712
35.73325
34.88143
17.106853
30.238874
35.773033
22.694424
26.800108
18.646334
17.884178
37.15338
16.950056
24.793886
19.715126
25.220568
34.52816
30.857607
40.195404
37.166397
38.25595
22.61946
25.448793
39.040348
40.513363
23.019571
32.4774
24.587254
19.11161
24.753622
32.075912
25.615597
19.660412
24.825321
34.054462
34.834217
24.284773
28.629955
28.78021
23.99613
27.78439
24.623526
33.291798
32.82292
35.979122
38.92298
31.797564
32.630383
34.946945
20.286585
19.23752
24.83592
22.136084
39.83948
28.770676
18.60047
18.920992
22.637995
15.5435505
29.742409
15.0722065
29.707294
39.90222
26.758268
28.823004
37.54047
29.329523
15.294776
17.741156
17.213173
23.820528
29.739048
39.451996
33.246414
36.15373
15.728482
29.40941
15.141228
38.571815
24.329235
21.374203
36.11226
24.755213
29.391838
21.034733
21.963572
34.653126
28.164862
34.292583
36.278267
27.731007
29.63226
35.136433
40.13468
15.499928
27.237267
27.740147
15.415363
18.81264
38.665565
19.446548
30.441063
33.342514
35.18261
27.636206
25.14052
31.905943
38.654846
24.130932
20.257774
40.84523
15.831761
15.744617
17.202314
31.558224
20.725513
20.869396
18.063374
15.442613
24.997133
37.573044
17.038158
33.016857
37.143055
38.583878
17.064861
25.78647
23.973011
40.75233
16.80482
40.5434
24.380077
17.103779
39.28415
20.21801
19.725939
18.435047
36.48376
29.147223
29.299189
34.557476
21.957655
33.679035
23.25175
24.752247
28.16287
19.402802
21.178299
36.779106
30.600573
33.97629
26.07577
25.867527
33.096153
15.51465
38.804874
23.519659
15.587366
38.813057
19.372765
24.667439
19.642925
25.29403
24.365742
40.75147
25.600067
23.501942
34.683235
19.627308
32.688107
23.211433
28.35897
36.855125
29.79594
29.773106
35.70255
40.89154
17.645136
36.18897
20.254425
36.977947
15.046048
34.5918
17.119528
19.107458
40.64311
18.296644
28.129528
30.352959
17.096336
28.399424
22.981045
29.051746
20.999664
19.016668
37.006817
37.86754
37.00273
30.692085
37.559166
26.588558
22.58121
38.239796
18.119823
27.670782
34.691875
37.35074
20.197435
23.998362
25.152037
33.657795
25.833895
29.108572
15.99902
30.636992
24.112833
17.216555
27.313894
32.716084
19.448444
21.775518
28.034655
33.268616
33.63
25.020948
39.13757
21.790628
35.60727
40.972748
40.231445
38.488823
18.824257
34.70716
23.088058
19.753147
17.543444
37.36067
32.92302
18.543404
37.050026
19.290993
30.344866
21.588652
17.88537
23.095709
23.806175
38.479725
35.33116
15.776831
32.119022
24.229456
16.250557
29.240173
29.138094
40.68173
28.089804
26.53117
18.068356
15.269663
29.353682
29.734184
15.020071
16.05493
31.190283
32.30029
30.412607
19.7242
27.85548
19.71885
30.619385
36.275524
23.774656
21.911152
16.849918
20.496487
38.679066
26.499687
19.680822
18.01762
33.866436
28.19462
15.876292
16.718775
38.020203
19.939358
35.179443
32.57269
34.21905
36.169983
24.609556
22.629227
26.778124
33.56879
28.466145
30.775312
17.385656
26.029938
23.719414
24.149818
36.633427
34.205757
28.757584
17.649231
27.486773
29.965021
16.565134
20.829084
29.49964
20.369947
27.322023
27.687822
36.652405
36.366592
24.142439
27.31382
23.57501
30.283619
31.212667
38.183025
28.615145
23.447426
35.941177
19.01375
31.721064
32.746887
29.900036
16.516794
34.430824
20.818953
27.315296
21.123278
28.394514
18.676693
40.65496
17.829126
27.803328
26.064241
30.466738
26.664335
37.85908
19.598562
15.033734
21.976774
35.99006
25.845762
18.644766
33.714428
26.903782
19.880144
19.31703
37.19662
22.764679
39.587006
19.662323
30.483898
19.794239
21.995672
16.25408
16.387873
16.41365
32.26703
23.330954
23.406532
27.683598
36.610348
37.963734
22.427067
26.243164
17.36695
33.915882
27.907497
15.209608
35.773743
38.343952
19.429974
25.572989
27.507511
27.212788
26.012737
29.504398
18.01126
19.841248
25.374483
25.693844
26.816736
20.34785
31.46384
25.34356
28.602755
21.931715
15.998495
37.764816
27.566736
26.902622
19.50248
18.661053
36.837322
33.165154
16.386906
38.12741
30.118778
40.465282
30.988464
37.156544
20.533363
25.12385
17.161743
33.012802
35.715603
40.20987
39.01547
19.221699
16.61296
27.14762
34.68951
39.118805
24.160126
18.605003
30.68851
26.911995
33.019653
37.176636
17.219805
37.033195
28.919535
37.85371
35.22723
27.190655
35.76863
38.56361
33.369278
38.979874
32.693882
16.165865
18.059032
36.171227
23.418474
35.206917
15.865001
28.864502
36.988197
17.464865
35.06619
23.585377
25.753424
23.85618
29.96126
33.096104
15.727218
30.630045
33.650883
21.202465
25.965324
36.941917
40.443924
15.161264
15.451782
24.876432
19.78236
27.427486
20.124235
31.780807
29.63636
21.427422
21.135939
34.3734
16.690163
34.803883
18.226814
32.50811
25.321014
24.151876
19.163858
31.703772
27.36756
19.647865
31.611513
27.588825
19.990715
32.17304
19.505594
32.264915
37.549225
25.540733
20.029673
16.259169
29.343716
32.26048
39.630764
20.213465
24.327198
36.90581
38.16154
31.74988
24.436623
32.600376
33.199184
21.055155
20.069248
21.396528
21.866331
27.642973
24.40918
18.392895
39.067585
28.481348
27.80363
32.322235
38.95531
40.21347
19.195038
26.038054
26.651394
19.553856
32.734367
34.838287
15.777065
32.10767
22.132545
28.886665
38.180695
38.839573
23.051073
36.126972
37.40393
25.209545
38.889618
36.032913
38.889416
26.596512
17.69738
40.295853
37.708694
19.0468
31.616774
32.1251
36.676823
34.612774
27.262081
31.220085
16.12062
29.58817
15.7423525
16.671144
25.280325
23.800064
36.656982
37.05525
26.349852
17.783506
17.324045
17.815422
39.49874
30.14326
26.745586
24.647291
20.86926
29.69824
15.370731
40.063442
19.50501
36.107635
32.586617
28.56612
31.44281
18.593763
26.048727
15.930982
19.787464
35.105286
34.456497
15.989417
28.48949
21.805279
24.186499
19.994236
30.758684
29.122324
30.314827
35.163235
30.571877
19.768719
27.99189
22.317497
39.571037
18.108397
20.876875
31.665937
27.798393
33.048267
29.395948
24.734995
27.177938
20.23009
34.957237
23.202044
17.428339
31.716055
30.937395
25.963396
21.179886
38.58981
17.248642
30.152552
40.468723
17.935577
40.6018
22.021574
18.494373
26.511652
31.200026
23.608286
36.55199
25.10044
38.52955
20.934189
40.388702
39.995876
40.157887
29.112843
16.883705
17.379929
40.006626
31.195633
16.914782
18.443499
18.435024
36.84169
21.54921
18.02303
21.65231
15.97093
36.284946
19.252607
32.470707
25.443996
35.968395
21.272425
30.217836
19.510122
19.227907
22.38793
16.74633
23.27372
21.787584
29.240034
19.910063
28.752728
16.863848
39.525246
15.620628
33.236572
15.997603
15.595664
36.654247
23.598822
23.137749
20.872173
30.748514
17.979368
24.567137
40.420345
22.209957
25.823309
19.350016
21.266922
24.247585
18.64835
15.380375
19.075886
25.554195
15.109946
38.82344
27.656559
36.276382
18.943048
35.768074
32.442238
29.445805
29.181671
20.245596
26.556353
18.18845
30.692228
18.421043
18.374205
36.585205
17.503822
30.725693
38.59176
28.926277
25.67851
15.975134
30.729105
26.283539
38.536774
16.104984
35.724613
18.819143
20.93819
25.056831
22.816885
23.055252
19.014606
36.55978
27.265089
17.448984
33.262856
23.078451
16.6243
31.048243
16.226301
28.036108
35.270977
40.748295
15.129334
15.572037
17.664701
36.72555
32.776093
34.555122
24.435871
26.994164
20.784575
28.351032
29.804995
28.712732
25.799486
16.928276
40.067795
39.862473
25.711962
37.288754
36.921337
16.224928
31.111553
39.92139
34.25986
21.206364
25.20569
17.002766
32.73513
33.98771
17.264002
34.40658
36.854477
20.722977
30.279728
36.23418
30.680868
24.065762
26.987669
27.541216
34.30274
16.17259
27.637926
22.210995
18.157423
37.51347
25.996906
24.51287
18.020487
30.314175
28.931864
18.78447
34.014294
35.26146
29.632505
31.889421
20.342653
35.22144
29.03296
27.627666
34.624428
30.153172
18.319658
17.113277
40.677437
25.143438
37.54545
36.28516
26.39513
18.54552
17.31756
21.178848
30.961847
21.573795
16.286736
37.36303
39.068665
40.387688
20.73719
24.032312
38.020237
40.692604
29.961752
31.648153
40.664078
37.192154
18.303858
26.732721
34.92732
33.845085
39.757824
40.445904
31.411825
15.811987
25.841045
40.91353
19.977291
26.221022
24.086636
28.92527
40.53275
18.438463
26.952135
20.583595
32.360573
35.3991
25.199863
38.76051
16.213005
29.733107
25.87658
37.806732
26.149778
33.92015
38.905018
28.85835
21.626438
36.508175
27.997059
22.29885
18.69642
18.553389
35.108067
21.459852
38.356037
19.869673
30.974218
29.481766
26.039978
21.419727
39.40941
39.405933
37.065983
30.236958
37.98552
32.032753
32.430836
34.63619
30.479755
28.855684
19.775867
34.15299
33.04479
30.468857
39.56867
34.645496
38.442486
20.246485
30.588669
34.299286
20.879002
36.80509
39.657883
38.89494
29.98901
32.785015
34.223995
34.629677
32.3389
37.825523
22.88158
30.028492
30.453762
40.258205
36.20821
27.036863
28.819983
25.006351
32.395718
31.256355
29.575329
36.453197
19.072971
26.465902
35.670403
28.630032
26.444921
25.06589
30.170296
36.97538
29.413769
31.88863
35.062428
22.129478
15.701621
37.93806
33.446392
16.75356
29.15998
31.053135
39.303886
37.201454
40.42996
18.233435
21.181465
23.021309
40.908077
17.422298
18.066322
30.728178
26.576128
24.911785
27.494865
34.063606
31.669458
20.215494
35.506264
39.04623
34.386654
29.249401
35.43781
24.517778
25.884571
24.96749
23.756294
17.601803
15.656191
16.218113
38.12927
28.517807
35.054783
32.518642
29.76241
18.531355
22.20639
38.690144
38.663937
24.471127
21.84364
16.850403
36.944267
39.20678
20.69743
40.132816
29.518906
17.756893
18.999039
16.68025
29.654856
25.284073
35.373726
21.957193
24.685486
28.13484
35.94789
30.230059
38.91619
24.294626
20.845425
20.184727
16.252878
33.15377
16.414824
39.082016
18.407555
24.318176
17.507227
38.59593
19.670149
29.348734
38.916508
25.53611
30.182856
32.776493
30.696085
40.025196
40.413128
15.515971
22.483133
36.383263
30.093706
20.88684
17.189373
25.965792
35.282776
20.854681
26.458656
40.508198
31.394718
15.814307
31.145071
33.149086
26.06157
21.264662
29.731304
36.23607
27.507639
31.062037
16.085512
38.262093
35.75451
35.58891
31.24597
38.836903
23.420841
26.138449
36.02629
28.467361
18.141258
24.090223
20.150013
27.101994
37.700768
15.040494
29.351868
33.889343
35.866013
23.95087
20.424063
38.40621
21.591867
33.592007
21.53944
28.731195
38.791656
27.0844
31.349348
36.170353
38.1816
20.176239
23.33264
30.186188
30.84475
22.048649
29.663153
38.137592
37.107063
34.901592
17.466627
28.807692
16.077936
30.348997
23.753939
38.378048
22.779816
26.739683
27.546137
40.501877
31.176313
25.920958
26.747704
16.4356
16.60543
28.674711
35.17804
30.807129
32.13434
23.081144
29.837141
21.530958
26.174397
29.403284
37.959988
40.6243
33.329834
26.735682
37.705154
40.23507
32.90086
24.623701
27.426691
17.061785
19.721628
39.13513
26.3943
38.526924
16.085833
29.453768
36.555412
29.559587
17.39745
37.964985
28.47371
29.649841
37.88138
22.016237
22.932217
23.956316
38.19857
29.060793
36.855064
25.680248
30.132385
28.730898
36.180553
15.663288
36.647823
23.536987
23.10918
23.22308
22.572437
22.352394
32.75374
17.609713
23.907505
29.618465
34.63476
24.147799
24.350405
38.292835
33.692875
19.123083
21.993752
25.963997
29.530897
20.77914
25.364262
37.26826
27.4518
26.408796
15.97396
19.770506
24.524845
37.456642
18.378725
36.80803
40.39061
25.79308
16.373793
39.447308
19.806686
40.87699
27.403275
26.666153
24.039333
23.393295
38.52034
22.14936
29.122396
32.133274
30.307106
21.673708
20.733292
35.37966
20.048002
30.958565
29.976904
15.86521
34.147583
40.07133
35.721737
39.49248
16.293663
21.00222
19.298693
16.434376
22.188757
35.86088
38.35133
34.978912
31.807697
18.297672
28.417528
31.538546
18.086512
28.215338
27.425972
26.613363
22.707388
21.612211
35.706837
28.179161
25.216896
27.485966
24.344652
40.965572
39.09931
36.127296
33.74233
40.396027
21.62421
39.845867
20.118744
29.580435
15.297266
30.196169
20.32844
18.683268
15.565401
23.108917
38.870426
40.23361
22.06228
28.983902
27.24409
23.50064
17.127333
36.7632
18.913738
29.927017
33.59129
19.278963
21.059397
35.794228
21.893503
29.757961
25.019817
25.788282
36.481026
22.265358
36.87488
15.940593
31.136753
16.083199
37.96793
20.538122
40.393684
21.54439
28.334682
17.028482
35.51455
16.680876
29.983818
35.689842
24.650959
38.195126
15.765426
34.89209
25.74337
36.72689
27.166937
38.14491
17.48296
27.162626
28.792238
37.809975
22.22882
15.822831
22.508154
26.348734
17.1586
29.762981
22.283503
27.283718
18.127956
33.13657
25.599455
36.670685
16.724045
35.594246
28.975918
39.810303
22.82044
16.030798
21.637236
35.1724
36.57571
27.642311
38.631416
32.062378
35.265083
27.218502
34.820736
30.428488
23.594463
40.870796
36.077488
40.39041
17.218298
27.984516
29.747177
21.56363
28.06751
19.083984
38.982533
24.06077
20.79109
23.512157
40.905155
26.170206
36.124584
15.351937
34.717693
30.143885
33.321075
20.854029
16.867884
23.27046
37.914967
39.78676
34.156883
24.466448
19.036148
16.586048
16.28781
16.987284
34.251926
34.959156
24.766394
39.541786
19.486324
29.683773
21.294191
17.087677
28.951124
23.744287
27.835823
22.892445
25.220345
19.660078
18.395199
25.062973
34.58954
38.88602
29.201742
23.679037
39.68359
30.50324
15.486078
16.909836
21.911509
22.068636
27.315752
36.049442
34.813866
23.454504
34.064972
24.27616
35.608418
16.785015
33.008453
20.122396
24.311626
38.164196
18.257933
32.13587
29.698597
23.790426
17.800903
30.019531
19.061216
28.265419
24.754715
15.656744
22.234024
38.430927
22.115116
20.859974
25.679647
23.90445
24.256884
29.425259
31.560345
15.63548
17.235186
31.131493
21.669527
32.26682
29.539825
34.692585
16.85683
34.860806
31.370567
39.35232
29.152657
29.63822
23.730204
40.805748
26.182774
33.778072
16.673103
22.437683
25.660898
15.039238
26.900436
25.488016
33.756943
19.990469
32.55934
21.685085
34.960835
23.973024
21.581757
15.132639
20.696619
38.570717
27.18972
28.792461
19.388824
33.324924
36.2974
36.773903
27.94279
37.707596
39.45617
30.823206
33.672985
32.953156
16.717524
23.899652
20.59806
15.250538
38.329704
39.532177
40.718674
26.009594
30.537348
24.769287
33.403862
29.44136
26.91955
40.966705
18.33405
38.52971
32.680183
28.401327
33.583485
27.622183
31.095411
15.756727
30.372232
17.33075
35.926792
29.894583
35.77753
25.208628
15.024373
31.008017
20.266684
21.757187
30.572756
27.247011
22.298334
29.71731
32.474068
21.212677
27.436308
29.312548
17.215315
38.336323
34.42991
21.136734
19.23362
26.09088
25.53689
33.716637
29.271318
25.226389
27.000006
20.430634
16.503971
21.777939
18.0354
28.427246
28.3278
35.4635
20.950796
24.462809
35.609108
22.27081
19.083727
21.165396
29.926764
18.52659
29.134819
34.132545
28.879793
16.548012
22.168432
23.483192
17.885735
30.095427
17.062664
19.00966
22.06132
15.277117
39.513054
17.913345
17.755638
35.300858
36.82904
32.258263
28.096914
19.523788
15.709542
15.739399
30.517574
36.621197
28.943724
20.13824
18.638268
16.376497
23.555376
38.925777
28.120037
36.588768
15.293983
20.873596
28.134844
34.900925
38.57294
22.246658
36.958168
27.970694
