38.416332
49.345272
36.989655
39.670544
36.130547
35.162663
42.726116
52.388206
41.20691
35.47815
49.23153
37.456116
41.92062
36.79163
52.7004
36.200256
44.592476
53.863243
46.441612
46.187172
51.713665
48.145935
50.180763
37.898037
55.80338
47.33468
48.13465
50.14955
40.530266
50.91891
48.719376
52.107754
55.95376
44.270367
53.031837
55.46449
38.22285
42.85016
50.179047
39.976105
44.707603
39.577045
48.120434
42.100212
46.33253
53.262993
39.935352
36.90855
50.831295
40.292774
54.331455
41.80277
54.74852
41.40095
37.76903
36.814766
52.277264
49.482716
48.7923
43.434372
41.43964
41.864277
47.03069
49.9745
48.693226
40.35397
49.86148
41.457603
53.777424
44.697063
43.909756
43.887115
51.50154
40.76524
47.402378
44.553642
55.220367
47.9259
48.889835
48.71815
55.943233
54.55713
54.00313
55.612946
45.37887
53.60073
54.722385
42.20614
43.731236
55.37883
54.099678
39.58652
42.730347
35.638836
52.50083
53.142944
49.20729
41.936985
53.20891
47.936188
49.50415
39.02253
45.6671
45.79097
54.147194
43.842518
35.7291
43.672016
39.505676
50.151546
52.032616
55.85044
48.608734
35.481205
44.014484
47.215294
35.899338
39.400772
36.14581
45.840103
54.46701
35.583775
50.681175
52.575264
36.219826
36.18414
55.58812
45.00458
39.531578
45.421314
36.351322
50.577923
51.13128
39.075466
49.030605
52.1117
54.38998
50.80174
39.292618
39.135185
45.703796
51.787052
43.133106
45.753002
47.372166
45.293167
53.660145
52.79263
39.226925
37.056744
48.61804
53.01087
36.28038
37.34991
36.297646
39.044197
36.82957
47.74431
55.10084
43.60534
39.77903
51.26692
35.30514
44.152058
38.425922
43.68788
35.50912
51.884056
37.589005
53.138412
38.83009
42.459927
39.756866
42.121254
44.172497
52.26859
44.881104
53.24654
50.788948
50.438187
50.54649
36.70281
35.915184
43.020363
55.51297
53.555775
44.476284
37.948967
55.043133
49.45686
46.733376
42.439518
55.00416
39.238888
38.268436
36.469604
55.464573
55.178185
37.88943
42.859993
36.393833
50.41025
38.878727
51.262657
50.11685
48.100544
54.50489
36.054058
41.375576
39.492264
43.871284
40.73081
55.20628
42.87996
52.984364
39.90966
44.35397
43.89066
48.390526
42.444923
53.614132
38.19352
37.852333
40.493767
48.317333
53.90453
48.313286
47.58354
53.153606
39.50452
40.834896
41.865074
52.67124
53.04676
37.280647
49.772102
43.07854
53.79469
47.268436
43.249313
41.427334
41.20076
42.316505
48.560154
41.86343
37.31432
43.16734
41.440437
40.39193
45.289173
37.98991
45.02485
35.524273
55.651043
46.532692
35.540993
45.248993
43.380413
46.32816
51.23901
51.99979
38.66807
54.734085
37.404953
47.68198
48.4088
41.937782
35.592022
55.362545
51.112637
55.04647
54.396263
55.929096
35.93402
43.040306
46.201893
41.879463
51.94547
40.674145
37.326416
53.416492
35.615807
39.379967
45.906647
53.191334
52.69204
42.843914
43.684326
54.363945
39.329456
43.210308
47.573494
37.13079
36.366405
47.799408
52.521782
42.507523
35.09814
50.816742
51.713882
37.948322
53.768364
50.778625
48.607746
46.3338
40.267666
43.282085
49.64288
47.965813
37.204773
42.30673
53.71481
42.47015
54.599525
55.45211
45.67103
54.927193
52.935787
42.386105
40.15107
35.125595
48.207996
53.308136
36.06703
47.565678
38.896763
51.415752
44.900696
55.72683
41.517067
37.20371
55.77956
41.157166
53.49666
43.921993
51.986504
42.143898
45.663006
37.67235
52.156384
43.07932
50.543697
52.432568
55.91777
45.150024
36.018314
53.76351
43.149204
51.64583
48.59906
37.07611
52.33662
39.01022
52.762848
52.1136
35.74241
39.73544
35.309406
39.7391
43.226223
46.34311
44.677917
45.209312
46.594032
47.985237
44.51898
55.862236
44.294094
53.65056
43.589138
41.550106
47.127247
55.56774
51.212124
49.20832
45.39383
39.159595
44.133766
43.666985
38.5606
36.821323
48.586945
36.183693
48.09845
40.871223
39.778393
44.204582
47.61534
50.253487
46.81092
45.545193
36.788754
50.96057
41.262676
38.523525
48.88809
43.68655
53.259247
37.574726
38.86987
52.92297
55.89498
35.530197
35.127113
51.56527
36.28667
40.05345
35.97934
40.110485
53.375633
53.690872
41.90053
37.69588
47.833652
49.617626
39.30001
48.55339
54.073624
52.437263
43.394684
48.936157
55.417545
50.328125
38.340973
53.211178
39.93252
48.42053
40.331005
48.605995
47.309677
44.53568
41.799885
44.047585
44.431385
41.320744
36.239605
42.638023
55.949028
38.37386
35.369938
36.5742
48.276424
51.168922
44.57791
45.737823
43.89336
55.461853
43.604717
49.757145
47.749245
49.388527
43.432625
49.073235
42.85849
47.64901
47.20432
47.431416
37.887417
54.013603
51.79325
51.262333
38.646603
38.883293
37.335888
54.617367
35.923164
55.79049
44.635513
51.679565
45.01426
45.535522
52.851963
35.38389
44.655945
35.12017
38.30294
36.34961
37.78101
35.761597
51.519867
48.15281
49.684715
41.048325
52.92487
54.94844
55.729256
48.734592
38.625412
44.589046
44.67567
35.76002
41.859177
51.681213
45.096283
53.82886
41.56422
48.47106
42.091198
53.286186
51.39801
42.05641
37.70913
38.08811
49.283928
49.18611
53.055893
50.378838
39.224804
35.825832
40.063137
38.559517
40.690594
41.74486
46.28534
50.76207
45.36085
35.609955
44.89495
51.325886
42.38251
41.459858
48.253498
55.21591
49.589725
46.978184
36.05074
48.317932
35.324787
53.682446
48.02448
35.200005
51.597836
41.00353
51.700424
44.238644
39.327953
47.242588
47.424416
38.97419
54.319363
46.561237
40.198696
35.181824
37.443813
48.486195
35.47932
45.423016
35.223907
50.890915
46.143623
55.776814
37.64195
37.054436
49.294624
46.041157
37.53511
43.191685
51.433563
39.94142
49.38001
43.799587
47.802197
42.786873
35.61849
37.269855
40.373272
36.575104
51.931206
37.48195
44.050682
53.76044
53.026855
40.50872
44.12988
55.774426
36.582176
53.14238
43.96485
55.914627
50.9415
46.67994
51.08956
44.402832
42.064594
54.294918
37.749805
51.254265
54.997513
51.366074
52.91574
54.096752
44.833744
55.334114
43.3658
49.231903
48.73143
52.0138
39.35947
40.040073
54.057354
48.801517
38.74945
36.29662
49.13959
41.887344
54.122917
36.089046
52.42799
43.4059
44.70716
50.802994
50.085392
54.441605
51.32664
50.079567
38.162285
40.941734
37.65645
45.737263
49.54379
46.884617
53.38147
36.398987
50.80025
37.500454
48.64107
45.967743
45.921272
46.94876
45.315784
35.154385
47.668015
55.61904
54.29565
40.97647
40.93964
47.14034
53.858932
47.51937
49.117195
51.260445
47.6856
46.27918
49.821846
38.986988
45.831615
41.091442
51.90427
48.77039
52.198143
36.990578
40.768158
39.05251
41.643993
43.341965
55.323124
43.205105
35.910202
50.241974
45.960976
47.738613
46.952297
55.490726
45.954185
54.674465
46.10894
44.408314
40.58654
55.143116
40.77474
49.38717
44.143288
52.595135
48.89071
53.351627
52.61182
45.494156
53.617462
42.230328
47.57366
39.998215
35.014256
45.137905
47.30489
40.929882
38.4114
39.20943
48.54425
47.285885
55.43385
54.93449
38.737053
41.64323
40.310707
38.397285
54.81771
42.081684
44.188274
54.044952
45.75498
39.661274
42.653656
45.478443
49.151276
40.068806
47.571293
51.28853
40.161163
36.778675
47.636684
51.14415
37.873882
55.961105
55.759487
46.181114
40.091015
44.414803
52.502453
55.236156
50.122746
43.0012
45.323223
46.62488
44.824745
48.414
49.292656
37.971394
38.6027
37.6303
48.2965
54.063538
37.52249
53.0586
55.466354
35.829536
36.981613
38.224243
47.731472
50.310215
35.620827
50.814117
40.934643
43.935543
52.285107
55.04031
50.91345
46.505108
47.87901
42.576283
42.312424
39.019104
36.903893
38.76929
45.662136
49.909817
54.31324
49.43932
46.43805
44.283142
38.076996
51.337383
54.39489
40.495453
46.50717
41.255085
49.46165
36.763287
39.96416
39.85246
43.877777
54.531536
45.03702
48.502575
52.05287
49.010464
47.670708
49.839165
41.840237
36.63273
36.999493
36.237297
50.52889
45.178524
43.83811
39.157494
39.879097
50.97043
54.88084
48.140095
46.95338
38.849026
41.663612
55.249233
44.327744
40.60621
35.255344
41.934937
43.50734
43.175156
43.462124
52.60693
54.016205
51.154247
46.051456
39.695164
54.6824
37.17685
55.133698
39.609863
43.097992
55.229626
48.373928
45.807777
50.097565
53.269108
39.14988
52.12151
53.36936
52.389683
44.120193
51.615276
39.990044
55.355568
50.92218
44.493122
43.756935
53.52532
37.879276
52.004574
37.681015
38.06935
52.66599
45.867886
52.899296
46.909386
44.851498
46.462532
37.567066
47.99323
38.123177
52.930202
38.99847
48.35914
45.777306
44.367634
47.438126
42.94112
35.756683
38.49464
47.367016
49.219784
47.113457
36.537334
51.17266
35.63296
46.280384
40.579067
38.346508
38.12617
52.944866
47.300636
35.11089
49.344967
38.63749
49.85653
36.523193
46.74966
54.370396
50.615364
48.65685
48.36736
49.790787
48.630356
49.41663
48.987186
42.350853
42.99975
43.910023
53.35153
39.937977
55.727066
49.06704
52.29954
55.2575
46.297802
42.377388
47.878693
42.01542
36.951588
42.19722
53.15593
46.609337
49.548008
48.066612
43.832123
36.603527
49.99933
49.87473
37.79183
35.737453
51.474895
55.511185
48.40487
38.597137
52.969624
53.850178
46.73715
43.364723
55.372997
44.52831
37.825123
47.254112
49.875095
55.99737
53.821754
54.33912
41.402744
47.760265
48.131187
41.485435
54.79145
45.531128
45.615414
45.00894
51.567806
46.300083
36.578087
39.500137
54.542244
51.928482
41.509083
54.978237
44.893417
41.95228
54.50788
37.168274
50.063187
46.729164
51.894737
36.230682
46.57525
50.929447
38.765682
43.715286
51.840424
50.641003
40.150608
36.8602
49.1183
42.035503
45.993423
39.610973
36.067436
51.626152
43.38896
42.89664
52.735397
36.636288
37.383408
43.766422
41.415016
37.893852
45.17343
45.96477
49.524784
46.96843
48.723644
41.402103
45.55887
55.97553
38.662907
48.764816
55.19637
38.587147
52.81707
54.200497
42.859386
41.308014
51.88903
40.612938
45.36617
45.003822
44.606586
51.606426
35.838108
35.000656
38.12434
43.52982
36.688408
42.81411
44.588055
37.388504
36.345398
40.71213
43.548084
40.61572
54.344917
40.86736
36.34318
41.824852
51.563896
40.812695
40.666706
44.70023
47.661243
44.278168
48.274387
49.12647
35.242226
45.25767
39.196102
45.505035
51.869125
42.330772
48.87368
41.96146
41.803547
51.848007
41.362614
40.80797
38.28473
48.57715
44.107548
35.19346
49.22343
53.803577
43.829826
47.346603
55.42232
37.67953
35.749897
39.197502
55.82165
46.825115
41.70817
55.44972
50.81277
48.798157
50.745106
45.366627
53.362343
35.070488
37.35442
43.634872
49.546528
37.57505
36.93318
47.672485
51.10712
40.72115
40.918026
48.660374
47.810524
51.01455
55.71909
35.393284
36.71569
43.064472
54.841423
39.769974
55.93859
44.811447
52.518234
44.372246
38.138435
51.267864
39.771233
44.118496
37.744877
53.927452
45.060192
44.42001
35.89555
37.270294
53.587494
51.616726
44.159824
46.46681
41.882656
54.72409
47.38725
48.46717
46.507885
51.683838
46.438225
35.151806
37.5977
44.378807
38.129547
48.11421
39.47397
55.64563
50.458904
38.949
37.7623
41.398926
55.060215
44.626194
53.276546
47.766865
49.885517
38.64692
50.435246
38.830246
37.30935
47.196304
43.12712
44.155952
53.20806
54.436
49.7524
47.820477
46.079147
41.41188
35.632446
45.030342
46.93457
37.7916
48.102337
43.763676
43.52743
36.792347
40.3793
49.08079
35.452553
52.21078
40.73448
39.881477
35.7994
54.425114
48.586437
51.922916
51.329697
46.60376
53.881638
44.85447
35.602158
54.125195
37.530766
39.874195
35.0734
42.390686
49.72906
44.36693
39.966595
36.79438
51.704792
37.544765
55.618584
48.604607
55.812057
46.678265
35.091087
37.905697
37.912365
41.98031
46.06343
53.551388
51.674107
48.58438
45.411583
48.28895
40.75973
38.34524
40.422466
47.82733
53.867622
35.382286
39.292603
50.643166
47.248955
45.38456
54.416595
38.74534
47.6293
49.701237
54.983692
50.451622
55.430733
39.152573
39.56959
42.470333
48.81212
54.313644
54.73582
48.22537
44.323612
49.746853
51.130554
45.41477
38.90606
54.2891
49.222298
52.250935
52.556664
38.035603
40.591934
36.69498
46.2295
46.104717
52.65875
47.268024
53.442646
46.616825
53.822548
50.699196
42.62338
38.57515
43.266613
49.75299
54.438656
53.497513
46.08523
38.067913
44.230125
38.715515
45.97477
49.73387
35.20136
54.231113
42.458565
39.637516
54.18941
47.900536
39.503796
43.312748
36.693768
42.501644
54.43227
51.14785
36.332726
55.933132
46.227367
50.32124
47.05062
47.392647
50.695774
42.764557
51.208843
46.885822
54.455357
37.784874
49.15944
54.8293
54.38947
35.716953
40.022175
35.82816
37.03316
53.12216
54.164196
44.93199
45.338238
38.60222
49.316067
55.80346
41.401783
36.254116
55.34873
46.26959
44.036728
50.156704
35.48305
40.668205
37.5132
45.05002
52.10687
50.25072
45.405926
46.545113
52.434113
37.65727
55.245525
37.785217
46.956318
54.141327
42.590584
44.46833
35.00896
54.78838
35.21256
41.536716
49.80335
44.446796
50.316986
42.640747
54.95938
50.468975
40.11219
49.69236
44.915302
52.646927
42.580627
48.437748
41.587658
52.918858
51.008205
46.999386
49.307957
42.52201
39.68331
44.76425
43.37214
45.271786
48.190067
40.82812
39.504776
44.558353
38.889202
51.445034
54.161934
55.469444
52.505135
45.57662
53.87508
55.17144
55.219376
41.687603
49.772808
55.310947
39.30792
35.391987
48.00817
42.735104
40.15439
46.41845
46.06629
55.2712
41.420826
53.63424
51.830425
50.65493
39.26438
49.54341
36.844032
51.951412
48.751038
42.758385
48.422417
35.9742
52.03628
38.43297
53.139416
36.27505
52.45792
55.5406
49.743053
53.250633
49.41763
54.18322
44.73852
44.792454
40.815613
43.824238
51.717834
54.692238
42.846523
49.453358
46.012394
52.707485
53.16524
43.211426
39.39817
52.79054
40.78725
38.93036
43.39269
37.489384
46.601353
44.376087
50.148857
52.939445
49.04114
45.72178
38.072742
43.18324
49.287052
43.92415
35.070732
50.77808
45.352135
45.2273
46.766052
38.782238
50.542408
37.97668
41.115498
37.245796
53.07665
50.289925
40.60422
41.27504
49.100624
41.901817
44.59981
43.587734
44.93721
45.677547
37.50643
55.231556
35.17656
35.871166
53.075615
53.79912
43.129448
52.19568
43.602398
37.040367
44.242058
35.166534
47.763756
37.246674
52.301952
38.98211
48.54092
55.161137
47.652695
48.412758
37.007954
44.455296
55.178493
37.784325
53.76601
46.005234
38.52041
49.16238
55.4561
41.29845
53.842216
41.270412
55.092636
40.307865
46.476578
49.507977
53.925972
44.080406
39.951244
49.674263
53.16413
39.105034
51.220085
54.647923
50.162315
52.24869
55.405315
47.325832
44.62327
46.678543
42.994873
39.58138
54.942448
36.725
48.232906
52.867275
36.079075
38.08239
42.391533
52.35823
49.237278
37.092854
52.718414
35.2057
44.201374
43.113773
44.117474
49.55986
41.384872
48.130318
52.03894
38.503323
50.525112
50.84204
43.63018
40.93642
49.483555
53.42599
41.93016
45.755863
52.796494
53.05885
37.778103
54.37647
48.461594
44.06661
42.150864
39.75986
44.94296
46.262768
42.843704
46.634727
52.53047
54.634544
38.765644
53.519787
35.999023
48.041702
52.6332
37.49373
46.9788
44.00342
55.515327
49.395687
55.570045
41.96633
53.507534
36.28514
55.513935
41.670204
53.79461
38.542145
35.665882
43.357872
50.49908
48.946552
46.60823
40.611973
38.006477
38.439342
51.98657
42.543476
42.90866
39.039524
38.557076
46.90574
55.312943
38.567
47.991936
49.462494
40.027374
36.40462
54.205677
50.599514
36.05159
44.52201
39.337315
48.73693
44.87774
46.379295
43.551624
44.57293
35.337482
45.130474
37.507244
36.569332
44.11877
47.754333
44.680305
55.375755
55.620003
46.35499
49.729298
43.081448
47.50943
36.894646
39.74013
50.28247
42.214058
48.04795
55.50004
48.956844
36.575016
38.700275
38.914707
52.05131
40.075306
54.85163
54.305115
46.500893
44.371063
52.333252
48.59889
42.125942
43.338833
49.795834
53.365536
38.48127
47.489197
51.88623
47.23577
36.268158
40.390846
53.39389
37.492165
46.362354
49.699566
41.418568
55.52171
49.85979
48.492947
39.28782
52.380478
36.796753
48.87432
43.035706
35.936306
53.362164
42.228466
49.74335
54.927574
37.48726
46.08668
48.937603
54.80445
44.671368
42.29041
40.545704
50.403503
46.7825
51.030167
36.61199
53.347466
55.357605
48.380573
40.096794
54.55895
39.619576
43.152443
46.59827
49.430305
39.02696
51.239296
36.764717
54.00126
41.676968
42.14841
54.497772
42.96195
36.293747
49.07546
42.786297
38.420895
38.85099
47.706963
46.156235
37.155907
50.101887
40.916206
53.273396
36.500317
40.419067
54.656048
38.194233
47.10798
36.383434
37.645916
44.12389
50.58732
52.50314
39.900482
43.31132
35.398197
42.292625
52.75402
52.88798
42.46487
38.69643
53.79709
48.039738
55.67407
46.503735
40.06111
55.890705
43.799496
54.966904
49.861702
54.873413
50.42208
48.31094
44.942936
53.161358
50.100193
37.200676
36.95253
35.948013
35.38456
54.518593
42.82178
42.970673
55.269955
47.99866
51.32442
49.697937
43.328854
38.360065
35.944775
35.0265
43.081913
51.589725
39.19861
42.165863
45.125942
54.933525
39.718666
46.628765
51.162117
54.973644
39.742397
35.890827
50.345425
51.892914
36.120575
52.334496
50.31103
51.657143
55.60336
49.550423
48.82398
53.382347
39.95426
51.933735
38.245712
49.596283
53.392574
41.783062
47.914303
35.452324
50.971462
48.78704
38.09475
50.20851
37.76142
51.86595
45.371567
55.44592
48.12781
50.825428
54.22799
39.567608
42.966496
43.17469
35.08439
48.093327
40.49283
43.76351
43.253056
37.14484
38.06713
52.600132
43.10742
50.302956
47.58363
38.32659
47.26072
42.709644
41.150085
36.34843
49.70252
46.887447
55.141743
46.542553
53.65112
42.252995
50.225933
46.799934
36.34553
41.71282
39.622665
36.39924
54.12294
50.046894
54.691654
36.352783
44.905815
40.009045
54.91768
45.418198
45.65744
43.203156
39.504013
38.426975
36.45537
52.83038
44.07737
50.94551
36.57953
49.344795
46.458195
53.054653
35.4148
50.903667
52.056526
40.21051
42.027786
44.253338
47.21627
40.732437
41.992928
52.352913
50.749817
35.453136
37.415527
35.605255
38.979996
55.461544
41.127308
51.03846
41.83786
44.670776
53.71493
42.160904
43.952522
49.15151
42.38249
43.49898
37.21316
39.785324
36.64625
40.01917
55.983482
39.813255
48.51316
39.734592
47.005505
48.281216
42.10415
36.801132
46.042034
39.217346
44.649208
53.319397
42.476303
50.615295
43.40319
40.876034
38.41238
43.943127
42.309635
50.581703
55.301388
52.94922
38.174503
54.99281
43.756287
41.994595
49.702484
53.8402
55.0119
38.00525
55.99568
39.93051
39.437138
55.408783
55.017708
52.934406
49.61265
48.096134
51.085907
51.03084
45.750057
55.532394
51.670074
35.537647
40.647625
50.629936
47.648365
41.726112
36.95264
54.89247
55.699093
52.990814
36.232063
39.640556
49.691975
51.425926
40.240784
54.836964
49.783028
54.645267
36.82071
55.14471
51.414433
51.375828
46.06421
37.370853
45.574028
47.95307
39.731712
38.376186
48.47866
50.351227
51.426167
47.8637
41.311375
54.79292
50.69577
55.198143
39.76463
38.299862
38.06186
42.55439
55.919895
53.769962
53.94997
39.244198
35.42865
44.296097
49.640114
41.028793
48.05061
40.477894
44.645935
38.589157
50.352074
44.420338
54.382866
37.096226
37.770565
48.96151
43.59174
44.000114
46.311565
48.42682
40.746925
50.740383
39.85896
45.86805
40.597206
36.06869
43.452827
48.31308
43.06261
37.070614
52.91656
55.025627
48.941994
53.775265
38.899937
42.154392
51.27376
45.44926
38.745426
35.43697
38.736156
50.285892
47.58226
36.816406
37.173668
40.22088
41.706
48.926804
47.19258
42.03275
39.61096
43.40934
40.781414
38.719086
36.0086
40.93115
55.08088
54.37886
36.787197
42.596943
55.753235
51.476883
39.146294
54.166798
42.88232
44.41791
48.07401
49.12355
45.973335
49.81613
47.92627
41.169243
36.41521
49.70989
54.113853
53.172497
52.718792
44.242073
51.80665
42.937393
40.95039
40.00338
46.123985
41.419163
42.042973
47.31858
47.495823
36.173294
41.086254
46.245262
45.751526
53.89194
50.27208
35.95
47.021355
37.855164
38.902958
54.42862
37.720398
49.004444
35.759346
54.24532
55.725403
53.132042
45.16518
39.079594
46.352085
47.372128
47.29133
36.39043
43.89383
45.77828
48.593143
54.434032
46.292244
43.276752
43.79096
47.204315
45.975853
52.696224
35.47129
54.604656
54.025253
38.89184
49.211777
47.304924
43.601463
44.205322
53.114223
43.289555
38.008667
36.632496
50.76794
38.060463
49.853455
40.105946
42.9594
45.82278
46.50965
40.242794
40.894505
39.752
40.501247
51.756195
35.30614
52.617825
54.47541
36.484116
41.58251
54.623013
55.153442
55.65004
42.970463
46.304768
44.01963
39.537617
38.98348
45.741806
40.53617
41.234962
46.37528
41.11186
40.357018
54.484142
55.427692
51.852493
42.354286
54.957493
47.845493
47.29234
40.26788
52.474926
45.25096
38.640324
55.442398
41.77483
52.12752
46.647263
48.424866
55.456238
41.074314
37.0872
44.16278
46.62089
45.40277
49.44511
43.163837
55.56139
37.431133
53.843098
41.25724
41.565063
50.314606
35.28898
55.53093
45.533287
48.886322
41.789192
49.609886
35.651882
45.778336
47.732113
46.68784
42.790836
50.04202
35.218513
43.62791
37.660007
49.59375
45.692566
51.007347
37.00253
35.074333
55.309822
36.197372
35.268692
37.12974
43.967815
49.441113
48.2804
40.695724
47.82059
35.421036
54.370087
46.600544
51.399998
50.99179
47.357716
44.687492
36.174793
35.595245
52.515648
49.703106
55.492714
46.371483
40.363667
35.396908
48.371315
45.13297
35.734882
53.63515
55.530006
49.178566
38.05828
48.843597
53.388775
54.389927
37.21478
44.76344
46.498432
46.174908
54.64092
38.32956
43.012505
40.600895
42.578182
40.461773
50.36294
40.49554
55.495575
55.69753
43.259518
49.383247
35.749374
37.888264
44.49735
40.87278
51.486324
52.632053
54.827194
40.51468
50.645138
52.721405
41.32019
44.206837
38.666103
43.647934
53.24151
51.94222
35.179646
47.12448
53.436768
43.064995
54.512222
54.66049
37.630558
44.22953
53.321373
55.457848
40.838097
52.94129
39.0518
42.282207
38.299168
52.89955
54.190376
44.50857
46.957623
54.35884
55.490425
37.24031
40.530376
42.379444
38.43419
37.25705
42.636425
44.14673
44.20736
35.55975
39.289566
36.504997
50.370617
47.45003
52.2977
38.473614
53.230522
48.406193
45.75702
55.791397
38.635754
49.499676
49.88135
43.46997
45.554558
54.7335
39.864685
47.927456
53.325413
45.478107
41.33939
35.521065
47.915257
47.13024
36.262955
45.20036
55.86836
44.227
41.742996
40.562675
45.883636
51.509773
37.393185
52.807854
51.11955
45.851814
38.30199
49.961597
43.39291
48.53843
51.591805
38.265068
38.411682
46.120052
35.84749
40.812935
38.0617
44.946335
44.40173
40.362816
39.553356
38.533245
55.578537
37.73626
46.92671
44.115364
53.516926
43.384586
47.012093
39.092056
47.123528
53.502632
49.448162
48.588818
52.035835
44.539116
55.770515
38.024128
36.217125
45.074516
55.901302
43.397293
52.94952
54.815643
53.593987
39.99415
37.543526
47.89063
52.51721
40.34535
50.04024
51.7189
38.697918
44.5657
44.54683
47.477787
41.98622
37.65341
46.616283
54.59075
55.053146
54.93439
35.259262
55.72169
46.187283
48.599533
50.75882
36.475704
51.817528
40.201843
43.4481
45.378796
48.256405
43.055466
47.00656
42.737114
50.632145
54.710033
55.632034
52.661205
45.35763
50.06165
43.654015
51.881264
38.770317
51.20551
45.767727
48.976673
52.769733
44.83559
48.08908
43.296307
40.377773
42.853085
44.657413
49.15571
52.15187
46.858173
37.84582
48.863056
46.2922
35.368423
41.37829
46.74786
50.101624
41.932484
42.29816
54.64474
55.180496
37.789165
44.28445
44.21915
40.368546
39.359573
35.170277
44.11268
42.982
45.654053
46.382195
52.13277
46.336617
55.625828
36.2895
38.61492
39.89594
42.609615
44.12947
41.64497
47.638798
52.246353
49.257492
38.04497
37.401463
50.71391
53.960213
49.898262
41.01704
49.658997
54.965466
42.917458
41.048424
54.956917
55.084393
55.143932
49.790985
35.313442
55.12924
50.307957
44.0073
52.767056
44.36454
41.675865
48.548645
45.350048
39.269924
47.36388
37.6165
43.523373
37.31953
49.90778
47.922375
48.5128
47.81601
52.343513
54.415257
51.34296
43.5564
54.175816
43.563347
43.191013
47.25261
48.39023
55.40055
48.66308
50.180996
41.098618
42.677883
48.73433
52.49368
38.49888
45.49619
52.387592
51.988205
36.57683
50.73892
55.435425
54.903004
35.381435
50.472397
39.61717
46.482594
44.764126
53.235794
44.8251
54.63965
36.188892
55.804222
49.23283
43.03019
35.591724
53.575783
50.17418
39.253777
37.296455
55.206947
42.852356
35.692234
38.67852
44.500546
43.346798
49.708523
44.609055
46.836903
48.929108
41.541626
49.708744
47.630806
48.399628
39.253735
40.09422
51.39587
48.012737
38.512917
48.609306
46.002563
47.571495
54.82736
38.49934
42.627396
49.44139
41.086548
35.108727
38.708103
48.558006
36.910294
37.46034
42.94331
37.98489
53.358215
55.50982
53.00507
36.21568
51.01039
47.45881
54.1687
41.20841
43.294018
52.758026
38.506912
41.09009
47.20152
36.334606
44.64363
48.57625
45.222305
49.137547
35.317974
37.412594
55.393333
48.310993
51.169914
43.56515
40.8629
42.177216
47.226486
39.460163
49.25766
48.739277
39.541172
37.306755
51.444523
49.598206
43.318787
35.42282
39.987183
38.02007
54.644516
39.528687
38.71121
51.385574
54.628006
54.173264
42.31224
38.408115
41.372074
54.813812
36.868454
44.31565
43.680534
35.583168
43.45157
45.65779
45.830692
50.44723
39.76994
51.52137
49.053524
41.280704
47.922665
42.716244
41.58809
36.37048
54.895542
39.927505
41.306736
45.99384
45.38764
51.92124
37.94368
46.012512
47.921467
39.637894
44.901966
45.87388
47.960346
39.410767
40.462463
43.016994
52.933254
50.60663
35.973408
49.44388
54.650455
36.701336
48.260143
36.135406
35.58246
41.175304
55.06213
47.06635
36.870415
51.642162
46.777832
38.80554
46.73776
54.308315
55.178078
39.07489
44.180935
39.202106
44.0346
40.184856
54.431316
43.608234
39.80274
39.964203
51.70089
39.796486
35.596138
54.658314
44.151123
53.443325
42.69587
44.28306
36.857327
52.110794
40.747845
49.09009
37.78016
39.76919
52.619507
50.12472
43.401436
52.628307
42.610596
35.33887
43.73309
40.476635
54.342564
52.35942
37.866215
54.318684
48.187454
53.806087
40.091343
44.34772
47.539265
49.003292
40.891624
39.194485
48.579685
52.036755
55.787315
46.95205
36.44475
46.368454
55.09304
45.692764
42.86026
45.642357
42.13848
52.06538
51.38108
53.888626
51.39873
46.08867
42.343178
51.065388
51.282207
55.442505
37.516964
43.76492
50.032185
52.39813
40.236904
40.954983
46.31204
53.026474
39.474445
44.826256
43.565067
54.476635
41.92017
52.173275
38.16625
36.926224
44.645878
41.248997
39.71655
50.27118
46.32841
35.701942
52.56942
52.74456
50.334454
45.030293
44.824844
55.432346
42.189186
50.96847
44.57786
40.088623
43.081524
44.35969
45.166687
47.743607
46.094776
47.361732
51.52961
44.34477
45.794064
39.28351
48.550564
38.074852
46.650295
55.95632
40.44982
49.05
36.535526
45.306545
43.859463
44.81716
39.1856
44.71525
45.21234
48.44187
52.09334
55.825638
35.46894
48.00592
46.769238
39.6905
39.008183
40.019005
38.686398
43.539597
41.71625
46.589188
49.512753
48.99096
42.92179
42.19415
46.425755
44.230034
35.846367
53.548485
43.40362
45.537315
52.66574
37.3719
46.39185
35.557655
44.110634
36.828938
35.15507
38.87336
42.774807
40.03304
40.44152
42.768528
53.94388
50.28585
36.811127
40.553326
39.810028
53.65759
47.108116
47.454823
41.395683
48.10471
45.09508
47.874714
51.373672
42.568554
35.20794
36.764637
54.2417
36.4017
37.73975
49.97619
41.985832
50.028442
50.016346
52.705334
40.450714
44.961697
45.287746
44.57005
47.123398
53.17051
47.12679
43.43502
40.93327
37.32085
47.100063
37.828823
38.972275
53.596886
46.356003
37.686638
47.747627
50.650684
54.56126
47.195484
44.693535
46.72548
47.308754
55.71921
52.188835
43.150845
35.719524
48.136868
36.254368
43.217785
35.465294
36.440796
35.43673
44.907482
54.849876
42.10978
40.12453
48.06959
55.90488
44.59765
37.68856
37.424267
39.67882
50.259365
38.38916
55.19661
43.02864
40.174145
47.95213
42.28316
43.258736
52.619217
36.078632
36.597076
44.895035
51.397984
49.92516
43.64187
45.730225
44.832798
44.766376
36.42336
37.03119
43.995228
39.636646
46.52507
47.460773
53.665718
52.73528
44.54458
37.83344
44.589657
45.776085
53.11647
55.297977
41.82834
36.263596
43.4323
45.92031
52.39104
41.88623
38.508625
51.925602
36.8783
50.831055
39.4513
39.051216
55.56678
43.845234
54.617657
43.560753
47.222443
47.29598
41.887478
48.4742
53.94153
40.31395
50.219868
55.480484
47.48774
50.344185
42.294884
54.815952
36.919266
39.07416
50.31723
55.116077
47.780663
39.760487
51.993973
44.877434
38.772377
55.4335
41.28886
39.703285
35.60459
35.32352
50.803062
48.94832
41.692276
42.122883
47.535458
47.726845
46.454792
51.374695
41.335003
46.503616
48.24609
38.362213
50.573776
47.647495
36.36044
54.362095
51.441166
53.3957
41.133926
44.02014
36.7881
40.649837
53.893276
40.910053
37.634735
36.90502
36.391323
54.043648
45.295853
47.399258
38.41243
44.2152
46.57532
45.262863
42.431274
42.583256
50.634235
53.04626
46.564877
49.81977
51.946953
40.509285
36.570538
48.48966
45.22508
52.96643
55.311134
38.062973
44.311485
41.79968
54.934593
36.107483
40.824814
52.974346
48.99567
39.76115
53.76943
36.52312
55.885906
50.542057
49.416668
50.999706
53.23162
54.917553
42.510246
45.845833
41.369934
36.8249
46.252068
53.463963
35.61927
46.512505
50.58415
43.54306
43.8235
41.65374
48.998333
37.84573
39.567875
37.67472
38.47741
41.232594
53.53996
51.632835
53.19964
51.17326
40.740376
51.784584
51.323257
49.37325
50.635784
50.18939
52.50832
51.43226
49.890457
39.310127
53.830345
48.641613
38.013054
40.59182
41.393524
49.127342
46.111588
45.426544
50.260838
48.550247
39.96236
39.745697
50.284245
40.485367
43.76746
37.719994
38.040157
42.42075
36.300728
52.693085
37.353786
48.038986
55.62348
36.52644
41.830425
51.074863
38.189007
42.99112
54.402676
43.578655
55.94874
40.70639
39.14959
53.856934
55.023308
45.395565
38.54705
37.71138
52.608013
44.90624
55.868336
51.851044
43.04501
47.52515
35.66955
37.514526
46.41343
50.607025
43.16674
51.40604
36.563873
49.432453
49.839783
41.022896
39.255146
41.5114
55.78276
55.33177
37.93876
43.257137
41.16132
53.537453
47.78075
46.069557
38.634552
49.379826
45.710526
38.387287
53.75235
52.993877
42.642803
37.194935
46.14865
39.872
38.53162
52.80464
40.816914
46.879307
53.58408
54.470455
43.87608
35.589867
52.786884
38.539547
51.013855
53.4355
55.880085
36.396057
43.228367
40.288616
35.05012
50.4113
38.580452
55.136715
35.908302
52.478386
44.415543
43.44855
37.770927
48.479813
55.917767
40.68062
50.863773
55.213306
44.91813
44.12745
50.83638
52.884235
38.59478
46.980427
39.890476
41.26213
40.075153
43.027092
47.902042
51.99443
35.97831
54.896664
52.148106
46.372246
52.620235
48.137283
54.636845
36.051003
44.94575
38.696728
50.58372
54.843025
44.247734
39.570564
51.27641
50.71972
37.387665
54.480583
51.427834
35.587673
50.541065
54.45095
52.12928
44.236057
42.45729
48.06089
41.684452
49.091946
45.845116
53.96999
37.930653
43.06571
44.773922
55.03579
46.13459
38.82036
36.91488
37.973377
52.188084
41.256756
53.037277
43.042656
48.62285
38.870815
49.422302
37.69144
42.91377
43.9094
47.759827
37.43115
44.64649
43.928326
54.653362
42.47675
44.387844
38.438892
47.07415
42.84372
45.516624
52.818653
35.97744
47.662178
38.84733
50.557583
51.82231
55.442013
48.61103
46.212658
42.920986
37.90264
40.24518
48.151756
35.384346
45.767284
35.48807
42.282127
43.927547
40.61383
44.473988
49.479137
43.95281
49.473263
43.88132
43.357838
45.13614
53.371216
41.6989
41.36274
37.210503
46.41962
49.844395
48.890682
44.760044
53.382584
39.694237
53.30693
49.618332
48.864403
52.56551
42.26661
48.898033
50.397427
52.32839
45.71145
39.770412
47.743675
45.62132
53.276157
43.860043
44.666416
54.591476
52.609173
39.523354
38.276665
46.689545
46.28939
35.339386
50.81428
36.810337
37.603382
43.856827
36.38469
47.989967
40.436966
39.013435
38.73937
43.94535
39.93037
53.672447
44.662155
48.97322
54.348194
38.40492
46.90312
49.113674
37.823105
37.987953
36.887882
44.027058
40.246777
36.08576
35.62283
40.733345
53.601772
49.233746
35.315056
53.219475
40.455093
35.55558
40.230904
35.932865
43.16697
37.608818
45.228115
37.34834
48.607754
48.37683
55.21388
53.120716
41.821342
49.70312
36.50479
47.816982
50.12523
37.398605
51.694588
39.85943
35.595383
52.843346
41.171642
43.105324
49.74832
48.151188
52.870625
51.438644
40.5033
38.869213
42.191315
47.85604
46.184307
50.743324
50.272484
35.79177
37.404575
37.297264
47.96986
54.84532
45.165443
48.84429
52.954605
55.65071
45.397152
51.07919
38.322346
41.357727
39.47069
51.582756
41.982647
41.083267
54.917915
38.41176
39.88508
35.73472
36.711445
55.4445
48.830208
39.807636
50.97629
48.30531
48.212685
49.11632
52.93196
41.500988
35.54834
47.92867
47.19677
55.86793
44.048363
49.645554
37.325382
40.55086
36.82111
41.990295
35.59608
35.51226
41.505558
35.655037
55.616043
51.006344
42.270477
40.48875
35.270863
38.542027
48.149372
38.605404
35.90891
40.606647
47.62378
49.241043
50.421524
46.825287
53.215965
38.795017
45.056866
37.29032
36.607136
44.25327
47.388195
51.511448
39.45824
55.110497
52.846706
46.808693
38.67798
45.983273
44.62442
54.99908
40.35609
45.33762
36.554535
43.91231
55.960083
50.142174
36.784485
35.611546
38.67949
35.80214
44.67142
37.192516
35.9943
47.429314
46.350082
45.68748
53.642715
43.359978
53.850044
44.91011
51.16833
54.84513
55.472134
52.04319
55.137974
51.006435
46.37315
55.393196
52.938766
44.476547
37.95356
36.013927
41.786697
51.623844
47.69454
50.83619
44.20874
38.899303
43.54873
35.53114
36.79685
53.63726
36.85345
52.58206
48.474415
38.591873
40.00543
47.942703
54.86444
52.59771
46.813057
46.219788
36.60363
40.005424
42.52508
53.533157
35.607597
40.962517
42.023876
49.079144
40.359947
51.184387
36.56706
46.95098
38.271435
49.592228
47.76287
41.954735
36.03544
38.082146
45.172783
52.999954
52.69204
51.733704
45.04905
38.14142
47.805405
54.966393
46.235474
45.50161
46.757797
48.508877
53.186302
43.113087
43.668415
40.558674
38.391308
50.18586
35.856415
51.178722
50.23428
41.426826
42.084854
47.802666
55.457703
45.816727
49.045856
37.701958
37.958103
47.68455
54.677322
42.405693
39.59464
39.010334
39.937492
50.35801
38.057674
53.634068
41.606133
48.548027
55.614662
42.4521
47.529774
39.45381
42.727356
44.741657
40.483204
39.404537
53.11743
48.4702
35.48068
50.383904
52.84683
54.818184
46.93762
46.37315
47.37459
53.172314
40.557194
54.56339
48.353893
43.530746
49.196144
42.154697
41.140694
44.60271
48.2502
53.00333
55.600002
37.881935
36.292
40.078697
43.816013
41.62668
47.79291
36.548027
40.739277
38.98871
35.765095
38.31955
45.637005
44.499355
52.071285
43.043766
35.451862
40.742924
52.96713
51.89772
40.820198
36.32596
41.164577
52.958565
45.552288
50.18554
41.334705
39.610416
51.835285
53.870483
45.504395
37.222443
54.283745
46.676544
38.243862
42.286327
49.23321
36.419865
43.890465
35.307713
38.348946
53.192635
39.309204
35.00888
44.70506
48.660667
49.85148
41.818897
45.978436
36.334667
50.240967
51.202656
52.29744
50.775322
51.089207
52.11171
55.58707
49.876907
46.6233
49.727383
37.96028
53.214897
38.994255
55.710743
52.819492
54.940144
39.227013
51.374115
45.85268
49.855545
55.47163
44.54526
55.035366
52.120655
48.720116
47.408104
44.082687
52.495514
42.564537
45.272762
48.53512
53.157074
50.88936
49.05289
45.806755
50.899876
41.614563
43.20975
40.07705
54.96722
42.73616
43.060143
37.864655
42.849937
54.946587
48.639267
51.48651
37.13685
49.0601
43.75978
52.37564
52.90439
43.31672
36.51475
38.40799
51.19244
41.393322
38.23494
49.971622
42.829197
54.61148
41.829723
55.500824
55.23999
40.399113
46.516254
44.593163
41.903313
43.536587
47.17281
50.629402
55.80186
48.097908
40.94003
44.024033
53.557198
39.28354
39.237694
40.84857
52.933754
49.534077
41.064835
36.59018
35.0512
42.412365
49.307487
42.235046
45.95375
55.746685
54.791027
49.698795
42.150826
45.438755
39.983032
54.865635
47.36555
39.15757
45.577744
38.14334
48.00591
51.8639
51.674725
52.49299
36.807877
37.739994
47.901924
37.35029
42.690773
36.635277
40.627357
36.719765
44.112087
37.581158
54.35383
55.993336
38.112328
48.276707
42.49747
52.72186
51.800068
46.70186
38.013664
48.650906
49.2432
49.175922
40.752842
47.821613
42.60435
43.24655
38.00378
41.432705
43.886917
40.76797
37.413563
47.461674
39.842583
53.407146
52.360996
47.751102
47.432137
38.602695
51.904243
36.38033
35.72833
52.693756
54.623615
46.66316
48.303017
55.534603
52.036938
51.039158
43.950222
40.41575
35.77759
49.459003
48.06269
46.523376
36.394234
49.603634
35.101547
54.486298
41.45646
54.42245
38.376938
46.783333
51.6321
55.027634
43.792236
45.91381
53.53948
51.93953
49.29503
47.270103
38.472008
43.042477
48.52535
41.59343
53.5426
37.38077
40.554825
38.74281
35.401855
39.101402
49.670033
42.26196
43.446724
36.43305
42.86913
51.89002
35.35519
53.58019
41.113003
52.72942
35.85782
47.80666
37.400322
47.257767
55.88836
35.784695
38.420628
37.7506
51.643414
44.493572
53.880337
38.967922
43.624985
53.56619
37.593544
43.149822
42.44001
54.002464
49.08299
43.465183
36.987423
49.595116
35.74593
55.062225
38.67592
49.246475
35.60568
37.780968
50.48464
42.59421
40.29143
36.404835
52.004086
38.00934
54.167534
54.0525
52.076103
51.08165
40.467747
38.940746
43.28942
51.165752
49.880978
38.28538
53.381184
51.425064
46.281963
42.54962
41.545147
50.081745
54.203796
51.59787
43.753593
35.257187
53.20861
39.567875
42.46274
51.87079
50.528725
53.435238
50.490437
47.553917
48.222504
47.31173
55.42995
41.43151
40.617542
44.49241
45.695354
49.92557
51.99839
52.146526
43.181446
42.442688
36.336773
50.333218
55.565308
46.922123
50.359447
40.71549
49.476646
52.74141
42.401997
40.944515
35.12057
36.403194
51.306644
48.191257
38.449215
37.760105
38.08776
54.713455
42.64738
43.273586
47.211002
53.663483
45.522804
54.948273
55.110207
44.5662
35.372875
39.135128
45.000805
41.02573
48.03752
41.354645
55.139355
40.256363
41.14176
38.655632
38.42575
44.975014
39.98172
40.795628
50.64815
50.041443
38.114326
38.70574
53.730114
48.98721
44.47357
35.285744
36.05526
54.235535
55.75523
38.564426
48.31695
48.38163
54.88701
41.655876
36.368652
49.37661
49.63271
48.743923
35.235332
50.838093
47.766533
47.535126
39.787018
43.996643
52.797653
43.234924
55.57269
43.97966
47.92545
38.122
47.966045
38.23286
40.762093
46.22276
46.084263
48.88447
42.37203
55.420776
41.90657
45.76839
44.34669
45.575356
53.64174
47.6398
48.958153
47.868793
44.67166
53.840614
41.91667
39.653797
35.33302
40.301735
41.894955
50.530434
47.38963
53.305473
49.775795
46.24622
42.29526
50.873707
50.529995
44.28363
53.250053
44.996044
36.737892
54.675827
36.61311
54.167168
39.030525
44.67462
37.449795
38.863613
50.14545
54.383846
44.864254
52.657658
40.867313
52.366776
46.296047
46.6396
42.85486
47.538162
55.144268
54.699627
40.243637
48.359234
54.92349
53.006557
50.95774
42.468445
35.65279
46.713196
42.863907
54.4012
48.332527
39.516552
54.258022
50.978508
38.17309
36.206215
48.686497
53.277603
39.705658
35.745186
53.774162
54.836735
40.027035
37.744854
43.555305
51.89195
39.20904
51.419582
44.786148
37.99531
44.337456
47.236015
47.85454
50.322144
54.736237
42.508575
52.19675
39.339058
39.680046
55.134872
55.581337
42.275036
43.301174
48.5134
43.226578
39.01466
55.456696
49.440807
38.48063
51.61551
52.03742
55.447163
41.712463
42.641052
50.572372
48.594975
48.136944
46.895863
37.010685
47.241386
38.528732
39.951736
50.24758
41.642876
55.16751
43.06128
50.30171
41.567883
53.900845
44.669853
48.04839
54.275143
51.91132
53.75718
42.066452
37.31427
40.63096
49.66675
35.46608
39.609818
47.258602
45.914185
41.530727
37.201374
36.504986
51.704826
43.628468
53.82947
49.515297
53.536564
37.12619
41.28084
55.400597
53.315464
44.974884
48.036366
54.447014
45.86985
36.22484
38.301205
51.865765
38.61281
50.97689
40.939003
39.897034
53.373455
55.17894
48.1807
47.18737
51.094185
54.23673
35.233284
36.62287
52.174084
47.62352
43.07512
48.219357
44.72792
35.545555
53.791626
35.24596
36.925682
36.24835
41.778996
46.49004
45.87936
51.73349
47.023254
40.458923
45.251705
46.496536
47.448334
54.35803
55.875877
47.39348
37.018997
42.885044
49.195553
54.896725
49.883274
35.236336
53.261627
46.811066
50.34383
41.23441
54.35486
43.985897
45.85886
52.154217
40.042847
43.68204
47.590485
42.65129
38.625473
51.029884
36.242283
40.176186
39.474464
45.450035
42.05738
37.39725
39.730923
39.99857
47.88483
41.447895
42.18883
41.34606
38.164158
54.26457
54.96308
40.50278
44.526836
45.888206
49.717316
46.462097
55.468113
51.364468
51.809902
36.65001
37.20391
55.797207
54.70558
43.440624
47.394802
53.184685
36.39592
39.025875
37.892735
52.89949
54.373295
47.612297
54.04609
47.060925
47.91137
43.258442
51.384697
55.5924
52.01906
43.663673
51.69895
39.456745
36.455647
45.87236
53.625668
39.418663
48.621384
51.167038
37.858284
47.69633
48.970943
41.38994
36.010155
45.03301
52.836395
35.554436
55.97699
39.04482
40.191776
55.886097
53.368183
47.18224
37.94318
37.367844
37.206684
44.280537
37.786278
46.45428
50.633102
45.468357
52.537415
36.86758
55.792225
48.153862
52.114933
47.290375
46.42868
44.914227
46.02418
42.33095
45.973408
41.377087
50.282608
45.35159
39.063713
40.60132
46.210667
55.623177
49.50706
36.03992
46.409657
39.797432
55.672432
41.899063
50.549576
35.87264
52.172867
40.595097
50.29781
51.66973
35.48905
51.055363
47.834007
50.332443
47.87615
37.808643
41.916744
44.51877
41.494633
42.16777
46.394596
50.760376
50.210938
35.319366
39.386993
36.93255
39.924652
54.80488
53.099697
41.899254
49.596584
53.70203
39.385094
42.17624
46.37548
38.797447
36.70938
48.889706
45.35119
48.178806
55.146633
42.39881
35.4981
36.9688
40.38404
51.697437
35.31516
38.3735
41.493107
42.113914
45.517303
37.824017
46.398376
38.886963
39.888134
53.75312
47.55823
40.912
53.064682
53.467476
41.36155
44.323887
53.592606
53.651237
40.139614
43.610744
39.063694
38.26824
42.49427
35.637733
53.527493
49.017796
42.85149
42.30082
41.655037
46.04286
39.763634
53.527386
52.324913
49.289783
44.50432
35.993984
39.400696
41.77506
44.92645
40.241108
41.473526
51.027355
38.387054
53.83057
38.25485
49.14195
44.78185
39.813274
54.121628
38.209957
55.377808
48.053417
48.04001
39.366158
39.184
50.889725
35.723354
53.3369
38.058754
53.205208
38.416584
43.163532
55.61563
36.22388
35.14123
46.727028
38.261032
47.25634
53.584232
48.805862
37.37323
52.175583
37.06835
35.66192
49.715385
47.62026
40.203228
52.568195
53.66461
46.794712
42.88352
39.26718
52.734398
35.263355
40.274136
45.080284
46.16973
35.32163
46.302536
37.276405
55.10203
40.366467
40.964092
37.351627
53.865425
44.186443
38.43903
38.072247
44.596313
35.24492
38.617958
46.48976
36.16496
38.83916
35.13801
52.649227
46.820896
41.48427
39.442623
50.38119
36.673073
55.992714
40.695488
49.39274
46.271317
44.498676
39.60275
51.85459
49.10736
52.110962
35.327427
53.81881
37.8117
48.969
53.716244
41.09578
44.18679
35.223637
37.00129
37.669155
39.987717
46.867603
55.98772
49.333996
54.53802
44.400265
41.49349
45.006054
53.85157
53.026928
39.46825
51.068977
51.920486
50.465164
48.78601
42.201557
40.224762
53.458885
47.17967
44.358444
49.32084
45.785458
53.16548
54.965584
35.574493
52.882027
55.091724
55.93545
46.717678
50.21419
47.637974
47.80744
48.92936
35.163616
54.190372
54.175186
53.56725
38.52059
35.52283
35.575256
38.51028
54.633556
54.125458
52.180687
48.310966
51.889446
47.33879
39.967903
41.00229
51.47726
51.17608
37.507107
55.45547
47.321682
40.345688
55.16393
48.64307
39.664436
50.521946
42.293945
43.02606
52.018166
46.355
44.962032
53.55399
40.1209
49.05897
42.82486
41.444263
40.078747
35.67256
41.07756
53.98937
40.100353
37.24739
54.784546
50.1303
46.098564
41.286686
39.48966
53.429855
54.963253
41.73071
39.73225
38.38126
48.493683
42.66498
47.98353
46.695595
37.819702
46.71373
41.56141
37.32574
42.638058
37.773167
55.28233
55.505054
38.743496
36.337967
52.964954
52.00578
36.14387
44.179153
54.4133
50.1552
54.514275
48.54271
41.175877
52.88676
39.867287
48.35567
48.20258
40.248905
44.094845
52.15003
42.50246
38.346214
49.47161
53.544712
54.043312
55.645283
44.30074
52.161995
51.42784
38.942177
38.629932
45.7971
46.331493
38.058765
52.368935
35.508404
44.293335
44.511932
53.199284
39.05045
53.214188
46.982742
40.382915
46.73328
41.835114
50.401936
38.948277
50.358772
41.544537
54.863453
51.76096
37.358456
36.093742
46.379684
48.670353
50.63709
48.188206
39.69999
41.2648
40.912468
53.46611
50.028294
51.76458
46.53422
55.07568
38.49619
49.23561
54.863106
42.919277
39.6746
44.616104
55.297123
55.645058
40.24014
46.014404
44.941856
39.635803
46.15155
52.358223
54.74002
51.569786
43.337116
47.75381
51.59853
51.610035
37.945656
37.84818
37.681618
38.9159
40.67178
39.078354
47.574368
45.96495
37.53031
53.93863
53.463654
48.12331
36.72529
41.300175
40.831894
39.009007
50.935722
35.376896
40.41412
55.45565
38.42326
40.147274
40.3298
47.302616
48.856277
38.91397
35.36839
50.81323
50.640232
38.211315
53.381134
40.253716
53.846096
44.45535
49.61154
48.053604
49.53649
40.571968
36.583107
40.011974
36.403564
52.335674
39.8552
39.21432
38.15302
39.304897
42.55675
36.68118
41.995613
41.04929
51.112106
46.28233
41.940304
46.830353
53.98474
43.11936
52.322563
48.018665
46.58174
51.40466
54.146885
44.309464
51.68566
51.846107
55.374256
53.232777
36.910305
53.684803
51.243317
52.545197
49.71298
39.826675
48.07832
43.837433
55.438282
43.95943
35.807377
55.095074
45.71704
46.152412
36.591297
55.009624
35.298904
51.19988
48.546345
54.552635
50.058315
37.886982
41.53345
50.69787
48.480778
41.433025
54.38201
44.2047
47.410236
40.597984
36.718002
38.060635
49.217976
43.326008
53.77435
39.521458
43.839863
49.343452
49.175602
37.68486
54.32087
39.82939
40.70949
46.186405
42.604687
39.13277
44.524815
40.916576
39.31095
52.52324
43.0279
35.623184
49.15382
42.131565
45.9894
48.885704
52.47299
52.560696
45.018444
46.226315
43.07189
54.13009
37.61313
41.057003
46.187717
51.353523
38.454185
50.75292
48.953915
42.044594
47.473
41.389275
43.158443
36.394245
54.495678
54.582363
44.44939
35.471287
55.941547
35.434788
42.394733
52.859272
55.137527
54.800987
36.96394
38.56236
51.299095
42.960983
41.066578
43.887707
51.124
41.318813
36.756783
49.74362
35.246693
46.9265
49.5922
54.68021
41.50947
37.47537
37.422264
41.043297
38.12051
51.893517
45.572926
45.812588
47.28952
35.841583
35.993793
48.051468
40.85854
46.208508
48.438236
36.408516
54.778362
47.17487
46.15842
43.77977
42.020287
46.53335
39.91443
43.066025
46.65854
44.734314
42.320354
51.940773
51.410305
51.55891
48.680088
41.682224
51.878487
53.413124
50.5017
36.416683
49.10634
51.983063
50.82165
37.570824
45.82392
50.395256
40.318707
53.93681
37.94282
39.085217
35.95239
40.51694
41.438713
42.29335
54.52178
49.23338
49.750595
43.479397
48.108047
40.663803
45.22104
37.97492
51.837566
42.195213
54.90349
51.877827
36.78244
44.375797
40.2707
40.53389
36.101387
54.7888
44.972717
53.94715
51.716274
45.47242
37.81321
40.1145
41.91828
54.766285
38.539722
35.58927
39.30251
43.47772
54.87661
36.544544
35.34099
51.429943
38.46833
55.2288
36.721493
36.779644
49.046677
41.9851
45.303066
42.972603
37.186966
40.939266
53.16919
49.843967
35.476357
40.053658
48.795532
45.163612
45.781754
43.48994
45.791748
48.87717
49.57516
51.127735
41.02522
37.39987
43.9512
47.645515
46.18975
46.582962
44.054398
38.78603
55.043182
45.391407
47.123325
45.300476
36.60534
50.90685
45.253876
48.59409
47.581406
39.001106
51.286
50.28032
41.15557
42.91337
37.926037
51.69157
35.086113
43.008045
41.33121
54.89162
41.725254
48.19045
39.903122
41.888096
50.185955
44.814045
43.964138
38.552944
47.38255
35.4255
35.32329
37.22475
40.08334
44.36291
43.47775
39.088673
42.430614
53.047676
49.341396
41.208256
43.60721
50.791893
45.9437
50.517784
47.45858
54.080963
43.500237
45.174828
43.915546
45.584953
36.620358
41.419556
50.00515
40.602474
51.188034
53.49078
54.085865
42.247303
42.62871
36.208305
49.69806
51.450623
53.85795
55.546875
53.08199
41.770794
35.196926
38.899147
47.98274
47.077614
48.93539
41.75348
45.835392
45.40966
41.024357
46.196777
48.803402
44.690815
51.58892
39.993553
43.42939
39.53616
39.56578
44.989407
36.849915
43.077557
50.79053
49.240456
37.624447
40.595654
47.28666
41.579758
52.233612
37.757854
50.341045
46.297695
49.2129
41.430603
39.190155
49.23526
44.70548
54.35961
36.786488
36.867554
40.941345
41.49311
35.16675
49.889393
35.77987
49.360832
36.401115
43.405674
36.989048
54.71545
53.9672
35.07628
51.37709
36.59336
50.663002
53.468628
40.24054
36.058136
41.84963
47.430485
48.848152
47.152687
42.897842
41.51151
36.84078
51.005108
35.20153
44.334137
46.4949
39.608368
49.01685
35.342552
46.771137
51.525497
44.687477
40.543324
38.948895
50.659546
49.524452
35.691822
37.43446
55.271576
35.723293
46.875843
43.022236
41.63017
43.221657
43.601036
47.487484
39.03233
49.327496
41.292336
35.89368
35.448364
54.280754
35.5915
54.408966
38.7123
50.650772
45.95278
35.743294
52.004562
40.61726
46.817215
48.541702
50.355103
42.734272
53.080482
55.19894
48.032845
54.73477
44.6602
46.596786
45.98127
43.29752
51.715477
41.20787
51.910133
47.468605
36.47502
55.858353
45.259857
52.60668
55.68946
46.196712
38.017624
54.303917
41.439606
47.57713
42.28341
40.724026
38.40422
40.633133
35.559128
39.194168
44.719334
45.29104
53.965755
50.689316
42.245663
42.352432
47.980755
41.05566
36.40147
40.06112
36.832253
36.433926
42.71539
46.26241
36.386536
55.36392
53.90692
37.86112
54.221886
46.478462
55.61194
41.289715
36.59446
54.527767
46.83643
45.60896
52.170895
46.714706
35.84363
49.681015
43.72751
51.966793
39.45814
38.5784
35.49735
45.822575
45.70514
45.022224
38.484177
36.068043
42.293636
41.179176
54.85624
37.122986
41.69976
51.589115
51.483036
46.447712
51.509453
38.343876
50.784645
52.917313
41.239418
39.89254
41.325874
40.19361
39.071106
49.00986
47.00648
44.614296
49.804478
36.531612
39.27391
41.014153
51.866676
47.4345
35.51633
42.195103
37.395332
52.718052
52.68166
40.46974
39.256927
53.331978
35.21195
43.81741
48.357864
50.085056
43.582954
49.712204
41.75908
45.070004
55.09494
36.60921
50.914734
41.643898
52.073647
54.408184
55.821182
48.41466
55.30914
50.953186
40.98464
53.00161
35.38556
50.77218
49.894188
44.561703
46.536224
50.812374
38.121418
52.202946
48.79615
51.88505
45.25869
39.44257
53.51811
55.897964
36.655216
45.810024
55.768494
42.723778
54.31342
53.543392
51.72564
35.72995
43.36756
40.08278
45.966087
35.57823
52.282505
48.725285
54.443104
44.891476
44.28254
54.373653
53.036972
46.78075
37.548496
44.784214
49.78813
45.0276
42.405964
43.099716
47.311752
51.924313
52.068237
53.738697
38.43647
40.389294
40.494694
49.905502
40.810036
44.995087
38.578606
53.08362
50.071198
45.973484
37.18803
40.879898
54.199787
38.095078
46.549103
35.49847
42.825882
42.559814
47.083298
44.9403
41.604195
53.68078
44.088394
51.748283
36.241238
36.19504
55.587574
37.747364
42.400494
40.493477
47.261784
42.765507
35.504803
50.925755
55.627678
39.763607
36.405365
48.60708
44.52668
39.151146
44.993164
35.830227
45.550365
43.319168
55.091385
38.26919
39.24307
51.58345
54.386265
50.650204
40.794834
39.79796
35.729073
46.46129
55.46602
51.87239
53.873325
49.573345
52.169506
45.30755
44.599064
54.353676
41.47728
50.64824
35.219913
36.9672
51.815178
49.446022
51.668953
38.081104
51.762978
51.922527
45.715683
51.11538
37.186527
48.029106
40.379322
39.514763
43.394447
48.00966
52.27233
46.256824
35.634033
52.890827
44.43351
35.956467
35.01924
55.547455
50.191284
42.478855
44.41832
40.12102
44.73559
43.930794
37.919323
51.60494
37.370655
36.264843
53.238968
55.35296
42.871193
36.50097
55.843494
52.115593
46.97101
51.747253
49.609825
48.96431
44.7756
35.784267
35.57111
55.12441
37.809452
45.966866
38.66285
48.304855
50.483715
54.59275
54.414047
38.587013
35.001602
37.688927
51.212498
40.314083
46.10639
49.375042
49.11403
39.70913
36.62092
36.57705
35.162724
35.142082
41.42768
51.885
54.842293
54.06464
47.395
47.77558
55.58857
51.636887
54.76754
43.25304
38.25864
43.98061
38.708305
54.201324
37.07445
43.811676
36.00448
42.385887
51.836914
35.927433
38.430897
52.095257
51.141083
44.655014
38.902725
45.87052
55.913925
39.902515
55.34267
52.635162
35.843143
52.89748
35.138454
49.80813
41.16887
54.045647
52.17265
51.659855
44.869698
54.597904
48.669537
53.253845
39.490215
44.974445
39.522877
37.805847
49.729362
51.662556
55.343403
53.188007
36.437195
51.578094
53.196407
51.607197
45.852306
37.66053
42.887566
46.194798
55.752823
40.25769
55.69892
40.35933
42.6911
55.54859
43.677265
36.27396
40.63554
47.851448
38.93357
35.797623
48.152405
36.168835
41.924816
53.46144
43.726505
40.733078
43.358475
52.891544
36.941578
45.632347
40.18519
46.184696
46.01952
36.821587
45.1265
37.305084
44.652237
41.952217
50.32234
40.528477
53.150696
55.49081
45.976772
47.32432
51.68276
52.539154
52.330814
40.83683
51.774826
53.616943
54.89752
42.302826
40.31177
51.423004
53.6572
54.327164
43.985523
53.252342
54.82973
40.925793
46.51471
38.313416
50.915874
39.642063
46.986145
41.66391
52.93119
52.843548
54.35339
49.862995
37.143696
46.51476
55.468582
48.724304
45.170395
53.475346
48.020706
48.74616
55.988045
41.97389
53.406834
55.89428
46.269894
46.034122
37.872414
40.417027
36.472862
36.76348
41.222534
47.28444
47.268616
50.073086
50.028114
37.659603
50.237106
38.903816
49.529373
35.53467
41.222645
50.10484
53.37338
44.29355
42.390266
38.569023
52.91345
47.49957
52.814053
48.093872
55.045094
45.64878
45.379368
44.70716
38.456635
38.97806
49.88725
53.873188
54.732098
40.672264
42.512077
52.07858
47.959938
48.975624
40.182438
41.785835
36.37303
50.780163
39.03038
53.638325
39.0739
48.237274
52.785683
54.10215
55.08353
45.818768
42.879414
50.4384
45.793083
55.039658
45.06511
49.01346
41.39478
47.74734
40.565933
37.47563
53.02166
46.480545
54.112797
41.25305
42.135384
47.906258
37.750988
54.160915
55.167133
38.753925
55.96186
38.645187
47.538696
50.98371
50.471317
36.33569
38.969223
43.14911
51.098286
39.132927
50.407543
39.044216
43.134003
52.01133
35.020977
50.761982
39.03703
43.08556
43.418434
53.23223
45.67889
38.257294
51.68907
36.156815
53.981922
40.93642
43.897255
50.014187
36.55336
51.913803
46.390415
38.466812
39.8389
46.451866
51.64851
55.072163
44.39391
36.05483
52.43202
47.67176
41.102108
41.182205
39.670097
51.212543
44.55914
41.377136
38.8712
38.040997
36.38238
36.89535
40.83569
49.90288
50.90864
40.94124
52.103146
54.979996
48.59768
48.043976
41.876743
45.300304
52.47234
35.93998
38.13286
35.7689
37.094948
44.56696
52.246128
37.884693
37.90478
42.42052
51.738518
36.931202
48.222996
44.575912
48.69549
47.059963
40.868946
37.1356
51.983295
55.22091
35.125874
49.727562
47.648285
37.336693
39.744102
50.949722
42.782665
41.466454
43.776314
35.332726
37.70058
44.95938
54.30221
36.476162
41.48419
39.75966
39.518757
44.502773
55.831635
41.091663
52.247444
44.870506
35.66689
53.72798
39.641468
41.8842
45.156284
38.92268
39.763306
54.956535
51.617153
44.87836
46.747322
48.782265
40.301167
54.30798
43.46195
42.110226
43.188293
53.250973
38.942764
36.7243
55.73681
38.808167
53.380157
39.577644
50.000687
36.87109
47.11447
48.76363
44.647644
35.238583
43.91657
55.152534
50.189636
39.737415
39.813248
36.074764
49.17193
55.09333
47.85464
47.389347
51.157898
43.33514
55.514687
36.64074
38.093655
43.45693
53.865894
44.77753
43.039955
37.91196
40.27616
47.083282
46.31844
50.266815
49.13801
55.55284
53.835037
36.005424
51.059624
35.936695
38.715446
39.040043
51.022224
51.071438
46.41596
49.95981
41.23976
47.916157
39.157383
50.42745
39.84464
37.922604
53.870766
39.420856
46.06707
38.981255
41.84055
36.20853
46.275936
50.2058
51.884228
50.046646
37.10535
53.245525
46.217052
49.590332
42.904015
45.64787
38.116245
55.92283
42.913136
35.032806
37.12115
54.92367
50.90414
51.486214
37.784157
52.42061
46.488647
44.63111
51.921772
53.199894
37.951042
50.29362
53.905994
48.485653
36.247734
55.544903
40.783283
48.941525
49.767605
46.170624
48.911724
53.596268
46.55439
49.29648
50.366467
40.35004
35.954594
42.98113
49.57951
54.879097
50.07335
37.07728
48.55179
51.82407
53.99597
49.557087
52.503998
48.120644
52.464264
41.799866
36.017002
44.211296
49.58438
43.048016
42.5537
44.66289
52.187084
37.35143
45.751045
47.407364
54.661243
36.84112
43.024464
44.421276
37.438065
36.0995
35.836338
46.165
53.816082
47.727848
37.446087
54.513332
50.485996
37.95073
43.081486
37.22676
55.939556
35.24257
49.249104
49.23629
39.928192
42.51348
46.336403
51.144516
52.27475
38.349277
40.748768
45.38185
45.6357
37.165043
43.571907
42.39913
51.261246
46.901985
54.153267
52.126522
48.407383
47.07418
54.055813
39.68348
49.816517
53.55468
35.5532
37.985664
39.602257
44.479908
35.207554
50.46214
36.94917
44.04656
48.099335
41.56967
52.269753
44.77716
44.963345
38.171074
46.848557
46.038357
52.825726
54.13043
47.54734
50.210228
40.73397
43.670517
52.845325
46.925564
36.825138
42.13646
38.3451
53.224663
55.287167
44.814365
44.887367
37.304256
55.73391
42.36493
39.586716
43.778503
46.136658
35.24941
50.42577
43.01537
35.73318
36.248863
48.52651
54.16357
43.269897
52.807606
52.855278
55.943214
46.523632
50.46782
53.91194
49.137585
49.29649
40.104725
39.90377
51.99393
39.980637
54.020332
36.011215
41.41796
54.349407
55.20864
41.615307
37.92976
49.44699
46.266365
50.77541
40.837975
50.32093
53.490532
43.821285
52.984848
43.870125
42.67808
55.654774
38.716156
39.265434
42.0223
46.244225
35.438404
43.240955
48.28723
42.83863
45.23964
36.05101
48.133465
35.628696
36.57095
36.04127
51.06738
42.938484
55.912292
49.591946
41.990826
48.543964
51.6795
42.656826
51.73931
50.383812
38.368366
53.24411
42.314182
41.752842
45.0774
43.963047
46.737885
53.050117
36.10247
44.195297
51.591354
49.291286
37.25463
45.540462
54.328568
38.88873
49.916656
44.932495
39.405853
39.65331
43.62435
49.226883
48.11202
46.57792
35.13538
52.11819
50.740402
46.725697
37.531487
44.96329
45.404915
38.464848
42.889126
48.45767
38.369667
40.36704
52.449097
36.140587
36.235355
51.31788
35.01749
51.38939
52.705406
36.775707
39.538338
53.904102
52.941128
35.658768
41.39247
51.68046
41.707386
51.041172
46.9978
37.123013
55.609055
38.69431
52.712776
36.25922
51.723278
45.52332
53.877983
47.98162
48.843796
47.11691
55.06993
42.86695
50.370903
53.954205
35.286716
38.39954
52.604313
50.293674
50.83694
52.36085
46.825996
36.40683
43.161266
46.73787
38.096294
49.6135
41.68031
54.75012
35.128876
54.525436
50.032967
50.49831
49.958862
39.01172
38.7462
42.297375
47.37323
38.661892
43.4601
49.972305
48.23378
49.941845
44.321503
45.26731
41.89034
40.81265
45.054832
39.04725
37.85549
44.313892
38.520596
37.154655
49.791996
45.500862
48.280025
49.626724
50.65024
53.16888
51.79859
45.473488
42.485397
53.99813
42.441597
41.371887
54.082592
40.109
52.34183
53.43993
38.02334
49.530457
43.552334
43.720974
55.23756
44.752987
54.636433
39.13023
45.40291
44.362923
36.992886
38.393955
43.77675
53.736217
41.765636
41.946262
39.176056
36.90763
36.145668
41.83943
52.85662
39.025112
55.236786
46.470547
35.985233
