32.464554
19.948196
19.020857
18.305264
21.64359
32.944233
18.98881
20.563416
23.253096
19.316263
23.79377
22.457134
35.735916
27.264637
26.238192
35.090595
28.464647
37.3473
22.069384
18.63485
39.889023
35.158554
29.7051
26.885046
29.441084
36.48151
20.459957
22.579647
18.096865
16.063555
39.973236
34.315403
35.674988
32.236237
19.126394
19.620436
21.446684
24.485903
38.639107
15.288713
18.438389
39.778572
29.745514
33.43283
32.927258
23.952366
31.877716
15.8779125
23.061506
36.813026
23.121479
26.49801
20.281687
27.702873
24.359497
26.887447
38.27561
32.260788
23.48045
35.362953
18.56881
34.85056
29.807468
38.708553
39.534008
24.707222
26.987535
40.303654
38.59729
17.235804
32.983727
31.31576
31.72524
31.094078
26.52509
37.492832
19.896458
36.700794
32.39433
32.756218
27.192577
34.633034
15.271421
34.273735
27.38794
33.011173
39.50159
21.98336
31.473822
19.417114
30.118998
32.641586
39.422173
25.151354
20.732944
30.386509
37.675533
31.706532
16.471167
20.534204
33.343853
19.220058
35.075317
22.86795
36.895702
32.36555
30.456495
23.03344
15.250351
40.65263
20.544182
29.819061
32.60896
39.4269
27.099768
38.078896
37.10721
38.996677
15.316269
19.847061
27.428347
26.260313
23.488712
25.795576
16.884748
17.967678
19.815071
23.603916
35.15778
35.321766
28.47552
23.036951
15.879853
22.01097
38.538147
37.56898
21.549187
37.95996
20.952213
19.245073
21.887001
33.096855
40.91532
23.136963
21.678427
39.256603
31.23893
16.229256
35.382603
19.975246
28.986816
36.86271
38.354065
23.377098
22.62419
24.964886
40.386692
24.61649
16.190405
40.21445
34.47303
17.408148
30.596188
19.013968
20.166086
21.06491
40.04664
35.687004
26.737228
38.158863
35.80421
26.6689
28.442984
16.431633
26.031193
38.62655
34.645203
30.901945
15.289192
30.421104
21.273169
38.253242
28.423418
24.618479
35.172867
19.53147
25.02253
24.856041
19.257807
22.942865
28.420158
24.789972
28.05738
18.1139
17.29215
18.576178
32.252922
16.560219
36.303875
27.878756
37.098255
40.308804
38.974968
32.253464
17.240633
39.627174
28.954153
30.419687
35.389713
29.635925
33.23473
21.412909
16.526169
40.215443
40.491688
36.9007
22.898407
34.065105
33.68435
23.048775
31.924784
28.032885
28.343723
26.239655
23.300526
18.905643
38.55178
25.674995
29.10258
20.735083
27.520117
37.433697
33.492348
18.471685
28.888493
30.911345
30.735323
38.188652
20.389002
39.732647
17.688353
33.50014
29.359615
27.206945
29.649338
22.912922
21.741167
39.188004
18.52089
23.797739
38.654793
18.802668
31.608492
39.42652
27.432175
21.929132
22.055511
40.093792
27.058859
25.533972
23.911377
19.725431
27.391325
17.018162
26.136017
25.57518
23.22133
27.575788
36.462727
18.619064
30.286482
22.235214
39.973263
20.080164
32.66385
17.73095
26.483152
25.15094
27.633858
36.645466
35.391815
24.427572
31.064566
18.363789
26.521225
20.830538
39.641804
34.29964
32.64851
36.857937
21.858603
30.580431
39.93201
19.902834
27.57767
31.919497
16.236958
26.063108
24.193586
19.757347
32.48608
15.382153
35.9468
19.919855
32.592083
27.780947
19.77936
22.019741
37.27309
21.076843
24.272726
26.61873
22.108763
38.43165
23.670923
20.771338
32.563976
16.331371
24.767616
19.98715
36.388577
35.77224
34.523663
28.877108
38.795815
22.71238
20.682043
33.79019
16.128815
21.045832
16.35993
38.60052
29.34345
28.36528
38.623146
27.470839
27.567734
35.602207
18.38603
27.896881
36.241913
28.26794
18.630224
35.628178
15.900143
33.466244
25.898708
36.16428
32.523705
39.10803
20.29686
25.44152
38.57742
17.830812
25.820158
17.053795
37.335033
32.01057
29.728582
30.892036
23.90596
23.95065
22.900625
40.44041
38.495003
18.842318
16.625202
21.13339
30.858154
31.413816
35.127712
18.156303
35.661903
40.3194
39.276806
32.863033
16.509972
25.267273
25.38136
32.587997
19.770597
18.64497
19.762535
37.045628
22.019173
15.97313
18.873669
39.73898
22.905071
15.903224
40.141186
30.840242
30.558243
16.672174
38.412537
38.859333
15.27026
15.936541
40.922665
20.082825
31.116098
34.73119
16.02823
39.24396
30.427164
17.932154
19.60943
32.175533
22.58263
37.050655
28.00192
19.300915
22.455334
40.44501
39.596912
19.734507
37.030144
37.109406
36.835278
27.491482
31.206776
31.083344
16.222013
15.847601
33.60577
16.222746
20.200151
35.243484
16.315378
21.583523
33.248756
24.29369
40.948883
21.99068
21.407417
16.439453
27.125856
16.50076
25.5801
18.575062
22.547632
39.412735
26.434067
32.581154
30.206356
20.2422
36.485043
40.114506
37.948593
16.645979
21.047565
31.232105
22.608698
15.669023
28.130026
28.468615
31.233654
17.882795
16.066582
33.839573
25.540401
25.994017
24.70374
36.908905
40.678158
40.32497
17.297113
17.537691
27.612478
34.201313
21.924355
37.222275
18.004396
26.730642
27.183113
24.03317
31.327131
34.714725
39.21828
32.082405
38.144505
39.51072
15.710637
21.175264
24.969353
30.541334
21.359482
29.84364
22.926804
22.851261
38.6046
37.31146
20.566536
29.616856
30.85844
15.108906
32.599667
15.838456
37.35719
29.03051
19.080128
22.579338
34.889805
28.923256
27.606998
22.062706
32.127037
15.394387
30.493418
34.69778
27.047798
36.944572
37.529335
21.678402
21.048134
30.260635
22.959486
39.18222
34.71846
24.443022
16.604662
20.395956
23.987633
22.796787
19.67341
19.601833
37.357754
35.48078
23.743025
36.38265
39.291557
24.788332
22.632772
33.637665
35.464626
36.123657
19.44895
36.548832
26.55748
25.84184
20.950535
32.89649
22.538097
34.03611
34.565784
22.196112
34.973244
18.084791
35.884346
32.01238
34.807377
35.31125
16.255993
28.503979
31.260803
28.463648
31.246344
30.762606
18.024164
23.887417
15.131471
16.831549
27.764196
15.241793
18.357504
35.424335
37.106102
25.402836
31.947954
35.310905
25.720781
31.798828
15.210617
38.098755
34.92053
37.83997
18.777576
15.708627
23.254736
27.332844
20.005945
27.229155
16.997501
33.81108
16.073637
37.03209
32.13192
38.5672
35.723614
31.039568
37.461266
37.836628
23.541641
20.85706
27.815155
25.06339
32.89682
20.120478
17.969118
28.467989
15.230679
39.85316
23.858982
37.24153
30.249895
21.888191
35.9468
19.606117
21.759205
35.483807
26.182947
34.710087
37.365322
26.144442
34.909462
31.867693
27.08928
35.35711
19.262503
31.00632
26.043715
21.462763
22.157269
35.350315
31.763332
17.204351
38.776573
25.349121
25.52087
40.62821
31.63468
29.648304
17.017517
28.962597
27.750843
20.505676
27.20595
21.856989
20.242502
17.470665
18.685707
36.937996
37.735825
16.373629
15.1048155
27.022556
28.391777
24.712818
32.308212
20.526304
17.05881
31.380238
28.592628
38.614754
32.08852
40.33359
23.359268
32.467274
20.688705
28.300125
40.699745
19.658525
38.338436
15.889094
37.007355
28.109352
18.75286
17.59316
39.57498
17.318811
20.160625
19.075014
18.322432
27.661388
21.244925
19.864046
31.290321
19.41814
21.999361
18.128887
26.344107
37.907784
20.962833
17.545176
26.65109
33.593525
18.823025
28.443922
23.924862
24.363733
17.215918
32.40432
29.175716
33.319187
28.699202
33.24594
17.76234
23.3471
25.340282
29.978699
21.909077
19.521687
23.135057
32.68499
29.534803
21.943453
35.56144
34.537014
35.233566
37.014046
17.97204
36.193165
35.553776
20.34088
21.24333
38.671
20.34186
17.475376
32.123943
27.460278
18.847986
21.511093
25.062723
26.118046
39.535526
29.20261
23.947445
15.878837
24.09264
37.713436
20.148125
16.91646
17.013475
38.3609
25.534122
34.809986
34.298084
27.798294
29.722202
24.494951
16.314363
34.959232
25.71307
31.521902
40.671932
23.78655
33.286827
28.797853
15.076967
31.277798
17.053133
16.152266
33.568737
35.701557
25.889786
24.047709
26.282633
18.97376
30.653835
37.546318
38.94121
32.130272
31.512186
24.24672
17.643827
29.59188
15.014079
28.322107
19.207142
40.490063
34.115707
20.018654
23.30289
33.70664
19.767654
36.01446
35.945972
27.477764
30.38865
16.89279
16.505005
18.422377
33.57464
37.649273
38.339195
32.677563
24.729935
31.631416
28.409492
17.458044
27.957739
23.599611
25.76857
20.80423
27.510065
33.70248
16.703472
30.543093
37.372643
29.075308
39.486217
16.55833
20.148132
33.49895
34.181946
35.351105
34.301453
32.097473
16.770721
26.569891
39.043922
31.40643
31.95837
15.69768
40.658226
33.309605
15.483208
39.40717
16.904194
16.320614
16.469814
40.22919
39.29574
15.476779
23.43755
37.127026
40.50217
26.71613
37.940693
16.32893
35.902508
33.024532
29.498693
36.343494
26.40934
33.868324
40.46921
24.467237
30.079103
38.468956
25.823212
27.291088
32.738594
37.32959
26.400549
38.72215
24.882887
21.089626
33.156128
23.859455
39.43778
15.261744
32.15083
29.697157
28.63016
25.696846
39.598072
28.075863
38.172745
28.726076
17.145985
22.5626
35.244846
15.844852
35.756847
31.012156
31.33891
31.53257
34.03954
27.447304
27.94274
20.342485
23.697447
22.592701
40.240448
35.74992
40.873367
25.906986
31.540363
20.41291
39.6046
15.2799
20.976126
15.477861
22.345558
21.696003
37.177567
29.353956
28.571909
15.11382
35.07087
29.983383
27.849329
40.56902
19.742846
17.05062
40.43163
36.082523
40.39214
39.802425
26.447182
22.339136
40.790493
40.191303
26.03916
26.299646
26.39013
39.90857
31.444271
22.919044
20.238657
35.539364
27.926321
22.965782
28.200901
22.550293
17.72507
32.571796
40.637295
40.1115
31.737453
27.590248
28.651495
16.858421
19.517443
23.09771
26.295198
22.614588
25.362423
35.449795
23.706066
16.825218
22.748096
37.184006
38.05503
24.992485
39.18059
35.760807
39.39214
31.756784
26.653572
35.643726
39.005543
19.434378
25.329805
39.541565
24.746023
31.800274
31.810762
30.770493
20.919962
36.696262
38.41448
16.64116
19.816444
35.6475
30.251059
26.535673
35.70964
36.087074
16.566813
19.911549
16.265488
22.016495
27.82218
20.854525
20.682045
33.97106
28.275242
26.999413
26.605877
29.01259
31.461735
19.647865
40.892094
26.13797
36.894146
24.734291
26.613667
31.970581
18.546606
18.925827
18.375975
25.892563
35.248905
35.589607
39.955433
28.879505
15.982184
21.620295
26.556463
26.215076
31.250345
26.193132
16.56897
40.991673
33.19555
32.392532
24.608793
38.844173
21.932646
34.36345
20.83663
28.717411
15.696629
32.14262
19.076185
31.63392
21.82879
25.648968
30.090292
15.407179
18.37143
18.447216
34.52406
34.036392
36.097576
36.846096
28.48708
16.122557
24.17137
22.652231
35.52201
37.06144
31.316303
26.473064
21.794863
24.997679
36.36281
20.846983
26.742596
22.565203
15.353138
28.676027
21.126608
35.292706
39.000797
26.446367
18.466022
21.218912
32.23329
17.543962
24.16265
20.740868
24.791174
34.607628
19.27977
27.009558
40.41301
39.308952
28.899937
21.290627
36.00497
15.208302
16.262218
18.623974
39.37546
32.408413
17.467323
40.844585
40.609303
27.611845
39.439365
32.567913
35.962612
35.885796
36.045948
17.096632
18.278728
16.947588
23.803648
31.371674
20.35709
37.10639
35.4338
26.068907
39.451164
28.1315
20.683996
18.733824
24.128164
16.264734
27.293488
32.4502
23.092413
20.354374
16.756117
27.95461
27.25586
23.660187
25.622324
37.33726
35.3334
31.26398
29.482105
32.5106
33.54729
28.21731
29.48374
25.480654
21.644108
16.567762
36.268456
16.122118
16.359264
36.227516
23.539131
30.636671
29.708368
23.282598
29.131495
30.165045
15.041218
23.7886
31.419172
20.1269
36.663467
35.358257
25.159346
20.778532
19.012566
38.918736
29.47367
34.206997
34.86874
32.901047
25.559446
20.520222
36.888496
29.82144
28.939028
34.34622
22.8671
32.72426
26.580713
31.920488
26.568312
28.278114
17.062374
39.019283
22.70367
40.45194
36.099392
28.787315
18.700325
23.644722
26.2214
40.112137
17.265507
32.902603
30.157679
39.61332
18.437435
39.429134
34.579018
31.543152
19.806517
17.979382
24.244148
23.93654
30.897404
20.925749
32.311844
20.20136
26.321602
17.793217
24.605076
39.00649
16.241898
32.8839
21.951612
25.803257
23.934134
35.24565
21.37571
30.607107
28.78838
24.686659
39.87857
30.76975
26.960772
18.797773
35.82053
18.388096
21.068893
39.01657
32.505886
29.724806
40.817726
28.65189
32.471615
22.556269
22.249819
30.484894
25.1942
22.717377
16.432514
34.072456
33.454098
21.278439
28.826635
27.20089
40.435307
36.76814
20.325262
26.07289
24.787867
26.64741
18.007784
22.757757
34.344078
32.84264
20.023634
18.194756
30.954475
35.562653
32.701683
32.61174
22.997679
29.852383
16.975447
34.605938
38.518417
34.37721
33.520935
27.331007
30.661133
29.78544
17.623005
35.24435
28.091755
34.662395
25.717842
33.690804
18.438301
36.568146
15.803268
20.233713
16.431213
19.941868
39.465218
25.091537
36.387337
25.759418
36.13788
16.298033
16.956766
27.746607
16.396633
35.27624
16.639688
40.6793
34.5771
18.401253
15.480807
25.84239
25.820105
25.824095
35.561695
25.073257
30.761776
18.33872
38.43695
27.981316
18.51931
32.39646
33.49785
22.913807
21.367346
24.50698
33.39753
17.02893
22.556398
29.212084
15.1348
30.441042
36.09394
35.57849
16.16884
29.818533
27.990442
23.727951
18.025127
40.04361
28.466705
15.307797
35.253227
36.58421
35.925602
16.002419
27.309978
16.081697
28.110332
26.195732
30.967043
34.324177
25.80307
35.717155
21.179619
17.253603
25.661924
36.238235
37.00355
25.94598
17.350847
34.334442
26.11096
36.60746
29.986204
37.4863
34.729847
31.545101
20.105417
40.366432
15.421129
20.799639
15.857172
29.643671
25.006832
24.668573
33.919388
30.232899
37.17614
16.701443
32.77024
26.428785
30.821348
30.915134
36.36916
39.68406
27.993717
35.955616
24.04894
40.927605
36.519485
34.723484
29.476658
33.264996
23.779379
40.584244
29.91024
38.663807
31.930159
22.700228
16.65926
17.798313
28.934774
17.249622
24.652536
35.612995
24.168005
30.339043
21.321882
34.361492
34.077396
36.269623
22.630394
30.887396
16.404669
39.482643
31.005379
33.735607
28.810698
15.989151
28.180105
16.317678
37.397514
22.379128
17.50526
36.801876
18.583694
37.60924
35.160088
25.658424
26.06488
18.684208
33.87482
25.862686
35.1791
34.075356
28.270243
36.643814
31.89687
34.260963
31.726715
33.36359
32.869064
23.12646
22.814291
39.6201
28.490797
25.128624
36.747074
16.992893
36.777584
33.1064
30.069162
20.981417
22.00033
28.411959
26.836187
26.635336
32.488644
20.639206
23.92551
32.13552
24.787374
40.642857
33.789875
31.156492
28.439114
33.76983
16.96341
27.225964
17.065804
30.265621
33.935513
27.494411
27.135551
22.6719
22.627287
17.33732
25.826042
35.697575
31.636883
21.035055
37.733883
32.52406
24.664164
29.410025
40.82963
20.796528
18.081839
18.748146
35.021072
37.656445
29.489271
40.59132
39.962772
24.086653
40.266872
27.059914
36.337822
34.568867
23.643085
39.24899
38.73796
26.594364
23.592638
26.939377
32.481396
29.922268
29.003862
32.3743
33.232735
35.645737
37.984516
35.174667
35.127594
34.104992
38.919727
33.600845
24.254654
30.477026
39.952248
29.315989
15.81095
21.475452
40.924393
20.565784
31.02149
20.009878
27.50272
40.261765
38.002224
32.88277
26.200523
38.84002
35.145786
27.642765
17.319984
20.964523
32.32226
30.566896
22.454895
38.153942
36.212757
32.410217
40.12652
16.23313
23.431234
32.03985
37.369312
21.145266
16.740677
32.361427
18.639843
21.107847
37.632397
16.04956
40.29142
25.3555
36.81274
38.509754
23.038538
39.784878
18.729359
36.227955
38.329445
37.701656
35.16952
22.204739
27.351717
31.566881
34.175964
22.52477
23.51492
25.149742
38.051037
27.278145
38.686028
34.816063
20.057844
31.028725
16.197462
37.816586
27.577541
40.815636
21.704224
38.386395
35.94468
19.277573
20.335693
35.226578
27.95806
28.905594
35.26943
34.51151
31.15228
24.658602
24.848305
28.949875
38.315735
30.2167
16.669056
17.62486
28.45349
18.00117
35.689396
23.348652
19.419083
24.755795
33.332546
38.088696
25.777016
36.96279
25.812105
22.65792
18.108168
29.657612
34.456917
36.30838
40.93325
40.310402
34.68461
15.127538
25.704805
22.35793
39.45424
21.208708
28.906113
22.698286
31.522552
33.45191
31.19583
26.0017
16.635025
19.548656
31.749998
26.044306
20.901974
33.21398
34.478493
22.43774
38.041706
35.05125
17.630896
28.10594
17.91679
39.57009
25.457067
40.651527
28.846148
28.825035
16.050741
33.35772
20.544888
30.902206
19.27969
20.987658
22.225327
17.053722
18.794037
21.77162
35.386906
22.664137
36.50456
24.013561
17.129236
24.430622
32.63585
15.601966
37.441757
15.148291
27.484474
33.37599
24.855042
28.31435
26.35021
36.776413
37.082962
21.399517
32.758865
38.501892
38.841595
35.082443
15.057989
19.994589
17.899834
34.002598
19.742289
23.495186
32.59833
20.659388
37.45332
39.1359
35.567608
29.969982
38.49854
15.081025
19.182638
19.695675
21.947618
15.078152
20.410574
15.456276
19.889343
36.949135
30.139738
30.374386
38.270275
29.52847
28.822235
40.526093
27.886803
32.347713
34.319176
32.32194
33.565056
35.96811
31.20661
16.701813
16.338552
31.279562
31.48194
31.59951
30.521332
27.312737
20.604706
34.5178
18.974773
39.15189
16.112297
27.251677
29.579107
36.38972
36.67024
38.80766
17.946064
40.23147
33.34841
34.38893
33.74701
27.83399
18.158648
39.9511
16.68127
21.756617
35.44579
19.280523
23.07224
32.504055
27.593498
17.806921
17.354328
35.057625
33.687634
24.434267
24.301554
24.019709
20.2743
33.558758
25.749165
30.537146
33.156147
40.13983
37.772358
31.523024
26.289812
31.200087
30.811745
15.862154
24.27887
17.45211
32.072964
27.26415
34.70093
38.88508
16.678308
27.218998
25.564104
34.0912
15.511087
18.113516
19.557167
30.871859
19.468868
33.983143
22.439486
33.235588
17.9296
22.601992
33.910816
17.284746
39.63502
33.655132
17.607769
17.685074
30.908674
37.590557
18.492882
25.42201
17.151167
28.41435
24.833876
28.370008
38.893322
27.171043
18.214777
32.83573
31.338133
23.142162
26.5773
22.683418
20.28541
24.899546
24.15993
22.910322
35.608356
35.26595
26.383898
34.612553
38.039227
30.964006
17.22928
28.166254
29.921593
35.275654
21.451147
17.14645
25.799637
16.387579
16.104815
33.015583
20.24029
29.264353
39.28092
21.936047
26.121918
40.869324
16.695107
30.195808
30.773643
33.34446
24.833857
25.683434
31.812307
29.363789
28.727022
37.608646
25.299412
34.29109
21.099384
19.236778
17.928354
33.001057
31.647572
18.79026
16.35256
37.264145
26.49544
19.867527
30.478113
38.448784
16.500027
20.73955
23.569777
21.960737
37.011974
37.706387
22.35726
34.317852
26.938326
17.330996
16.978943
25.049438
33.512302
33.814713
17.563173
35.71313
15.043861
19.038702
39.522617
27.237951
19.106325
17.867813
21.225082
34.53096
36.108692
28.198133
33.604576
31.825792
36.009743
23.92677
35.48928
31.60491
39.04925
23.532133
20.948502
26.0935
19.80328
21.275309
27.798538
27.301327
23.6146
34.16781
17.557854
17.379965
31.505995
31.798317
16.60472
35.666332
16.05331
31.870794
34.06602
30.199423
36.376743
29.878521
30.0537
37.725716
23.403036
26.72351
24.265764
35.24969
16.857857
39.28793
37.681637
30.039404
29.066801
29.973936
15.107069
21.663198
17.57508
16.050611
39.66165
19.11194
20.840113
22.281485
33.952435
40.352386
38.80787
22.753298
36.639984
26.760677
23.052948
20.086538
27.378662
26.801018
39.344063
36.280476
25.700708
22.043116
32.99065
27.330198
24.31424
24.152966
30.13305
37.450455
18.498016
39.845047
28.257833
30.250814
22.80133
29.950087
38.651417
23.528994
32.095203
24.731003
36.249344
17.48387
22.171484
22.370659
16.395214
33.09708
35.549355
37.15861
29.39233
40.19176
30.924082
26.32002
28.412878
19.249357
23.780828
35.658398
40.3235
21.450058
17.096626
34.224937
30.292828
37.59985
32.766605
15.080605
39.66562
18.616785
34.4159
18.883268
26.519873
26.071455
20.596539
39.510593
35.567318
36.911312
36.019077
22.220486
32.61444
19.945856
39.431572
26.95438
28.670258
32.929386
38.033844
24.30463
23.96871
40.15033
37.903023
33.39589
34.667744
25.320894
27.806572
31.471237
34.793694
17.258091
17.991966
22.327461
29.118809
28.356905
32.067665
22.909822
31.09136
16.17868
28.927744
36.35519
39.68188
24.61255
38.823067
25.563469
20.065844
19.014986
33.14476
29.980665
19.432043
17.492329
19.26104
21.693098
32.88779
38.063446
23.836515
33.16064
25.425983
28.824354
16.463259
23.957966
40.225918
37.434013
26.146034
21.746264
37.17869
17.250166
40.20931
35.363953
22.459862
32.266434
36.531673
21.403334
30.215967
37.63661
33.6636
33.93124
32.988358
39.01937
39.34743
16.115236
16.366774
32.23638
28.23382
24.432869
21.546804
24.809025
38.17679
18.870077
28.959543
28.823809
37.38993
24.055824
22.9483
36.273693
19.959152
18.633562
37.586468
19.532387
26.732819
37.336132
23.162218
18.940939
36.447956
18.209236
17.599855
22.620678
18.101635
30.219606
17.144344
40.57386
22.039513
20.087585
16.004578
29.89311
28.008896
23.599722
25.33268
26.473053
39.511623
31.88562
35.91073
17.002247
15.192393
17.184258
24.222946
19.21084
39.71108
39.478447
36.210514
18.359102
18.57301
33.042233
38.937878
31.77429
21.72902
32.424446
37.643444
40.878017
23.407461
28.68269
28.204336
25.593624
30.603344
16.785566
20.913893
39.282738
35.92506
34.016907
30.652332
31.43257
34.0871
34.944347
37.025097
26.20017
21.237543
15.0556
33.850014
21.617193
38.521996
36.519196
20.493643
32.76845
15.811034
39.692673
21.988668
32.57982
30.356096
22.979479
24.60851
31.985842
30.289207
27.427065
40.631813
29.194567
38.344715
37.062035
18.398726
21.527044
40.956703
35.374294
19.442446
22.881058
19.97361
16.59063
29.473713
27.253473
36.631874
37.419205
36.3025
25.952908
36.143547
32.799908
19.400375
29.14407
16.2779
31.861553
22.738567
29.18751
40.655254
35.76546
28.78098
25.873205
21.121365
19.405907
23.06797
40.093693
21.53386
30.041496
17.695927
18.762249
31.567335
23.847507
20.17923
17.853834
15.731885
24.107756
29.675428
40.331345
33.700005
22.3056
37.360985
15.416946
19.249823
39.72715
39.8642
21.177984
20.65799
22.355806
36.09346
39.719364
29.213387
31.815763
24.543192
23.408901
38.673298
35.91312
20.216478
31.509521
18.946487
17.926737
15.672445
23.351904
30.06308
18.217068
35.388187
34.753445
17.579006
20.949593
40.619137
18.774158
37.963173
28.770609
19.24842
34.09747
30.228401
33.126587
35.734848
20.333498
18.092564
19.584328
36.200905
37.36481
35.294262
33.98766
36.946163
39.48935
17.337763
40.57749
33.22825
24.562456
15.9047985
23.305471
21.022604
35.59979
29.446218
20.487534
27.653875
15.375047
15.054416
36.67222
25.68604
25.43135
40.61778
30.139511
32.264874
19.622232
28.471352
39.799644
39.22555
18.808084
30.28329
17.427122
17.709908
31.656092
23.754507
20.143938
40.78185
22.62648
36.859417
37.856827
36.586205
28.17519
16.818487
28.956978
32.96536
23.96279
40.76869
35.00664
16.129686
39.431812
39.18594
37.36556
18.971928
25.499325
21.513872
25.751173
32.922306
32.30896
18.166252
22.58012
38.860306
30.996275
32.095757
17.604445
17.53068
26.243647
40.459644
30.834574
22.155428
15.035642
36.563347
32.032085
27.490042
37.473087
20.225763
22.158745
26.44157
21.763807
16.985598
16.084444
23.547596
25.580301
35.155796
36.585033
34.109417
23.859335
30.633692
29.202185
40.57934
22.815752
26.587204
31.890846
19.921143
37.452553
34.662975
32.545933
39.094406
35.171513
36.2001
23.478348
20.557539
33.223473
30.083567
18.701527
29.740992
38.684578
26.33438
19.493107
21.811258
22.404629
17.308752
30.112455
29.727936
36.94587
27.466623
30.7832
31.590242
26.91538
16.070171
37.09101
40.576015
22.291473
36.885853
25.800322
37.3954
39.354237
18.988916
16.759758
35.11301
27.652706
35.107216
19.044493
21.436571
33.0758
40.59155
34.774853
26.126596
20.541555
25.062628
20.153889
31.05088
37.078835
40.060158
34.18279
35.58916
21.148046
31.607473
19.24138
22.587511
36.932095
22.50545
30.262121
23.868565
27.026133
31.382399
34.579357
35.42297
15.464389
32.05201
38.70176
26.838917
35.34462
23.569271
21.234339
37.270912
37.445534
16.524738
32.967342
27.305466
18.179749
16.580368
17.75304
36.450592
28.98468
18.02555
25.207294
29.657618
24.825935
24.219854
30.50132
23.277966
26.872631
32.189396
33.550144
33.16417
19.601286
15.356615
19.757702
37.24358
15.594682
29.408669
17.144594
21.824827
32.124413
27.647497
20.16295
39.14123
36.24055
39.815056
22.793995
17.192049
33.539135
38.350037
18.627283
27.811508
36.037987
28.307896
39.53671
39.077293
24.663595
23.763725
25.29681
15.664258
25.736565
20.418118
26.023985
33.555733
22.540419
21.338858
25.68071
29.644058
26.568304
36.296795
36.046856
16.183474
28.364397
40.99209
28.540762
24.80273
23.01159
20.617422
36.063675
34.841396
40.264305
16.667673
40.644753
20.142979
40.08503
40.680916
29.07979
31.11961
24.915438
21.68352
39.985344
18.897207
28.397772
17.512482
39.730995
23.656641
28.459345
15.901092
25.565956
35.905586
26.682852
29.239311
15.922247
29.347391
15.707428
37.258224
20.35523
15.257411
38.040142
22.538279
20.873243
28.833921
21.104889
40.70392
40.511627
25.859842
24.615444
36.442608
29.922453
29.19316
31.431616
24.074165
24.479748
37.098072
15.942326
21.296629
30.941093
23.235535
40.716583
20.947897
34.05989
39.25098
20.67321
32.14766
15.708689
15.32868
22.342302
15.02208
32.052464
31.82635
35.926334
22.364096
28.101711
30.16018
37.815907
19.045042
29.578787
33.479702
38.975094
29.768744
25.446918
27.353489
32.183414
21.84709
24.679827
39.68081
34.506386
20.076487
17.890907
15.351068
16.563768
33.507492
18.29447
16.791943
29.17445
36.925327
21.137482
40.478775
18.779144
23.196846
36.218872
27.721954
19.67683
40.28989
40.404366
19.605616
21.558187
18.733961
40.148434
18.820185
35.07898
17.566402
23.950851
15.312863
36.288643
19.39625
33.404
26.174341
20.614094
22.118288
17.027924
24.986675
24.796019
30.022738
23.44381
31.976343
32.684723
34.57136
25.602442
25.748213
38.124794
36.94874
29.762796
34.120235
25.292719
16.647736
15.706923
35.635345
37.798748
38.811245
20.280746
40.696213
22.624119
39.827477
38.7665
35.950027
15.53702
17.764128
29.820944
19.544832
23.015453
39.627087
37.75462
22.185343
19.90235
29.142168
18.780817
21.53547
26.028135
26.783882
39.529034
15.446384
16.858194
22.11302
24.596163
26.733065
34.8574
33.135292
15.199658
28.778917
37.711193
24.35614
21.10052
31.117256
22.80244
38.48219
22.879835
15.319967
34.41557
30.307768
25.381239
40.017937
15.024232
27.22527
31.672607
39.684364
38.71604
31.010996
36.233826
30.931301
27.31766
18.063595
28.243525
36.50132
32.105797
32.110012
18.81611
32.88045
26.124475
20.54431
25.831556
34.515068
32.076088
17.02758
26.6038
33.98462
28.513676
34.752613
18.049698
15.16369
22.634008
26.864779
38.249
33.401073
25.355843
34.931076
30.326778
37.050117
39.565052
15.062129
29.443256
40.303772
15.418012
40.317318
38.34211
16.219435
25.41694
25.361118
26.386642
37.062794
28.605644
18.989141
23.30445
40.656498
37.681366
26.105202
23.964525
34.28869
23.07825
27.006184
24.42693
23.917974
22.150145
40.41935
22.233526
39.9057
15.465242
29.63711
29.449436
31.312822
33.92239
22.307188
25.318233
30.91804
29.908546
27.96148
18.560062
18.545317
27.039242
27.204823
35.32026
23.033163
30.15859
28.635275
15.567148
17.23464
30.222715
36.030365
28.341177
27.806202
31.450172
25.109213
32.673523
40.225143
24.695253
20.268272
36.220932
31.469559
23.384815
35.088863
35.704445
26.101307
16.556517
36.127525
22.093243
32.111748
17.546146
37.525654
37.140877
18.82147
22.693987
38.312725
24.3596
22.36955
20.074875
22.92783
40.8096
30.884415
33.703968
20.447165
36.183403
19.297525
21.92992
39.28041
36.581753
32.942837
23.799482
29.686956
30.105791
15.578957
28.06227
18.36322
15.931357
25.277779
32.181725
25.565233
23.884762
18.742292
23.228113
31.756065
37.705402
23.048096
34.85153
27.605541
38.159092
39.547146
38.667824
20.320087
15.957013
27.729
34.337482
40.743446
37.038673
27.203905
22.377338
23.44439
26.193327
37.65375
21.317236
34.095436
27.222788
15.59103
28.198523
16.846981
34.889576
27.07258
40.60855
21.114164
29.74791
23.134087
23.455057
34.2191
17.620983
37.642853
28.506668
35.669132
34.96658
35.510593
25.36042
32.501995
33.664005
38.764603
30.944551
39.091824
31.858913
16.844738
34.92453
33.085197
39.41852
25.675446
40.45256
33.724392
27.278341
31.556005
23.585598
37.715374
35.502476
24.718967
22.394136
15.010945
29.233082
19.525827
26.29379
30.404837
30.870607
19.700619
31.454052
24.67051
26.804966
21.74627
37.273197
19.128693
15.808746
27.745213
39.855778
27.990692
31.807146
22.114838
35.188736
25.59981
38.155315
39.57007
15.284543
20.78117
19.782255
33.539467
28.94451
15.910577
15.601552
39.587864
38.99264
24.025995
30.442589
23.017763
21.840216
31.330542
15.422042
15.753265
27.063557
20.77385
18.15387
30.854534
32.312126
31.049017
23.487091
31.567383
28.311476
26.305246
37.564137
39.681698
29.985243
31.151674
24.90854
23.154148
24.792706
21.115791
29.979357
39.444626
16.263159
38.62022
29.170555
30.822638
39.405624
28.754541
16.587303
39.018955
17.182217
39.644207
17.09697
21.029415
35.555687
29.056524
29.131239
15.62201
22.756506
22.03403
27.50673
21.154982
36.36205
27.808496
25.13502
33.68277
17.540257
18.0242
35.909023
22.008348
39.38238
38.38697
15.28114
17.334574
19.634212
30.255917
38.089645
19.473852
37.33244
23.407625
39.043293
19.194548
25.862549
22.228045
29.940136
27.214214
19.77696
32.9251
21.175014
40.593838
27.346855
31.005522
23.381315
28.843964
19.268393
28.222277
16.15596
24.922705
32.203804
24.474285
36.73272
26.487234
37.910114
30.728132
28.197401
28.254568
38.593018
15.931767
30.379515
37.134045
34.820625
20.103134
30.908472
31.913029
37.841732
19.30202
25.08849
24.709093
31.475298
26.031351
37.224762
38.145947
29.872805
32.764534
22.824623
22.26714
34.40228
32.758274
24.700777
30.57064
39.662617
37.08584
32.419846
29.229038
27.209057
23.913422
21.76788
37.554283
25.95546
27.442884
40.94554
29.072485
30.416283
33.656803
17.059229
23.193499
21.960936
26.027353
38.140316
37.39153
26.07542
24.688303
36.40331
39.057316
22.260984
29.219873
25.744669
18.738934
18.646753
18.159033
36.587593
36.35746
20.653032
31.623276
28.09405
37.165436
16.114344
23.023727
25.493904
18.710072
38.155884
15.743898
22.821928
23.86995
33.814487
20.87324
18.707077
26.152935
38.90488
36.610046
29.024393
33.87482
21.954231
34.786217
21.198395
19.582256
28.162918
17.116629
24.737871
24.140158
40.29651
31.238972
21.185467
27.273056
35.17387
20.385057
22.081516
38.03129
21.988497
34.612686
15.770032
37.64725
28.084967
29.927483
36.915836
23.553473
35.009666
34.336933
16.455288
38.95346
22.664711
16.904396
34.36911
27.267855
32.216213
25.208612
15.1442995
15.022645
29.04291
40.264683
16.083174
30.302769
37.458305
33.925407
27.721048
24.763594
33.199333
28.057192
31.53013
25.374434
31.746807
17.37272
26.815681
31.562344
34.427612
38.70286
32.251534
30.231127
31.945993
18.70327
23.85554
39.249603
36.500908
39.5165
40.371624
25.434855
28.968819
37.7483
21.003494
31.800224
26.765938
40.267235
17.2362
18.894638
30.951324
40.799553
28.085201
26.428783
35.891895
22.066751
20.52861
30.065437
21.38273
21.301025
34.106785
36.245365
39.500847
18.374332
22.714527
27.226776
38.66777
29.489561
37.46455
31.135572
15.406162
35.40778
18.167004
39.75516
18.097855
17.523378
37.44828
18.028843
34.685543
25.749306
38.823383
23.804323
31.707594
29.137562
26.13966
30.21914
37.315186
31.435392
16.725647
28.30736
33.99328
21.365604
26.307419
29.902073
15.591698
21.319775
36.295715
18.714857
21.969835
16.366041
19.400723
20.592508
35.06827
19.998508
17.697351
22.383001
16.54288
39.893257
30.242422
22.586735
23.23172
40.08626
37.13612
18.025818
32.672356
37.45151
17.523659
39.133255
16.646893
38.13287
26.449049
38.145527
30.304401
17.671276
31.701448
17.476242
29.7951
16.969172
18.835522
23.855124
26.54794
28.946892
16.400785
23.435762
15.333034
39.771297
34.080963
18.00724
36.07259
23.874668
39.9228
22.688784
27.99881
31.632336
29.124891
15.043338
33.204468
36.53044
33.960575
20.415052
34.891644
30.930542
34.32488
40.477287
31.696392
38.125698
21.124176
17.471926
17.351772
25.283123
30.26803
25.427431
20.64914
39.081264
25.37643
27.762157
28.16713
21.374643
36.481457
36.111156
21.560217
24.057692
35.981037
17.958778
30.333387
16.449121
31.89342
20.716068
17.976784
40.98136
38.06457
27.251068
26.093904
39.754906
35.396603
36.561787
35.729263
17.60537
25.393965
29.275723
29.48612
22.73136
31.365135
28.966492
34.222195
29.644276
21.470953
40.89725
40.12102
17.226416
29.47692
33.732204
29.758905
35.02176
37.54515
27.001694
26.422157
39.53411
34.69281
17.66294
20.376562
19.270262
32.647247
40.9677
37.050854
20.541103
21.744211
34.02973
16.168146
21.62166
25.243896
32.979042
19.744118
36.77126
40.98068
24.396646
17.56795
37.82805
18.6159
38.8426
25.29184
15.617398
16.929045
34.72178
24.57712
36.25168
32.561195
38.475945
24.879835
38.549206
29.415674
34.147392
36.405838
18.263142
20.52425
27.72849
31.525293
32.58643
27.603382
39.393154
33.50868
34.48682
29.753397
21.700375
26.831196
38.826366
39.79459
32.166622
18.489729
22.932709
32.5877
26.223042
32.786274
17.314785
24.352274
21.504986
16.854021
17.553642
33.47489
20.665655
24.837046
26.049221
21.590292
37.462135
23.081821
34.26701
22.82195
27.73137
38.958527
32.403854
24.98461
31.055168
40.002396
39.97999
31.279892
40.407547
25.950148
25.764908
36.557022
25.884312
27.943731
26.657408
24.56431
24.73393
26.683468
40.665703
23.782938
15.340399
28.634863
36.971252
35.413265
15.552924
26.528215
18.210411
21.874737
15.813927
33.33729
20.570915
25.784056
16.905949
23.683252
38.075542
33.792347
16.819752
29.182121
30.513227
18.890434
23.239996
20.639002
29.878292
36.83251
17.451519
40.18941
27.891338
33.181858
16.088434
18.497898
29.200735
21.148397
33.079838
37.94639
25.201523
32.866314
31.390097
22.379454
22.058985
18.051023
40.70832
19.420984
31.486952
38.07827
35.110756
20.636461
40.10637
30.444141
19.901505
35.887356
22.79752
24.293354
27.331034
37.108925
31.359653
18.244087
18.698744
15.439878
38.004753
27.091278
21.464777
24.142282
25.737417
20.13618
24.42812
34.07221
38.51091
16.86861
19.772017
20.596455
29.19962
31.519247
23.834444
32.797977
34.891277
24.60292
34.830536
17.57231
22.777424
18.989794
19.435408
38.789677
28.008787
18.269894
31.130112
21.082108
33.282345
16.21744
35.519936
31.012281
20.639967
24.014954
31.453516
27.390453
40.983776
18.563131
23.702837
27.3282
24.151312
30.680973
15.208303
23.252377
16.043976
24.29172
26.449766
40.550087
17.265125
28.793604
22.373476
25.775032
17.999537
30.73047
27.486599
25.418108
28.453917
21.605848
25.225082
27.129652
39.07846
34.225044
16.507267
22.9782
26.002394
34.30336
20.504808
27.84026
32.64183
37.244537
22.094116
39.337894
34.276104
23.97209
21.195616
36.875744
28.539211
20.487122
29.264853
34.276257
17.235832
15.429833
23.568508
27.271814
35.666794
26.337872
16.560137
37.684536
38.73677
40.523216
31.664473
24.509472
36.517353
38.530315
16.085892
28.314047
19.65154
36.9917
19.875668
17.376453
21.011105
25.363285
28.424383
21.807877
30.356136
25.500168
32.789913
37.538326
39.396503
26.324629
20.828136
15.492957
35.61784
31.941668
29.962555
32.545696
26.510046
38.473354
35.61076
15.909084
17.424194
34.61182
25.779745
21.504171
40.18415
37.431732
26.148716
17.551437
29.792038
40.35655
15.077238
15.133576
29.092157
32.33899
32.40813
15.803159
32.095757
36.29457
39.678726
20.443037
19.819557
34.618065
40.410686
39.534557
29.953724
38.216354
29.517794
40.74845
33.45043
34.907074
20.552658
39.34551
19.212044
21.260973
20.50756
40.258945
36.458263
37.006992
22.191162
19.927597
15.064653
18.972492
31.822056
30.958862
29.19009
22.19714
26.411692
31.522585
38.84883
33.337456
35.753418
30.011826
17.733126
35.77003
19.390974
31.953732
19.555191
28.904982
17.808937
32.413486
37.452892
22.137136
27.269238
27.206585
15.591192
30.59109
27.21205
20.119467
38.991917
29.35714
15.945934
21.035746
24.8373
39.268772
20.471315
35.375114
26.018055
32.43824
33.712986
38.574215
35.53475
31.745419
35.18145
40.47356
34.51152
35.26606
19.139626
27.421843
15.044112
32.229103
15.72048
20.668726
17.87968
25.508732
29.122885
18.189507
34.013554
40.885353
23.007078
39.469776
20.688648
39.350723
36.51778
22.975489
27.996054
27.585924
32.98214
40.043602
16.300785
27.406946
39.261303
40.750717
31.054455
23.451136
16.978655
24.951923
38.207138
25.668741
33.404205
25.129337
32.39353
37.287388
15.643982
30.949512
19.34388
23.833271
32.964733
40.501266
17.558094
24.521347
28.578508
24.070168
34.181828
21.867918
40.018272
33.00321
34.236183
38.73241
16.354832
28.726957
32.8781
18.161213
30.937063
27.30476
25.206432
26.385
32.081493
31.053303
35.27896
17.111872
31.193974
32.68613
35.46868
31.86226
38.17532
35.211483
17.062925
20.50753
19.644424
40.384056
29.096842
26.402685
36.506466
33.895092
26.813185
25.544678
33.700546
32.682453
39.853138
37.04127
28.580162
24.75205
39.308426
32.841423
21.311579
34.724403
34.10276
36.156765
30.919321
28.95468
18.821087
22.2946
32.164646
38.522003
15.068003
20.72654
39.311962
22.64347
22.712112
17.132793
21.019886
25.140648
19.960917
40.890667
24.087605
36.471043
26.11131
25.016872
24.59409
31.534328
32.033592
21.926764
19.086617
34.972897
38.97231
15.539548
23.906826
33.008484
18.085102
36.237186
35.48666
25.991522
27.29123
21.975552
32.50317
16.786983
22.464148
24.450077
32.150234
24.880388
40.778114
19.633991
21.467083
30.659792
21.10653
25.235907
24.65738
24.714428
19.770178
19.664427
26.639503
23.187891
25.646448
29.940998
31.687668
26.233534
34.675926
17.668262
35.9552
26.442013
24.140728
40.639652
31.915464
31.745672
27.739252
40.966988
15.312484
16.751753
27.445013
32.7064
33.082573
17.71613
31.412504
24.878841
21.889791
17.441607
28.781013
23.50999
23.412302
37.269497
24.127663
34.855465
22.323257
26.030535
28.533844
39.33058
24.029041
38.330925
20.75462
31.830109
27.659302
30.87156
22.81853
39.10184
25.547369
29.633242
39.535667
22.628931
19.496288
24.708014
16.854742
16.079361
40.494804
37.316444
35.785255
39.796986
32.229362
33.122963
26.68883
37.037094
15.732212
29.346195
29.144049
25.690449
34.81247
26.358381
39.30218
37.09326
31.535982
17.477839
33.676384
40.186623
15.9516735
31.480648
37.64504
26.767347
24.505981
32.992496
30.600164
21.863314
33.143803
40.368908
21.634748
22.369755
19.963408
16.93184
21.938274
28.999142
18.474483
17.502884
40.657578
31.325647
20.002542
36.058086
27.880554
21.246319
24.589653
32.026676
25.613138
40.534557
25.860516
20.265743
27.145407
17.327477
40.754593
25.065142
21.040442
40.367336
29.769129
17.67175
28.130116
40.60812
23.41454
29.76938
20.364725
19.401985
25.95278
20.110474
23.138905
24.89623
38.170956
30.067924
17.804035
27.499949
18.93658
30.260208
26.477837
15.320632
26.58751
28.600174
38.97468
21.324404
39.828724
34.1277
39.70557
17.63963
17.739822
16.808643
22.734592
18.902164
31.741129
17.117258
27.829096
25.831518
24.923065
40.66659
31.303667
30.330692
18.012493
38.411034
22.733448
36.318523
18.431448
16.017576
24.200142
18.23183
37.397743
20.887
34.634518
19.675709
33.823666
20.003529
24.032084
18.053804
38.887993
38.30125
30.843973
35.176453
39.588375
23.557875
26.683033
34.823044
39.325058
15.961105
39.6354
30.026012
26.623766
38.44029
28.930882
15.44739
21.474575
29.615633
27.500677
15.634782
34.445263
20.789642
33.039036
20.172289
18.721832
27.790165
36.585697
19.78277
17.535454
23.671688
24.35894
21.291456
33.0543
19.291311
35.594444
26.026884
33.75029
31.598074
28.483
37.71366
37.495007
32.109093
35.950558
40.202576
21.195616
34.493217
22.987003
20.487118
34.65076
40.442715
17.505354
40.371403
22.488111
21.085644
31.301065
28.883118
19.539303
37.076576
20.581457
15.066072
31.814684
20.200285
30.748182
21.140394
39.359463
18.833057
39.641056
15.184559
24.70439
38.928383
15.289453
20.471832
29.368368
23.32863
36.367847
21.38479
34.92694
39.151497
40.01502
19.435074
20.529768
23.759912
32.451744
33.331547
19.431871
22.396196
28.919802
32.268566
21.097534
40.94616
40.865402
39.64706
38.742393
39.49602
18.0031
35.294636
24.79841
32.354816
16.921646
27.916956
38.71805
26.037247
30.231081
35.991142
32.778076
34.336636
16.900812
18.602993
34.100185
21.06501
33.401264
23.833254
34.97456
26.29697
30.537128
35.21429
18.754353
33.02641
22.448055
30.50696
33.08309
32.029793
26.153147
33.5885
26.023619
19.427067
40.228344
39.595825
37.776455
17.94097
25.731321
27.634535
15.106953
37.177784
35.32632
38.34258
31.344889
38.387413
33.711773
31.38841
19.876678
29.107805
33.91647
16.587101
23.419605
18.858622
39.80533
15.73377
15.049068
18.621271
17.22389
36.482357
21.943989
30.227179
36.610847
32.63862
27.12217
34.973442
20.620955
35.089855
34.056545
15.794819
25.325989
16.25988
35.99488
34.143204
40.89937
16.456175
36.049644
19.360554
15.340356
24.767307
25.68139
34.778477
20.756737
22.272133
40.068153
19.037472
30.000212
29.238304
29.034994
19.19105
30.036648
30.716183
27.71196
38.04476
33.33372
26.475245
17.89538
39.877415
15.76137
17.583536
21.206541
40.201504
37.02586
37.096844
16.573454
16.542175
33.49621
30.302652
23.30554
34.348812
29.43199
24.755117
17.087717
15.100563
33.08459
27.9406
31.589493
38.426907
24.919214
38.829548
35.066338
38.63667
20.29295
26.798866
27.324724
28.433596
18.324549
31.449953
27.72889
30.793888
18.404444
31.70121
27.546478
29.99087
25.818974
28.199669
25.861902
18.574226
40.30061
19.575066
35.530376
22.746021
35.966434
38.35059
32.20223
16.022932
28.069973
40.428104
17.316221
36.33396
39.26685
32.98164
25.142302
18.775106
35.68272
39.321487
38.448242
17.127247
24.972193
39.832207
23.171392
35.940792
26.770464
23.441408
25.595833
39.500378
22.464703
20.242159
15.966846
34.305138
18.050156
34.870434
28.218847
37.834953
36.986298
32.029934
16.549437
40.32017
31.431265
20.160261
15.941507
35.992237
22.008238
18.660322
27.416855
27.864792
26.34521
32.30742
21.798992
37.47968
37.03013
27.553492
32.069416
32.249474
16.33616
37.233482
18.020782
20.037977
18.09728
28.886797
25.842043
27.442327
34.45226
33.371384
35.514786
16.875233
24.825537
20.740944
28.456577
19.992985
34.476307
29.459326
30.716358
39.274765
40.2226
20.942099
27.208492
39.63098
29.53499
30.143955
23.966238
17.803148
18.094936
20.451458
40.202084
25.01509
22.12573
29.494257
26.08148
23.845013
21.329306
31.653889
27.548164
25.610243
40.100166
19.027792
30.28344
25.69122
40.83799
33.397163
34.93835
29.168577
27.6434
23.35084
15.146886
25.90692
27.456793
37.13337
24.51
30.791162
22.78799
27.013968
40.73428
29.206089
25.584837
37.014065
24.415876
30.04699
19.501844
26.68465
32.579315
24.559103
17.855268
29.290712
39.012558
39.125755
36.88899
33.238434
24.683739
15.759899
32.62589
32.872005
26.081703
35.501045
40.54234
36.87027
27.191572
37.179287
32.578815
23.389572
19.998226
33.080437
17.587502
32.827538
16.904736
19.931007
19.218195
37.623714
18.259398
36.319115
19.45667
29.866337
35.304176
30.177038
40.555054
35.640648
35.289005
38.273544
18.931704
22.032608
21.24055
29.79877
29.768364
24.492897
31.930597
22.071772
32.495422
40.86965
25.958534
32.16058
33.13133
17.83432
33.543842
35.776913
29.530197
21.653597
34.618793
24.192375
39.992043
36.301403
28.118145
27.12039
40.40288
29.758373
28.981722
20.517668
38.097477
22.012333
22.317513
15.081496
23.97518
21.751787
22.416956
23.853746
40.04997
15.035437
15.870759
37.789814
23.578459
38.32423
38.90279
36.41051
15.185164
36.17855
25.22111
24.727093
28.992146
16.651567
40.179493
39.51451
31.660582
36.950855
33.849277
33.7051
34.464687
28.293844
19.720648
21.184786
36.043774
24.04878
39.184044
25.596085
35.31619
39.23126
20.68651
33.88703
30.189196
30.217508
34.51446
20.2923
24.16179
37.139084
23.52352
37.192684
33.69285
25.83965
30.81765
27.871275
28.294827
25.50301
19.373974
40.56948
32.713722
28.102657
21.916367
39.443306
28.26882
40.676502
19.959944
28.030037
18.45113
21.096542
36.88031
30.65777
20.217422
16.481758
21.10551
36.865017
17.066988
34.693443
40.085278
15.344801
22.951315
29.4558
21.561346
15.187496
19.342113
34.56061
17.844198
37.268932
19.371145
34.34325
23.295752
25.514984
36.85558
36.158417
25.024181
20.471207
36.23558
25.937408
23.91617
16.115788
23.976204
30.07484
23.563524
29.176386
26.823507
35.87112
18.385258
26.346186
35.45526
40.548145
27.30285
38.74175
33.529484
29.45908
33.69558
34.705017
33.909412
21.529171
34.044388
15.624104
21.931454
34.19304
18.666983
16.832241
15.9829855
29.134878
38.25344
18.841549
32.36984
31.991575
15.530711
33.178036
40.47863
23.844702
34.316166
15.906532
27.577023
37.805912
32.464325
16.568977
34.24541
40.291252
30.76767
22.706802
17.396336
39.6834
30.741499
28.397886
38.113438
38.996937
24.404491
39.310795
34.129562
27.89017
30.660727
16.663893
27.66403
34.90809
19.695578
40.174007
32.55205
35.194603
34.917053
39.589287
36.12453
38.07811
29.405758
23.722961
29.134512
38.91308
20.58083
27.039694
39.176834
24.351248
24.845816
28.793257
21.510504
23.819645
23.34761
30.474197
29.968637
30.398548
18.663214
31.898357
15.728749
17.521141
32.223213
20.65188
17.11655
31.957523
27.58752
35.80559
27.32928
20.39932
17.308039
40.821445
22.990055
24.627134
33.044617
16.395973
32.782497
18.72157
29.844683
21.620396
36.065437
31.069628
38.05374
25.28442
36.330227
16.021753
34.192917
26.410398
33.63872
24.970798
39.321434
24.176888
33.76779
24.352783
21.89611
38.27535
15.686656
28.610228
25.94644
21.44101
25.206202
15.512435
28.503147
18.40872
23.164864
23.393084
18.64963
21.866804
27.353508
20.844004
18.309868
36.11678
16.532171
21.19503
39.943035
35.094013
16.35438
28.713352
24.684175
17.164173
16.790194
26.871788
16.151989
30.68261
24.726967
37.2639
30.138786
15.688518
33.82725
18.78496
34.704525
20.303083
24.436132
28.551157
38.81574
23.410498
15.355672
28.695637
34.60202
38.023018
40.64208
26.658295
20.546707
26.366072
30.231518
18.87737
16.485176
30.16655
37.163467
18.894403
36.153183
37.887337
22.445848
40.80006
19.209421
36.72327
31.194073
19.676924
28.150578
25.058598
38.57654
22.236336
26.34375
38.78313
17.31203
17.199854
15.520344
16.374239
17.989744
18.141985
24.507101
22.973898
15.320773
17.489286
33.71412
34.82493
35.58003
25.161993
25.95632
40.377743
16.960663
16.94784
25.554008
27.138721
21.338306
26.11374
30.339764
17.903538
29.030445
26.98953
25.19305
18.40366
15.5365505
27.29896
37.030632
22.591352
26.95753
20.866686
21.79991
25.798378
22.818424
39.995975
17.954058
21.82583
29.356201
17.29041
40.131886
25.657312
16.984837
15.983805
27.322042
34.934887
16.612808
27.946205
19.660295
40.597076
30.763512
39.449684
33.19029
18.15037
21.036974
18.506304
16.412275
29.930536
37.35164
18.131578
24.251003
27.407225
20.617937
39.240246
36.193077
27.095196
39.020645
21.04725
15.775699
39.957706
28.925037
37.825306
36.352924
38.322395
30.572159
24.661419
27.12212
18.277237
26.191433
17.458303
15.762502
29.273947
31.93426
19.842604
31.719288
26.238432
33.120113
39.87036
15.16108
20.87271
26.68702
34.46121
16.944773
32.029892
37.45126
21.3462
38.54144
36.05373
39.80644
22.980387
37.80823
26.796307
35.83002
30.349483
16.735552
35.662445
22.415827
22.891293
24.85529
28.476423
18.013773
33.855827
18.865173
40.226574
23.83371
22.344225
23.205826
40.815468
38.957905
21.995008
39.821327
16.828197
19.707272
29.827278
38.140697
18.028559
36.819218
17.103935
24.436811
26.802645
19.520464
37.244038
21.151022
22.091686
23.415997
25.791945
15.515739
18.49071
17.265799
16.24187
16.864017
38.13682
32.18379
25.120007
33.384212
33.770782
31.568893
16.142416
29.759508
37.927696
21.165985
28.495361
29.126177
17.597456
20.054853
22.325785
34.09114
29.892874
39.07826
23.383184
26.168503
38.273144
31.245516
20.420073
36.926365
22.69258
32.985905
21.436838
25.379393
16.679314
27.776667
16.147726
32.719257
17.79595
34.633167
26.14825
35.344143
19.19387
17.224245
27.180336
32.330257
23.045208
38.96361
15.620001
23.982344
17.521257
15.328625
17.853415
17.906845
33.683327
38.87057
18.560684
36.170567
27.161844
22.906038
40.092724
19.539242
37.821774
36.716812
30.10509
26.53461
34.747154
22.236183
18.403696
22.105227
31.82487
15.662357
40.560776
29.075369
40.967495
31.215101
27.275566
15.218067
37.587345
16.339663
40.682613
17.792372
32.31859
26.062359
17.851692
37.69169
16.181637
28.915112
29.576805
40.969074
39.393673
17.871645
37.217712
22.4371
20.851513
15.075924
31.836046
22.283949
29.947777
28.793774
40.15903
34.204163
28.828556
16.981565
33.00727
32.41145
15.460578
32.141228
37.73926
17.082767
15.948095
30.718674
34.993618
21.276901
28.424532
31.20326
33.551125
21.177462
38.541145
30.298597
23.492197
35.629387
24.084759
16.06063
36.9914
38.369602
15.578887
40.7366
36.069122
29.096693
26.857285
38.189045
33.411526
39.581097
28.546309
35.25179
31.973503
16.386358
16.152178
25.14033
31.495283
32.4538
39.021492
36.126835
25.29183
29.796925
40.828175
30.090471
28.71533
16.858625
36.4372
25.26655
39.544422
18.703411
18.00532
31.543491
28.219944
34.148403
23.001215
30.99437
20.325434
21.181114
30.462212
16.980309
39.001663
18.56861
29.252127
36.125816
31.087994
33.43175
19.344393
24.741571
23.699343
23.739977
22.226995
34.858017
23.676077
23.17606
37.41048
32.9336
24.885197
25.627079
16.71755
26.514292
15.704611
19.67687
24.542557
32.64644
31.188398
17.906914
30.591438
26.682945
31.389435
37.556744
23.747425
31.273098
35.106766
30.151608
25.655111
26.789257
26.928637
40.074234
20.375248
24.219086
38.85814
17.739246
34.034878
21.639778
28.036856
24.022818
23.782188
31.791233
31.123009
20.906921
26.552744
22.977962
37.734085
28.916563
29.163542
18.554905
16.029888
34.86006
22.07352
35.59024
32.99057
35.626633
23.78401
38.948677
26.235113
27.352083
33.299847
31.001547
37.329346
38.132626
26.331589
23.445498
32.448513
26.648458
22.991632
38.299393
28.987965
32.552856
24.621702
30.049442
32.256588
27.289228
25.086506
36.12555
22.741007
38.11764
21.37811
24.41708
35.59474
39.564064
19.69782
38.37439
19.98491
37.249622
40.317165
26.392561
34.72011
17.11388
15.466798
18.636963
22.186697
40.415222
29.261963
37.245434
27.03656
27.573132
19.245344
26.929852
23.298153
19.911264
19.512983
26.40031
35.623444
23.666805
21.586136
26.747879
33.237022
35.250866
23.20175
28.94741
26.819628
34.676186
29.016504
26.979752
35.036785
21.312605
40.854084
21.723026
20.714403
18.687458
24.572697
23.72565
18.766562
16.91706
37.88952
32.249035
20.896801
26.537224
30.571093
27.555893
33.82275
31.994806
15.28344
31.320446
20.314903
34.86896
38.0929
16.249662
25.693901
32.009876
20.118494
24.530119
34.596695
34.214508
16.158913
23.552938
35.800438
30.802792
26.251858
36.519638
16.684038
28.514662
38.07094
34.99463
23.51076
29.517197
37.824898
26.245483
33.131306
24.992887
22.896341
18.300005
31.935316
39.774208
20.841814
38.04949
22.920258
21.796263
26.572409
32.440483
21.600166
19.758453
28.54381
15.822719
26.142715
33.3177
21.606974
27.858824
28.601652
26.379978
34.80536
40.05175
34.402588
17.613487
34.85196
22.908806
36.34369
35.17596
36.279118
38.03651
25.288836
18.83024
37.326324
22.048452
22.459274
30.116402
28.516077
26.068644
21.770906
38.055325
26.565031
35.825832
25.01775
35.977787
39.78749
24.859535
23.868227
36.504776
20.47058
23.19656
26.619406
32.44881
22.835127
18.007034
30.445303
39.462837
26.143646
25.212004
33.478973
33.632217
35.276463
17.789913
37.483986
29.887135
27.669436
37.61728
31.09956
25.106812
27.89132
23.079172
35.684486
29.09354
17.336266
34.39811
24.638624
29.213741
22.516542
24.655218
36.746674
40.43486
23.262976
40.815594
40.5675
29.731056
37.775276
37.719982
34.18325
32.387306
40.91171
30.967958
24.726093
39.600643
37.36739
17.893066
19.01633
39.958916
16.462627
29.418333
20.374254
29.871609
26.14764
17.480932
21.209023
27.833883
36.527138
22.927649
28.341444
16.524124
35.718082
35.30825
24.18354
23.166962
27.176167
22.831684
23.876207
36.337852
33.76136
33.90044
22.277449
18.441927
39.760086
27.101357
39.29704
35.46899
31.8414
32.306446
29.489555
35.308193
23.496798
27.62529
20.04623
38.899975
22.898035
33.350876
36.367065
18.809643
19.304588
32.753735
26.248196
39.42594
36.16222
18.604479
22.385498
17.919735
25.856289
29.64291
32.373905
39.341995
31.718294
16.8621
33.67301
22.796944
17.331324
25.438831
40.112946
34.49535
39.439934
24.417143
30.430603
31.674604
26.842175
26.839645
30.054787
22.866377
17.526293
29.921577
20.899828
16.79921
34.011868
32.075607
38.280823
22.342676
30.364956
39.120613
17.229548
37.331238
25.679014
37.8457
26.46873
36.850185
25.948215
27.251041
31.093294
25.62258
33.206974
18.249987
26.610731
20.505405
33.56927
39.392372
21.408813
27.78458
34.373714
21.256752
33.947296
25.95282
23.024883
15.559741
25.011337
21.96083
30.318926
40.743492
38.217873
27.551548
25.05107
15.82775
31.63215
30.218718
16.52493
30.650835
17.8302
34.575302
27.218393
19.274225
29.034021
24.4738
15.307976
18.288418
40.04974
24.089722
24.013414
37.032993
26.655062
17.361109
31.796492
20.331825
18.810839
35.671127
34.332844
38.244717
28.612562
33.467384
35.872803
17.5496
40.251152
22.630777
36.117004
26.194895
37.41838
26.838348
27.054937
16.799463
40.57087
22.908676
34.349113
36.42802
20.257442
25.175081
37.795063
27.332716
19.318382
23.300999
17.146976
17.127024
36.180904
33.633507
15.171082
18.945961
27.703852
15.185197
29.173681
26.547022
27.065561
17.64113
21.448008
40.01916
36.042336
18.406855
26.093773
18.792465
29.691063
30.645023
30.485645
29.979134
24.927963
38.49234
38.301563
29.72672
38.78646
39.20517
33.469135
37.227493
27.240776
32.85133
34.648083
21.303165
31.397709
18.347178
29.938963
26.072151
36.58776
20.133266
27.393248
27.106852
19.42762
38.588493
32.596935
22.701424
16.27964
31.4018
30.109829
26.395813
29.699903
20.552103
38.864746
30.73979
15.445018
24.291304
32.765736
20.431051
21.398785
35.581852
32.671665
37.42439
15.383389
17.809483
34.711243
37.3843
17.235811
35.273384
34.447903
21.9413
19.758621
35.950184
26.79764
32.612595
29.195395
31.334818
15.800228
39.960674
24.734446
26.78044
28.35397
21.588736
16.21064
37.69119
21.846422
22.909796
31.653524
34.16582
31.248314
35.276695
39.62105
29.246721
18.685074
29.023098
37.361675
21.798153
21.760262
40.241024
34.76364
22.219006
29.97734
25.708239
21.77877
29.68967
23.49109
24.279352
27.54905
23.459137
15.117189
31.267263
36.81794
23.797657
33.038223
38.867
19.374184
18.671888
39.96673
20.511953
39.25457
27.943644
38.66055
22.202797
18.222984
19.949944
23.633135
19.312376
26.646713
15.691233
32.66112
39.14515
24.306871
17.536312
15.263791
39.61774
27.908451
34.346584
38.713856
20.827452
19.096403
25.228937
37.33616
32.98861
26.637758
25.74567
25.860746
17.241854
39.095753
25.341572
20.418983
21.179514
31.800468
36.992306
29.40617
32.580494
32.211533
15.635016
22.881357
22.811056
22.87186
38.811085
25.434864
27.623234
33.067554
29.13273
25.526228
25.670538
23.037466
31.679195
22.180107
29.96096
30.117062
30.234922
27.62491
26.680216
40.554634
34.401295
31.968699
39.343536
21.904016
39.045155
33.329163
38.072197
40.87642
24.291376
35.969265
19.94142
38.324997
36.323544
17.937378
16.80907
40.63938
34.62579
34.470497
17.810081
39.243263
39.9806
21.991474
18.789341
31.116814
23.531437
21.915821
32.346207
25.306564
22.525784
33.68104
27.876696
17.23902
18.973207
18.421148
31.024794
26.320242
21.384848
28.531284
34.2922
22.782127
37.004723
36.00218
35.20622
29.027187
20.499994
21.851349
33.40846
22.827082
30.946434
20.237873
29.302267
16.646235
20.126942
21.919598
38.48484
31.090326
31.65518
22.596674
24.090282
39.020523
16.242962
38.382366
25.38277
30.227749
21.549212
33.15196
39.464413
30.727419
33.47993
20.84281
19.800217
37.713463
27.552782
27.91338
38.41307
37.001553
23.996471
25.11634
24.06439
34.394974
40.624355
37.500584
32.511654
31.822506
23.203236
27.12929
33.021744
35.32631
26.032497
24.385921
39.71958
27.018757
23.755415
32.937298
31.064308
16.98066
35.043503
38.432674
23.770708
33.739418
23.726519
21.840017
24.831465
19.444084
19.184834
34.95539
28.9462
16.145327
35.37748
20.068714
16.626177
20.691893
20.748426
20.028852
28.518902
35.671062
29.435171
37.023273
38.08477
18.549196
15.697932
24.272305
25.658293
36.70945
30.294382
18.535246
32.139317
34.43725
17.643936
36.83542
16.085064
31.070124
38.05732
30.133413
27.81168
19.507097
18.051247
37.81264
26.264393
15.063668
31.824684
31.788525
18.878283
40.26215
20.342304
39.812424
31.426987
25.562967
29.152418
16.113684
29.944681
35.271168
16.060757
29.907928
32.20693
19.893274
27.08815
40.49701
27.968977
27.073298
17.75929
21.695778
29.185432
24.902569
20.701405
28.143108
19.773146
15.876677
35.775764
17.689386
31.129519
19.063797
15.521682
25.49991
32.581352
36.152164
22.561705
26.773449
31.214718
31.960516
34.798397
24.047451
19.124289
31.723804
22.727243
27.946157
22.020836
16.007532
24.996815
20.925163
21.348646
17.457533
19.46654
38.075695
22.589855
39.758083
37.44398
37.37421
23.270708
40.14972
40.527756
31.897575
19.335032
32.64914
30.538767
28.471478
22.01321
29.717117
27.391668
40.979385
15.090252
33.53636
21.440039
40.13171
20.564472
28.289732
17.82293
36.87951
23.088713
29.870308
22.647058
39.854443
16.298878
17.308245
28.458105
16.226364
31.15998
40.865437
37.38615
24.19222
39.797787
25.227488
18.594492
35.94476
19.9345
38.51347
30.217695
24.416697
19.0099
34.92758
36.843822
31.355885
21.344606
34.792667
29.77755
28.359175
30.290195
22.434252
34.81488
36.377533
28.211124
19.9246
33.066902
24.902151
22.356445
23.049944
34.489136
27.551111
40.20458
15.029974
37.204662
20.09842
29.702389
23.497234
16.453402
24.12197
17.970116
15.0350485
37.056446
36.394295
26.50667
31.17616
20.653648
16.899673
17.705181
20.180243
15.654182
34.93354
34.576523
28.136986
21.83396
33.12472
30.979017
22.982464
38.82048
19.418533
39.365337
17.869995
32.324764
27.068295
23.083052
32.00275
25.911713
40.505253
28.603138
15.513858
33.344345
20.591618
19.701208
38.27076
23.093992
34.20863
32.579014
20.584139
18.477749
40.39146
20.189262
18.717682
18.065998
32.294857
25.614628
17.823517
23.49709
29.158375
16.25224
25.46915
31.642796
15.137174
22.767803
32.27526
23.187374
18.37419
37.308956
26.349686
32.114677
36.011738
36.30527
37.181538
24.341875
24.975378
20.332767
26.450256
30.79507
30.310114
30.983675
39.808117
40.59111
24.608816
36.457554
19.110512
21.67163
29.644947
23.677822
26.79703
31.229517
22.706514
35.138046
23.167253
32.5745
25.325386
37.395336
29.148737
22.703875
17.10588
15.153519
27.820696
15.775885
32.178837
16.216671
27.435371
39.9275
16.442083
30.243954
36.9701
40.434937
26.195566
22.199661
22.346651
27.084368
25.03906
15.667684
21.370321
33.80206
33.972767
27.78756
30.169954
22.08709
15.525761
26.469625
35.46084
40.596653
34.43461
27.759708
29.306198
23.35295
20.90416
28.749146
34.218834
26.472399
15.804857
31.263866
20.423027
34.06197
16.29562
29.71661
23.887907
25.984137
17.30863
20.969265
31.346893
21.56108
21.092169
38.827717
16.933916
37.970364
17.57982
24.879452
34.295597
30.078503
26.73923
34.784615
22.079592
39.765476
32.250782
36.843987
35.55284
15.412339
37.876396
15.692942
20.769434
30.155767
35.70084
22.308062
32.18637
16.7575
27.062803
34.163788
17.916471
17.49327
30.440155
18.33908
30.911238
39.334984
25.813644
21.649675
27.282444
31.881498
22.105534
31.469297
18.699791
15.987581
35.17442
18.803602
40.342964
38.84714
28.54476
15.393547
15.239916
40.406094
17.559454
31.150229
33.98925
28.41179
23.965952
35.061146
31.843111
31.150082
30.081285
35.858253
26.917927
39.977764
37.628582
28.20101
27.903957
20.12726
20.097422
21.903059
19.060547
19.942057
35.052658
37.819077
40.51254
29.69554
32.2011
30.40866
18.904306
39.452515
22.222677
27.707077
19.321373
17.051846
22.382563
38.458057
32.055595
28.22029
39.76287
37.501705
23.268444
33.071724
15.587434
30.161009
20.897875
32.802624
32.560345
36.333286
38.257843
21.263807
23.39875
33.268353
33.695496
38.270027
28.812653
36.60299
33.399635
15.003243
29.069212
36.121853
31.995005
36.671936
28.976357
21.927608
21.910505
15.7080765
15.630214
18.228722
17.675488
