24.530954
22.772831
40.918827
35.89376
20.05991
37.971992
18.551752
27.253702
15.6114
25.645872
36.770786
18.091549
31.028463
21.70148
20.890985
35.53024
19.212849
31.1792
29.77909
17.283123
22.843409
17.1436
15.292007
29.594584
27.485622
21.93692
28.157
24.306005
31.807154
38.016434
16.931318
28.667803
25.975677
26.536419
38.32164
32.988834
30.739035
38.337383
18.84868
31.247799
22.174107
24.069658
17.610035
24.386889
36.639626
31.805443
35.724247
19.166172
15.079456
25.68278
27.931799
29.177887
21.496761
29.87697
19.783747
16.903038
15.155677
40.509342
31.866264
22.538376
37.866123
15.98023
16.589537
28.730068
22.568512
29.652529
27.211899
36.321026
15.359137
23.814068
24.975319
20.752115
34.08315
36.411594
26.49579
21.85314
16.671068
30.175983
19.88236
17.41769
25.505924
37.4479
18.451048
17.176691
32.282063
29.264942
31.35501
24.56863
19.052927
28.085842
28.969887
35.0502
37.463985
37.90424
23.45332
17.599272
39.52827
29.443962
15.540248
30.53278
27.725857
21.629715
25.340614
31.795422
29.694899
23.591583
37.673756
27.470606
15.33071
24.088615
37.303776
34.423454
35.720684
37.426273
34.332798
21.706223
28.016651
34.694485
20.964094
18.639849
18.082666
30.467436
27.8646
39.33089
27.554966
19.983295
29.436491
37.791462
27.812235
28.26136
20.450024
32.80036
36.278088
30.61624
19.694891
35.176876
38.46406
39.593025
25.574999
32.23438
38.210197
16.474384
39.901608
32.839104
30.69161
30.19999
33.53231
39.72016
33.933334
28.790607
34.958527
27.459986
22.812004
24.183664
28.461613
18.940287
36.821754
38.76404
28.037897
39.92658
33.243114
20.81328
24.93546
26.945194
38.777416
38.602394
38.35055
17.639868
19.195637
18.917871
20.59917
21.390644
32.09937
31.437435
37.909363
23.136087
24.502983
31.561594
27.872343
27.060492
24.61985
17.05895
22.545763
31.090973
21.971813
32.19767
16.21981
25.995012
17.739952
34.912514
18.937119
40.277275
34.136
39.996273
18.99989
34.045162
27.497595
20.306345
37.902782
17.545828
30.79686
38.54172
15.397695
27.173033
27.300701
16.27259
16.726624
29.400475
18.232439
26.594168
36.45136
37.318848
35.458317
16.028349
33.763897
39.2372
39.458683
38.111267
40.67896
16.154783
31.142525
17.481724
19.090176
24.817755
19.425308
27.224974
21.313955
33.54597
38.91397
19.728243
37.450256
37.048065
19.529163
40.368885
33.656975
32.038933
26.44377
35.98294
16.264769
35.6318
16.327919
38.251404
19.55173
29.197824
20.56468
21.89342
33.95236
19.669361
15.836878
36.87004
40.492905
28.108742
21.28427
40.67923
28.325224
15.7725935
21.291744
21.262156
29.373808
20.87245
27.892954
31.042814
27.315842
38.7656
28.760128
28.187477
23.3816
34.405827
29.799698
32.2974
34.79266
16.541893
23.484625
20.437689
27.047932
18.372326
29.228182
37.657135
36.72262
15.148253
34.340282
39.968403
38.96278
31.561787
39.40625
31.134714
27.438261
40.665565
24.28925
15.548831
28.159306
19.539894
34.381474
15.991924
40.267292
26.95698
25.215433
37.124485
16.677547
16.887608
15.09561
31.188324
17.282358
26.853687
22.021976
17.588179
15.314759
27.85087
24.850794
28.773405
35.428894
32.848633
33.374363
35.15468
34.070206
15.720898
31.80026
37.66757
34.78883
29.86848
36.971954
30.034319
31.292225
21.765387
18.596416
31.777168
21.237959
31.19412
17.730814
31.600847
36.035385
25.030924
27.829082
18.889032
32.254814
37.100063
33.76056
18.748873
34.63552
18.836937
22.386688
15.289652
19.138855
18.283031
19.518106
30.636194
25.010492
32.28147
24.373276
19.554459
39.395725
32.650005
40.021137
33.506325
24.694454
39.579132
40.714096
27.452442
15.547495
18.536123
26.504015
17.786531
33.11347
18.551497
18.082602
32.411438
39.125587
35.922684
32.399075
26.1567
33.11024
36.090282
24.281675
40.489388
21.10431
17.72558
27.026
27.784334
19.22585
36.91363
27.711908
31.296925
18.53269
23.72449
18.872166
28.421019
20.746212
32.43578
31.059694
36.81652
25.622555
20.203112
32.846733
32.555622
16.021154
15.07045
21.838013
22.56359
26.050537
34.8708
18.391304
26.319592
31.063871
21.78828
40.912674
16.034798
17.731928
35.135845
31.829952
26.33964
19.938581
23.248583
26.646852
23.888937
39.824123
28.300798
28.841469
38.233112
40.94423
23.325747
34.79672
39.80564
30.217497
30.750053
39.436592
34.94138
27.102001
32.350636
36.790977
35.467278
24.271523
27.700094
22.323053
19.596561
15.954484
25.887238
39.527145
15.609313
16.053936
25.582657
28.041271
36.116875
20.184296
33.364914
28.317345
16.584486
31.840778
19.631144
32.75347
23.225939
27.059975
39.386562
21.116453
38.386074
36.13509
17.74059
33.069065
38.091343
23.216967
37.03297
34.665424
36.57559
24.962118
34.17151
36.789104
30.277784
25.781485
32.983727
29.682564
29.06019
17.698822
25.167929
32.952602
17.21011
29.3451
18.774948
38.735615
15.165156
29.195473
31.059906
31.067553
36.841534
18.797838
33.014183
36.927418
34.94671
32.447212
15.920868
31.909462
39.72238
22.527613
29.872755
32.027996
27.1905
32.57331
20.350073
32.770184
19.164669
30.993809
29.675913
25.185856
35.041092
15.362031
27.45049
20.539892
34.697796
28.182817
19.911047
19.851343
40.707706
34.13879
40.57246
16.505009
24.510702
25.953346
17.474318
29.044819
17.191624
29.215557
19.893364
35.24485
37.075798
23.779312
33.47601
37.602516
37.48045
20.679205
33.40372
34.509884
36.649944
30.89812
26.424894
38.532864
28.15466
21.77668
22.369925
17.464333
29.847841
34.372173
40.11196
35.116104
34.85165
40.654774
17.844013
39.17599
18.983112
37.071365
27.01377
36.879993
27.53267
24.712337
39.29071
31.736036
22.372385
36.08445
34.53579
32.08443
21.997915
24.322716
30.902132
18.891657
18.297731
26.567034
33.916008
29.847794
26.5951
27.184254
15.670379
23.57432
39.822704
18.534006
30.109148
37.54783
31.566824
39.05665
29.788427
18.206472
30.157362
34.60429
31.471756
27.629877
30.98205
31.140987
30.449537
40.169495
36.767525
37.205627
36.56853
32.455265
21.696993
30.86129
28.615557
29.315735
28.923626
26.24729
19.92018
18.322664
34.290756
15.305309
28.824404
16.907406
33.884453
34.768482
35.0131
28.29525
23.42098
27.082497
40.607044
27.86519
19.411062
16.570272
39.39123
23.966444
23.544891
28.856865
16.584274
26.709341
22.806242
16.338863
15.150368
32.797077
20.45098
33.31259
20.81364
36.0761
19.174774
31.267986
28.655231
18.156773
35.546684
37.81018
27.456783
17.192251
16.099846
19.688274
35.79967
39.702366
16.347353
27.490995
30.337519
18.190609
36.430912
24.711401
25.630232
30.22617
17.11183
31.087952
32.461006
36.649273
21.378304
23.396795
35.65346
29.606913
16.069944
38.200214
37.064255
37.23743
30.609947
28.44876
20.647232
32.996136
22.187239
35.289677
38.268353
25.850574
30.545424
39.951786
31.29641
20.872879
38.91224
34.157085
15.902648
36.11786
24.542776
23.151913
21.47318
17.099478
30.851582
25.155565
23.571283
20.66452
37.17329
16.791887
39.482327
27.611254
19.81831
27.899385
23.532326
36.012062
17.279625
15.0079975
31.091805
30.872948
27.19865
28.725794
38.45984
24.499117
17.012575
26.296345
22.668886
15.734665
28.082584
16.667702
26.659193
37.105713
22.54177
17.556398
29.242235
16.820196
37.10353
24.195051
37.80596
31.563814
40.635666
29.719633
26.81017
26.080475
36.43243
33.482666
16.77866
24.636927
37.806076
29.971046
22.715467
29.645033
34.871593
31.462408
33.655674
31.95158
37.212616
34.071407
30.407017
35.604214
33.49355
35.417458
34.44671
15.263509
35.022335
24.788008
21.40861
16.85501
17.770292
21.376495
33.62902
37.541325
28.419872
30.941753
37.8152
37.6433
24.638172
32.06565
38.05877
26.750517
37.96343
36.078403
31.13696
32.9353
27.443773
19.675991
38.327847
37.720592
39.481873
16.271763
39.811394
16.251087
38.21609
25.20436
20.136383
35.97813
39.208305
23.06664
24.203896
16.092913
27.210306
28.625425
32.751392
27.92862
38.34539
26.069407
36.416977
35.60124
20.168484
32.652687
20.121714
16.269842
29.757751
16.193932
30.728565
24.571196
38.242508
39.3463
36.719696
20.019655
19.986753
19.070736
30.97962
15.462372
20.024553
27.325504
20.679846
15.040949
24.283
38.627163
25.731401
35.534664
27.63041
17.843504
19.304798
21.446623
40.85183
35.346386
34.51272
37.743065
31.280987
38.482544
26.50891
24.76737
17.007133
24.213049
40.977444
21.52415
29.327297
33.72708
28.269775
22.265093
34.42884
19.85339
15.292621
27.107134
19.164225
38.172787
26.65801
24.274769
37.219303
30.877607
20.577477
31.482239
16.978407
24.62925
27.515574
28.957556
18.953999
25.932322
40.713654
40.659252
18.77554
15.874161
35.352974
21.347986
31.421764
34.470943
31.346964
29.349043
35.6324
15.316791
27.535658
28.078018
34.249943
31.74973
26.400991
35.700867
30.61893
20.32859
16.3299
31.660793
27.109724
18.057365
34.922832
23.228277
33.335663
24.49872
27.878487
22.716902
28.696991
32.685894
15.581321
38.55643
38.51183
25.572311
15.67654
33.025948
19.184002
31.650776
40.63802
30.123646
29.609425
36.32928
18.617771
24.78627
21.337204
32.667904
39.71131
25.469954
32.87861
24.161516
22.181473
37.965572
33.996494
27.39541
28.153881
19.245546
35.809673
23.606236
27.83058
16.125349
32.11126
25.448029
15.363921
22.571848
26.426935
22.593327
36.191097
37.601837
20.028467
29.191872
16.850368
28.88808
26.369894
35.6645
20.083225
21.426378
27.228155
30.827414
28.372482
21.91611
23.206886
29.922056
21.974451
37.867958
20.201637
25.76848
34.97406
27.876387
25.92663
25.965063
22.92499
19.980755
22.667694
16.825092
30.232634
38.587803
32.052925
26.570797
16.595814
19.039509
40.8221
16.197937
27.543957
28.58427
39.32783
30.37922
26.38964
21.245512
20.815811
32.792305
25.762045
35.880844
33.408657
30.338316
18.29515
39.586052
20.157045
38.859295
28.015152
22.522167
19.524029
33.168133
32.504776
31.230091
27.232697
20.472115
37.017952
17.546118
16.534412
38.60127
31.376358
29.343054
39.64427
40.845253
34.700245
37.495396
16.342333
27.657701
33.808975
26.703436
30.553736
18.00438
38.47252
40.1099
22.097652
15.711712
20.60331
39.004158
36.73456
16.814753
20.94863
17.33274
25.143219
24.608734
37.87676
28.221397
36.523266
15.8759775
32.446
28.26259
21.146156
16.58995
22.103737
22.933737
20.366816
40.290886
40.08354
31.18534
16.360151
21.282436
20.85136
24.974455
39.16113
23.816399
17.797718
30.31774
33.464043
17.512672
33.78091
26.299753
22.07605
18.404133
22.096966
19.395893
28.921999
22.201223
30.985329
24.455738
20.062069
23.638618
20.874866
16.741432
30.310617
39.096416
36.233124
35.526966
29.73415
15.080886
29.102324
24.938158
28.558273
20.604826
39.188915
31.949379
40.827904
29.025286
19.719095
40.75195
24.541992
28.476345
27.181013
25.070415
20.92349
37.677307
20.544977
39.426796
37.987183
31.601725
17.58629
24.839153
25.63253
31.26024
34.530945
19.989738
23.115555
33.680317
30.402674
31.50924
30.943329
28.058487
25.17057
22.697508
31.986492
34.01589
25.07958
38.737465
26.919752
25.905323
33.392056
36.25773
36.97724
33.198296
40.17659
33.960793
34.44904
19.122929
30.751143
30.95747
26.34719
15.928829
26.920687
40.434612
25.233894
29.42251
30.245237
22.331928
31.331596
31.747059
18.232374
17.81509
17.724134
27.77232
20.569092
24.50612
35.70999
32.91697
33.290955
16.668383
30.183245
20.741362
24.132294
18.84234
37.29469
19.230213
34.209335
26.789549
20.585117
35.32665
39.658928
18.02622
17.284616
31.984308
23.888624
31.713964
27.536314
28.771767
26.689707
26.224205
21.929811
39.893536
16.622847
34.304054
30.919144
16.384604
17.806852
40.445248
21.451921
26.190434
35.524113
32.794155
19.450891
40.862022
34.90211
36.739544
23.665983
20.675617
37.338516
37.176323
30.854483
29.12931
38.308132
21.367105
16.24881
34.973804
35.723103
40.309895
40.835926
31.202213
40.113586
25.569012
20.0993
21.753819
24.554197
20.63761
25.563814
16.07936
25.482306
33.07412
22.735977
37.170383
37.337437
33.891117
34.846222
18.172901
34.29676
17.97407
35.17707
38.285553
35.289783
15.668681
15.700314
30.285162
33.946194
17.099382
28.248455
27.727549
25.163843
15.267883
16.509935
33.639133
26.579721
37.529472
30.764765
16.344856
34.38483
27.656143
30.466564
15.970607
34.644714
22.369385
28.528976
35.11335
19.570446
26.96187
17.48888
17.189764
31.030756
26.42606
37.595795
18.054296
25.004002
31.36906
26.31628
40.620045
16.63953
31.916964
29.744146
34.421047
30.131119
35.79814
32.971676
38.322086
38.700886
36.84386
18.604086
28.91218
23.650288
19.25589
28.288843
29.510567
27.655483
15.164575
23.383436
29.168991
16.26762
32.237236
35.699673
27.571764
38.92422
30.395525
23.639473
18.315067
22.686087
38.061733
32.976635
29.689611
36.384865
36.777866
25.040972
28.795795
23.899574
20.52758
18.125711
17.588108
24.876123
26.640041
24.565908
32.275616
31.362062
18.765898
24.125212
28.397871
19.549488
19.08956
34.080154
38.85082
17.102234
16.678202
23.705679
23.15463
22.389194
15.666798
15.742472
19.335716
26.353828
36.839764
35.86627
40.93752
26.720562
29.093666
31.181086
24.87998
15.772069
15.251759
24.322895
15.154929
25.02706
37.749928
28.88721
26.674969
32.806442
27.824974
16.583426
38.985756
27.896402
37.009987
26.77079
19.00687
32.30018
15.977884
20.8453
27.483883
30.415977
27.072985
23.323778
25.41444
36.886715
37.231937
26.410818
18.353643
24.837936
17.418957
17.336287
18.209179
28.25349
19.186836
15.815458
19.904156
34.834248
30.523932
28.61089
28.11575
28.843328
29.758636
27.364511
37.190277
23.162025
15.966756
18.62043
25.290438
34.063797
29.063475
27.273365
29.848022
25.05945
34.560425
32.554592
17.475477
33.574768
24.829746
33.10672
29.632263
34.192596
38.640793
32.7006
37.54707
28.724586
25.721527
26.712084
28.164492
32.47348
37.145428
17.603336
37.21486
37.705067
25.456076
33.34284
31.898499
15.569607
36.615444
39.950176
22.130756
34.495705
23.098196
22.166182
37.811752
28.425404
39.75313
28.625885
16.164822
34.167366
39.414318
17.851294
27.830282
23.615776
25.668152
28.882853
21.106123
23.615803
17.669052
39.432987
34.49493
37.852127
24.445189
25.07201
40.546303
15.295278
23.7471
35.146202
24.87671
18.461184
15.165789
24.87973
35.203716
40.022625
22.983255
40.42664
32.249157
16.156874
33.017254
24.516005
21.445911
31.422073
25.583376
38.772835
35.52542
36.925644
19.621382
26.799253
37.26832
29.081097
21.019089
25.66499
28.967958
22.345469
23.215853
30.583027
18.486881
15.987676
38.27909
28.235905
29.17862
18.158901
35.821114
20.469952
24.402554
38.319214
25.359797
21.889269
32.876934
25.420454
35.025536
18.258228
36.695343
40.15347
27.878199
29.560669
23.47443
23.038647
24.521656
30.065971
17.805832
22.171774
35.189735
19.816603
26.952772
33.033
30.026371
15.578723
37.56191
21.924911
38.89396
32.486828
16.053562
28.32634
39.717804
38.365456
23.30857
17.731886
23.110851
31.025328
40.28757
35.392643
40.821747
34.70835
21.29857
20.781975
28.410568
27.295252
29.77128
36.580837
24.48043
22.891706
17.601759
28.510317
21.779451
16.973106
27.398462
37.4348
19.536463
21.395248
37.290905
38.817387
39.505093
24.267515
24.354698
20.829851
40.364746
16.93718
25.161821
19.20264
36.363297
15.147881
36.482563
36.24615
22.385164
17.812263
31.745605
17.382683
24.98972
16.778236
25.505373
28.999197
33.388885
26.470278
38.8708
34.464207
29.819016
33.351616
29.617228
34.747807
15.311066
31.780136
39.533302
16.242088
36.47431
31.020247
16.447224
19.099878
33.582783
23.924969
31.331831
38.6929
19.989807
37.116875
17.905615
26.636255
15.6950035
15.373533
31.226727
16.234186
37.7493
15.362551
20.919748
36.172962
21.107391
31.873201
17.879969
35.81976
15.523482
17.256178
30.567575
17.582193
37.13479
17.909878
26.334154
34.44142
31.488829
24.34112
26.616568
15.992289
17.944176
23.580149
28.288284
40.107334
37.6108
20.544214
34.975838
17.6871
32.294884
32.32098
17.728182
18.867403
18.27431
34.28248
22.069275
34.524963
28.154955
17.442257
26.169304
40.955948
32.544132
26.53283
28.637524
18.197672
28.826374
15.907509
32.26982
29.622026
34.938183
27.560123
29.976597
28.1497
21.71204
40.308105
23.07174
26.717678
26.096407
21.498846
30.12096
17.478043
29.357275
20.476248
28.627884
17.614405
25.228079
20.483738
19.978868
37.63294
26.898676
24.682077
36.272556
28.51823
38.720417
22.52469
33.92781
31.239826
26.553135
28.860184
35.293697
19.753614
23.791222
21.821224
25.877821
26.862808
32.27982
16.81086
33.264328
15.086568
34.5684
38.711834
20.310522
22.029974
16.247953
30.821394
21.791122
29.65725
16.4792
38.953556
38.30168
17.340872
23.243196
32.652725
31.93791
15.592385
21.331934
34.52704
33.035084
20.976439
21.64542
39.336754
36.081894
24.867796
35.973022
40.662434
23.815588
31.431715
36.110718
16.729656
31.46045
15.491376
27.902172
38.281433
26.089092
38.791653
37.590454
34.26646
23.166262
33.576805
37.72849
19.550755
31.477314
39.37032
34.820156
20.862265
20.848667
28.37833
24.850357
18.742384
38.335125
39.03382
37.911068
28.405348
39.878956
19.856905
37.241875
37.095898
35.8383
27.027262
39.177177
17.787529
26.237492
18.848028
34.728672
36.878178
33.10945
38.626026
32.83053
34.91705
20.88045
16.401583
27.635933
30.33582
23.390015
15.431734
23.677647
38.659344
27.84397
27.363956
29.191397
35.735542
39.76603
36.633144
33.449852
27.150944
18.843554
23.772827
28.566208
17.187963
23.455605
19.052351
15.900299
23.431887
19.62652
16.134836
15.936368
35.44995
38.165817
18.296566
40.300587
33.841915
21.83531
27.156551
19.44765
37.40098
18.526882
33.835796
17.469662
21.125778
16.639482
20.998955
16.466763
18.388735
15.111422
21.326754
16.967934
18.692951
36.894196
39.625835
30.001564
24.139265
33.046604
16.003273
20.58933
24.977089
23.082985
24.316326
25.673191
37.42706
23.727028
17.453587
17.784159
25.340523
36.802658
28.911983
37.122845
35.2003
23.636076
20.604748
29.145552
27.469118
26.048119
29.868643
18.236101
40.356636
24.78366
38.23452
40.592327
28.702793
17.05493
26.683405
19.067543
24.864803
25.76806
18.831041
19.381096
22.247023
27.957428
40.767063
40.848495
21.427324
16.969757
38.120583
33.580353
25.71064
20.020195
17.332275
23.960743
27.379728
23.88501
31.083704
35.139477
17.915232
26.70072
31.367792
39.25896
19.021479
27.107038
27.780146
17.185345
40.42148
35.301037
35.269054
31.624748
37.074017
25.962591
16.802717
40.67945
24.717688
34.466175
30.195486
31.135014
24.461155
25.311714
22.680552
22.068293
30.515911
23.287218
15.724773
37.727573
40.107212
17.518555
28.052002
38.05986
27.10089
18.26678
40.874462
39.746742
22.948112
38.100983
27.927507
38.159042
20.17718
22.90475
36.06117
35.251755
28.85086
16.066877
15.862738
20.09475
33.15976
35.16206
22.06773
35.4708
23.63662
30.44485
20.362328
39.771587
30.353434
18.560314
24.588604
36.283493
37.902744
31.017252
30.334509
31.878841
31.966326
29.175135
17.423822
28.114647
39.839092
37.763264
18.916973
21.789682
27.402815
21.280945
15.891823
17.122057
32.733894
20.019869
21.494242
15.883285
27.781189
30.905094
32.531456
37.061188
32.364525
40.868553
22.226902
33.922768
33.12134
39.049072
29.663502
33.70956
27.96846
36.755512
33.91297
25.621735
34.14784
18.834665
35.881985
30.233635
36.989754
38.85319
34.50174
18.032194
19.153627
27.332846
28.045618
26.38101
32.29635
37.17098
28.080404
40.88674
40.86976
27.333208
18.839682
26.880753
21.063507
20.922855
36.653755
33.527763
40.78638
40.811783
16.478638
28.934679
15.018708
33.159805
17.53732
21.556465
18.87035
20.355013
23.619825
39.182377
28.243296
32.17482
19.684158
25.834604
25.124756
27.29773
15.058504
15.022799
37.226208
34.688297
40.765755
30.971664
27.935675
37.832924
22.274603
21.675251
26.365093
34.32164
15.327191
34.93033
32.65148
30.851137
17.40145
18.86255
40.61013
27.366888
32.837017
25.883043
24.339994
29.76727
23.68682
23.4992
17.445848
16.360165
32.952057
24.952513
17.16882
37.092636
28.01661
23.267385
34.90629
24.466791
25.817513
27.968885
31.354141
15.010083
31.571428
36.46358
32.81879
30.185844
19.722647
23.876507
33.12334
19.709942
35.186462
17.998634
20.971739
24.381987
40.932377
39.923004
35.63669
31.744684
22.484867
19.934065
26.401562
34.15238
39.015076
40.26353
19.313494
19.160059
36.35507
33.437458
26.494318
16.5365
23.48692
31.113005
38.50794
22.660524
34.84221
37.539734
17.097158
25.576654
30.093044
30.079098
29.980005
32.566807
25.024126
32.57709
33.334995
22.737011
15.545892
31.808865
15.10672
31.823372
17.942122
24.700483
25.327679
33.188988
20.040995
30.581747
16.279087
39.813652
30.156849
38.335396
17.503014
30.970753
33.370556
36.981823
28.43
24.240805
25.999653
31.974743
24.700891
34.528713
20.955101
32.282085
29.138447
22.831858
39.08964
15.187742
36.763885
16.64875
26.613565
18.673576
17.255314
17.123009
16.186815
21.2275
25.80961
19.285055
15.392055
17.972162
24.496126
17.083939
24.95159
38.1202
40.880154
38.294353
36.271675
33.935806
24.945993
15.8389
17.680977
33.61865
19.16389
29.583326
17.075666
25.825111
37.922134
26.24244
39.591778
33.903023
15.485005
30.677082
18.396235
25.339981
24.139223
27.567543
34.72109
40.411633
24.256023
34.216423
37.86129
15.565162
39.62292
21.064013
21.014408
17.684475
30.588667
36.391796
22.56153
29.05753
26.316895
35.6449
34.671707
35.602436
23.758352
39.821663
25.958048
18.707914
28.82862
35.458817
30.321722
31.904938
24.717632
30.883173
36.090904
23.51026
21.25929
25.605888
34.094826
19.368832
29.853907
36.0029
22.408865
39.87096
16.563154
34.755234
21.164753
34.53136
39.6867
29.915478
27.040709
29.591145
19.381567
23.921726
35.82953
15.340001
35.699833
21.397963
28.828337
34.15479
39.79711
37.159878
38.70188
35.612003
35.003807
24.487684
16.942068
33.455387
27.953049
32.432636
38.079464
30.686422
21.023659
19.691442
15.398384
25.594048
37.983456
33.41294
29.06521
27.151493
22.9077
16.193872
40.30045
30.881819
26.199345
27.475815
24.508108
24.030096
24.85234
20.57273
30.12174
15.679049
20.976053
29.638834
26.334736
31.306208
17.038403
36.02897
29.853048
24.204588
30.287275
36.70875
26.34185
24.175072
38.37416
40.639404
32.333233
32.94766
21.330984
18.392149
28.020348
19.899956
15.740496
29.639763
30.583982
36.81519
27.192602
20.627838
35.48091
22.658289
16.933403
31.24594
35.468906
24.647455
25.990704
20.89893
40.051643
30.259974
32.999218
38.02128
27.497309
28.234783
24.450586
39.78229
15.618036
17.120731
24.157858
36.297695
26.09291
19.468212
30.350992
31.493256
18.275534
22.373238
34.009373
36.65843
24.147844
34.756832
20.78934
18.683397
24.365042
36.498905
27.219147
40.99025
36.182255
28.344694
19.710718
33.24914
31.461689
36.363094
22.377047
18.112974
20.929796
28.660053
40.64601
29.409077
17.387135
31.036598
32.225834
18.494015
17.669338
34.32977
21.104424
19.807743
34.81577
39.28618
31.95415
19.055847
36.123215
28.991688
37.565758
15.90373
23.545074
30.116991
26.749382
31.584192
26.242304
32.53782
30.517715
36.399883
21.000498
20.249691
36.30575
26.744713
26.698257
34.921078
17.483562
37.97343
28.045134
34.91506
28.482893
38.21603
25.403208
29.158484
36.485474
19.063879
15.664516
34.84893
22.810257
37.94691
33.877247
28.663546
30.888834
33.976414
18.596869
22.870272
19.032677
38.045387
25.783997
38.540703
23.072866
17.0587
34.479073
29.92518
36.392357
23.307665
20.454578
34.974606
20.872833
25.208864
25.578722
24.97965
35.842632
26.894608
26.7203
39.347065
17.239182
31.472422
40.68252
33.643898
23.888823
18.163622
36.87439
16.21447
34.058907
20.98606
39.211407
28.911087
19.251434
32.16373
33.083035
32.778492
37.58447
29.025993
20.13262
21.89321
38.047104
40.80171
27.066101
31.982887
27.41555
27.418774
24.739128
32.93701
25.68253
34.18699
30.367817
33.869213
35.479
40.072327
30.866652
20.002712
34.156734
33.163284
15.037716
26.32427
37.952248
16.885033
22.618614
29.688356
39.96697
20.53462
35.0422
34.852066
23.575527
15.790694
32.169365
36.782616
26.313553
18.993635
35.226963
35.50315
26.298172
27.197159
34.715942
36.728836
23.799011
30.26001
25.1507
31.594095
40.704376
29.57644
26.148712
25.883162
18.316736
24.436735
27.610252
23.349947
31.163645
39.46414
21.5112
30.949535
31.324587
19.09213
24.177677
22.10248
18.151325
29.625994
30.819405
17.474382
34.19865
34.075363
22.56942
33.177036
23.684458
37.649315
23.310942
33.78382
40.862534
26.5733
39.167973
16.100773
28.318325
39.717213
27.694288
17.246159
27.387495
21.416513
30.51631
19.265148
20.648972
28.823347
28.468472
22.242554
35.75867
34.142242
22.105406
16.675428
18.767008
15.18503
26.883516
23.72859
19.502796
40.82212
39.275166
20.92006
27.608046
37.11254
17.611925
16.769625
35.37267
21.162485
23.549059
38.992676
32.64502
17.092402
28.701557
20.932688
39.783676
29.885092
28.222809
16.099617
32.867775
32.342457
40.880173
20.917788
37.197746
23.896032
31.527384
23.085688
18.495165
15.596593
24.78199
37.31137
34.14995
37.250664
38.186672
39.611057
39.365036
40.37684
29.166536
33.844822
39.113167
28.42239
28.690117
17.71205
22.447357
37.510757
25.70013
24.040766
16.896036
30.883064
24.100609
32.87865
17.42585
32.151848
28.370306
18.629995
24.769564
22.502872
20.718006
24.281576
21.793396
21.060835
24.103462
33.621853
36.017677
27.777477
23.418524
36.28165
25.406563
20.405624
37.656094
21.41085
29.107052
37.390244
22.990356
33.8544
36.944542
40.837753
36.349876
35.80238
17.171482
38.11735
29.285831
35.062557
17.21782
39.103146
36.720963
38.340286
37.006184
36.583645
18.510387
36.209408
40.7719
31.944967
27.653738
33.81913
19.267256
18.876974
23.468718
17.805693
25.731377
18.556417
33.069416
33.36397
40.071686
28.528875
30.088385
39.982956
16.329657
40.34127
19.739744
25.960459
30.693169
31.869408
26.0412
26.486094
33.069706
37.23995
38.29615
15.818057
30.549044
26.263937
33.7827
38.877937
19.961054
24.378965
30.004622
33.449196
21.173727
21.239698
18.830025
29.088715
34.778423
27.301561
38.37666
34.847214
23.373857
23.009932
38.59852
40.943123
28.787258
26.537304
37.1866
25.645813
28.260557
29.403421
15.617354
17.797934
24.881517
38.76851
22.965622
25.64296
15.354048
22.707247
33.44449
17.922832
27.578978
26.35127
38.542744
15.571921
31.455997
32.430534
32.10129
33.75739
18.819412
35.448906
34.703133
40.502335
24.48485
34.497066
22.34712
21.676928
36.010937
33.535667
29.534048
26.754091
16.96951
31.874523
20.614187
27.400114
23.269821
15.528463
17.528706
19.706848
40.396633
18.148184
30.923016
38.671097
37.299126
18.304497
23.01839
22.387976
38.106903
26.0469
16.598787
35.348984
17.851416
27.862537
23.003134
25.221773
28.935528
27.429146
19.108921
37.537476
29.220901
29.885695
16.951262
17.822739
24.29236
29.736977
15.842173
36.88749
39.710323
18.963509
33.638126
40.21573
29.87686
18.42568
25.149572
40.70555
28.517862
22.23113
27.594332
25.36581
27.723291
25.376965
37.46752
23.000805
19.98942
17.68345
40.233776
23.400597
22.77141
37.803463
33.843357
25.10341
15.681562
23.921953
19.231815
26.407942
36.65799
40.652393
21.683687
30.987186
35.180447
20.592125
22.223843
23.191723
15.924477
24.01618
24.045813
28.929274
15.122032
15.269233
29.39465
35.868587
18.336102
27.557835
17.292574
27.63966
24.358925
33.050278
26.028822
26.68846
33.50775
40.458923
26.430891
35.49336
37.7191
19.609928
34.592503
37.96159
22.531912
23.897934
21.954346
17.998053
25.301905
18.978266
16.416868
24.475004
39.80401
17.566858
22.510088
37.13005
28.75655
31.798147
37.553566
40.28116
20.74044
38.23377
34.210423
28.671305
32.48851
32.319977
33.872494
18.241554
21.584616
30.859259
35.90934
32.18038
16.239058
30.89174
24.972178
25.208216
39.996346
35.274506
18.264324
30.730116
35.983295
23.202072
20.9731
36.22577
33.619835
35.92881
38.903767
20.044834
30.591972
38.0342
16.764263
19.63699
32.325657
34.71438
28.520279
23.169899
20.202421
33.788544
32.77332
39.474564
38.321964
35.376236
25.210205
33.30644
16.743895
24.531847
37.83057
36.021965
38.830296
24.514975
38.879692
29.944035
39.562653
16.830566
38.197155
17.926182
20.521261
40.690258
28.037569
37.924202
37.59207
21.126394
25.32773
27.745134
37.405426
39.63283
35.795403
23.567461
20.01314
17.911701
27.437958
29.312616
26.374716
24.072844
18.395004
26.496832
27.850594
25.462738
22.447124
27.803543
33.089626
29.192356
24.08374
22.290548
27.450047
32.388363
22.36619
37.88232
35.407597
29.209768
34.657887
31.596794
21.281422
32.752136
21.701572
15.817181
40.047832
19.104046
36.494434
35.843315
28.013968
18.025625
28.945019
33.94324
16.687845
37.986507
36.391594
20.174662
32.308216
20.63065
16.71982
20.357157
20.187147
37.12803
30.038301
28.749931
37.27016
24.328358
22.653725
31.226149
26.13325
22.14943
15.433119
20.033783
21.012976
31.21292
15.54885
27.594204
25.405426
21.38291
20.072742
18.213552
21.271605
35.567627
31.9189
33.06831
19.951452
36.912292
39.23049
23.375277
32.5155
25.341253
28.464003
21.267487
36.472687
37.29994
23.145088
33.571453
30.504852
34.502453
20.553486
32.417446
21.212774
31.508078
31.439999
18.413315
29.73564
16.030025
17.286901
36.97372
31.545326
36.022472
29.593718
28.32048
33.71872
39.79686
24.203606
32.65601
28.555832
39.686104
30.781227
32.060738
30.538408
26.105375
27.21121
35.776623
37.313168
25.250786
18.907017
17.71282
36.635754
26.132242
33.803223
24.24578
18.02598
35.154484
31.14992
40.684967
16.26185
39.04024
20.136175
26.13664
19.779287
15.532149
30.840128
38.922073
30.54654
26.015038
29.036587
34.192776
25.046566
36.967884
39.988644
21.934252
40.62775
33.98469
20.508009
31.16103
17.672691
40.996254
19.289534
24.779636
17.786825
36.279724
18.808535
27.332453
33.522995
35.860573
29.915262
30.634201
32.035156
39.991558
40.669056
18.174217
37.49378
33.535927
21.925434
20.081425
23.097422
28.287115
23.722559
36.435257
23.079597
40.524822
30.60924
25.754646
30.236715
40.43742
32.71481
37.608494
35.192616
31.433186
34.581947
25.464859
25.866959
22.817991
39.566715
40.132446
31.429337
22.834604
35.955727
33.446815
38.397804
26.63886
35.858692
38.21501
23.480055
33.43057
19.405123
27.856213
34.257427
34.66201
20.807335
17.662264
36.876297
35.014572
25.447496
35.15081
23.538485
31.664051
38.304703
21.595083
31.771622
31.24781
33.758755
22.488241
28.21254
29.901957
27.090555
37.43639
37.95101
17.7544
34.844658
35.7734
26.35829
27.339653
34.627823
29.05183
35.76425
25.543812
24.888031
39.488136
18.348907
38.893295
25.751652
28.426727
31.178566
40.268417
29.092205
38.936142
29.443787
35.453022
31.662287
25.76209
25.64581
38.32393
31.34097
32.035793
25.730028
21.939034
39.33219
27.3725
29.979568
23.300535
32.495373
20.293789
38.858974
24.149742
15.897615
33.268692
17.937449
30.792572
24.14768
29.092382
21.52308
20.659903
27.105
30.807644
33.703884
24.074516
35.152794
15.923024
28.118488
18.526442
25.382498
29.292992
23.968761
25.651123
24.757444
19.699238
21.538542
36.059853
33.606926
36.908543
37.7972
30.189537
26.64749
26.781511
17.543627
22.418955
27.136475
17.86777
39.985752
30.841152
18.733595
23.847065
36.652607
36.28684
19.179451
30.162037
20.100409
29.461075
39.995655
38.23725
16.00117
24.385775
29.069427
22.7904
19.891628
37.732964
16.206213
24.915451
22.112427
29.088957
35.51706
25.853783
20.2818
30.707096
36.85326
37.668247
20.025028
22.88683
23.408892
17.396355
25.62038
28.75944
38.08264
36.68269
20.724163
29.965864
31.223484
31.3769
39.40205
22.479567
36.980473
17.132494
31.320702
31.657562
34.635166
37.65302
22.143206
33.49521
15.015806
31.90593
18.923841
17.015514
28.375708
15.360939
32.612057
38.74127
36.96389
26.108276
27.652536
26.278328
24.924257
23.573801
32.107723
38.18111
28.130348
31.47161
22.731033
15.476221
33.095818
27.62116
33.983547
32.487926
17.196562
27.304762
30.113821
26.939112
34.098618
25.952587
39.11001
21.694
20.50658
29.116238
28.585335
38.964012
31.130644
40.92813
36.472527
38.31567
24.115871
36.54294
19.779667
18.399536
21.085697
37.41848
16.59944
26.961832
32.422237
24.717463
32.065674
30.405323
29.439234
21.597626
30.015533
38.93376
28.699179
39.706837
28.742718
32.14421
17.884333
32.810852
17.416357
20.824083
37.352055
23.155458
35.492416
23.664967
26.788118
33.900845
28.758703
16.622694
16.217314
37.76508
28.53167
39.733364
37.038902
23.874739
24.96253
23.337473
15.725151
37.744637
15.412296
18.869457
30.354406
27.29494
22.419641
20.63755
34.24586
24.862741
18.9126
34.34882
31.621344
37.2765
21.004448
25.526999
19.44023
33.23565
18.966146
26.425615
27.336687
21.47387
20.782114
29.556705
29.934265
16.483511
18.07311
27.535255
24.720947
28.939844
23.109407
20.582293
32.138584
29.387722
38.13945
32.734497
28.573736
26.239534
22.323557
37.57584
35.53275
36.682186
19.189281
26.136787
31.441982
33.70212
26.714434
31.49928
28.23492
40.111294
38.895706
30.600637
15.171048
21.193264
23.975382
39.747242
39.177044
25.387455
30.375448
28.428879
20.409124
17.290949
20.827986
18.167158
35.706
17.180964
28.192596
23.336597
35.13517
34.24758
33.01611
33.16446
21.930925
16.775023
29.016764
26.445538
31.78071
15.621157
38.364502
40.900673
33.637085
19.518759
15.880977
15.562838
21.015856
19.958305
16.097307
21.092222
18.08657
29.711008
25.484612
27.501846
22.769777
28.41203
20.111746
17.417738
35.526184
23.04771
40.48668
29.702894
17.556028
18.676949
32.402344
33.041718
29.722729
21.2657
15.234798
29.911789
25.672953
18.124865
25.330957
22.262327
33.346146
34.11574
37.87512
31.173866
26.349558
37.52344
17.937952
17.79115
16.520689
20.297583
40.288578
17.901405
33.40712
27.22085
21.98983
23.672714
23.364534
25.48987
33.79872
35.27222
26.506845
30.179153
39.958607
38.351612
25.838087
38.10771
35.096478
40.717247
15.553922
36.739254
23.62829
32.895
22.721329
19.920725
23.327154
18.754913
28.328226
40.500244
20.523714
27.878305
34.040497
29.16437
15.784951
24.930147
25.912066
21.195915
39.8571
28.941973
37.764427
22.277369
18.160381
39.115803
16.985186
28.95131
34.18762
29.527021
32.090855
18.898056
27.785816
34.93431
24.557444
30.802057
35.48926
35.797264
23.142984
21.252436
40.82453
28.55741
33.209377
18.859362
22.822403
23.255972
30.396679
21.566784
20.848541
32.64171
25.41106
28.003416
15.304238
27.064821
26.658524
21.637592
26.750553
29.657955
39.989475
29.48809
32.573544
28.572916
21.915123
21.191685
28.435314
33.37178
36.31479
37.33967
39.444984
35.063705
38.873913
16.16929
37.235718
27.733738
30.275806
16.932474
23.948322
28.22761
20.515825
28.562927
40.49894
20.93647
38.61491
23.624187
26.447803
35.36818
28.4801
39.94485
16.287922
16.8968
24.692831
17.833672
22.03709
37.849556
31.601568
19.315954
24.643545
24.92055
19.253504
31.444101
32.90499
35.79313
20.420702
34.40885
40.352776
26.807928
24.259407
40.914246
21.86734
22.531082
19.98677
26.07803
30.6681
35.15727
16.367607
26.980665
34.760323
18.824787
21.774382
27.909826
33.92356
19.124954
35.116886
31.333689
25.890572
37.35571
18.033764
33.685085
27.492739
26.399319
35.396233
27.149946
29.237324
36.496765
16.395048
21.82728
30.033934
30.646368
22.26501
24.864275
18.601984
32.871853
23.046913
28.46891
31.467913
28.185097
30.695154
35.06383
28.40037
28.711412
15.309867
37.26902
26.633501
30.150248
39.305626
36.8872
21.292984
40.51183
34.924515
32.614613
19.066345
18.900295
17.659544
28.811321
35.3486
28.006468
19.875084
23.33879
23.846165
21.9285
27.19421
37.209057
31.936495
22.956177
39.068546
32.588432
26.95779
21.0348
16.354397
16.560173
16.042631
35.767048
40.689655
29.974222
21.11131
19.01641
22.999207
23.698614
19.205091
26.443281
25.552189
22.635836
36.466625
20.634893
21.652773
40.97882
35.7641
24.882921
29.266708
34.355103
39.207775
29.117523
37.66918
25.743917
35.62193
24.02432
31.54519
20.349947
19.41224
35.950787
38.88186
15.978632
27.208
29.851116
21.462782
31.881945
24.160666
40.223793
31.807785
24.529676
20.844505
34.76353
37.997036
15.310272
28.332228
36.27944
15.976831
32.77647
35.207844
25.323835
37.664917
40.724888
36.030964
18.931107
28.456522
37.134995
36.08122
37.88376
19.577915
19.791754
32.088432
36.002728
23.142551
30.277565
15.093642
22.101673
38.735535
32.94289
33.587948
38.450058
37.885353
39.451393
32.64075
32.857357
30.877525
26.544117
29.855757
38.82088
17.023046
38.77869
29.68267
29.57216
28.71513
39.17324
21.86443
29.31208
15.391075
26.92116
25.61426
24.442373
29.86167
16.641554
40.49381
27.181269
34.378822
21.991682
25.90308
27.593613
31.28279
23.8914
29.594803
23.770876
21.103558
18.096
35.690365
23.664051
23.586672
30.40269
32.30136
35.902477
22.271986
32.38723
36.050304
38.824284
30.974512
38.241116
33.535915
22.899149
22.799751
40.016
20.102983
25.74166
29.17161
28.380898
40.15362
36.993713
19.75917
16.859016
36.67627
28.496862
22.15934
39.434902
24.670725
19.380655
30.725536
30.408913
39.71195
29.960613
19.028357
23.42489
15.02231
38.66951
28.092287
39.70814
24.111446
34.638233
22.773312
39.724777
21.29481
32.99758
31.425367
33.70975
25.216444
36.48993
19.34943
28.809649
16.878546
21.55975
24.427078
25.94787
33.61968
21.734598
39.81122
25.943369
15.98564
15.813215
19.579742
27.90068
39.50127
33.14497
36.853664
17.437649
35.978565
37.11499
28.039488
25.928707
37.185852
16.841879
25.576183
26.615274
25.454716
30.049932
36.850468
19.171255
35.115887
37.095516
34.78969
35.110416
27.532232
39.207134
24.049839
26.28376
18.936365
21.141441
19.687035
27.638779
22.282475
35.66251
22.733767
27.398932
29.886322
22.519161
23.197208
38.87038
16.75437
33.925358
17.654842
22.194426
33.192406
21.941137
21.843515
35.53787
21.536034
28.606728
36.421158
27.449923
37.659832
33.199978
16.42613
19.41304
27.298903
40.567406
23.867388
25.976387
24.156054
40.121655
24.34929
15.28455
23.269741
22.803316
30.668179
15.300341
27.18242
25.072557
26.913458
30.569448
28.075815
32.82617
31.76417
24.985935
18.229189
18.028181
35.39276
27.6915
31.908535
18.79718
22.67092
29.977676
26.109148
23.711296
30.21803
34.85901
15.450916
29.17159
34.241123
31.846577
25.965212
28.807367
28.085718
33.375008
35.51412
24.111956
24.950344
40.32257
19.147263
37.765053
18.313065
20.112593
35.828426
33.427845
32.27666
31.995983
30.653578
40.18963
36.259766
26.288246
35.933945
34.29988
35.244457
21.570906
17.332136
27.33708
24.136505
36.16594
31.616356
20.545893
26.70274
23.553232
24.537138
25.716745
20.020607
15.824839
38.83302
39.686974
20.408257
26.756222
25.43602
18.31028
26.399195
34.62341
17.574734
32.57131
36.483723
32.506374
27.662308
20.414762
34.060093
26.492762
16.60851
18.813519
37.321514
31.932423
24.509604
37.617775
33.65085
18.692015
28.546604
33.80741
26.503063
38.220295
24.362028
29.912228
35.726128
24.158533
39.187176
35.56987
35.804363
36.21681
34.556404
38.458794
22.603853
22.08579
33.571865
32.173744
17.8578
30.264921
38.371555
40.00372
21.850353
15.861738
39.705593
37.027565
32.5407
39.653416
36.339947
36.459858
29.71486
34.000446
37.383915
37.759834
29.660864
27.563698
21.577059
35.658707
39.333664
24.199846
34.07322
40.96577
19.0094
15.896677
25.323763
27.781294
19.024216
39.158375
18.289104
27.57428
21.351198
20.86241
37.39702
16.475702
30.489532
27.28336
27.41824
24.092993
32.423332
22.715393
28.744219
40.16905
33.253178
29.923923
27.429005
33.489147
30.511692
33.518307
23.796467
21.581741
20.14514
33.261253
36.416252
17.964159
38.67621
21.316994
20.816135
17.951818
17.158957
29.489014
20.425486
28.37968
25.194923
27.609531
32.933994
20.977175
33.500324
16.41675
32.501755
35.592964
30.297241
15.492153
35.071224
21.983503
28.147585
35.129063
32.408615
39.45933
29.756712
32.364883
24.441622
24.325758
17.744343
39.83339
26.962433
23.759565
40.41358
29.579674
18.829346
29.530949
15.1445675
24.52921
33.42736
33.810074
17.197498
39.913857
31.337448
30.190075
40.43045
31.63143
24.916286
36.013554
33.720623
16.251722
40.802578
23.107029
36.72337
38.180866
23.243103
31.108068
23.011518
19.35704
35.571114
36.712254
23.608265
33.774525
17.171547
15.372272
25.46007
19.119345
32.83208
17.249012
21.491703
38.848576
40.50598
40.544624
25.5438
36.156776
34.202103
22.740013
40.713993
26.446768
22.96941
31.714426
25.40585
31.158316
40.7578
36.242275
19.735632
29.107176
21.314018
16.942453
21.854973
21.848186
23.210823
16.398003
19.218414
16.999996
40.609592
24.869015
27.857822
29.955294
35.42096
29.789288
23.321491
23.949291
40.155087
31.067268
26.093884
39.070457
15.942519
30.104471
32.032722
16.47144
22.958687
28.399565
34.643307
20.774288
24.799383
25.623947
16.855616
21.463121
36.23167
17.134678
29.378029
40.918488
31.183998
31.033245
20.672155
20.671669
20.841349
29.08369
20.126417
22.443432
38.27562
38.0712
39.101875
36.58055
26.168457
20.512392
38.18181
21.6148
37.873158
38.02101
29.177431
34.842865
39.314262
21.087957
33.22522
35.062084
22.03788
31.552
33.657036
28.895578
36.10272
22.61775
22.232563
25.50181
25.441338
19.919914
25.794031
24.887394
35.822964
33.838055
33.436684
28.528234
22.613792
30.033543
21.88393
23.553026
26.157522
32.010548
18.914469
27.35438
30.788473
24.395477
27.40925
16.166687
21.241436
16.584303
19.869473
16.886204
21.536968
21.42485
39.10242
22.207615
28.297747
38.68119
17.180199
35.012688
30.89107
30.16982
19.747097
40.870457
16.794535
34.662434
24.284525
23.4947
32.146378
33.917652
29.038202
29.0533
16.568914
26.534153
23.970428
37.33542
26.042986
29.7102
24.320984
24.956198
35.863235
36.449722
33.14345
28.015135
29.518541
33.272575
21.529411
22.922953
16.718836
31.06674
40.141136
18.473259
40.729027
17.362858
39.14424
17.659027
25.672668
36.016415
33.664764
38.220303
38.532528
18.05064
34.491028
18.45834
26.202063
21.24319
36.89873
25.462715
29.131357
25.932192
22.198437
22.57181
15.862998
22.472454
40.88787
39.623325
29.06778
39.790108
25.13712
21.350416
17.567154
34.564056
23.742981
16.140232
36.268723
16.705215
34.659515
15.295619
18.943079
25.009556
40.744953
17.92695
21.334726
31.128576
33.46087
20.649939
38.22676
32.33092
38.91775
20.376625
29.768476
25.921362
36.88175
30.660501
33.626957
34.638554
18.140587
15.293127
24.338232
26.870457
36.97244
31.148382
29.610521
34.10642
23.369574
29.631834
39.271435
34.687572
26.139473
20.516542
34.053154
29.622095
31.039215
25.432926
28.473854
36.999702
23.694632
16.829174
28.700756
24.369576
33.214
17.829987
18.46953
17.338713
35.1267
15.095271
35.8868
39.602615
31.560434
26.516748
39.256893
26.637896
36.416374
20.38924
36.950996
34.36644
23.70981
28.554764
40.776283
25.2433
30.21448
28.94135
18.30454
27.425646
19.082064
34.904854
35.18428
15.947626
19.204004
17.830858
37.58731
22.156063
23.740974
29.565094
35.630085
33.05454
34.466084
36.414597
26.862274
17.658443
18.351063
36.69821
18.729275
26.981176
25.170376
31.123838
18.29245
31.851755
37.806484
15.6311455
40.430298
28.406673
20.410051
29.762299
28.245716
16.8039
25.602234
18.109642
17.468945
20.474537
18.50178
17.937996
38.2728
21.057676
26.517963
34.69064
19.106161
20.056643
27.570982
16.761873
23.90374
24.209791
39.684753
29.655302
22.3445
17.58672
37.74267
19.445948
40.70815
19.500734
30.605103
20.32548
40.318512
29.471067
23.758184
22.933798
19.564571
16.673334
35.196507
37.166443
32.054413
29.584394
31.33819
33.196224
21.584272
33.85779
35.428898
15.558675
22.294317
26.858526
17.112125
33.324886
19.63476
23.74104
20.62625
40.621525
34.58036
16.47183
28.434563
40.056698
21.908327
23.778187
31.002716
20.9716
19.294027
32.647163
15.908681
16.86186
33.480988
20.703909
38.50355
31.798605
16.84598
17.566147
33.93722
16.228289
34.307045
40.101574
20.52116
26.141552
22.711725
33.407597
31.121216
20.275246
28.594677
16.287909
16.55659
37.748062
15.508418
25.017895
24.826809
21.329044
19.00777
18.271057
16.396753
29.399624
17.808104
37.221146
30.740473
32.593567
25.639414
36.03978
28.877731
29.08562
39.882732
29.27692
34.73296
37.54847
16.202269
19.94167
36.80443
32.90889
23.076244
21.493372
40.852257
23.207857
36.38119
40.408157
18.096931
18.105705
35.999058
15.503582
27.765905
40.87222
29.793388
25.784132
37.733845
26.062908
21.240223
20.21292
16.472956
36.5065
39.501446
24.51999
31.56295
21.715082
34.79263
27.925232
16.605898
31.37706
33.524506
20.483934
27.549492
22.204523
28.886509
25.655685
15.142866
18.080359
33.29294
26.652294
22.53238
32.186836
29.426586
29.138054
21.850433
35.596184
34.4918
18.935743
39.058643
31.664997
31.728186
29.534294
36.277317
35.498222
22.238403
32.399185
35.366474
34.734642
36.747597
35.354183
15.61929
15.954799
25.039316
20.633108
24.087086
36.123447
32.501995
34.59288
33.275627
22.652582
28.472063
21.53427
33.735813
32.907364
17.8743
20.594162
18.417389
38.27607
18.036894
35.253475
21.562674
29.286581
16.498173
23.647202
33.38786
22.675701
37.12391
40.568302
34.832756
16.803955
34.91857
18.824678
24.255457
34.357338
22.540834
36.438534
40.106716
32.88878
29.72311
29.070028
40.3394
32.426006
18.546812
28.002188
16.59172
17.108679
32.839565
21.041653
27.028503
30.61666
24.837442
38.76986
32.133137
23.01245
18.694828
29.721893
18.713337
33.544785
40.426464
29.275284
26.917269
23.946638
39.430614
18.298609
31.15212
23.809683
39.869343
24.939865
24.455488
39.728718
16.87126
26.327114
25.090656
15.083209
40.774094
34.409008
39.920017
17.559612
16.438898
21.68037
33.456577
36.816807
38.044636
22.118082
28.401747
25.058435
40.71134
22.295149
30.948267
26.699648
28.80203
23.34578
40.160336
19.80222
24.817966
20.222067
15.33874
29.500666
20.42885
28.512749
28.43694
26.253479
20.368933
26.987253
22.314804
15.427321
24.682062
23.983246
35.899883
23.45838
15.11304
19.773458
36.171803
15.633918
21.319698
37.12769
36.293568
23.39838
38.019524
16.428465
25.184278
31.01224
37.186607
39.903847
40.360947
20.378098
35.97914
19.808556
24.97283
34.89737
25.204672
39.714546
15.609864
18.332262
28.819782
20.464886
17.68752
32.821476
40.212708
16.799675
33.993587
37.434547
15.832034
19.180569
37.328102
18.948383
19.101435
23.920288
28.075832
33.891083
23.499887
37.366276
28.021431
39.321743
39.188812
16.592655
24.750603
37.301487
40.631985
37.822174
28.576294
32.559612
37.281013
28.63004
16.087135
36.4702
35.588696
22.873985
15.136071
35.12827
32.36441
40.250034
37.370308
35.05097
22.800312
37.39106
40.249443
18.828047
29.373835
36.505245
40.90677
28.907246
22.271711
18.694153
39.179535
38.624023
35.98245
32.295185
18.667128
27.571375
22.268774
39.860832
32.77175
23.454374
32.85854
28.717115
27.334549
40.68531
35.881874
17.436262
32.700653
31.149204
30.334549
28.013723
35.829983
34.80575
36.661762
15.057195
27.416178
27.092648
38.933636
32.8754
15.884432
28.456442
33.023144
18.99699
17.609499
20.761086
21.699091
40.35494
26.728512
31.810478
27.611284
18.139458
24.518864
22.770267
32.77195
21.152481
25.46963
37.885452
30.32692
31.38936
26.895712
19.564148
25.162048
37.528522
25.227104
18.63421
40.204807
18.027359
22.95136
39.378277
39.1579
35.60276
33.595535
15.814053
21.841257
29.017231
30.104635
25.610529
33.320675
24.296637
16.506727
33.01719
38.56587
27.77319
23.850668
20.231981
30.507574
33.677372
35.060482
39.745274
35.052902
37.39507
31.571264
22.37079
35.86998
31.961273
33.39458
40.91081
16.567503
29.879246
31.607088
37.70184
22.271612
38.934204
36.16428
15.6482315
26.542135
19.31306
16.412004
34.774994
25.072048
30.046928
38.701565
29.817533
32.678528
21.560583
39.109898
24.914738
30.72093
37.943237
23.424603
27.083172
20.270441
17.44752
17.274244
20.824087
26.10813
32.6786
22.567547
31.951118
25.942581
36.95308
36.250816
25.525494
36.115227
26.38719
23.801163
22.646854
33.50096
20.416609
28.84374
27.771614
35.313576
22.655087
15.814458
38.217125
24.09001
29.266819
28.685312
38.558746
16.254316
35.357468
35.42771
24.738237
37.35179
33.281387
17.109816
27.875721
35.295578
18.217604
32.30719
24.013777
28.782558
15.884793
27.851696
17.321106
37.41227
20.845455
23.851837
40.644474
16.98207
27.492151
36.38837
18.721483
21.933704
35.513714
31.322308
21.85311
32.99087
31.406898
25.248035
35.38365
25.65438
19.429077
22.782589
26.94722
40.410904
17.280104
25.102707
37.113552
30.263277
37.756565
16.924582
19.802435
27.504799
31.639257
15.966895
34.634716
37.536915
37.154716
40.345913
24.249264
36.969063
15.49432
21.322155
21.539093
16.241535
40.07945
27.351318
36.746128
35.57655
21.528852
32.48787
26.402996
29.189705
22.614412
17.847893
33.221466
26.383528
37.88405
31.058537
30.201065
23.396631
19.085655
27.404516
23.467712
32.696598
30.043468
19.727934
30.650978
20.781544
15.218383
36.045803
34.96999
31.494843
38.826298
30.320406
21.621788
23.359419
30.093664
28.850824
18.552269
24.502462
22.996944
32.34963
26.238663
19.368382
39.66286
27.926989
38.723885
25.607264
25.498762
35.925144
16.816835
15.278076
25.077627
35.829323
26.10915
35.82026
26.819754
39.327007
29.257616
25.124348
19.593245
24.995537
39.84294
31.471731
25.498032
24.06882
32.03923
33.11552
34.303173
36.267113
18.315012
23.839071
34.274868
24.769468
26.435331
29.955585
35.46255
40.066784
31.145893
20.901659
24.903141
21.653915
29.093971
21.82965
22.65853
26.302704
23.77716
40.418163
17.118975
34.00332
36.609886
21.496891
29.585192
15.569603
28.558903
18.021524
19.78442
19.374807
26.222843
37.436398
31.680935
28.71725
28.717196
32.52696
32.708958
21.911217
27.274937
31.491165
37.386055
32.35655
20.08438
29.148281
38.15765
31.561113
18.559572
29.95558
22.278402
40.373558
15.974986
21.81787
21.553738
36.529396
37.19501
33.551693
21.844904
38.021767
33.0901
20.305576
15.383536
29.778814
33.155262
28.239588
29.146751
25.662926
24.832952
26.331913
36.811386
22.902697
24.091116
15.307206
26.136087
17.72675
20.91864
33.370792
30.01251
23.189205
19.574175
37.684856
15.881988
20.959806
36.660652
23.337168
34.731583
40.197433
22.396656
29.9298
33.463562
22.533897
23.81714
37.85488
29.074816
38.665657
31.059793
27.82618
15.787974
25.08426
37.379684
18.300005
19.043367
21.072054
26.083666
32.04562
15.091218
16.247877
19.18735
25.315031
17.815924
39.66819
33.27122
22.81381
25.379425
26.772234
35.748913
24.989172
32.288204
22.305616
25.55936
31.028383
23.568544
21.76481
20.155998
21.400139
24.877264
30.87585
29.58987
21.773392
27.580206
26.153646
24.46999
21.71266
33.098366
17.684088
29.63299
28.675716
32.15157
33.929268
19.465498
28.529089
37.922256
23.576923
21.996492
22.048693
27.616957
37.2383
27.113209
26.687395
36.42063
26.144442
33.55301
40.26829
27.41914
23.899076
25.68493
16.201853
26.70766
30.81693
28.518494
28.327152
36.60801
32.409576
35.863644
19.541744
35.68529
16.17658
24.114561
30.011784
30.084513
22.01794
22.741362
23.943394
40.60025
27.304457
40.247578
34.64825
15.847635
23.925976
35.087627
33.950825
31.92046
15.483057
34.837273
33.861645
31.002241
32.195866
21.771458
25.880392
29.538765
17.074785
34.9277
18.294674
28.785599
35.430454
19.719528
18.40464
26.81171
22.896624
30.213364
40.73067
37.370388
24.797417
36.293438
37.950775
25.441227
39.91135
34.113323
36.56631
15.702021
28.467575
21.468843
24.109007
18.707026
21.55558
22.026066
35.079407
34.12805
21.037762
19.699303
38.746075
21.057514
25.524984
34.898003
23.437038
36.077557
31.008457
25.8476
31.01932
40.567043
28.336946
40.738354
31.88935
29.548197
21.886555
38.067413
28.986563
27.267292
28.49101
37.213276
27.094349
29.658888
38.983574
27.01808
23.007113
18.86063
36.547432
26.951998
39.01897
16.025795
28.479605
15.295347
34.629246
35.823227
24.944109
23.697853
17.361767
19.219524
15.823325
25.460838
39.15943
38.405766
20.87224
19.936914
37.942524
15.061297
37.03838
25.553104
40.60864
30.539534
38.03102
35.137146
30.004082
40.015926
29.006447
33.46306
32.21103
38.155735
17.581663
32.230835
21.871723
37.4394
21.297306
28.056587
24.21036
33.925816
33.12107
16.47309
36.915405
16.938917
16.616217
23.427193
15.10937
16.930624
32.995495
39.3093
26.26017
23.603127
19.4389
19.161423
23.07754
20.266228
37.774464
18.38427
23.190027
18.360445
28.904488
39.99995
40.712437
34.094162
27.205278
19.325937
34.690636
37.22323
26.536686
16.777084
16.850048
20.143967
31.468449
39.43639
24.076094
15.675617
21.863522
21.021551
27.61936
18.175823
38.05432
29.923092
33.14514
22.962889
17.50595
20.10132
25.43652
39.41104
34.081245
15.803035
30.812094
19.54008
21.805645
16.295338
17.13387
20.4383
16.375574
23.112726
17.657839
25.437754
35.562294
35.674915
20.919207
39.60338
16.133818
23.556732
38.346157
33.80268
23.950703
37.177673
16.36053
16.390236
35.487278
35.227665
20.350737
24.37126
21.18801
26.756744
30.091635
18.801233
33.789436
30.53036
39.938164
22.133484
28.021345
17.98816
38.43382
22.24431
29.946457
36.94313
36.852196
22.945284
18.606247
33.01914
24.629072
23.934927
29.611073
16.748835
33.64467
30.347046
15.846109
32.24016
40.879997
19.32061
38.560204
28.368616
24.098282
38.346104
18.76303
31.56359
27.89182
29.535866
40.076588
34.431133
27.68665
35.421047
39.97032
22.691666
35.111797
37.395325
28.65478
28.210043
33.516888
33.505657
23.817043
20.256727
35.3613
33.9329
16.851755
38.562614
31.70004
28.210222
20.274815
20.216408
16.055935
19.994764
16.60254
22.002245
24.594706
37.03815
34.137268
24.386652
21.70897
21.893993
28.821068
21.03767
20.869104
30.85559
15.602445
32.49537
36.913414
30.634657
29.606659
38.41177
21.826984
22.371939
22.808405
39.639538
21.498037
40.713184
25.876387
19.372656
15.942597
35.889015
21.39244
31.52854
26.05266
33.0048
25.743668
28.60998
30.050116
27.076733
40.64412
28.396584
36.518005
38.74288
35.46338
38.98917
32.132767
36.033066
34.322548
26.967007
35.03546
38.09899
19.263815
29.716484
33.15703
31.386131
22.7081
34.351257
16.75201
25.371464
24.885792
32.067635
39.89715
27.696203
32.95899
30.265379
20.775711
33.290295
34.149227
27.312855
37.19538
24.915453
37.34293
38.446846
31.976974
19.446194
40.367504
23.971165
28.603167
27.163263
17.414251
26.654482
32.830986
18.351599
28.929893
24.026686
40.848606
40.57488
28.706764
37.134354
22.99659
33.14144
37.87243
36.23979
30.075575
34.481266
17.012665
19.934402
38.826916
31.421509
39.75745
15.185945
24.299713
38.677917
27.817835
17.95066
29.507101
26.272213
16.68221
27.154968
37.026684
36.04052
26.963806
33.087822
25.014378
21.915535
34.736797
40.543644
21.477943
18.24517
39.106743
27.417038
23.595886
26.05302
26.731724
18.874388
37.369404
32.851067
17.04371
25.713682
20.959488
25.382597
38.51549
39.07283
28.688229
30.50342
31.47659
32.257957
37.872887
35.30203
36.702404
34.137135
21.41313
29.514412
25.283903
27.281136
35.366432
29.306845
20.131002
39.83186
22.623457
29.580029
20.870905
28.940212
29.234814
28.09053
39.873383
37.53914
26.942389
22.890574
37.66823
31.203844
20.03308
36.854794
25.11574
25.90004
22.759548
15.392649
23.349392
24.532347
37.262184
19.837746
20.730436
24.378918
27.178343
29.460463
30.83751
26.734558
30.939438
29.567766
18.85991
30.383514
29.133354
39.734238
21.671482
31.884417
26.24917
16.85091
29.332739
36.073685
38.62308
34.38355
34.80201
25.680025
27.468887
23.99964
26.232174
35.49152
30.503359
36.5534
36.38771
40.128044
21.86626
40.31069
38.437443
37.14571
19.786741
31.250853
20.6617
18.93621
24.762259
27.299929
34.458145
25.68292
17.8932
35.430027
28.43889
25.496794
35.455723
29.701921
38.382065
30.77904
15.797418
35.533257
16.334364
31.84382
40.20471
34.742157
36.256668
25.88307
16.517998
17.246264
36.263115
15.466851
22.959896
28.689617
18.724672
35.946503
15.893915
32.72511
21.291481
31.36415
29.045404
30.197561
18.233917
33.77098
19.0935
23.052776
40.41056
37.218033
21.48228
16.44035
31.64191
17.107042
30.801289
30.183167
19.301952
36.075237
30.150032
28.554081
37.535328
15.136806
15.528035
35.13034
36.666107
15.415089
34.481453
21.388893
38.08481
39.473347
38.98921
17.66082
24.183619
25.988323
40.88611
17.080696
35.755318
27.309635
27.99728
33.246735
18.679766
22.309328
16.597773
36.450207
17.692429
38.849808
22.813128
31.537659
15.562605
29.184649
24.14111
16.737041
27.104822
15.655607
34.401844
31.108944
39.10494
35.160557
23.112944
34.67672
17.463303
25.040789
29.538282
23.744331
37.64047
34.272522
34.47341
16.428366
23.836662
24.146322
27.207655
28.0107
24.244452
19.97933
17.042328
20.360933
22.1847
29.829187
36.24648
16.382725
31.969158
27.66475
34.396038
27.205774
23.928701
26.997578
38.669178
18.675295
31.204449
16.589497
22.860128
24.583334
23.6197
20.525337
21.62571
35.041454
15.2338
38.676334
37.793236
35.41181
22.024826
18.378422
15.435422
22.293741
24.556059
30.011097
15.857349
32.20561
15.452066
26.08621
23.642578
15.80667
17.043276
23.442509
21.46984
23.77133
30.633736
35.190495
23.538767
39.75823
17.504894
27.163527
28.132582
35.3092
30.988966
20.804918
40.09754
36.968166
24.728632
16.65709
33.833466
21.427689
20.585556
21.917715
16.76662
30.090895
18.56836
25.889051
16.215601
18.079142
28.621456
20.57055
19.06294
30.420818
26.149286
18.131119
19.709526
39.924263
27.74624
18.546257
39.415867
23.067905
30.760769
29.29661
23.32377
16.133228
28.042824
40.69831
30.203888
25.761312
33.507053
17.171835
24.289024
38.13126
22.98981
34.55484
18.430126
17.038862
38.286278
26.425934
25.251272
29.296484
16.224712
32.32997
31.981922
30.080212
23.167997
37.78195
35.209198
33.11785
26.428398
37.975346
15.919857
38.9415
19.739632
20.231997
18.891134
34.82096
26.151072
18.404623
27.741503
24.44931
38.492058
35.679256
21.766947
31.96961
36.900085
20.523735
19.065224
15.511722
26.81472
17.889748
28.390074
36.050827
37.309917
26.199776
25.67931
38.10432
26.67054
24.136513
28.265102
31.551281
23.714594
21.801277
34.401817
40.68892
29.520947
22.419186
15.936165
29.532793
22.942911
37.442726
23.696354
27.322855
20.571365
25.641665
22.491472
21.21484
19.65674
21.566101
31.489176
38.21663
34.90741
38.630726
22.1793
33.571815
27.05273
20.99227
32.132896
39.997738
28.59218
18.37839
32.33073
27.452871
16.247742
25.075047
34.962105
28.43849
24.294899
28.390879
29.284481
35.23216
24.168283
35.090717
17.3862
28.905619
35.521248
20.526918
37.509106
31.497274
38.26432
16.495848
39.96482
24.289516
34.015705
36.208267
27.617912
24.783731
16.867708
22.186209
39.41106
28.670895
23.406164
39.38521
19.471878
32.86326
20.515612
27.389597
23.967918
37.482677
28.661228
30.13992
39.065907
26.59375
20.059195
37.32537
24.10318
33.424957
25.430376
28.3104
26.393705
37.83867
19.8779
21.263554
15.968128
25.890802
21.837427
17.017904
31.98662
35.463715
23.01963
39.116253
15.565338
30.160748
17.797533
20.480595
32.321735
37.91861
21.587156
23.194252
28.0709
29.12378
15.428053
28.996264
26.79456
27.411707
20.191036
36.261593
37.25638
18.782614
26.623623
36.476955
19.451563
17.185396
28.789396
39.520916
18.455797
37.301086
30.365705
20.418257
15.177956
31.899965
19.734838
30.66241
17.023006
31.851494
20.836954
38.686108
36.53596
27.633816
32.348843
40.60919
28.724699
22.019629
33.910706
26.003923
17.948908
18.507828
16.843925
30.091873
23.014408
37.02541
20.08591
23.522854
38.42647
33.441677
29.913906
19.6852
40.63282
38.516865
36.437782
21.357967
34.526356
27.049932
22.812553
39.43951
17.479664
21.195269
40.654552
30.47321
39.747757
31.185713
29.240976
36.739887
33.202545
22.029297
32.730556
18.797922
27.05187
34.13977
32.864025
17.525734
25.447994
35.31597
22.386023
28.957739
23.704813
17.002758
22.776028
26.503698
19.220068
19.346218
34.78386
21.502672
30.138239
37.19853
23.736208
20.486645
29.291803
30.932852
35.613743
34.015213
35.022953
21.696266
24.494034
33.49156
22.114843
36.558807
27.11384
30.981245
35.25088
30.909256
20.024866
24.72919
18.172543
21.40341
27.10045
21.80658
28.020636
18.788124
25.996197
29.118181
32.221867
36.004524
39.57591
16.861948
26.722073
19.116335
34.28478
40.45661
23.36939
34.81437
27.98504
21.939238
28.815083
30.515783
40.86499
25.883646
33.42674
17.40682
38.690483
18.001797
26.397972
23.170273
23.888699
34.7642
22.490728
27.594036
30.737206
35.61163
26.660727
28.774704
16.277006
33.62935
35.193573
40.21016
40.476524
23.916265
29.918472
21.717796
33.644108
15.305383
37.568447
31.81999
16.11991
26.578154
23.420458
34.006115
40.87364
26.864225
18.975697
18.110355
15.792935
