23.449266
30.877407
28.143057
33.87088
18.452953
29.002628
21.077148
23.160679
31.762468
40.912285
38.464054
27.110752
21.622868
17.295855
40.534367
36.654766
18.677023
27.696426
38.543316
17.727226
28.142014
26.951694
33.37402
35.341904
16.161299
38.137722
20.04682
23.30293
35.281994
31.846107
22.75678
25.528658
19.867804
24.064653
22.204082
21.938955
17.182104
22.933535
32.18711
25.389975
37.86189
16.213495
19.695581
16.235966
30.552208
22.429476
26.071154
17.75603
29.582008
31.342588
32.195576
36.904366
33.7361
31.655287
16.121416
40.62576
26.414377
17.669
27.078123
22.323788
38.768143
25.990536
25.36609
29.977402
29.76481
20.322895
25.29414
36.87225
26.556015
38.87821
24.020786
23.946337
17.010557
27.014894
20.927277
23.345264
23.822353
19.328074
35.980507
17.940554
28.214975
26.611797
33.43643
33.285233
18.938137
37.86355
23.189682
40.764046
26.987822
39.815907
20.09275
39.541428
24.2806
18.357338
19.648048
40.318462
15.373982
17.64332
32.61887
27.88089
27.248487
25.701206
31.310226
31.953312
31.153463
29.896479
20.538252
30.97052
20.567476
39.755135
30.636778
33.03504
26.435453
28.326302
16.242434
34.550716
23.018578
24.521236
17.054564
15.805302
22.929253
35.67919
39.28394
30.120844
34.22231
15.98771
17.084217
39.0987
35.77491
32.324257
25.90277
26.956867
29.61149
36.588135
34.392544
23.990389
18.316353
40.65603
18.29417
24.781433
30.22541
40.721462
18.527664
22.943722
34.699837
29.968023
22.625591
32.906746
28.458267
24.27796
31.594706
18.528421
15.680528
24.992428
17.310574
20.170527
25.394604
21.616463
18.629856
36.279427
19.520037
27.801243
27.547419
24.485376
25.864614
31.938242
23.930593
36.766823
28.35768
19.264177
32.630436
33.321857
25.8521
27.50277
38.099915
20.447176
32.938343
26.758638
25.041595
32.945606
33.38791
20.630735
19.062359
31.366484
21.079689
17.327087
26.830383
32.728775
40.561653
16.939592
38.80963
38.28519
37.761597
31.977112
31.289665
33.35613
26.784529
26.756968
20.133694
16.295475
23.220564
21.319502
26.435402
18.24613
27.93605
27.157236
16.105042
38.50116
25.931969
19.239655
29.298008
28.007277
26.527496
33.56659
15.554077
37.830574
15.862918
23.797615
40.53315
20.250036
22.51491
30.38187
32.313324
23.552662
37.87858
27.052067
17.359835
29.57469
26.894426
36.548553
20.47832
35.566616
21.68474
18.003592
21.33358
31.055391
38.712784
16.543106
22.44501
36.035435
27.18944
23.352491
27.962465
35.040745
20.62579
29.70511
26.981432
22.433622
20.666492
23.266514
35.673904
37.591236
24.63758
29.364403
35.09151
28.579412
25.60369
27.853762
26.139933
29.373812
28.153488
29.708597
31.928804
24.72178
16.618513
34.53613
36.46883
38.333923
34.979298
38.836258
37.51795
20.252602
23.324165
35.01856
38.270893
31.965343
40.39975
20.941053
25.541698
29.114218
33.528732
39.04942
27.106146
31.498093
37.969067
27.07223
25.951298
32.47277
19.65028
36.667377
30.32185
16.824747
18.146324
16.416647
31.658049
27.727581
28.73071
35.12997
33.787582
39.48547
19.408506
40.547775
38.063854
25.426924
22.93119
27.21932
16.535696
31.532085
38.974003
39.586903
30.688576
18.16045
21.891962
40.120174
28.815023
26.591463
32.76941
39.721886
28.651999
29.998638
38.83932
30.565693
21.56556
33.94859
32.772438
40.028763
38.26822
23.54954
36.82263
22.446222
25.82201
34.969578
26.363705
27.041542
37.51029
20.203154
33.96415
31.576403
39.05397
31.684977
28.820286
16.015448
40.60288
15.63373
25.104452
30.815918
21.950556
31.853655
32.583767
24.328989
38.50085
33.130325
17.726349
33.239185
25.657326
17.327595
17.435665
18.970118
33.51146
39.825912
18.540016
39.549313
33.97327
27.037905
30.213015
16.551807
28.818089
29.39536
21.612215
18.43164
21.515697
24.422358
37.196907
26.802372
22.163246
35.29262
29.422382
17.042147
33.360825
31.614765
38.806843
30.975815
33.44871
27.097376
40.72842
37.326077
20.167908
31.216516
32.733646
37.12755
20.51058
39.04152
23.624975
22.362085
27.294682
26.970566
16.14384
26.700766
37.827065
28.285767
28.677063
17.427176
16.91196
37.158222
16.088196
29.368822
37.416843
33.016663
31.511793
30.977808
38.625187
35.039005
39.747353
23.578875
17.685772
36.93439
36.751057
37.242443
40.610756
39.153923
24.647263
16.742151
36.47977
19.201586
19.667957
22.620861
23.774931
16.81245
31.477324
15.516139
27.101704
25.423563
16.44981
36.585526
25.943134
24.583551
18.643953
19.123993
38.55006
23.730207
30.450533
32.280373
27.587463
28.111029
26.192476
19.156492
19.737244
18.529863
26.315218
16.512272
33.100224
20.073538
17.230099
21.801863
15.945302
17.005545
30.359701
21.330526
16.121283
21.609556
35.48279
36.948753
40.27688
21.923752
24.08798
39.889668
21.927097
27.027637
18.118906
37.107697
33.359222
22.826237
26.230217
23.790907
24.389162
36.122257
39.47231
25.596388
19.05908
16.175005
37.184227
19.597542
25.50976
38.915558
25.797894
21.934027
24.46623
39.520885
20.243189
34.719604
34.042778
32.145313
15.692222
38.89011
40.903538
29.26596
22.492449
35.36311
34.207428
23.319416
19.312164
28.132956
23.22129
20.0902
24.758177
17.739168
36.00266
36.65721
18.024311
37.923252
35.133663
40.61257
26.490747
22.228313
19.130127
37.737988
28.617987
26.797974
30.855095
28.356972
19.965593
18.695345
31.033442
38.176918
32.714676
31.68998
17.794426
15.59328
34.6844
39.649982
30.061613
24.148792
20.506672
17.42856
25.564562
38.12384
23.359419
34.44866
33.264423
35.07984
40.457767
15.066315
15.0655155
31.585693
17.363726
16.232798
16.827589
23.327965
23.098785
18.97761
23.898628
38.33888
24.030235
39.798786
37.655476
16.17165
37.550766
29.173962
18.869778
40.511086
28.68228
23.095093
37.10925
15.927966
33.908657
33.781666
24.839376
15.269011
28.778568
29.541729
16.408205
16.519852
29.118238
19.126947
39.677006
34.8867
34.055344
22.867432
31.702126
27.313086
36.479206
23.37398
31.578453
32.68121
25.04854
36.659843
35.32248
27.543219
33.407116
22.161077
35.503014
32.38587
24.878748
17.324028
38.22025
15.152767
34.587086
39.18036
33.98882
33.031525
29.681835
35.64463
35.098236
34.359024
32.152008
23.146214
16.104042
21.905956
17.56798
34.646965
24.245626
20.772741
39.018127
27.097858
16.79179
22.661932
28.491983
29.952383
18.58263
37.38807
36.010788
36.48134
23.366459
40.144077
27.917633
21.323221
28.923033
25.263977
19.91312
20.956247
32.41942
30.004967
27.658953
24.592615
32.962452
19.217554
18.070541
37.372467
26.891787
27.680683
33.781147
15.674531
28.000101
17.34944
19.68386
35.86232
39.572155
31.796204
21.94405
26.84931
37.901905
25.72173
40.423767
15.493335
33.777035
23.570911
17.070879
18.02003
29.312748
26.008661
23.499569
38.427017
40.471855
16.294523
22.725142
36.135002
36.62567
36.440384
40.814945
34.028923
35.590347
35.443783
20.078465
38.471733
21.715881
26.86013
16.343573
32.875324
35.810074
40.510204
28.852184
35.977634
40.947285
27.215128
20.357388
21.101795
39.541965
40.109184
21.11551
23.362814
24.45946
21.30149
31.640335
16.039034
18.391672
34.44082
31.323061
27.140259
39.242825
30.08351
21.320408
34.58123
40.850494
23.672682
32.474594
37.30871
16.00982
15.407545
22.452768
22.232283
18.473768
15.314952
38.779743
36.873547
32.369934
21.430922
37.9868
25.275187
27.304485
22.158134
17.710573
37.901016
15.31636
15.586081
36.249878
37.00991
31.799957
22.843729
32.824757
39.301083
20.53213
15.400332
29.580654
21.505062
29.019346
19.63814
31.242207
36.034225
16.523499
27.991508
30.244722
26.808647
25.329876
22.480146
22.157953
33.93751
32.088432
37.55983
22.26543
20.063278
18.389534
28.87226
21.274094
30.865242
24.12797
22.696308
16.302662
19.471085
33.664062
23.68623
26.533617
35.33947
25.308313
17.827976
27.21241
38.55368
37.236088
29.45309
37.038925
18.405743
19.581425
31.620285
28.419949
40.652485
21.164143
36.20799
29.537857
38.889336
40.071957
31.656963
21.739412
30.114727
18.149462
36.460136
21.360035
34.74733
28.33834
29.217648
29.772608
23.110394
16.768309
33.358204
17.186329
27.711803
40.515816
18.47361
32.519844
37.525524
15.027668
26.621471
33.534283
38.919502
40.349247
24.92189
32.33564
39.877056
40.50213
39.30701
37.34227
33.723248
33.6235
30.37814
21.86206
27.694647
23.80974
20.98326
31.53524
38.38044
30.999258
16.348494
26.072546
16.314665
16.684671
15.380289
32.95483
31.813925
34.76198
36.10079
32.059025
17.531784
30.404503
25.08704
32.53668
28.140596
17.49194
24.25543
16.695133
26.053394
24.829918
26.365898
34.117737
18.162971
23.163067
21.216225
28.808311
36.202198
38.814655
21.654863
40.756397
16.51912
33.678448
40.261494
28.993675
39.81228
17.24351
23.827684
19.948257
25.686216
30.350264
33.615772
28.702377
40.76398
40.456177
28.782213
15.620327
20.533054
36.332024
30.322426
36.73735
24.102879
30.314804
39.42733
35.28648
37.616814
36.51087
31.23746
29.789186
32.188156
15.673018
28.638752
23.246983
17.919395
15.867774
32.964874
40.145008
38.81576
18.504242
21.254002
29.214905
20.218676
25.813444
39.05386
18.203125
20.761547
32.447147
39.676888
38.252205
24.789917
38.507763
27.278141
17.926258
34.689816
26.026016
28.161802
26.398352
35.632732
31.670547
30.317778
37.866234
35.872498
39.30386
33.348125
32.87422
25.918842
24.891445
25.663767
26.892838
39.66435
33.22607
15.11507
20.244173
31.855995
28.946817
39.065712
24.259754
37.179394
15.41245
20.327272
28.41902
30.663313
32.131367
40.342907
20.140327
19.11402
36.655403
28.541447
16.88279
24.853426
24.112354
22.879148
39.26599
26.161974
22.882147
33.24441
18.026035
33.516666
38.31422
40.62154
20.800167
20.966576
37.838676
18.69279
34.96853
35.802643
18.341404
34.903675
36.080467
33.055496
18.2534
18.924719
33.754147
22.294538
22.447187
17.913462
40.361973
20.703392
31.73815
36.013874
22.300774
30.471403
38.556374
16.125893
25.19443
18.167683
34.184467
17.136086
32.987995
20.953772
40.8496
15.521125
40.566185
25.242847
33.912918
18.518932
40.265446
29.727934
15.417145
26.908133
30.447628
38.578484
16.333298
40.844543
33.164597
24.044136
26.989933
32.174263
29.867014
32.70649
29.37347
15.175986
27.096771
40.18406
15.255711
20.781015
30.151423
17.222662
30.434752
34.977512
39.820282
17.792858
29.768055
20.326344
21.465708
17.068022
38.131542
26.298996
36.959377
25.97112
32.956116
31.4938
26.282217
37.35519
20.57312
30.694859
40.95795
22.821976
19.242868
18.208828
21.914127
28.685112
24.445316
19.947823
31.850698
38.648758
34.77971
32.32254
20.745178
31.399454
15.649963
40.167763
28.73463
15.498485
26.805195
38.643238
37.288635
33.71399
26.759886
33.33601
19.32369
24.246454
30.135723
26.636074
15.708291
21.178263
17.047247
16.8654
35.46934
26.917324
34.796013
39.611057
31.934301
25.406878
27.34308
34.246372
29.029865
22.43792
29.297144
18.71982
25.006708
38.52769
22.48581
24.349443
40.971287
16.517149
18.569996
15.581402
34.779408
30.292238
16.61657
23.454384
19.082626
16.848278
30.061909
33.85736
31.617428
25.293715
17.079136
28.576359
24.188368
27.32893
24.00435
40.59656
16.220285
22.237803
31.182295
27.159407
37.240932
21.494078
20.35942
18.669888
34.204273
37.71167
22.582438
28.707531
16.175966
37.85737
33.453
16.115295
16.576448
17.39645
22.544214
18.423714
25.913258
26.356096
35.802353
24.7134
39.733185
40.168518
35.83705
19.4272
37.38609
17.595104
23.146029
20.61399
19.116047
25.034872
37.525345
40.61932
37.98187
23.084974
25.183794
38.333767
15.157838
29.347933
25.410145
31.768194
36.276794
17.169764
17.034508
25.945591
22.651628
23.245068
21.380138
25.882633
18.447432
19.839653
30.91968
15.779581
19.17555
33.75818
25.429749
31.445501
24.24195
20.12379
20.08056
33.456367
40.70622
24.538631
36.602158
23.576931
22.893896
32.25863
21.436556
32.57281
33.053528
27.642841
27.615078
25.697624
29.861273
37.32712
25.992796
18.86049
40.24971
36.323875
26.427063
19.76262
27.773733
37.56402
38.50465
40.137295
23.525398
32.274315
22.502188
27.635777
15.4707365
15.022647
34.40703
36.87241
15.005559
33.26575
20.030916
36.67534
21.51345
34.798428
22.51625
22.685022
16.758076
27.630161
20.864933
21.100864
29.053223
37.504494
38.512314
30.597055
24.327806
32.528576
38.423805
31.211843
25.439438
16.194656
30.709387
21.36024
40.388935
25.452232
16.331234
17.028303
32.449543
31.429125
22.122297
34.677853
28.648401
24.901608
26.038757
21.423735
31.524126
18.678188
29.336863
38.64138
24.63328
30.688635
32.194668
32.320633
16.889744
24.759253
31.19188
31.202534
28.494839
34.807377
29.015997
38.01898
25.952452
34.50251
26.780552
18.00077
39.46216
34.3185
31.421358
30.227951
28.844719
37.34055
20.779196
17.366787
26.07811
36.192875
35.18248
17.871235
33.508636
28.01724
40.61104
15.822187
22.850456
24.559559
40.852196
17.236156
15.198164
32.111187
36.452896
37.895695
30.450972
23.303547
34.726776
16.537033
39.78328
19.569073
15.592565
32.576206
27.095318
29.45854
34.600346
23.46301
20.738811
17.944191
15.144744
39.222992
15.236524
15.340081
28.569237
24.78071
38.200768
15.535516
17.633276
36.25337
34.204887
21.864368
31.64409
31.561998
22.972998
31.122578
24.44754
26.428146
23.92709
33.998024
23.427494
26.107197
32.866978
31.491474
40.680805
35.05517
29.357347
37.78419
30.614986
23.134022
15.257532
34.447346
17.35834
15.931244
19.753424
40.890205
26.577253
22.302608
36.237324
39.508614
37.563133
30.342825
33.430283
27.122206
28.781301
25.646883
39.25289
32.97826
25.466984
30.945677
39.12423
29.851973
27.308422
39.982643
22.60509
34.587555
31.774807
18.84391
29.60034
21.801302
34.2268
16.862602
23.696705
29.407425
23.589964
22.688663
37.63598
27.129244
30.07652
27.14879
32.410088
25.222878
37.208427
31.116745
31.013226
36.267513
32.22483
37.772526
40.49758
40.065723
24.849577
16.349566
39.65305
38.449368
22.349445
16.752367
24.367619
39.10094
32.831474
37.272644
16.523987
25.377293
22.807718
33.04027
29.14922
28.562012
29.198397
26.81603
32.45819
33.974792
20.1495
24.26635
34.417767
26.930492
31.308445
18.955944
33.50763
16.66759
38.53147
29.952463
16.464851
30.055174
20.389067
17.15793
33.97327
36.13957
22.290777
30.265024
30.494976
15.406128
20.56828
38.581867
38.740036
40.008743
25.4358
18.877287
38.631985
37.158955
24.3894
16.869125
35.050365
37.368626
16.311825
35.01145
22.11796
28.304535
25.317137
32.832184
36.349194
23.640192
16.19947
16.230873
38.58747
24.479624
34.242794
22.867039
37.333138
20.679905
23.103651
16.05274
21.799925
22.713558
15.496455
19.408691
31.836742
33.588978
36.49093
36.951466
37.71288
20.786444
22.373941
34.250042
17.688549
18.169271
37.23301
35.823147
27.279093
35.394077
38.68633
28.044504
23.169844
37.471096
17.514269
15.481417
22.850168
33.81496
27.33989
25.812647
40.20887
38.378254
31.961035
18.254955
37.569546
32.274696
17.454214
28.773167
15.943331
37.675625
39.750515
26.257008
29.637707
22.703087
16.026377
29.318527
34.783997
31.544598
15.957149
39.397213
37.832382
20.079247
30.64892
26.455555
23.612206
40.931686
36.894184
36.706055
19.166567
35.060028
28.289495
23.531324
35.244106
35.735615
24.708323
27.04224
18.06718
17.087103
25.639944
22.56462
39.794434
33.25821
38.985207
37.75334
28.957155
27.667986
19.042671
36.003304
32.072605
22.864376
33.623615
26.359976
38.623787
26.026312
40.502087
39.227917
21.64404
25.29652
31.736118
18.833876
39.256145
33.816708
34.788948
27.621782
24.68938
29.588682
39.83405
30.54013
17.534391
22.099525
39.14541
36.52797
27.29455
25.025726
17.054588
34.413933
35.653736
40.270817
35.59859
40.913403
26.30439
40.092873
39.687775
39.442142
32.665955
21.142763
22.390484
22.060432
26.372705
28.860924
27.761255
37.019936
21.021196
28.86999
25.531996
27.1062
34.341545
23.752436
18.940582
21.252954
33.692913
32.916965
37.98896
27.750069
20.582512
18.13422
31.502876
35.77513
15.768751
39.76191
36.507915
40.949486
31.432917
36.681427
20.641682
24.152617
16.890196
16.532387
24.589455
18.92454
19.359606
25.958557
22.860779
21.444078
33.423763
35.26806
30.616997
36.291553
29.983246
36.16271
17.714834
34.987663
25.746597
33.005764
22.648733
34.646015
39.595917
27.47436
30.654638
34.984974
18.529236
19.38232
19.88063
29.415176
17.304771
18.96101
19.23478
39.952347
16.398405
35.95034
37.288227
26.300589
38.43465
30.478992
27.44156
28.609755
19.862614
35.902374
26.455116
19.130945
22.322369
28.518772
33.398964
40.27765
16.883383
15.398669
34.095848
31.4455
26.135588
15.439023
40.21048
26.352037
39.97492
32.19392
26.281136
40.62839
30.849
18.034832
30.19461
35.928135
21.21504
39.75824
28.87312
19.914183
34.010696
23.885303
33.271866
25.142866
16.050175
17.587729
19.17854
28.084936
22.431488
24.425909
20.76107
16.306585
21.277233
26.899925
24.32762
23.179117
28.430038
18.190866
18.342756
39.394257
23.085169
35.409462
30.386452
19.03266
37.766575
16.170898
32.447514
22.966476
33.539062
37.379227
40.710743
39.972496
17.898016
19.73163
40.827072
16.090586
36.3895
39.642353
30.548674
37.482864
29.687328
26.037994
18.565912
37.33225
29.590096
36.790344
19.400757
17.164705
28.199911
18.429913
29.291279
23.387753
20.405958
27.222664
21.14442
32.808464
30.719833
35.6946
27.83934
18.42739
17.495895
24.253056
28.431204
22.900608
36.61874
30.680765
15.135345
23.720188
18.851212
22.967978
38.364346
17.384178
26.210213
15.200072
22.545595
25.610348
26.97386
20.032394
28.96457
26.993664
34.22243
32.661118
33.45901
24.415657
25.176804
34.13829
36.4319
25.98455
40.021942
26.381277
34.35613
23.318233
37.389378
29.291168
21.711311
29.577827
21.22131
16.021727
30.123367
20.817875
36.350464
39.629913
27.37
39.939766
29.80351
39.09094
20.870285
30.818352
17.572298
20.97526
40.294163
31.017294
26.395876
22.961956
22.007767
30.916946
16.957727
26.802217
22.212988
19.04928
20.82635
19.348818
33.844845
31.967543
38.45371
38.831768
30.557775
38.074024
33.594936
17.687346
29.462025
26.487602
20.623882
36.937134
20.663925
28.25328
23.393106
16.365707
36.118908
21.97932
29.52303
15.559935
18.823652
15.3331175
36.304005
23.250004
27.953934
33.735268
39.756207
24.331532
36.1972
30.061937
32.816227
27.450218
30.234053
22.198854
24.105413
31.094906
36.090412
28.885958
25.284046
16.771828
35.912117
26.449917
38.606537
36.02235
39.606426
31.742474
20.966833
17.798405
17.749847
23.885729
22.459469
40.024296
19.179354
23.271208
26.280525
38.050507
39.764156
40.667767
26.654133
23.14459
15.997689
28.264063
36.393936
30.166174
36.25464
30.00454
31.695286
17.137554
39.825344
24.673595
18.80275
30.548353
29.170063
29.840773
29.308874
24.922087
18.228056
40.000515
36.013943
33.424534
27.071665
26.023294
35.51278
40.108173
16.713001
29.380518
34.973553
25.763956
25.451044
19.51392
20.934753
36.291107
21.789448
24.19079
33.370483
16.997644
40.6605
22.719625
36.76035
36.30868
15.458211
32.496456
35.449272
33.98663
38.213593
28.510365
15.193685
40.156765
36.13779
37.157326
30.464548
32.183662
38.71378
27.994812
29.813831
38.758453
31.534939
27.91521
17.410046
18.433685
15.168882
29.624352
39.709633
35.28223
17.467503
36.282166
32.15495
37.35844
33.949265
38.695625
19.775799
28.204342
23.147364
18.54993
29.62042
17.7705
32.14747
40.821964
34.053047
20.810776
37.931263
36.74091
26.129078
28.061995
34.59719
39.443977
23.495144
24.33412
25.047325
23.82098
29.560274
40.013428
34.309326
21.949675
22.04561
28.420616
22.305126
37.994476
19.443975
22.967808
40.582973
21.474375
39.406975
23.122734
18.297073
19.401602
37.62604
26.815489
25.54917
31.95073
25.385294
33.112568
27.098934
19.038671
40.637737
22.73495
26.40517
34.47921
25.192846
27.311365
36.97734
30.22139
29.402267
31.134901
17.097107
35.589314
17.59174
15.630517
35.112038
15.411579
16.411194
32.74299
27.708805
24.461842
26.261286
27.019302
30.840729
25.727589
21.003462
23.286404
34.3146
22.682552
35.271942
33.51471
32.434326
30.958755
29.879948
32.709743
32.55397
16.597494
26.048634
21.488646
16.91039
20.404192
22.486265
40.375397
38.685738
36.840324
17.706253
27.787846
16.8926
31.356237
37.396683
36.191814
28.37976
32.101974
25.140196
16.961796
39.024048
28.548864
28.331944
16.114904
38.00381
22.712875
37.754677
28.273983
28.942205
32.391373
18.943815
18.96796
35.66352
38.108192
24.211714
39.691776
26.323303
16.307663
31.999172
32.025337
33.753212
24.746246
27.083513
16.550266
36.004032
36.00144
29.096434
15.30527
37.275383
21.550514
27.791147
21.08536
31.688276
19.967585
25.54715
15.017081
26.686666
22.445522
22.712276
31.531452
21.246788
35.070114
31.555573
31.108145
24.528143
18.056892
29.840761
35.979
31.117538
27.50692
23.329012
38.355877
15.597715
39.145897
37.88096
36.687263
29.814606
21.981718
24.251785
20.950094
16.92244
30.848839
20.159534
23.0476
25.053385
26.40342
18.755579
17.011036
28.288584
17.291527
38.23758
29.892544
29.499952
39.9333
26.019035
19.988361
16.587242
34.649208
24.605873
40.34606
38.652386
22.700266
17.129381
32.386456
15.733311
19.222229
36.34607
18.910229
40.861855
30.004509
15.838894
27.761335
40.41565
25.597775
36.140648
28.983677
34.001286
18.329878
27.549034
25.434456
38.436214
38.46796
31.514439
31.507128
29.789436
32.9853
19.655058
20.86879
34.896015
26.174635
31.690521
33.9313
33.278175
37.695503
26.8839
15.152405
29.985662
32.551144
15.943303
17.202526
17.510769
30.961441
19.758173
29.534935
24.638369
32.13143
35.831623
36.961372
23.85902
34.51064
38.81907
23.462196
34.803158
34.296764
34.194668
17.649591
31.047035
39.65785
37.74098
31.054285
39.596157
18.430365
36.293503
38.720715
22.369467
29.896267
28.970665
31.472498
23.087729
16.65032
22.98107
20.649588
37.112003
22.539698
40.023758
37.12032
15.983299
17.191038
24.283413
38.936172
24.681976
26.735882
19.07144
32.12385
23.955652
18.003565
16.275002
30.79892
28.456818
29.671392
16.950089
24.036978
21.886553
20.64511
16.630901
31.753042
36.85827
25.288355
17.226706
36.21655
17.775463
21.028051
26.738665
31.768972
15.660088
28.333319
40.452946
30.812958
40.573193
34.098755
20.752714
29.206339
18.037083
23.058601
37.24056
18.821346
16.698296
40.016518
32.474037
35.218773
15.363316
36.39641
27.291063
22.138828
26.493998
31.902943
33.438023
21.824846
34.26724
37.926056
38.012436
27.07298
34.383522
39.732063
30.093237
21.340462
21.95161
25.454548
26.855661
23.246954
38.981556
37.43152
34.45394
19.368004
38.286015
37.530956
30.003954
20.3465
35.91973
36.765133
37.109207
18.037569
27.679735
22.71474
32.547436
19.654226
24.643885
28.067116
39.971375
28.695587
16.242867
21.918467
23.776104
27.816404
36.94097
32.398342
30.646727
19.736124
26.243444
34.64515
31.723906
24.787622
15.45335
16.194859
20.811169
33.770226
20.368399
38.44058
15.596714
38.39861
26.93836
23.979084
17.473711
18.828554
38.796158
39.380905
21.217037
16.492554
27.530914
33.203896
36.51059
16.7927
22.58871
37.915844
23.118254
26.075201
15.7669735
29.799973
40.352837
32.750404
19.410933
34.887745
27.421204
15.424059
37.62569
29.496729
26.210089
33.47008
18.08501
27.046915
28.125942
19.60203
34.34805
36.48707
29.713482
35.689884
16.987745
25.88345
39.951454
32.32077
24.289799
15.506377
23.360405
17.416672
27.798573
36.095905
21.356167
21.599094
24.566511
37.89596
33.64397
15.930194
34.606102
40.517124
27.872068
27.16173
34.748554
40.721333
27.249964
28.687748
38.880985
18.817545
32.385216
24.023752
21.363815
22.515612
33.204136
15.824702
15.322937
33.80626
25.49548
23.20599
30.465961
23.718336
38.3526
23.44613
26.089716
35.650173
27.588326
29.026735
16.02608
26.380056
32.058193
37.404907
19.415857
28.831602
40.751442
24.915045
18.405495
18.202965
36.49558
15.761564
15.129009
31.16452
27.169035
36.19098
33.667553
30.487896
17.427923
34.62122
34.07166
40.689888
33.126575
38.75806
38.98624
18.058035
18.84795
20.542906
18.936062
24.770308
38.258858
35.15327
21.90939
27.729591
39.36618
31.21657
26.520195
30.204319
26.17416
27.89993
23.734316
16.399817
32.72919
24.603125
15.912542
25.680677
25.087273
16.608702
31.753721
38.3226
31.350687
39.232796
19.613525
30.392902
29.594307
21.772133
29.629602
19.642057
34.238186
24.85712
35.1014
23.134413
33.222
40.697933
27.65307
34.7543
35.198174
25.149889
20.8504
16.694582
17.884392
29.526413
31.147808
29.567823
27.702496
16.652351
23.309002
38.875984
38.879635
37.777287
15.775046
23.232729
37.29881
40.658005
25.846043
27.953188
30.559818
30.371256
36.997826
32.409145
30.947948
23.232267
27.172579
20.89339
30.306541
30.571615
35.462376
34.64515
27.170942
37.062332
31.24725
31.159193
16.945107
27.7912
24.554424
33.934486
35.388557
23.33257
27.172977
33.41385
22.230108
36.710037
26.888235
38.024418
31.336168
26.320728
18.092808
36.94929
36.535267
24.648941
16.986221
23.544014
25.93673
23.910276
34.592724
28.157251
16.38028
28.644434
29.906893
23.523169
31.514711
29.714207
22.619215
36.863777
21.927519
36.170254
30.079
36.372696
21.73379
31.005592
22.419424
15.847467
25.081417
15.95079
25.099672
33.895794
40.14109
35.15022
21.511717
35.361744
27.32329
23.811743
31.754324
40.401188
20.700834
35.736607
15.194433
26.981447
40.914474
29.013332
28.016226
27.488276
34.20014
28.098742
34.600666
33.5941
39.600548
23.01137
31.283455
25.574568
16.909883
28.426794
38.806877
30.856136
17.44947
17.091486
33.61112
27.735779
20.383308
31.161194
16.003168
29.93439
40.956444
35.82184
25.196604
21.928831
25.77534
27.865322
21.232975
33.853203
30.0483
37.76964
31.875721
26.168106
36.565273
35.272156
40.710075
24.267418
24.120258
39.426754
20.887484
33.72526
26.065777
34.700188
21.220652
31.981586
31.737823
22.78974
29.665422
15.922929
24.600903
17.533901
19.61826
39.035713
25.13667
19.539614
20.913168
32.592564
39.73603
25.964155
17.919502
38.67784
23.153303
17.266663
39.722157
38.766846
29.442474
32.683746
22.00822
40.04378
30.719328
15.685606
32.989273
22.676826
24.579601
29.733505
28.456034
18.864313
25.552126
21.286434
23.892223
24.624258
35.577263
27.194204
22.466997
30.020172
33.174744
35.366222
40.680454
34.799305
34.70137
32.919605
20.454247
28.265112
25.89785
18.887245
37.53945
34.614044
25.785395
39.00596
21.25639
15.937378
37.896496
32.10669
25.7862
36.622005
37.810635
21.193277
22.501503
24.979904
37.014572
25.423283
16.153645
36.59407
15.218044
15.893655
31.1265
19.08952
36.42973
38.386185
29.42195
31.821087
26.334444
34.042004
29.559729
16.315516
25.81158
36.31137
23.154366
32.213467
21.795927
19.464476
21.57458
36.92786
36.106007
24.450912
30.79553
23.26808
19.35126
39.959908
28.321918
33.87536
34.578358
20.160421
35.890007
28.472784
37.928112
21.789576
15.549193
21.654129
29.248423
16.009949
20.678883
35.2189
20.344917
34.770596
25.513956
27.906643
40.349865
21.283714
36.832203
22.791897
16.551153
35.66828
39.599697
18.571663
18.947075
15.813917
22.575129
25.510693
21.77891
38.082756
40.14174
31.90543
33.342144
20.593971
32.96553
40.585766
40.488506
19.525137
18.471024
35.19434
36.404816
28.116482
22.580927
38.766495
17.49098
26.87862
20.683628
38.47949
15.45825
35.88125
16.372522
30.34798
38.130295
37.939747
17.143778
18.11335
32.85334
17.01864
28.944159
15.607677
35.908024
27.235207
38.228207
15.4689455
35.86448
32.473637
35.014027
19.242146
20.43337
40.809437
37.319656
28.621763
23.039553
19.695839
40.31691
24.87424
25.08131
39.178387
40.55734
23.324787
16.63692
21.280794
22.704824
22.20105
20.241676
28.144714
31.352165
32.09692
25.282303
37.5079
39.70379
21.852888
18.542006
15.669759
38.17456
30.745132
31.478294
19.220263
25.284616
29.533665
32.92694
15.497571
16.622671
16.140625
19.099367
29.99175
27.105515
29.512936
22.977022
38.72635
33.278778
39.569344
36.505146
15.026618
29.984272
34.039955
23.349672
21.022562
17.361736
34.477154
37.4048
24.736975
25.857883
27.750023
30.72517
29.673098
16.683252
37.92995
28.105318
31.443426
34.987427
32.633488
38.14047
35.170723
28.915787
33.609085
16.276552
18.144186
23.665976
31.637638
40.09362
20.52819
19.679941
28.662361
16.865742
36.798004
34.18738
15.471879
20.301653
38.01629
17.459091
21.23093
39.294437
18.066181
17.333729
33.686455
18.494698
37.52117
25.84912
15.972421
38.570553
30.959011
34.139294
33.59503
15.129191
25.216234
20.151041
17.40058
27.448399
33.331947
18.188791
31.11149
29.402954
25.743898
15.814325
15.361758
33.26951
32.67683
38.20773
20.071188
26.454954
29.602602
20.738758
35.468563
31.617065
23.15345
31.202713
21.10706
16.13259
35.934277
27.942616
21.810951
21.416721
33.306786
36.909466
27.650806
30.209272
21.407682
29.605001
27.765127
22.616663
27.415241
20.806423
29.129557
35.43516
36.392845
39.990135
27.220509
18.0797
33.91515
17.451662
37.928238
28.303816
38.121975
17.2614
17.045116
23.820204
22.8469
32.401043
27.188044
17.91762
39.03213
22.692999
22.109663
36.218716
22.767982
31.465303
31.01123
25.834768
36.984966
26.28698
36.690674
27.34701
38.078255
40.563995
15.142645
30.28064
32.558857
22.303486
20.572968
36.036465
36.202766
21.933987
16.69822
22.606342
29.108738
32.71202
22.671751
18.822523
20.57743
30.95044
18.010773
38.37729
21.788942
25.071543
17.494722
15.398057
29.88287
20.317991
40.163464
31.974571
40.23437
37.847214
34.264423
19.708466
40.47173
16.890005
38.28114
16.09198
30.095306
32.671604
21.021196
20.321308
15.434811
24.873684
19.149967
36.01145
15.121163
39.55815
36.52704
30.203278
38.251286
29.67885
28.235601
23.039772
25.98851
23.57473
17.29067
36.537346
33.468338
15.168229
23.67023
19.989365
16.568665
25.985094
37.53415
15.712881
39.355556
17.567024
25.278816
30.085938
20.830181
21.36604
36.42129
35.12154
27.979328
37.789608
23.214808
21.185833
30.071526
30.708082
21.368288
27.891768
16.642632
30.441145
21.275696
25.685884
38.67928
23.007471
20.756742
29.194717
25.135479
38.25195
24.468664
23.00858
37.107155
28.357346
27.869532
31.254374
37.741337
27.202394
20.89669
26.045368
23.271158
34.045853
28.369717
24.694727
31.444843
24.096186
40.535378
19.440899
32.056194
21.669035
28.142887
20.356792
34.28615
20.839817
15.970869
28.101019
33.129436
15.766289
30.823208
34.218285
28.307152
26.186007
34.669113
28.807344
21.755789
20.986246
24.823492
24.548782
38.034966
28.19894
18.84683
22.321194
35.810696
17.290836
20.189623
36.93315
23.947952
27.19913
33.51445
17.859732
20.685701
33.205383
26.09962
39.2961
38.869606
19.445696
37.761406
26.327114
16.281977
37.62253
22.327688
27.56061
19.735575
26.313889
32.853985
35.18344
28.78721
21.16782
36.49351
27.07313
23.679213
36.225666
33.21619
22.33435
22.4311
20.634703
29.417185
37.428265
33.880886
19.09113
20.863771
20.924047
30.914831
28.496862
25.400002
26.825844
27.126413
23.518639
24.361883
19.414593
30.709787
22.005587
20.75149
36.59314
39.519894
35.55142
27.876566
33.834255
30.920855
40.880047
16.382967
21.005062
25.2963
38.188465
20.390436
19.577744
34.909607
15.098293
32.787926
16.035122
38.179104
15.447564
33.652878
24.64114
29.372688
38.796745
24.229593
15.170031
23.228241
15.228244
23.935017
30.674326
33.07072
24.786055
31.455935
28.92067
21.623764
27.732454
31.15985
26.733727
35.90302
20.691067
34.762447
31.162312
37.33048
40.700813
15.477782
35.1182
29.523458
30.222788
15.723046
21.936869
17.088856
15.2222
25.857931
23.170841
25.192781
35.590084
40.40935
26.849981
37.677567
26.374548
35.765472
31.429583
39.06268
39.558983
27.418682
15.695789
20.892935
39.454597
35.495373
23.009312
31.586943
30.167372
40.531094
15.442149
19.190603
21.054482
15.232805
31.598412
28.254984
37.602894
28.315748
23.20916
15.434774
24.742897
25.410545
21.952465
31.343096
17.25187
19.506935
33.37378
32.700275
27.608728
39.433697
27.267982
40.878693
27.42705
21.47006
31.433344
30.572815
28.42489
26.34204
16.318932
15.512878
32.78202
19.577925
21.760832
32.89272
40.690235
23.480284
15.7389145
26.496677
22.920065
39.81757
32.88464
28.387444
36.30731
31.746614
31.331772
32.45618
24.205273
35.448048
24.425718
24.13821
32.153812
30.489758
20.793447
35.161983
31.283777
15.029398
16.324883
40.32606
24.305525
25.624939
20.727919
30.988186
21.322842
29.643158
39.49306
23.202631
27.168533
25.039022
17.340014
37.25627
38.47569
33.624706
33.517372
23.730982
39.278587
23.855143
40.687912
37.159218
30.579828
29.627756
31.555769
33.841778
24.025377
36.627155
32.87816
31.461067
36.596725
31.341343
17.053106
22.750145
26.059542
38.03419
35.08598
27.667393
29.800625
33.67955
39.411434
20.278484
30.640242
18.14568
22.78375
37.861828
28.224306
30.764343
38.24732
22.63062
37.681087
26.827068
25.060389
32.904102
24.36964
24.521833
28.36902
22.56252
22.752243
36.35666
26.414507
15.1848135
20.690712
25.212202
30.106337
30.394947
35.79653
29.823765
39.904144
40.632282
21.857338
25.713707
20.125895
36.813347
18.817327
27.378593
19.03585
27.166792
23.306799
15.88099
28.364763
30.900276
22.296066
28.904095
36.275993
25.297525
16.091585
31.798065
19.215137
37.345673
24.597197
40.180138
18.567049
21.057526
34.53099
33.24626
33.59295
39.280323
21.118347
18.110304
26.73172
37.971973
19.67432
33.207436
35.023193
23.67779
16.443562
19.081617
18.147686
37.255096
32.083603
25.722792
27.374792
28.770136
27.257393
35.027515
40.575783
31.93105
27.943521
18.927597
30.377815
27.42277
28.277678
22.264383
17.52445
31.07403
31.006474
18.582113
25.555843
32.913685
39.964794
36.671963
34.033245
34.862988
31.380493
21.919048
17.706331
40.062447
17.265228
31.287943
36.258217
21.646229
40.667908
36.127872
25.561731
19.154234
37.14724
22.88705
22.742016
30.711185
37.46248
38.296253
29.764227
30.604208
15.186487
40.61494
17.751457
34.95474
37.71293
34.12899
16.786886
40.807575
33.959347
30.247227
33.565434
32.149345
36.96056
15.264712
29.934021
40.120617
32.501823
24.143925
27.095951
36.0003
19.958858
37.510654
15.053598
30.418022
30.591805
35.46966
18.72511
18.689468
31.68288
24.815863
35.094482
28.171825
40.112495
25.749937
27.740828
19.100742
24.236185
28.303093
30.141365
27.497255
18.25484
15.333748
31.254143
39.422623
32.6632
38.17976
22.060135
30.110825
15.816764
22.832916
29.980894
35.323147
17.174767
38.848194
31.386568
21.64596
30.35699
20.108397
24.770594
25.392542
15.794728
16.035595
20.591085
40.271484
16.461332
17.873907
26.265303
40.048874
35.935333
21.263912
28.35245
22.058277
17.87918
39.487167
18.571318
26.602041
29.909292
15.480022
15.973162
24.039413
28.788078
32.999092
38.326508
15.671375
19.886303
26.1665
19.569412
28.409082
29.944128
38.0312
17.046066
28.652231
28.301817
40.753284
38.16837
19.805641
27.976109
20.55162
29.129549
18.426805
22.225922
27.650558
30.345633
20.124058
36.581047
17.119946
34.411945
38.014553
34.7001
40.723167
34.535652
31.803104
22.879124
40.671276
30.641653
32.357475
34.5497
31.526875
18.647964
29.032587
30.685669
38.409748
29.768143
32.935623
32.67993
40.12676
33.12197
38.82594
22.958101
16.881916
32.42212
33.408104
35.36318
37.8181
26.053192
22.403463
32.175587
39.80019
25.471006
26.974903
33.525482
27.570019
37.52369
27.831593
17.909279
18.686773
34.032555
16.654875
15.539974
26.512226
40.76956
25.363403
33.340893
28.90829
31.829409
24.17515
23.535055
29.285166
30.318274
39.425762
34.98747
18.171524
40.2674
25.667324
19.725191
31.573877
27.728643
27.698383
28.390135
17.050488
25.120432
34.86572
37.772095
17.64588
20.066315
30.230116
27.024656
17.6152
38.204754
15.003024
34.684097
30.21341
34.747505
26.037779
36.191605
18.732454
17.925377
35.09865
35.261566
31.440302
40.883854
33.132847
20.143948
15.108897
21.077557
26.835087
23.596134
24.413836
23.76119
32.421314
25.2099
25.646719
26.786057
38.717583
30.631594
26.901869
39.58501
30.422035
40.168797
29.182302
19.965042
18.712479
15.294233
15.7155485
38.125515
36.248848
39.637844
20.178091
28.181437
35.059467
27.20045
18.49794
27.39495
20.801826
38.727562
39.438034
26.304514
31.453148
27.449451
16.258862
16.990173
36.612934
19.723679
15.416907
19.824564
39.289112
24.508839
28.47625
15.233134
33.291412
40.053375
38.193794
26.223444
34.169968
18.700912
31.084366
23.74217
28.014223
31.293592
30.680094
18.279814
34.36652
35.297493
40.169163
31.566904
23.006832
27.479315
24.13232
29.691877
31.429485
38.731068
24.691097
17.519537
30.459673
33.469555
15.540029
31.900452
25.647041
20.930094
20.055752
27.835373
25.825586
24.628906
28.959177
29.495148
29.543486
17.286257
40.852512
38.795383
20.943558
29.582462
21.36123
22.08651
39.11437
18.26149
21.58168
22.443619
38.93406
20.301908
34.068336
33.026905
30.993374
37.142593
20.69028
16.032267
39.311306
16.280602
35.34485
21.862974
24.24629
28.951237
19.736904
28.327206
30.257755
36.055447
24.215574
23.902466
17.987358
38.017166
34.00589
38.406837
39.506138
29.833412
36.080975
34.778275
38.513313
22.222448
35.39117
37.087006
37.774353
37.480434
35.1997
22.392458
16.15046
30.424532
26.870064
15.60485
19.198524
16.630585
23.608751
39.1231
24.510052
38.065956
16.38736
20.694347
33.709557
40.1733
26.551561
23.676792
17.347324
26.478539
34.469986
37.686436
24.798452
34.876446
36.98432
32.469536
24.719461
39.88979
34.392597
15.766451
34.61578
33.403072
34.230896
34.918945
34.637844
38.63946
40.21435
18.02173
18.85051
20.47967
16.356562
25.530472
40.909866
23.613958
30.507227
17.412209
28.33363
20.473713
18.330982
16.160545
16.365614
29.406452
40.096203
36.296776
38.81177
40.13831
16.550638
24.339378
19.164804
32.210552
32.631546
33.64825
16.836208
32.78181
16.791096
24.036287
22.379164
32.955273
39.313614
16.589762
36.212517
30.620121
31.15938
39.750343
25.545692
36.689163
25.590397
27.385344
31.95622
26.56958
20.11679
25.309135
25.386034
19.72139
20.148169
27.517576
33.19973
25.238213
38.142464
33.258472
27.387297
34.527596
33.01554
18.98508
32.995895
39.373142
22.107988
17.225866
26.439655
36.928337
24.101236
21.452654
37.46345
22.522005
19.933403
20.14055
21.226007
40.547916
33.98587
24.386906
37.21973
21.16616
25.594873
25.692904
29.559032
40.061424
23.288094
39.810154
40.5459
30.083508
23.05436
30.91605
26.360943
35.237804
39.425392
23.805435
28.230043
29.198755
16.18161
20.272474
18.481249
26.286734
36.08983
39.405434
34.533447
36.678898
36.23876
22.128445
35.047855
39.517193
29.25908
25.9981
19.225323
19.53176
20.997873
18.999079
26.546785
40.81544
32.063076
28.881855
34.13137
29.465412
38.06173
35.446835
36.32586
16.950283
23.326498
33.103096
24.141405
28.266253
31.458174
32.01627
26.71764
17.213442
29.107557
34.20889
39.12144
17.453575
19.078335
20.08787
22.476952
32.40279
39.05324
23.047642
27.675472
27.468447
37.029026
39.03374
18.728275
36.656315
31.891436
36.25053
28.202324
22.154701
17.469645
33.558014
17.118368
30.144577
26.8802
40.526566
19.19284
40.78985
27.003891
39.604736
40.369366
31.129547
32.534485
23.404037
23.212763
22.423737
25.196594
27.716093
33.927742
24.397541
30.450644
19.551195
25.516571
37.782757
25.285978
33.22376
37.904366
35.574135
34.549053
16.308971
28.737621
22.497414
37.66168
39.15618
31.001066
39.328857
38.55509
26.568544
25.599903
35.911068
15.178809
20.244621
24.618889
39.977444
35.03888
25.62656
16.096699
22.227694
25.878424
16.910774
29.843489
19.489508
35.834015
27.150843
20.081484
33.25639
27.184631
36.61876
20.502884
26.409407
30.155676
33.88937
16.716375
32.510555
26.148726
28.474297
21.992905
35.69813
31.238354
21.255358
34.72342
18.919462
38.81063
27.453905
20.065662
22.004036
30.81356
40.421272
25.884073
18.910072
22.247944
25.146908
40.276356
19.370195
25.247828
40.05453
18.732141
22.116913
37.38295
40.39306
27.283691
24.88624
23.66127
26.327768
15.885523
20.477808
23.117846
37.69863
17.699268
26.292452
32.84708
17.336433
40.962067
30.973295
24.868544
23.813747
40.68123
24.043947
20.312218
34.556564
19.524837
40.767525
37.06735
35.353783
18.967472
28.842749
19.25963
16.475523
17.002108
28.008467
29.704807
22.84764
27.543766
22.145565
25.832333
40.02852
37.027416
36.04522
33.48107
33.095726
25.642056
29.655107
21.439617
19.973734
20.144949
25.320257
34.63706
32.220432
30.26428
22.30272
17.485739
38.83886
39.325634
39.694427
35.03572
18.291931
15.927021
15.730155
26.321386
22.571852
19.23917
34.46247
15.563801
38.912086
27.822289
17.778334
24.738226
31.528732
28.727385
19.816914
15.424256
21.639347
40.089756
25.990835
34.82687
24.931225
18.424173
36.01817
26.389822
33.63734
33.395744
23.640009
37.518543
17.427065
39.967384
29.028585
31.587887
33.430088
18.514313
33.28345
38.630787
18.885775
39.747906
39.868317
30.887087
30.146557
25.105705
33.358715
15.737502
39.06273
16.64133
35.4508
31.455885
38.137432
29.387516
17.82402
26.68365
29.264322
39.66743
15.155679
40.563454
27.346882
34.89386
17.352804
39.0649
29.647032
18.022856
19.89693
26.193205
24.322136
33.017864
37.089924
34.492588
17.283228
32.432266
40.944084
25.539207
31.24371
18.532818
28.477316
37.964237
22.626501
15.263294
40.25427
15.955912
34.85905
33.787243
19.1569
15.159991
22.509344
17.35058
40.572968
27.431381
19.70246
39.769257
37.45862
28.98527
34.306
17.974258
16.061235
20.154428
36.484062
16.73548
20.481314
39.179943
36.393276
34.938156
22.707237
19.24592
19.030676
27.599855
31.274357
35.314354
22.542149
24.193039
26.279896
17.22459
37.66135
35.777664
25.127768
29.99249
36.372963
26.950212
36.082455
19.277645
19.380426
29.680038
23.478695
17.582623
38.507053
40.730804
15.2638035
40.906517
25.77092
24.554323
26.442015
36.29572
37.547565
33.296
32.945328
30.018023
27.971014
38.865555
15.4729
35.931953
38.52235
30.903622
37.921143
30.031294
22.61651
18.914396
40.169174
40.115623
18.921667
36.836243
18.1895
23.070755
39.132027
29.886847
25.721212
32.338768
18.963575
36.646294
17.073185
16.815468
37.25376
24.031004
36.01728
15.633828
23.219786
15.063348
29.186693
35.07518
38.166653
37.15624
17.912045
26.195637
19.234812
20.008984
40.008064
16.663353
33.138706
33.150055
34.66613
17.773077
27.271204
29.66448
37.313107
23.637495
26.035357
26.707952
27.064487
34.15069
31.8137
35.036694
37.229866
22.477146
26.596607
28.971647
19.221434
27.540565
37.965107
28.967415
18.171175
16.269764
25.85984
17.270899
28.580124
39.20484
40.36671
15.031515
26.403017
38.474873
17.61105
32.6643
38.11431
35.129078
36.776035
26.269207
21.506618
19.33677
32.247322
21.474329
31.240171
22.066856
16.934767
20.197718
24.491991
36.51611
25.9334
31.511976
18.446056
35.77593
19.859648
17.04769
19.820805
38.01066
20.435122
28.18626
17.147913
15.766169
21.189157
22.669641
31.096346
29.935566
37.512543
32.193935
30.77826
29.379723
16.718796
38.055763
16.678432
38.233414
28.255579
38.984734
27.616465
40.523575
24.757772
21.922398
17.981045
17.884434
30.24495
18.697392
30.368202
36.87494
22.43992
17.298504
37.710518
19.687117
37.92126
15.761872
18.001835
35.879704
19.621647
35.565395
15.802106
21.179586
40.04504
35.86298
23.849592
16.364304
38.49974
25.893108
17.3127
30.772041
34.6305
38.460773
40.48131
37.081303
33.581825
30.518667
25.027567
40.660557
20.235888
21.563046
24.358597
30.008991
27.142286
34.811607
36.038857
34.592564
20.993221
35.945183
39.777157
36.72535
39.796516
15.572009
24.05375
29.054352
27.260195
24.51274
16.105196
24.676636
26.326204
21.506424
37.690025
28.950857
26.277115
39.002007
28.82561
38.66097
33.38859
22.32694
35.516853
19.34808
17.711624
40.713924
19.389843
19.347157
22.24241
23.418743
27.09866
17.348438
19.474092
32.47662
33.3912
31.149155
28.12338
39.52147
29.799843
32.66937
23.68641
27.531897
35.065437
36.27639
34.402042
21.369673
33.60817
25.99549
25.187073
17.540997
26.626402
22.280321
38.156765
17.737682
16.734663
38.67462
17.455301
30.404922
37.44462
22.917532
36.294712
29.834236
35.24779
23.82802
39.337067
37.094654
22.576542
20.649647
31.853611
35.49212
26.49976
33.44507
24.455801
19.186579
28.652357
37.60041
36.617096
17.098179
38.60276
18.532822
17.690594
21.298403
29.63009
26.290245
26.676498
15.708999
18.712914
39.890636
29.60474
19.120922
37.42388
35.96855
22.07182
32.297565
15.379812
29.580252
28.207384
38.240906
32.91421
18.864145
26.14477
19.576218
18.719389
17.661629
27.931137
29.450445
23.347887
25.17406
34.73665
32.341217
20.667982
29.264818
34.20842
26.738058
18.635641
34.111084
19.863876
38.784203
26.075388
33.56823
24.529398
28.656872
37.555084
26.830326
33.004017
19.715937
37.894714
20.753576
23.364275
38.26519
27.366898
29.555109
33.62507
27.147532
20.226833
29.507805
22.832802
27.334753
28.852041
17.72253
17.090855
36.174572
31.477295
32.14235
27.503767
39.022045
15.277775
20.468987
34.575356
28.609404
24.383442
32.900013
40.20732
25.697868
36.300354
17.275967
16.118713
25.306871
38.169598
39.519756
20.24293
39.13062
30.312162
31.096447
16.457823
24.6289
32.588123
16.629755
33.865746
18.718452
27.24112
22.78218
27.764229
18.993145
24.104128
40.03903
17.434282
15.965769
40.31018
30.132212
17.92222
33.951073
20.981695
19.497906
36.102108
35.899227
17.764719
39.38291
27.479877
36.740776
40.529392
27.9977
29.43644
34.618668
24.075624
19.459858
34.905903
35.759827
30.262903
20.179876
17.84644
20.678247
20.625921
35.811863
34.285065
22.9035
15.242582
16.925032
34.203995
32.49305
26.388716
29.147476
22.085043
15.213637
20.343752
19.691982
39.539837
30.466562
15.604295
20.89426
38.127502
16.783527
24.717552
16.677307
36.197758
35.034267
33.964176
31.701155
22.39619
40.364056
30.200153
33.365623
26.32982
16.318684
33.309937
19.80425
35.81491
22.616463
19.928137
30.540922
16.115269
35.591183
23.354609
22.576271
21.628126
19.457043
31.917887
31.329285
38.58604
27.23587
27.4345
15.080092
32.517048
34.439045
32.866756
33.343277
18.44165
20.410856
37.799187
19.946592
35.08403
35.617126
37.933876
22.498337
36.73626
20.102228
16.447556
21.397167
21.838018
20.839691
18.758354
21.571491
25.820755
21.766035
20.017664
22.731195
23.313965
23.914341
32.47276
35.072662
37.42266
16.253607
39.73825
21.098803
35.458916
38.591866
22.969622
18.498941
23.246643
30.215485
37.949696
17.879194
39.917675
25.813995
26.178808
32.542084
23.978493
19.679337
19.202272
33.48491
15.350785
20.170256
35.613575
21.319582
31.07535
38.99711
32.43946
23.912281
26.417692
20.009264
38.943115
38.1996
40.224987
21.856754
33.274162
18.858427
15.557875
28.149742
40.849396
33.290104
15.856984
25.55388
35.86562
27.725084
21.202755
18.636572
23.926125
39.162468
38.588604
28.218548
28.404882
20.329586
18.55122
27.487217
39.87763
37.879906
29.988138
39.19262
16.71656
35.643326
15.541542
25.873804
31.775478
20.90104
15.538612
15.252916
20.984762
36.377975
29.15253
20.686188
34.630665
31.928858
21.184593
17.875526
39.11097
17.73981
15.666718
27.92132
30.03914
15.275472
31.344948
39.236546
22.711693
27.172434
17.02839
38.844204
37.15854
26.812893
26.774359
23.144587
22.26371
18.408213
37.92929
27.36579
40.773876
19.080206
23.156403
15.600383
40.404686
15.6487465
32.754776
27.583088
39.710056
30.617413
37.811012
22.178745
22.897026
30.194677
24.023285
30.92683
37.349007
30.096281
22.399124
39.928246
33.26272
36.345154
16.45188
30.861992
36.509216
24.318497
40.007347
35.983906
39.59704
33.88725
27.28072
29.586468
29.445517
31.651447
35.495426
15.588216
22.568886
22.995672
39.989246
35.673256
32.226944
22.971928
36.489357
16.715767
28.11557
35.863075
33.036907
36.1014
37.250427
16.688107
16.90292
30.996874
28.83989
37.881237
33.761234
36.62108
24.148167
26.910036
39.370495
39.13542
36.61727
37.69348
24.066063
36.89808
19.846518
38.33905
25.473932
17.516323
31.42082
23.938637
25.032764
21.383018
23.034151
31.94634
17.146284
39.197823
31.87207
29.0068
18.08722
27.350607
30.797348
40.01102
31.13527
26.984041
15.525256
28.62729
16.855415
20.05427
21.680202
33.58802
18.909204
22.773012
27.392923
16.609045
38.34046
39.441433
15.9275875
23.976078
34.888275
23.87554
15.720677
28.553804
40.553802
23.374796
28.168646
38.256187
20.383924
29.500206
32.51889
24.862389
30.23348
18.804888
20.298668
25.470783
21.129198
37.099827
38.859188
17.85437
30.782269
16.839245
20.817133
16.513979
24.782827
20.774658
17.443508
28.321463
23.05842
32.153496
37.37974
35.303192
15.289889
34.4277
35.45356
35.33495
30.151926
39.689682
19.822254
19.302448
15.48185
16.867361
37.18849
37.62745
29.779049
38.087124
33.413944
39.967667
25.798788
26.552845
36.498577
39.369305
34.427956
21.791145
28.598473
28.184286
33.51664
28.177538
33.522736
39.66
35.888252
40.28495
29.979998
36.267487
39.36224
23.785728
26.7377
33.55479
37.29726
35.39001
39.81236
20.595348
28.899021
27.617962
29.826635
38.94697
38.335815
38.080215
23.749088
33.445282
30.566122
40.380337
35.375042
40.126022
27.706419
38.755154
15.112144
29.103989
18.753778
29.133085
29.90172
31.331972
17.526545
21.4178
16.437088
29.8213
24.79777
29.493702
15.232656
38.126305
30.769936
34.701946
33.552597
25.678215
19.275743
25.349981
23.725592
26.899693
37.388668
23.194645
37.952072
28.939423
19.488237
21.778244
17.353132
35.33689
23.248833
32.999058
23.715187
33.960644
24.507202
31.362087
35.152184
31.159092
18.512596
33.982925
19.737156
30.221071
36.67485
38.606937
24.047518
26.964066
22.599531
37.658054
28.52358
40.551285
18.935616
39.64578
16.557331
23.484377
29.359941
26.136084
25.308636
33.12687
33.884083
26.93128
25.388535
36.084026
24.593058
20.105844
27.754448
30.298126
36.911644
29.109743
19.429653
23.813782
16.542889
22.277666
18.989456
15.826142
24.334742
36.77207
40.149113
40.845573
36.504547
21.239891
33.243576
28.59554
21.88749
15.277171
29.90674
26.606182
27.173864
39.172947
17.837978
31.374231
29.461468
30.343018
16.186262
35.430634
36.87309
31.366276
27.787296
33.690483
18.475555
24.600758
28.25667
23.05551
26.28552
23.98341
15.772066
18.3976
32.758545
37.807133
39.270206
29.772573
30.831846
25.020561
20.739227
33.99654
34.327415
31.910519
25.304817
20.562973
24.321026
29.903986
30.88848
15.286778
25.944023
22.66596
31.358877
27.032337
32.00852
33.67146
25.302322
19.415743
26.833076
29.994415
36.805992
20.467112
33.694675
20.18316
28.977585
36.8971
30.444153
15.781616
17.317698
17.832396
35.996105
35.307316
22.516245
25.66824
27.640598
36.311794
34.76188
19.031643
23.422815
15.525851
22.233383
16.75726
29.19814
37.031624
37.08468
30.248505
24.393976
37.905426
28.94004
16.629747
27.995975
23.83965
18.683792
18.69113
40.82507
25.879118
18.158834
35.78569
29.7832
25.596579
28.28084
40.559273
38.419273
31.78412
21.030123
33.67683
27.90336
23.051672
37.800755
36.55446
19.295887
39.600685
39.666515
18.514738
37.859936
25.880615
30.265917
17.753567
23.088594
31.837715
15.213588
27.039986
28.105602
18.030136
21.212868
19.166132
39.1464
31.010262
21.374567
27.822655
31.938025
18.064697
20.639423
36.795677
26.970026
40.654236
30.656824
32.16455
29.885077
39.71059
26.990007
40.52537
40.5166
25.323692
37.09798
27.173412
30.462208
30.292707
21.186983
31.64836
16.505453
23.515957
25.729439
28.079416
29.684849
27.259356
39.215836
16.36304
15.35781
25.969915
39.535164
33.364323
30.218613
25.49036
18.271997
33.05364
19.903214
38.28279
29.163502
36.77354
21.55014
16.583843
27.97712
39.67636
15.485487
25.290722
35.14986
22.781454
37.06137
17.816921
22.672625
20.07145
15.601037
39.158436
36.908096
34.580296
20.3901
18.975683
25.29835
24.521463
15.702328
33.623344
31.248343
20.1629
19.959558
15.749741
21.864061
22.376083
20.299318
17.339375
25.679188
26.569632
15.059913
18.88666
22.021704
23.063745
34.99169
35.765842
28.251936
18.869823
35.364433
38.8016
19.746145
18.31045
25.564686
23.546677
18.204802
36.948013
20.263186
25.837463
36.632286
32.886024
34.78133
17.825317
18.164856
31.66532
40.89701
38.870872
20.81627
31.698153
30.003902
33.440598
31.16551
28.466219
32.274677
37.459267
31.028706
35.554527
23.277433
25.448921
28.237362
25.00111
35.355927
25.224487
23.787605
24.413364
24.008053
32.918022
22.830236
23.834911
31.483326
30.668087
24.238955
19.442678
40.86899
32.437695
40.8242
35.812035
18.045631
16.11373
37.652637
39.708538
18.067068
24.292685
35.38738
26.148054
18.755589
19.971985
27.081604
25.812708
39.602455
22.7432
36.438393
15.818356
40.42488
38.02281
29.192024
37.299908
23.654549
18.35822
24.971226
37.314114
20.6191
39.911064
18.772308
23.15506
33.726734
38.846996
17.000313
40.335876
25.075546
29.55031
22.928747
31.21081
25.682905
25.334036
16.383705
31.49509
24.266634
38.630295
30.475622
38.78563
40.30848
27.522879
22.28208
36.593876
40.991753
26.923359
28.52759
23.37283
37.528805
31.693977
23.511436
26.553358
37.38039
33.585117
36.802135
40.700798
30.917696
15.981991
22.547277
32.560863
34.189297
20.144707
16.639936
31.984737
17.628948
27.877821
34.438095
32.50631
25.776577
22.379917
32.25092
24.690289
37.38366
33.400692
38.385967
29.278107
40.635406
38.772545
34.193855
19.629253
24.646124
21.885567
22.252089
19.988827
27.870329
25.739243
19.597273
33.707836
34.621155
24.831272
32.74503
29.701036
36.4988
38.333187
30.129522
20.147623
26.205624
25.754555
20.549555
25.723545
16.960915
15.611897
27.225801
18.49967
29.527027
30.495476
30.153805
29.048405
36.72005
16.366512
28.579945
35.271996
24.201923
27.919386
16.632656
17.99896
18.337269
27.407799
38.408794
20.49079
30.947018
19.460827
34.145058
31.659292
38.902287
33.104275
38.49699
26.01563
15.675712
16.454664
39.4032
29.155313
26.203835
27.36768
27.529922
39.92908
17.712957
40.699768
15.871246
29.357903
33.522186
19.781183
24.722754
37.8209
36.261204
40.200542
38.95156
22.078308
19.426718
16.06558
38.253235
18.287237
21.75024
28.531626
38.916107
32.3262
15.461275
37.578823
31.5062
30.465113
39.20379
34.77108
38.84094
23.700642
37.10016
17.044178
30.637487
25.922474
27.255615
29.447367
39.30155
35.48432
35.85757
38.20236
29.465157
23.724157
38.947987
24.445429
28.086893
18.511335
40.933308
15.582898
30.195772
17.994078
36.945305
31.317192
27.68988
37.37884
21.277508
23.090094
18.993591
25.793936
38.295696
36.941807
21.83221
31.072895
19.45731
16.598866
19.900455
29.638767
32.37341
31.980917
24.781294
20.578806
23.208178
16.25579
39.114212
17.469643
38.134785
30.074306
17.717096
20.546265
35.05273
26.680656
30.133446
17.403845
23.320656
22.221188
28.90674
36.579624
26.869907
19.763845
16.776384
31.082815
38.737972
25.292501
16.94465
16.223608
18.79725
25.25485
23.581745
35.938187
17.253439
26.119488
28.816057
18.214743
34.349125
16.837252
15.599354
25.196238
19.632036
19.103876
19.041683
39.068893
28.133709
15.885429
30.07835
34.941036
25.85317
29.794981
22.661423
34.57513
19.05154
35.59839
39.060783
36.056633
15.037322
23.379055
29.314817
30.266306
18.358442
40.705948
24.388432
17.368591
17.615961
19.52615
30.176144
39.436604
24.475653
26.442621
25.130608
20.805164
37.87757
39.53986
40.001934
33.77644
24.92994
40.984547
27.940845
25.898443
37.522594
38.25524
33.048725
36.194927
30.306557
34.044693
19.350185
29.445776
21.360065
31.63017
24.118889
21.90034
15.597806
18.82176
31.504953
22.651789
38.778828
39.47555
38.49228
22.308762
40.830063
26.997967
19.356787
16.571308
25.126066
15.2695875
33.001595
26.851341
23.352047
18.981155
37.812756
39.17348
37.626007
19.501495
19.009222
38.250397
18.667149
22.086443
23.85337
33.847458
16.971592
15.489936
20.543364
19.334713
27.192661
21.85276
29.126322
37.66988
32.22196
25.121502
27.351307
21.964321
40.828682
22.189613
39.023697
36.254543
23.138485
36.45455
31.127596
15.1351185
35.71954
20.549322
28.750568
16.504517
36.592262
23.633722
31.674955
27.833576
40.090508
40.82012
29.392721
17.087057
36.175808
30.060408
36.255768
32.711903
22.542686
35.13537
35.491314
34.951576
34.65177
38.264545
29.891903
17.153952
28.6888
18.294226
34.132336
16.71107
31.371538
32.423016
30.870737
18.802176
38.512756
24.989086
26.058653
40.20719
23.296467
15.969931
40.215153
39.115974
37.33577
32.53509
19.812407
18.079422
26.754593
39.244186
38.375355
15.031705
19.77188
24.297018
38.415676
29.658535
27.565647
38.619545
32.90027
35.294712
16.55564
37.508884
28.59711
28.004736
17.667143
23.062565
37.346397
32.53364
32.624832
19.681557
37.072445
15.410753
22.874395
32.563725
24.181923
34.6474
25.340975
26.29368
36.88661
19.19023
32.907257
27.386997
30.943811
37.575035
32.23049
24.961258
15.3253355
38.07168
37.316387
29.583246
33.405834
24.018871
18.129295
33.781174
31.404018
32.018364
39.441864
38.712704
38.015247
35.19119
32.113636
28.043978
35.441658
34.794384
31.03698
30.221895
20.355951
27.1548
23.100018
18.011238
29.727703
33.097286
20.689993
39.420265
18.895958
29.82779
21.497004
30.952805
37.7896
16.577532
33.67666
28.501873
23.77698
15.222756
22.791697
23.139246
32.268867
37.56509
33.376377
20.557425
34.90394
31.99088
33.453735
39.984818
29.91349
21.823534
32.884743
29.02199
20.092218
25.84108
18.039598
39.03624
22.694475
40.151882
21.955318
19.503695
30.530453
19.90464
38.88006
19.00264
18.554358
15.154543
16.90345
17.438696
35.316708
35.61556
28.233559
38.521904
29.795473
27.999674
27.604914
39.517784
31.325813
25.176971
17.288345
26.858833
35.61582
30.486235
28.222248
27.329897
29.165691
15.183929
40.896183
23.230345
29.800323
36.240086
24.791546
20.167845
16.480501
17.47289
35.42043
31.953075
37.07528
25.359419
33.302525
30.441612
32.358376
23.768177
27.581331
39.108685
40.13386
25.329844
22.404724
27.644495
25.101603
17.195759
34.681282
40.922165
25.840418
31.529446
37.372574
27.317417
30.117031
18.234657
39.092945
18.548481
27.621452
35.144108
26.462221
27.956713
15.184543
33.17629
16.392965
34.46284
21.55103
16.813446
15.292878
39.310722
20.861378
39.662033
29.024157
34.149933
34.138474
30.827614
33.38552
36.010483
34.28014
20.369398
39.868916
35.287403
20.32614
17.195366
35.49174
40.979847
29.098297
36.417015
16.616732
15.118926
38.70509
25.403608
40.845585
29.570309
38.85697
26.558857
20.308544
35.21216
35.45646
32.188824
17.97118
27.865913
33.50686
38.73792
29.940819
31.296877
37.026363
24.14062
37.178932
31.103487
25.359056
21.06974
15.512124
28.378666
24.042133
34.45777
23.38318
24.653555
31.218649
21.826029
24.395008
39.823387
39.477673
37.677025
34.374027
32.507236
17.958836
16.488722
26.416027
33.607815
24.575817
28.694988
20.176235
20.71443
17.293419
16.444798
23.526705
17.431715
26.535418
20.90344
27.62797
35.718616
30.005484
28.392149
26.448242
40.886684
24.471048
16.758348
26.812193
28.03356
22.390047
38.02682
27.172812
23.377066
30.653072
36.60291
24.473532
40.207264
38.168526
16.081947
24.704216
24.98825
38.53595
38.064945
18.05344
40.51846
39.63281
29.28866
37.920742
23.997683
19.582535
32.84893
26.47646
16.350945
34.27676
25.329336
19.94302
39.223877
21.392231
38.243004
24.32038
37.69111
35.67296
37.353447
36.88971
37.908752
36.140778
27.161253
28.503136
33.693913
37.8525
26.126352
40.4038
38.328632
16.839506
21.041595
21.119228
19.762703
32.945637
40.381332
25.832369
16.82914
35.421844
34.419544
22.55851
37.088085
30.341131
30.44519
22.442574
15.479423
37.16493
28.498207
37.54012
35.09125
16.122065
34.707718
18.556744
21.0409
30.45411
37.53481
19.194384
37.71703
32.035973
35.00535
34.98931
24.445927
23.398136
40.364063
28.825527
31.02196
39.757076
31.489315
20.668478
26.481644
39.302902
39.87867
21.487965
30.002762
22.698454
36.0486
30.825344
21.874352
29.5115
39.78732
20.009003
35.11043
30.131948
27.858023
36.633392
26.46969
28.618414
30.47043
16.590775
37.39536
30.873617
25.12176
21.68108
36.70399
19.565699
24.25402
39.62421
29.7287
22.292555
17.582603
39.16037
25.062033
22.628908
30.921955
23.847845
40.04539
40.9009
30.867285
40.154037
29.716608
18.800604
26.786913
38.4843
27.054049
39.282818
28.238174
17.904524
39.045128
26.579279
29.140387
30.487226
31.359138
16.620281
37.82166
31.447182
28.218632
33.671467
30.402027
40.531555
19.44065
16.573483
15.883523
16.490711
17.558493
37.614887
20.788631
35.879818
34.43666
28.773668
29.221624
25.927588
28.856144
39.83042
22.823107
18.7574
26.174042
18.6862
20.24622
40.857338
30.35111
26.110727
15.503703
35.36951
39.392654
31.101677
36.81819
33.5054
19.562706
25.053316
22.45384
29.192684
15.608365
33.012924
21.415554
33.92048
35.67065
30.445906
20.872845
34.673637
30.560118
26.13566
28.698488
36.833115
29.639982
22.11184
36.60789
17.968283
27.686472
29.830633
31.043276
