38.195663
28.16993
30.320236
17.796764
18.3249
37.305798
16.064705
18.08767
15.732073
35.973343
28.872427
25.01598
33.165577
29.66809
22.76728
18.530895
35.820812
26.830664
25.56089
24.272306
20.915976
24.685555
32.62457
24.197172
34.353302
27.84786
23.156696
17.47091
35.64945
30.1379
23.55197
27.963217
21.679949
33.983234
33.121704
33.158447
20.206625
37.289444
16.119259
30.32387
29.643019
30.725561
36.792377
31.374805
22.061869
28.996971
23.014252
40.03393
28.05988
33.86802
32.93772
25.602604
32.76896
36.448586
16.072016
34.945423
24.039331
35.57327
29.199215
20.1348
18.618814
19.978844
18.627428
17.610613
18.013903
38.425003
23.420492
17.680695
40.642044
31.90552
21.448935
20.721075
16.870897
27.661217
27.374592
20.530653
30.589182
33.833252
25.011286
27.95314
25.064997
24.284584
35.896637
33.099846
18.021393
21.369455
23.36507
16.290033
19.09526
30.245224
32.9297
28.171352
24.144447
23.69776
37.360874
20.390987
21.229311
21.391144
28.491684
27.658892
40.518814
19.954306
25.48586
22.077694
30.857513
20.381718
23.07106
39.209538
23.278658
28.852219
27.070587
20.508354
20.359987
28.259476
36.459225
38.46671
21.992544
36.499554
15.1238785
21.10967
26.869247
15.875536
32.52734
37.313732
22.79872
31.856041
34.553562
25.837093
39.811275
26.863993
19.955408
24.918337
27.947693
35.77393
38.03088
35.833622
40.60785
34.360558
17.42148
16.89836
16.385014
16.06827
34.256386
32.057465
37.422966
32.160774
20.258707
38.428947
34.50701
29.561897
25.885162
35.94891
22.336094
15.513141
34.088142
29.611635
22.72231
28.550488
26.869122
20.706675
18.825161
33.2424
39.435036
31.925575
29.95197
23.63295
39.47426
22.244064
29.94203
31.39838
17.836468
33.081203
18.701002
27.352505
33.730637
25.395264
16.0633
21.12562
20.448147
24.09672
29.834148
15.593724
30.572916
39.442055
37.59922
17.949167
32.65814
22.917633
26.688656
20.18089
32.429256
29.531279
28.543564
38.17181
18.715378
33.399715
18.656937
30.622927
19.5164
27.053375
25.247253
28.57807
16.880766
18.975693
30.87186
39.450294
28.598722
20.55227
17.298544
28.140274
32.10866
28.82593
39.127544
26.089066
25.469114
15.23696
23.892601
34.922016
25.766579
22.873478
21.668407
18.717596
16.909454
31.6651
17.57325
19.874325
22.4009
40.423775
25.979338
16.051006
22.388527
28.66888
25.729761
15.719815
22.056435
37.769306
25.209766
25.498861
26.255154
28.093555
18.731415
33.620205
37.15761
26.579535
21.364466
38.641327
37.68441
23.418879
32.08273
34.822445
33.459137
33.39645
26.893883
31.469105
28.13468
40.833794
40.482117
34.9788
29.07392
31.055994
30.81682
31.332497
16.573399
25.834703
18.166784
35.336205
40.086067
25.355698
36.008286
39.04487
33.22928
40.917576
28.426725
27.490173
35.75682
18.788887
26.785301
17.085861
37.12885
18.434263
35.67057
38.898632
20.831125
21.665678
18.423513
31.349628
25.175089
35.18332
23.926138
36.850914
30.952803
27.441164
34.73739
16.383444
31.026014
27.805593
24.158503
35.087284
15.695988
31.571047
22.356834
18.561981
30.530983
32.554985
23.288353
25.764296
32.220757
23.715057
28.83303
36.142555
36.982555
37.514618
20.2935
15.961273
35.06068
19.608461
16.206305
37.64668
25.94172
23.82875
33.27633
38.42325
36.050182
23.421968
40.168854
18.513218
37.89431
25.02076
23.879992
38.73566
36.89945
25.930367
23.45512
40.468452
33.49639
39.967495
23.936182
15.626133
27.424753
20.310165
22.592665
22.558401
18.66645
31.600315
27.727278
17.588638
36.94197
23.886606
21.646288
21.28865
27.28221
15.90312
25.745684
21.525356
24.831146
22.650297
35.08829
27.817078
23.739868
18.27769
16.333176
37.601547
26.779848
21.863836
34.42761
32.644707
28.133575
18.846664
20.083065
37.008762
17.713211
28.578707
25.730705
22.750074
19.31295
40.76442
24.387989
33.831673
24.918419
32.382755
39.666973
24.612389
35.57649
22.106237
26.016146
34.713863
17.371449
31.19858
36.21149
27.06876
15.258612
28.405994
34.098785
18.517881
39.773914
25.453138
18.637966
40.4509
17.968246
17.412758
32.411766
36.674866
26.30779
40.438877
33.9346
34.946518
17.736668
38.136528
36.333996
37.419056
35.61587
35.186707
29.275795
27.630766
25.832481
36.75352
22.365545
37.60252
17.01571
30.671116
34.682423
22.113056
33.501514
34.44121
34.588306
24.285362
18.454924
16.667778
30.503515
31.24453
25.389475
18.713556
24.951927
40.79679
37.215626
35.08391
34.85219
29.831514
34.905117
40.32659
30.767897
34.462296
20.875834
38.081753
16.62858
28.800278
37.28182
26.324825
25.294567
37.692303
38.535625
35.8154
26.262663
26.758385
28.595306
22.298656
31.79594
38.627563
24.815903
15.101411
32.809696
17.397974
21.495375
23.423197
31.957008
22.036644
39.637516
26.843401
28.53116
29.686262
32.909412
16.348742
38.038475
17.660786
17.288649
40.531002
32.59399
28.288599
15.475537
28.51327
28.653688
25.701464
38.788162
28.633453
22.020874
28.169376
28.96317
39.947235
26.550545
33.645985
36.052822
22.208178
32.5245
29.816103
18.438826
35.140987
31.281244
33.126366
26.876146
15.544623
28.35851
38.031963
28.434978
37.045116
20.14266
30.006905
36.226715
20.163706
30.817972
17.742178
24.879776
23.774067
29.270144
21.395645
35.873756
28.993145
39.522243
36.759445
37.045444
25.083282
21.267595
23.775145
32.847805
22.039024
15.112951
19.953835
38.27316
26.190248
32.256607
34.947807
27.744268
21.373873
16.49998
27.772398
30.732248
15.009702
31.727467
26.991087
38.377686
27.76159
20.288221
28.553804
25.971489
21.373348
27.074873
21.917925
26.794537
15.73953
22.517939
38.58337
35.520332
29.304382
15.201142
22.23766
16.152336
40.47804
15.351531
28.333729
36.29787
39.917133
40.069744
17.112797
40.472923
22.237791
35.83953
39.83649
38.08737
23.012144
23.591959
31.306896
18.777676
28.745182
22.398632
30.630194
22.83414
21.936998
31.729477
34.61891
15.612508
36.306164
27.134567
32.229877
26.024601
32.783203
32.195755
29.999313
30.470453
28.978775
38.64265
21.56355
38.904327
39.48946
26.638947
21.043242
25.119635
27.624691
28.418777
28.320904
40.79291
20.921585
16.689201
34.056103
20.344448
37.16014
34.51374
19.659563
35.253418
38.49947
23.753166
38.386826
22.107761
36.82645
24.563622
20.214214
22.374287
25.441322
24.938477
31.22414
37.64196
40.800575
40.82909
21.853863
27.921455
23.195534
37.991085
39.55119
32.476616
28.965887
18.37645
24.132612
30.618547
31.130493
22.62821
32.453777
23.91064
22.16358
26.033194
32.87921
25.312922
20.052633
26.14972
29.477562
18.93668
36.744946
22.250935
32.87072
24.285397
16.62305
19.710783
21.229502
31.12562
23.744905
18.50847
35.03559
39.46146
16.242983
22.138582
26.918907
27.47897
34.49702
15.387849
19.131475
16.781788
34.47848
22.675905
22.033348
26.756952
29.0104
18.956188
15.34309
38.489883
15.594581
26.534435
21.844778
31.290136
23.92871
35.586132
28.745422
23.594608
25.269266
33.640533
40.94117
26.782372
35.391685
27.847689
37.077614
35.26552
17.05758
27.45635
19.478966
31.112888
32.619396
28.604294
38.772823
22.418665
28.67615
31.25907
21.35169
23.645355
20.53962
18.945934
30.689392
39.25085
32.67847
35.76108
27.969976
35.0517
38.278618
40.092094
35.488594
16.979984
24.591242
24.453915
35.848392
34.15852
22.83561
27.897373
19.104328
40.549484
28.082075
17.55875
28.694315
34.823868
39.76129
35.09258
39.250027
35.554436
15.228901
35.966293
25.194202
20.352295
37.160694
30.894102
36.408123
39.147408
32.461353
23.04885
20.192574
17.455845
27.840694
34.114395
37.247353
25.181658
23.244467
28.727411
33.45899
34.268944
24.92248
16.406351
38.913242
28.349594
15.075021
30.676548
18.738356
25.424906
24.739307
32.774426
19.137085
18.574295
18.860775
22.049932
16.279886
27.701885
25.339851
28.985277
29.60868
23.411877
35.25299
39.609314
28.539984
18.246134
23.41744
30.01076
24.558216
40.722553
23.002491
20.639746
15.254414
15.880308
16.98553
16.136082
18.99254
18.368174
28.909601
33.533863
20.575035
16.504694
21.619686
21.865934
33.53119
28.194067
35.43827
29.428064
35.466423
36.09913
36.58642
37.261414
17.287432
40.053005
24.564693
36.77338
37.057693
21.333445
33.67917
25.840528
24.7397
34.129078
34.93073
37.22383
29.14484
18.294247
22.081762
15.675125
19.038668
26.319326
21.872461
15.725117
18.5389
34.335842
15.079633
18.817041
32.695316
29.93092
38.39419
34.186436
24.455246
22.563108
16.939144
34.68629
19.095293
35.451683
39.65815
28.618235
16.639338
34.954163
24.775318
35.5541
34.78489
18.651829
24.060307
24.118734
22.42424
24.630587
20.728264
20.75359
20.973907
19.774654
34.462532
38.592003
25.415201
32.28306
40.268658
24.750967
19.2008
31.074057
17.651442
18.580414
38.996635
16.260187
18.952543
22.709957
24.60531
34.456646
40.594242
27.094301
16.356794
22.328382
36.445793
21.682377
38.754005
17.486298
16.561888
25.82162
19.225458
17.610537
23.138544
34.057583
32.46396
36.50895
24.689865
30.600422
34.019947
19.71137
29.169891
26.40367
29.569906
38.15543
25.046892
21.53695
26.594772
40.53722
30.183199
21.33319
35.08023
40.980167
39.78189
35.6522
27.290236
20.81811
18.632288
16.52624
31.66701
37.493572
31.419495
18.439709
18.475294
15.839898
17.958855
15.543665
40.935513
23.345901
15.874448
31.21744
27.280003
15.394323
27.461422
29.563303
18.41842
20.92044
18.255178
39.65652
26.71284
35.454758
16.176117
19.671953
33.740086
23.09378
32.026867
23.369684
34.858227
33.585476
38.58961
15.845979
23.896149
23.421038
18.604338
34.942223
28.349577
38.592266
31.504528
31.25331
26.093836
19.5038
16.945047
25.28825
20.813156
33.422176
27.877617
21.009668
35.098213
38.798634
23.212545
38.715088
39.47809
20.820238
21.951036
37.021835
40.529766
34.62396
35.08064
35.578617
25.647799
31.750923
26.497026
35.050762
26.058563
26.623083
37.74865
36.912354
29.228245
25.092226
37.496296
18.627344
30.940342
34.441235
27.23803
17.913113
34.008194
23.610117
18.070456
40.953663
16.839827
35.874416
17.040667
23.666056
30.88691
31.721203
19.988766
34.422523
17.38661
31.247839
32.68917
24.991907
26.744522
15.051426
21.569561
15.888086
40.408848
16.2818
27.319504
26.799198
21.150425
20.298573
29.296625
26.320415
31.290174
36.20281
21.796186
37.82432
15.604994
26.406448
34.970856
27.976734
30.395054
32.357746
25.47048
37.14221
22.509935
34.558495
24.717506
40.722233
40.00796
31.088905
28.141794
27.330462
21.56259
26.99868
34.66935
25.633219
32.731632
35.127693
22.29266
36.669724
25.769508
29.187498
20.646036
18.515436
19.789783
24.264826
21.167568
17.263142
35.774586
22.300812
17.649998
34.47034
26.179512
36.554844
18.76601
34.45768
31.697088
31.579453
31.499186
25.14218
34.118763
21.812716
26.31999
31.450148
28.174896
20.537317
21.416958
20.77866
40.734165
23.660374
40.326366
19.460718
16.808231
33.5358
26.89944
23.738033
18.434505
30.881008
37.70431
16.35678
16.69924
21.732374
30.680662
32.575394
40.91522
15.338894
22.1482
25.1099
18.282684
15.911134
40.11578
36.341026
38.23914
30.22258
22.246246
37.968742
28.143108
16.203093
17.802708
33.223602
28.938883
40.869274
26.435211
32.73074
39.013752
15.204083
26.762466
30.171015
19.586136
24.928192
28.361462
37.99532
15.652545
31.498041
25.99855
38.62172
16.77318
27.120743
24.718735
38.781544
19.790493
37.0935
32.75565
35.979336
30.951958
16.355282
22.132881
20.392883
31.84775
32.781105
22.298012
24.963367
36.076
23.454334
38.16394
38.912067
21.612722
37.91997
34.527782
17.468811
37.490513
30.252033
35.99581
31.208694
20.579481
27.660654
27.26361
36.067505
17.015957
23.319613
24.883873
19.842491
33.138824
39.11263
36.499855
24.784021
24.670418
34.076775
18.930862
22.74503
20.318281
24.463997
40.466694
35.278873
16.976074
19.546728
21.261284
24.062675
40.26638
23.561293
22.811434
21.071932
36.29509
16.512703
25.164713
31.04362
38.176502
38.95719
34.72138
34.938763
32.140255
20.333792
30.27828
40.35178
32.845608
16.93391
36.308506
19.1128
35.90563
34.177887
26.378645
29.6904
23.56317
32.51014
32.07632
22.426085
28.962595
38.929546
33.85379
19.118153
39.525616
28.939306
33.78916
21.02142
20.566526
30.530607
36.424927
18.940563
32.471615
28.706985
40.564285
33.768764
26.519487
18.011353
38.188843
25.559555
21.733467
23.53526
24.50706
34.018654
36.034187
37.970016
15.550991
25.163942
23.399973
31.40186
20.709532
23.825453
34.744556
39.758503
35.119648
23.643684
29.786055
35.081882
36.93273
19.273304
28.30825
22.132074
35.13143
23.61069
25.90445
17.219906
24.793009
40.037518
17.546373
28.620836
22.478508
31.909021
36.134796
27.440311
30.772678
20.814272
38.565746
31.380846
39.907806
31.497278
18.785421
15.503633
27.875366
36.751392
23.809032
25.782654
18.462523
40.085987
30.743134
29.016722
27.24628
19.513052
26.47804
40.495064
26.736261
20.412813
24.906347
28.704578
35.57778
19.1112
31.275496
34.32197
31.010113
37.5384
27.596846
36.75163
28.620539
19.136513
36.91061
21.550041
28.842962
25.045654
19.645487
40.220284
39.62059
35.521713
36.31377
20.065075
21.185371
36.525272
21.34718
40.054546
26.002611
39.47002
21.005617
20.994871
22.587334
19.230354
29.980434
18.676579
16.119732
31.681618
38.56589
29.136375
29.570202
25.282883
37.086792
21.683905
30.390167
29.51085
26.6473
21.924953
29.733124
40.314903
21.205465
35.65519
31.641022
21.187084
37.47974
19.203592
36.664288
19.927197
26.25849
26.572319
35.97955
25.731918
17.310198
20.549828
38.227272
28.848291
26.281696
15.866641
28.012207
39.705666
27.72363
15.418245
38.292862
20.176577
37.696815
25.597158
32.731766
22.415833
34.29014
17.856321
40.486588
20.588387
36.820053
16.768492
26.892868
25.720486
32.483746
32.05146
37.022312
37.894814
26.802408
29.296427
29.196264
35.059246
39.318096
17.467007
20.192242
27.830114
32.697063
36.62886
39.1021
30.84477
31.644382
32.825077
40.583557
29.45447
17.849194
22.529953
20.592545
31.847528
22.55682
16.693975
30.592089
39.05396
33.303436
40.03529
29.704044
18.70666
31.85098
20.938082
28.30328
30.92053
34.4244
19.0859
19.149582
32.199753
24.980291
29.787924
39.310772
19.894777
27.425486
31.848892
29.851187
19.404354
31.456007
37.788353
28.54294
15.054373
19.001356
15.232581
29.703043
21.38399
36.135994
26.382545
20.667658
32.430916
28.759346
36.603844
18.38551
28.531565
23.34761
31.389706
34.145626
29.13805
40.645134
37.215603
35.550335
32.202904
40.29
32.134243
22.502586
17.793652
36.058006
22.35216
28.197433
27.773275
22.661127
23.484262
28.890696
28.61888
23.85098
35.700287
33.56346
16.749695
15.95485
40.557156
38.509422
35.09694
40.91116
15.953793
22.342585
36.071827
28.37336
16.350128
33.956238
17.574343
25.515568
30.159449
27.559683
15.23431
31.80027
35.05348
37.07743
33.687477
18.15785
32.812054
20.916353
22.363293
35.779705
16.304388
31.389359
40.997314
33.041065
22.206451
18.929993
36.88001
35.946682
30.139128
29.640451
29.715067
15.931963
16.054333
23.68629
30.884195
34.854076
30.9014
37.584263
15.901583
24.57201
28.873596
33.525425
29.8902
27.64154
40.864693
35.5339
24.02332
20.340492
32.158134
27.482307
38.04851
33.49163
26.82642
27.768152
38.247692
18.365004
40.835808
15.801144
31.48563
26.318474
19.4317
34.359577
38.36063
23.774641
34.02244
21.344673
21.894999
40.634323
17.484526
36.494946
34.68911
20.291208
22.579653
19.218359
17.01186
33.039238
32.00421
22.858274
22.911518
23.853737
36.48435
24.429853
23.10484
22.279278
33.284855
31.146803
20.13867
38.471664
19.517641
29.904066
33.117058
23.318481
38.715706
33.290222
38.14822
18.001945
15.281069
23.67413
28.589588
25.369946
39.620167
39.44346
38.155376
22.045425
21.047876
34.56858
30.000101
36.331337
17.871311
22.32333
22.00265
32.657806
36.457207
32.21506
28.64944
40.570107
23.5417
23.959383
31.15149
23.070478
34.558987
33.680885
29.72902
35.5038
31.3453
33.429237
39.358627
18.116577
31.217352
21.570736
26.701801
32.92066
28.12935
36.648727
17.419914
22.55752
19.380384
38.90182
19.6297
21.485949
36.173943
21.787186
38.864464
38.0054
35.224007
26.576847
40.580185
23.379232
17.557173
16.378126
15.981943
31.636501
31.67784
15.775036
25.744951
20.507952
27.343645
30.69571
40.065807
38.391266
21.340805
20.08158
30.403408
26.242617
27.854166
22.467257
18.255268
38.856018
21.294352
18.67579
15.363853
39.118904
30.774412
30.49212
35.858852
15.521793
40.82104
38.3983
26.015108
37.451996
18.360409
33.237263
19.542326
24.615501
21.536354
37.01757
31.621433
24.308462
37.49862
30.979816
39.263824
23.198843
35.94153
24.51608
24.993567
34.780994
34.87847
24.566957
19.33896
29.730206
16.905212
33.71648
27.168642
24.011312
22.035097
38.363403
27.518795
32.784904
39.081768
26.068008
38.231853
28.90655
21.520163
29.456848
29.46338
31.129038
21.77405
32.9135
33.91265
40.99443
31.958527
25.691631
30.493807
22.842327
17.248415
33.05733
36.088276
22.362572
22.24859
35.600983
25.005447
27.685183
19.00987
35.95451
31.827467
35.127167
23.664148
33.80813
38.425312
25.405365
25.045063
40.341393
16.10714
19.37644
31.115515
19.966587
33.09626
37.179535
31.541012
38.62814
23.834845
35.034126
29.32779
25.809965
27.970911
37.885
29.087349
35.873405
23.309832
21.588299
24.194033
29.381546
34.498062
17.396963
27.869896
32.661446
17.755522
34.130894
18.061192
28.014027
15.584423
21.606619
40.863373
31.702023
32.056202
22.653175
30.206568
34.12966
29.01447
36.355366
38.531097
30.473392
32.330765
22.04254
36.26266
24.431187
21.211256
25.980476
25.03941
20.72871
40.476276
40.72589
18.848175
35.55376
17.720978
28.667545
28.494728
22.186134
36.314228
34.404953
16.163027
33.748314
33.304092
35.30498
38.210957
28.222963
26.472252
19.828808
35.805153
24.666569
19.01583
35.035915
32.515133
33.894123
15.63412
26.048985
19.56692
17.81806
40.15889
19.202795
39.099075
37.0953
38.290848
29.102385
25.468977
38.769455
27.49115
27.87999
20.424885
40.191025
25.625696
22.567404
19.789341
24.656502
36.57119
17.689732
33.192062
33.928085
16.665922
18.938519
30.345533
17.07893
32.624428
38.09669
25.37412
29.954456
33.33404
17.264666
40.78758
32.94856
18.812738
39.876488
18.832424
32.76419
37.53144
30.996738
26.159683
40.361008
32.290283
23.953493
28.015158
30.38851
30.887184
16.48949
16.488401
31.061243
32.928432
23.303175
33.749153
37.653408
26.304733
17.103182
29.655111
31.573338
28.092567
15.114356
25.632448
24.32412
16.93952
38.350258
33.31059
31.56471
29.353558
22.90666
29.035345
34.956726
22.740065
34.0324
24.089523
22.51518
15.5167675
24.798475
39.217823
33.77723
15.18554
25.813213
32.882763
34.261143
30.851357
18.620733
25.571093
28.408411
21.352535
21.171957
27.425123
37.485176
33.90272
29.071848
19.49108
18.764767
38.94388
25.183485
27.95654
28.721413
28.770891
30.609072
19.891727
25.935873
24.412277
32.069878
30.21442
22.946938
29.23765
26.27165
28.86584
20.378431
40.81166
18.968914
38.514977
23.329594
36.625248
35.131023
16.501348
17.23738
34.508965
22.864857
24.181347
18.202448
36.769493
33.56343
36.360767
15.116307
16.389202
24.1267
21.076357
35.835262
27.990017
32.04021
17.631678
33.117558
25.686651
16.599333
30.497684
34.073277
20.440573
33.63111
40.45605
39.47227
15.07495
26.692848
38.193275
32.41361
31.722116
16.915928
35.446213
39.58072
36.1489
32.415333
36.754807
16.589602
32.141556
40.49979
38.89525
25.783228
18.930815
25.79445
31.14702
36.23339
33.498905
26.827374
35.689713
17.682
31.534231
26.633152
37.630726
38.687054
27.785732
37.491394
40.432396
38.334152
40.617756
18.044762
40.8373
28.532646
34.67763
38.730675
33.782986
34.136295
19.761906
40.712845
36.252472
30.911366
29.203615
34.3131
27.52446
38.720932
37.40172
39.321083
31.86725
19.202282
21.47517
19.498745
18.362974
29.685036
40.44798
23.09852
19.253754
26.130827
20.857836
22.27858
38.969097
25.471056
18.229845
16.925478
34.823784
39.87743
39.46809
36.583927
27.268187
40.22075
15.891701
39.94545
22.527966
21.256573
36.378365
22.662096
21.487722
40.922066
18.877045
17.12829
21.753225
20.536617
22.413021
26.313473
24.969414
31.669449
22.632223
29.730005
40.67648
40.97066
31.918047
33.18535
35.253883
32.357864
36.162834
17.09447
21.832273
30.608786
38.387352
38.817837
36.445763
37.630836
34.5756
24.742374
27.152262
26.461983
27.328434
15.637178
20.366964
22.402828
38.238518
20.192715
22.234274
39.588078
30.25022
36.59175
30.506014
40.7763
34.692123
20.462133
24.098814
30.16997
34.155945
15.62607
21.271181
29.673697
37.94466
33.687435
31.190807
16.156473
25.423819
39.68815
33.55528
27.004747
40.283966
25.81659
18.884394
27.536123
17.458336
37.46546
24.11991
38.689327
34.238895
25.81351
30.248583
40.8142
21.995031
32.544888
18.80698
17.356241
28.823118
21.321968
34.331585
34.763348
34.441475
25.191881
18.085314
32.038223
16.694027
31.233883
36.721645
29.018005
32.13736
35.444267
25.940134
38.68344
37.35967
20.107391
23.642155
25.583105
16.916435
40.715874
33.61329
19.803888
20.06644
27.879932
29.338902
39.827187
35.853172
15.605393
30.201954
20.08087
32.500374
36.821686
25.017231
24.030382
16.576902
28.10576
40.623714
27.248005
33.934856
40.1747
36.086952
39.05748
40.036278
40.90933
15.955759
18.071976
31.957544
29.422985
16.972797
22.22646
16.096888
35.00421
31.656036
27.751392
40.40935
39.6389
33.24824
39.942738
21.854778
39.25706
33.674202
29.554031
22.66825
34.851162
33.3505
22.1695
21.048763
20.177608
16.960129
16.01282
36.910744
19.879745
32.634514
36.30441
29.454271
34.56029
19.377813
29.500822
26.48383
17.583055
31.023746
32.53296
29.6416
40.198246
22.532505
26.505594
31.020231
24.962597
32.015583
27.228874
36.98134
40.36503
39.518837
38.42316
40.42973
16.070534
17.299158
33.471786
23.279821
22.259329
26.097809
32.19199
20.399408
40.165413
23.74343
16.252542
34.92737
40.108006
38.310402
24.58721
20.535631
28.061346
34.01329
26.436455
16.942179
20.122784
26.03565
22.495462
22.780535
18.116024
22.571577
24.054787
30.792662
15.00588
36.501
17.990612
26.2359
37.8028
37.3247
25.994806
26.38102
30.199896
22.252724
39.530704
39.027157
27.312212
21.669823
23.658699
25.07089
32.577293
40.594265
33.096443
18.34037
16.128242
24.201298
32.661694
17.141888
30.764744
26.000254
29.591496
40.265022
16.0246
19.834246
19.139639
27.553825
18.797699
39.51408
21.324974
25.57539
36.426373
28.603039
25.736446
30.40343
23.30045
33.63676
16.896362
18.083319
36.582355
28.892544
20.841602
22.95641
32.887028
23.714987
22.303236
16.695242
25.493341
26.359903
15.148151
30.637606
36.978245
29.336113
40.592064
32.806213
33.04172
22.304688
34.101406
28.862127
17.730164
39.73791
32.872414
37.163822
20.267683
21.745213
35.308735
34.090218
31.269354
29.740927
24.01488
38.834717
37.23733
19.958868
22.480692
24.988691
26.930214
33.211205
22.853035
25.406664
33.448044
16.744228
15.973867
37.08176
21.689676
27.561247
31.20972
20.058844
32.21636
36.16278
40.50571
26.774044
31.494621
39.29698
32.567993
23.633268
34.993736
32.018093
37.111675
17.128576
25.677294
29.118557
39.707035
32.340107
16.055475
33.830204
28.914967
30.282658
21.154058
31.582798
27.123352
16.229734
36.50811
36.563072
18.77926
19.884308
23.602781
16.835102
22.557547
36.06431
19.060616
27.862892
39.41463
23.432175
23.314163
40.41862
40.447002
32.72171
31.504707
33.06509
29.00706
32.901695
25.91234
31.668514
40.62479
25.76464
35.34956
38.727795
17.941805
24.54033
26.640057
33.69911
24.08509
34.307674
38.556263
25.94962
26.69097
23.214663
25.40373
24.491756
20.135468
27.81512
37.81732
39.229565
17.435553
31.192207
30.273705
15.091221
37.75629
38.962482
26.326504
15.126841
40.49232
21.740713
29.635033
35.418385
34.487617
31.194313
37.484364
37.478416
21.115795
22.427792
23.684065
40.707127
40.66387
30.111294
19.484753
28.432144
16.745665
33.503662
30.466204
38.073116
37.31659
20.319374
18.227606
23.05324
39.269974
27.249857
40.150066
37.22243
24.565588
25.873734
34.503357
23.761929
25.374342
20.67666
27.733458
33.8077
21.818836
18.950417
19.894258
23.36009
24.547564
38.452137
36.876385
32.43971
33.601368
35.878437
40.337933
37.904713
30.813898
23.445526
16.056463
18.862127
21.333519
28.165176
18.79847
23.185942
34.762356
18.767832
30.742044
31.297358
31.878834
22.647865
34.990395
23.067575
20.943289
15.692417
25.77833
19.471123
16.181925
27.403996
34.600773
20.44778
32.202602
38.338417
34.681828
18.323765
21.816622
36.55344
16.95484
34.09788
39.02391
28.499788
23.038439
25.915972
19.764696
25.58512
34.57037
23.136997
34.448933
36.502777
15.700495
21.536776
36.245514
17.341005
20.546211
25.400352
27.64644
34.474674
19.978062
20.52165
18.916868
19.2903
38.23019
26.459099
31.7001
26.906614
17.519814
16.788485
17.267384
29.22658
20.111782
24.549412
17.685476
21.893272
18.078802
34.59927
15.520724
27.020725
19.384802
35.168728
21.606546
30.932232
18.858412
23.555328
36.87197
32.562447
28.125463
19.59688
25.262016
37.66587
31.63385
39.33383
26.376467
30.523237
34.531105
40.100002
18.611765
38.44857
34.344433
15.173513
40.311436
37.07353
36.164906
15.074958
33.71372
30.122036
22.352043
21.617296
28.330692
18.186897
18.651865
39.89216
24.801481
34.881588
29.061005
20.519726
35.232758
25.664104
19.771433
35.69453
21.573004
24.616165
18.09475
23.826962
17.662683
39.509823
15.392022
16.910507
27.260654
29.60495
23.72453
40.137177
37.56792
25.79481
20.192774
38.73878
23.552946
20.95332
38.745552
30.549164
40.72851
23.63638
22.617853
36.362713
34.93828
20.651028
39.495773
23.806955
21.18194
29.429972
30.008612
34.15213
29.540989
15.635377
24.212751
27.24828
26.862955
24.96464
38.358913
39.610382
38.020008
38.742203
25.42378
26.564676
40.278667
34.555244
33.63895
35.32445
20.600475
31.927504
37.56469
35.881042
34.53923
24.824203
34.132824
20.675936
32.808582
23.642496
15.52259
36.162476
17.564442
39.265568
33.73528
35.570663
24.97998
40.744934
28.297867
36.45618
39.786533
30.224285
24.652822
26.944853
21.11207
39.829502
34.48077
30.976284
17.169523
27.423416
24.454575
23.30555
25.130465
19.360065
26.737883
21.539354
33.865383
40.672146
38.918182
23.063168
23.139942
38.48664
25.003773
21.358433
27.327366
36.887394
28.616081
22.913977
40.73024
30.92985
28.573195
40.703415
27.200802
26.061827
31.68741
21.030315
38.90692
36.81571
17.789076
35.435562
19.811678
37.31111
29.74094
18.316362
36.717735
25.843525
24.521679
39.923977
24.573292
32.633183
34.33426
21.487272
23.144672
25.669764
37.13417
36.35185
39.13132
20.512386
19.974602
32.229485
33.332108
27.890642
32.13001
28.920292
36.567616
40.001255
38.086563
39.200024
16.721302
34.50631
15.177338
17.95755
22.482998
30.412773
20.89207
36.1226
15.161611
16.249403
38.70584
17.44145
36.279415
24.255932
38.64788
17.738327
31.568655
28.660788
39.77124
31.94284
39.46176
15.547371
38.18595
15.868866
16.199837
36.29532
24.38283
19.497883
30.279621
32.13194
21.201954
36.349804
40.117447
15.940394
38.98934
29.416983
28.529345
37.144974
15.237306
24.092089
29.909727
32.23017
26.318426
34.53818
22.836676
19.249123
28.799963
16.029331
30.24018
37.538197
33.265114
23.932804
31.240294
39.77851
32.569336
24.208773
17.295416
38.531307
23.024513
18.571224
16.396584
37.423073
15.130624
29.783754
34.701904
30.267586
32.16409
16.956482
27.225914
29.585836
38.18387
33.16548
25.98188
15.221211
15.830848
40.233635
35.320766
30.046034
40.67307
34.091908
18.118767
15.116998
30.78869
36.782635
32.936028
23.060772
31.780645
29.871527
17.3024
15.957425
34.48131
36.80252
29.881723
28.53814
19.232561
22.559944
24.42438
27.125004
40.815895
17.89476
35.138554
39.41452
39.859447
32.32695
38.39384
25.942759
27.862974
15.153556
37.51651
34.868958
15.859005
16.772
25.844002
33.575665
39.16771
27.770926
32.176888
19.507357
24.705015
18.445833
24.299738
28.65582
16.86797
34.664352
16.338036
19.149351
17.148281
37.33613
32.376545
35.514217
29.314445
22.134834
39.985104
22.350647
26.254782
15.574904
23.081192
28.401861
28.38819
37.063156
39.904163
19.293646
18.926388
16.12559
32.78436
27.583094
20.210825
25.652159
23.860954
36.179173
29.849424
33.707474
24.935595
15.683929
31.442787
30.222862
34.244625
17.752113
28.3164
26.715431
40.090878
37.178204
39.864883
23.072216
28.99671
15.09377
40.86623
37.392673
32.323143
18.394335
18.438486
40.900322
32.145752
24.313766
19.188232
40.014385
20.58603
21.925571
40.53969
15.814929
28.767778
24.274282
15.235258
21.340014
20.101189
17.826433
36.56271
31.420984
21.693022
39.97947
35.99122
24.092075
31.33949
28.47828
20.587885
23.003124
23.779161
38.762825
22.838346
20.719238
32.666378
28.506712
26.309528
27.308828
26.071405
18.905355
16.969515
37.201538
33.22175
27.633703
37.919025
39.94013
40.66972
32.817356
32.790894
17.155508
15.10462
16.847204
26.138401
26.861628
37.62353
23.416563
25.760294
40.99706
16.432953
36.771084
24.099743
19.03268
17.674223
34.835575
35.606476
39.4199
15.348865
35.618195
28.265747
17.671518
27.165676
39.091274
20.37477
18.947327
35.539623
22.609388
36.086716
16.159159
31.943268
30.849117
21.244276
29.815197
16.344688
15.241262
18.58932
35.09088
15.561543
34.91508
30.562023
22.943878
37.019123
39.285507
22.592443
21.483118
23.620949
15.588075
34.039314
35.25701
35.223694
30.902613
31.7454
15.643533
38.553875
21.505651
28.55565
31.104883
38.311974
16.752756
28.083862
33.712135
17.680382
22.115812
31.5155
34.050217
34.48473
18.486732
26.298798
30.38123
17.853865
16.407715
26.203218
19.77422
21.381973
18.499666
15.413736
26.801985
24.517021
39.03412
28.08149
35.360672
22.182905
18.330366
35.065666
27.185493
19.48839
33.45835
21.478523
28.71588
21.784136
19.58913
22.084887
30.10609
22.299803
36.258644
16.609373
22.3823
16.126442
23.79679
31.569124
31.01474
28.40505
31.222609
15.376683
24.503668
36.24042
24.01783
39.14722
22.97034
34.080082
34.36469
18.896149
38.199425
15.081314
19.670397
19.627708
35.09672
32.335026
15.499414
34.192028
17.106236
21.723312
40.39598
15.727588
20.773167
26.658396
22.503244
18.008022
37.344475
15.983715
15.371616
21.076616
38.066277
37.913734
22.897814
40.1788
26.667406
25.047163
32.9474
28.192425
27.410967
34.209045
23.887417
19.507526
36.050957
38.160336
33.99212
26.621769
32.048424
32.059322
24.483515
29.594675
17.481825
39.967392
16.829868
28.943235
23.22883
25.662468
35.849106
20.563442
28.201773
37.556454
18.150358
26.8267
32.686703
31.608946
22.495745
19.127094
20.16592
20.787483
24.77584
19.844875
27.396568
22.845444
39.466034
29.943531
17.972822
35.97183
29.667395
32.232235
34.11691
26.212885
15.1344185
37.702408
39.024174
39.473774
36.05341
39.28664
39.730072
40.3791
39.75906
21.89009
26.171938
36.304413
28.06307
17.608992
31.886072
35.486454
24.417625
32.677822
17.610706
27.278103
36.747654
27.876183
30.957973
16.334743
19.459822
18.878315
31.273125
22.801897
20.872465
37.342712
22.81679
33.419724
18.109426
15.416185
31.48617
23.868206
16.362225
27.766232
20.433613
32.647484
27.348701
30.257465
40.14611
33.321022
26.782679
30.952372
20.816849
39.04508
24.717953
17.24355
19.169964
36.965996
17.741312
26.614122
20.292337
32.28768
24.163067
15.77486
15.481225
30.594746
20.589922
33.741123
23.63418
22.36256
38.563835
24.789572
26.287754
19.4936
19.311882
31.17414
15.054095
34.190224
19.07587
16.982674
36.909557
27.507206
28.976925
25.58006
21.557102
28.523035
39.918938
37.71072
39.91431
29.22723
26.646229
19.522697
15.67135
26.941586
15.744517
27.52755
32.818455
37.37649
26.11065
28.824766
35.059902
39.269176
39.215393
27.796295
24.11164
37.95887
22.344868
18.916277
19.0223
22.224705
40.930084
31.32302
31.86234
18.245234
32.060326
26.364704
38.393707
26.63425
28.324966
20.457249
39.66247
27.165771
21.2397
36.282238
15.849432
21.021704
34.68683
39.604748
37.168808
32.179
37.03578
24.8054
16.122688
29.89873
33.908737
25.597841
18.999004
19.187757
35.917526
36.3424
34.14335
35.574383
31.122004
35.868576
30.240059
34.57252
24.44612
15.78345
35.605553
34.804695
25.837055
38.870083
15.327002
30.912338
17.563856
32.36946
22.971949
24.102543
18.726019
23.691385
39.549644
34.463703
27.77866
30.414328
36.422382
32.028084
31.679863
22.311022
28.945192
40.967655
19.127024
16.576206
31.754892
37.280132
39.272873
34.43477
26.834522
40.855476
26.298233
39.87302
25.746746
33.908714
28.267292
33.362797
21.75997
35.423214
21.802628
29.137558
21.983398
17.469183
18.290932
29.831526
20.082405
16.045437
30.566772
27.107462
16.66315
36.438145
39.32058
21.275558
28.995424
40.998447
35.838287
40.845406
26.385332
17.711575
16.10399
24.45495
38.214466
30.963322
32.783215
34.68479
34.429806
17.50535
36.153305
31.893154
17.098671
28.77908
20.658688
26.396275
18.535627
21.478611
28.442675
25.07095
28.4633
37.51627
16.943722
19.770414
21.686674
36.40018
18.44294
27.82166
20.8405
39.44132
27.310968
33.311794
25.91201
26.178398
25.62614
33.87297
37.44625
24.941925
15.8222065
23.23988
19.608873
31.57467
28.072702
38.980698
26.61133
22.98384
30.230404
25.49198
31.396032
39.42105
35.314083
24.599735
30.93402
27.169327
19.771173
15.923571
40.005356
31.662142
31.043724
32.537594
30.91249
29.967604
33.326397
34.401337
40.21942
27.041693
21.82907
34.53578
25.314579
20.187626
36.34288
32.984207
31.362923
38.75411
18.457535
35.224327
27.0428
39.26346
21.388802
32.887753
39.35575
33.881287
17.04917
21.394833
23.752436
34.42261
27.730804
37.427166
29.835531
38.935013
27.568865
27.037283
36.98046
33.3076
29.814531
38.634243
18.357409
22.325274
21.870918
18.085976
30.04317
27.121058
25.03141
19.743595
40.178944
23.074774
17.908745
35.319862
19.460274
21.864775
33.654507
18.243458
38.637886
39.600002
29.242573
26.362638
23.163307
21.742853
16.326262
34.686367
23.63066
30.879122
31.477924
26.227856
31.246155
27.299393
32.980904
20.95505
26.199375
24.827013
25.76769
26.3544
35.51549
33.36099
37.584408
32.17882
31.735168
23.197788
26.010616
22.577648
30.598974
18.354342
35.574707
34.99582
28.805687
22.835093
36.879017
36.981586
35.868977
27.069313
37.38511
15.356345
31.11453
37.59047
18.308529
19.077246
37.9397
39.437706
27.933592
21.562695
40.600475
37.730167
20.582695
32.252716
19.995443
26.398136
22.460878
18.740725
30.184254
16.150621
30.645233
19.940104
16.70787
28.417246
25.600098
35.438507
31.170767
33.223
38.772766
38.444714
36.000088
20.737623
29.060795
23.54736
26.814478
20.587067
35.24083
29.881765
33.415333
37.922707
33.810146
29.240593
36.05583
40.714703
17.116007
35.165977
27.348076
22.769009
37.13419
31.125256
23.936497
15.563406
39.806934
37.49932
33.89537
15.155945
35.461838
30.302204
35.701305
24.14005
16.507067
37.30224
26.586267
28.903622
22.334585
21.529835
22.094564
39.295254
15.161963
30.033678
28.74707
37.208847
19.404577
27.186724
25.858717
34.568626
15.093917
32.845222
36.76028
25.729723
28.844002
18.228573
27.943037
20.40527
15.916757
26.514637
24.975039
26.889088
36.04851
20.8347
32.43024
17.563766
19.873615
23.60415
29.526846
29.467163
16.01753
37.939434
39.688805
34.03603
39.230488
38.288784
28.824429
28.05368
33.294273
19.343697
31.758797
40.299313
26.858385
25.80003
20.961498
15.429835
37.848244
16.60212
22.479053
22.220673
24.6369
21.930204
28.811275
39.450348
31.783056
15.380951
23.363483
15.434204
24.812
17.542774
30.061554
36.49596
40.25241
36.48214
16.734344
31.51139
33.94085
19.53399
23.948133
18.0667
28.466976
37.22884
34.120285
26.744837
29.556492
28.191116
36.944424
23.586172
17.175041
35.407692
28.426975
18.86572
26.185171
31.392582
32.165047
38.987244
31.499754
26.463173
40.88812
21.515284
31.849157
18.595358
31.741224
35.149414
18.515705
25.139341
26.304691
18.790644
20.687836
24.054897
39.925808
26.758167
31.447727
23.264275
32.58018
26.68529
27.829895
33.222908
37.185707
32.656654
22.874697
25.87253
33.059677
34.744507
37.149445
34.768303
36.039562
33.25998
25.821148
22.36091
16.680605
17.756107
15.03883
39.166645
39.898495
27.102423
26.119514
15.872892
37.442894
31.796743
33.831017
21.30337
38.667686
35.08793
31.92582
32.60699
35.20645
25.454119
19.00428
37.03611
25.366652
37.51413
20.771622
39.24438
26.323692
17.545427
38.802105
16.161459
24.526007
17.44026
23.035019
15.191118
21.114979
25.152298
33.401012
40.73146
25.618525
30.469236
35.213547
16.83021
19.694765
16.292614
19.259209
26.16512
33.282314
19.51426
34.881756
25.478926
28.156254
38.049458
16.778816
17.1003
36.593933
35.6202
37.716297
27.246597
17.622402
27.47752
21.914513
28.431278
18.149214
24.41013
39.47133
25.488241
15.171058
15.107324
36.861404
32.477276
26.20967
34.227264
30.287054
31.04934
28.142063
33.36749
25.45493
23.72728
27.67225
18.542677
15.214196
29.997051
29.83412
36.745434
29.415606
21.106499
20.120281
23.699043
33.337227
39.033188
33.09925
17.00679
38.071453
30.209698
29.713387
25.560793
18.379171
27.284288
24.842646
35.293823
16.690876
20.446796
18.174212
37.140915
26.170782
35.66404
34.935715
29.423223
37.05884
30.545992
40.62977
23.774778
34.866913
25.503435
21.550173
15.20353
18.429138
28.359747
40.5652
26.911247
38.292896
34.64393
15.420946
33.092533
23.485582
15.418949
26.6478
20.091446
15.303737
29.688915
36.04573
30.014935
32.444904
15.180544
30.679052
15.185416
40.538933
19.608854
27.329008
28.660635
22.934208
32.413967
32.432564
33.457066
28.455744
40.395336
40.67832
33.08388
19.775747
25.67168
17.635666
30.527643
39.023712
16.959408
16.06066
35.923664
19.311888
19.289127
29.8525
26.808104
25.963253
34.969498
26.0267
31.06563
37.403038
19.859425
31.526413
25.47065
20.911114
27.8242
34.2108
20.065825
16.731356
32.628086
19.939455
34.529778
37.395546
22.455267
20.314474
33.156616
37.543056
37.75312
18.346819
22.103119
25.00397
40.156128
30.081228
36.155056
34.462143
26.87578
37.044003
30.422428
28.625942
29.131212
27.270525
17.09403
22.508345
24.947308
27.624542
30.664974
38.15429
29.961432
29.138712
32.89651
21.952114
28.756954
16.18609
17.175707
34.527153
27.68109
25.434727
28.91319
22.13944
34.106636
35.742687
40.150463
16.493793
16.661575
19.418365
30.643852
18.919348
18.077478
30.601007
38.35056
32.98698
30.997116
15.90898
39.462753
36.806866
35.33361
15.958416
15.919059
18.484741
29.587934
21.872345
36.668354
27.514278
21.9085
28.480644
21.869041
15.244314
25.616077
27.553576
38.677708
36.983475
24.419136
34.116875
21.314178
20.791101
24.609297
20.663857
22.685808
25.552202
19.153397
17.910091
40.011936
31.545439
17.788223
40.628838
16.610216
32.38707
25.975878
19.060444
34.289703
27.970007
23.892187
26.406473
29.641277
29.816057
32.49754
36.999523
36.924187
17.120665
23.179
23.882122
26.21824
15.693382
30.45444
26.733274
18.044325
20.98355
23.793982
25.348764
22.75161
40.42954
30.740889
26.211416
24.628134
35.48125
39.20358
20.080078
28.911991
27.819307
34.042347
22.981169
24.663681
17.530851
21.888857
35.504246
29.805813
35.300526
18.513365
31.883072
32.544586
16.036667
38.9942
32.98627
29.858181
19.7765
38.445854
30.046755
32.770336
23.20049
20.126535
22.726631
29.723206
27.634796
40.37307
25.944437
31.521685
39.03215
26.000345
40.78408
22.042109
18.09526
23.554543
25.759974
26.181543
16.443203
17.12386
27.730402
20.369411
17.520088
34.287308
30.831272
27.371572
36.806572
32.22168
18.944935
38.08754
34.818726
35.988758
24.423883
40.57485
32.364925
28.58916
23.056686
18.630138
32.58045
15.496396
16.593592
24.914907
16.370636
21.073874
37.54184
36.834404
21.067398
16.529837
40.395782
35.161472
20.34012
18.879456
32.98446
31.742786
36.700912
31.760332
25.199448
31.533163
36.305367
19.887163
30.008236
27.674303
33.17396
29.43317
25.363619
18.367538
34.445454
16.690437
35.387043
38.885864
31.822477
32.98823
15.034013
35.228745
28.98092
27.037786
26.342161
29.643837
26.388428
22.624046
26.317759
24.523094
15.7137375
37.87931
22.533932
22.026224
27.807404
32.25061
36.59397
22.192917
27.095722
18.712185
31.755716
34.275738
17.153582
15.776341
31.218014
32.558945
37.20823
36.420395
25.837912
33.024094
23.37482
25.174444
24.377235
20.881569
27.535885
16.304052
31.769865
37.20782
28.95075
27.273996
35.35602
21.71131
36.917217
26.493587
39.547516
23.99593
37.106644
18.721088
23.96796
29.598747
25.554966
19.444168
32.754528
21.549732
16.71588
39.05532
29.412922
21.23429
39.468918
24.705597
38.38478
25.935102
19.523819
26.346964
35.316887
22.588041
24.274029
25.663065
20.913996
36.007545
16.825916
38.340103
26.212337
37.12013
21.666706
33.44402
24.128311
38.590347
23.232853
16.547083
31.216986
21.631754
32.502014
19.686499
34.71765
16.766119
15.65552
19.23954
35.168697
24.827318
32.84464
26.364214
36.141655
34.602077
20.14268
35.78138
33.974407
38.15791
37.876423
23.363726
25.776014
16.129318
17.70407
35.24896
23.430826
25.016487
37.04329
27.008987
34.84701
38.89648
28.75183
24.783846
29.274769
28.855051
20.324331
37.228607
15.162084
18.918009
40.292995
29.623388
32.720898
33.294125
36.005924
33.561104
35.144222
36.337433
18.505915
17.2545
16.24473
33.79486
18.843674
16.693512
38.17801
35.625885
21.833408
28.635899
22.868662
32.96409
17.994946
36.728596
34.77511
32.636234
20.225422
31.934145
24.708893
16.062595
30.60489
25.876041
20.567053
17.333109
20.664068
34.718792
27.040998
21.786972
31.428684
39.762894
36.63308
21.519144
39.603813
35.06195
34.64201
39.895332
15.372855
36.058563
15.170895
21.377752
15.459635
22.487581
33.666786
19.747221
32.33849
15.609756
22.018103
27.152739
20.775965
38.215843
18.816502
20.328016
18.24912
31.780554
32.032215
16.78506
22.209246
24.64779
24.057076
18.828129
38.646133
22.193045
17.836935
26.827074
28.95688
32.53573
17.645306
19.347345
33.734486
21.56376
20.942621
18.454527
20.765411
34.784573
22.720592
17.79459
32.261536
20.831263
36.748703
26.896671
15.150745
32.329483
25.220003
35.55344
40.11186
18.27017
19.435863
17.104767
15.963212
26.035122
17.374525
24.983696
38.00077
34.786953
33.255795
18.979301
33.93029
33.06181
37.544296
28.329338
35.149456
28.092796
37.22637
29.976233
38.30981
20.643923
21.650652
16.103142
28.324446
36.94887
18.740026
37.41259
17.286448
26.725855
15.96277
33.518314
34.124302
35.17927
28.09312
25.291712
19.24429
15.400791
33.49676
16.037432
30.896317
21.647003
36.44418
18.968445
27.548347
35.597694
38.78498
19.60899
17.166016
20.88826
40.20877
19.47465
21.967773
35.96174
32.2734
31.661905
35.962288
39.600372
35.398804
23.825266
40.373608
21.373573
30.104847
17.428259
20.920967
30.678675
37.914154
22.125294
34.843895
21.052652
27.545918
30.664581
28.549667
26.997663
20.294336
24.798
24.808937
20.69001
40.815372
16.342045
23.536688
15.631712
31.938072
23.754633
16.369549
17.555769
16.571842
31.375803
28.48678
39.710674
22.298578
31.825996
21.421068
26.026672
28.818651
29.963856
25.966637
33.605705
37.062374
39.27616
22.715982
23.478989
19.483553
30.605705
21.242857
21.64056
33.819416
18.71866
23.497974
40.992085
35.431217
32.371147
30.595251
17.023766
26.232386
38.255447
40.840168
37.807976
23.166267
16.489489
26.588257
30.19689
24.212921
29.158949
38.32043
36.99216
16.984678
37.829514
34.18332
30.294277
24.11263
34.917526
34.166515
18.24109
28.831352
27.340508
32.075
21.909546
23.4367
32.96465
29.50386
32.281517
20.621685
25.02467
22.133678
15.864161
15.087866
38.91209
31.83888
19.807117
34.284935
35.511173
38.33761
17.173393
26.64862
39.607487
39.41051
20.397623
15.2872
30.802273
29.077196
29.90498
16.70943
35.836506
40.542896
33.36583
15.891831
33.261665
21.214256
33.125793
18.75079
39.99004
36.631935
20.977758
40.91508
36.41553
18.779097
18.631844
19.586914
36.51663
25.89861
30.991325
27.23479
21.636456
31.68824
31.656914
27.878895
23.480482
21.54179
31.958776
38.809975
23.280643
38.365574
32.25514
40.725124
26.045439
28.423435
23.238235
37.46904
19.348652
30.649767
25.55286
38.836815
31.205101
38.918934
26.15969
26.224535
29.240038
35.87074
31.56505
17.306387
33.579506
37.065414
37.290684
16.372164
26.672146
17.47803
17.771614
39.476585
24.598667
32.64086
31.247063
30.13194
36.33343
30.103848
28.14891
21.918127
23.893227
23.306803
28.994091
19.089266
35.34157
23.443624
20.851778
31.02364
24.2126
23.44743
20.08321
27.193727
15.076703
21.83689
25.241371
32.225796
39.690907
18.83794
27.769798
23.573473
19.460094
34.93127
39.45416
15.347377
37.780945
24.7749
40.457222
32.922935
34.24857
23.312439
32.20735
22.0911
35.676643
15.801473
33.412483
27.721733
24.414984
15.482822
29.036121
24.177055
24.54416
21.6603
25.198795
15.042571
33.18508
37.071854
35.657845
23.135519
15.382041
40.606857
15.770392
29.205929
28.801025
39.660633
25.6588
21.262978
38.830727
25.716097
23.674871
34.03938
23.581936
23.103764
18.1985
39.749176
15.75169
24.315187
30.308401
30.999311
34.35173
31.731195
17.927088
28.482996
19.89656
37.17517
35.669098
25.912924
31.804588
23.312893
37.81103
38.544987
30.486513
28.594336
20.55387
33.598236
32.878357
32.169117
16.062458
20.89434
21.02225
31.006124
32.644085
20.11999
28.706194
40.309174
16.867447
25.258146
15.144893
34.2444
22.425312
26.939215
19.216764
16.981392
19.108583
19.730736
32.868084
32.098873
23.386501
25.714289
15.95334
21.517189
33.77708
40.090904
39.00162
33.293484
29.443893
21.011292
37.18204
36.852
23.269789
32.344856
38.086918
32.520588
21.034962
40.681484
21.859613
39.605915
38.266426
32.502674
24.664654
21.663742
25.827726
24.163708
37.530987
39.10681
32.382294
34.09609
24.194838
23.841898
28.490726
15.469523
19.726967
32.238792
17.291819
18.445438
24.449696
35.407806
18.468977
34.108902
28.932375
35.498795
31.518272
31.18357
19.699627
27.53347
29.211224
17.714283
15.694901
24.144087
26.584885
39.044487
32.51257
35.515457
28.793795
28.620808
40.945053
30.813562
40.722755
35.424614
36.48708
32.432842
22.386383
39.160534
33.097458
38.50558
22.830835
37.724438
21.739431
18.290657
31.505047
20.92847
16.00384
37.2952
27.883287
15.978364
35.465084
34.2816
37.497772
29.778208
32.328026
22.67358
29.47956
32.780594
36.394764
26.298868
35.20787
36.80498
33.41323
31.892424
31.732454
23.014826
32.46555
34.33287
37.260563
16.073984
39.211975
35.19621
25.18954
26.395613
15.527208
20.884693
31.918032
26.351713
20.348934
25.325054
39.983185
28.329174
19.404139
36.029095
33.94828
30.59819
26.887056
31.171043
35.904564
27.101475
36.133205
19.259829
36.4531
35.477867
28.867203
21.970785
25.596888
15.901389
25.697798
26.750158
16.100412
21.647
32.191685
38.91705
27.56326
16.686768
27.078424
15.161325
20.70643
26.07535
25.921988
39.57229
24.184378
23.401196
20.940123
35.631805
36.61277
16.15997
25.560972
38.96683
28.441452
30.549292
32.777046
34.08017
15.803981
33.888947
15.389904
19.764608
31.539642
17.638323
35.834515
20.454361
33.210716
28.812864
15.430599
26.379179
26.127306
26.493975
25.628822
24.060173
31.143902
27.081818
37.103
32.422882
20.3064
32.958076
20.385166
38.60179
18.30518
16.305805
36.148506
35.371956
16.129313
22.976091
34.213955
37.067165
37.318974
24.496286
29.889355
32.830376
36.77748
39.582207
24.34585
39.09105
27.231472
19.84673
32.394382
35.275288
33.11706
25.7898
28.245815
37.92852
25.921835
18.60997
39.621468
16.666817
26.827007
22.895123
36.926525
16.671759
19.87095
40.830166
17.106972
22.805048
21.794838
16.202003
15.281428
29.84297
29.233044
28.187204
31.272482
39.81705
27.975412
26.67538
18.757753
20.996176
34.65546
26.711315
21.919193
37.656673
28.408043
39.531494
24.189817
15.460756
34.791927
33.62578
19.980206
38.000015
38.58724
17.272512
35.11292
33.859512
35.95461
32.075447
35.10108
36.419296
23.882402
17.173449
40.378128
40.534077
15.850267
15.998996
40.11895
31.218016
19.20178
23.72915
35.38829
39.510517
39.845844
21.902615
18.010513
27.810165
21.596003
23.069197
35.775578
21.13785
38.70877
34.793037
17.379185
24.026318
38.996506
20.848482
19.84085
15.0324135
37.267338
32.027668
39.05178
40.229412
34.78414
23.62134
28.57521
17.460785
17.93639
19.339634
24.854992
30.623047
34.383324
36.206993
34.58398
35.794132
39.553715
23.795591
18.141962
38.63509
16.576982
30.054146
29.73349
31.166782
16.472416
40.944065
26.13935
29.759417
24.737654
26.112543
33.840935
40.97184
25.354553
17.912163
30.685087
37.738575
29.67003
26.219288
19.227657
15.326629
37.611416
38.70846
28.427225
18.47025
18.260279
27.50775
38.456123
26.140818
35.93571
26.489893
40.054146
34.52023
34.62741
22.846872
17.070948
31.920012
23.870962
26.050415
34.62646
21.624819
36.97206
26.818678
31.664232
25.937624
15.863484
30.289312
33.580894
33.065403
37.817966
17.241798
28.085592
23.90785
23.742186
36.916912
15.476498
18.298014
39.841434
26.748844
21.117123
29.792566
36.071556
40.155544
29.053467
18.720753
39.98417
27.42541
29.433647
20.874926
19.323133
32.693565
18.674904
31.961796
17.04471
38.018543
20.168571
25.732513
28.310759
21.650217
16.721819
24.570871
32.443836
31.72248
39.90562
37.242844
25.834948
16.809187
38.011703
33.496983
34.35922
35.049473
39.41681
29.254
31.981665
33.878654
31.81096
17.2352
27.924671
34.793495
23.96693
40.053288
34.02085
32.035633
19.511534
34.025337
32.68925
18.594679
23.504879
32.266632
30.349972
23.51242
32.542023
30.985302
35.031605
39.11225
33.562153
25.321606
16.427942
27.482992
17.583612
16.56198
19.72479
16.313814
32.17879
15.106842
39.14471
15.007125
38.661125
17.18241
15.346951
38.88877
28.677109
33.960693
36.571815
24.290071
20.1795
31.4881
16.7331
34.293705
28.603514
34.621918
18.539263
34.0156
23.476046
20.0353
18.163385
23.43753
39.658733
16.2752
31.983978
21.010208
27.958706
26.843988
33.48309
24.514233
15.936755
37.324364
37.515198
36.996338
40.400738
15.678481
37.849728
28.990992
34.29279
26.026033
38.14209
15.692377
36.46207
24.442373
32.30251
37.259525
15.160579
34.61658
27.608906
16.017279
25.007624
25.5707
22.849527
17.958452
22.639364
29.065199
34.28301
27.65762
38.29299
30.802086
24.267944
25.474474
27.17081
29.08584
23.041058
31.75488
39.587708
23.213734
23.312492
40.63022
22.626207
15.540929
22.098665
27.970789
32.306454
33.90202
24.52764
16.066538
18.12427
16.869574
16.228874
31.688524
37.218525
37.191536
22.358686
16.327066
29.399845
38.67314
38.314716
25.6076
26.80585
20.755405
35.757126
37.15288
19.043814
27.090994
39.681206
38.490227
16.339874
21.52965
35.975582
30.995039
27.43455
37.099197
36.152054
36.316994
23.747644
28.804426
20.747648
22.252825
40.68119
29.365011
19.276426
19.609653
32.837376
26.374979
26.547901
20.245539
32.399086
25.789986
38.67108
25.178825
22.953838
36.13509
33.127438
16.425589
24.637697
34.374462
35.923134
23.054459
30.633852
31.995832
33.020264
20.840748
19.781288
18.536303
30.99885
17.856834
33.332233
15.512473
25.215763
21.353369
25.742678
36.516655
20.603682
20.36593
23.78849
31.102304
36.692677
15.624352
39.270447
33.00556
20.438963
29.546972
26.104542
35.236237
22.009804
38.36972
40.689796
19.620237
39.800488
15.789956
19.103857
34.486958
17.648802
34.89757
33.8975
35.36881
17.464327
32.621
25.042255
29.816473
24.304356
36.433247
15.931147
38.732353
40.3052
18.643282
30.240694
38.985832
32.817062
33.24052
26.933058
19.49803
28.592688
27.965424
34.71039
33.46986
17.94432
40.04661
21.829174
26.97613
28.410633
21.875107
40.340538
22.759733
16.664547
22.778858
39.54321
25.733824
22.145002
25.015738
27.718992
31.43613
24.21003
38.120842
34.0664
16.478483
20.485554
25.82398
30.156158
32.89588
19.52373
33.89578
38.20316
34.22332
35.88661
21.48597
29.982485
40.114845
22.33536
38.78499
37.312958
32.368214
37.932247
16.170008
32.689796
40.329838
38.55201
20.389282
28.868694
31.828472
23.551218
21.793558
30.98682
39.02249
17.158686
23.141037
22.151962
36.84443
29.526917
39.08237
19.339224
17.087744
26.324045
34.07479
24.905418
31.604605
25.247702
29.179518
18.064438
27.569887
30.906628
18.96419
18.26266
40.315285
20.142889
22.562168
20.551617
40.848892
38.05693
31.833054
31.77584
31.849329
24.74972
24.523935
17.677038
37.659897
32.110615
21.348421
20.861416
28.607018
30.856634
32.980556
25.98523
23.828602
36.468155
30.103363
35.484257
31.721731
26.668133
22.85678
26.70618
37.10546
22.656263
33.297363
31.400507
31.243313
17.436586
17.812214
15.178899
40.981396
17.266384
21.822113
33.77945
38.431885
28.506243
38.564007
28.751678
22.867939
35.96557
31.260498
17.52472
31.794971
22.214802
35.56411
27.729342
22.524511
26.27506
32.80663
19.115187
27.00069
30.59784
24.288994
30.43781
31.115765
33.311897
24.614668
39.285774
19.29989
32.3414
23.899588
25.976284
19.781694
29.18882
18.584341
30.368568
21.589994
18.928072
30.52928
26.727354
25.103413
23.267826
40.090885
34.61454
37.75337
25.421846
28.95777
31.195383
17.34734
36.962696
30.667261
26.316137
25.403063
37.83711
26.928616
38.243416
37.870678
27.285744
18.146475
31.051102
38.668697
33.537018
24.868256
26.29898
32.57092
31.83417
15.271761
35.867836
20.155327
27.606638
22.264336
25.59908
36.762268
34.4113
24.28251
16.732582
17.708094
30.646105
38.461155
28.044657
21.361727
18.978006
37.48368
26.058773
22.115473
37.929153
28.130028
31.734888
16.767708
36.129665
34.306576
29.638836
32.383934
20.372316
20.172407
29.751596
19.31395
34.79392
33.86874
20.798788
25.716824
24.260084
35.31353
19.264095
23.681562
24.344585
34.54083
36.095913
35.830288
25.171396
20.144451
35.524776
37.15203
20.82703
16.528252
15.379839
29.739044
20.052698
15.870235
39.82577
16.083954
17.490267
33.975384
27.53735
33.644794
15.882953
32.52216
16.986963
35.496365
18.32117
39.600185
37.7412
29.060152
21.875854
15.891701
20.445702
21.141417
23.776056
27.367014
36.52329
30.800812
28.664604
40.944134
39.518505
17.949287
20.404966
19.205486
31.492474
36.978848
16.414543
39.969578
37.905083
25.228048
32.56396
26.28314
33.01737
15.629913
40.308937
18.229267
25.004969
21.501392
40.910748
17.839762
15.694407
21.107155
32.353256
26.354862
28.11708
28.366968
20.878939
15.0911665
25.921488
19.874681
30.94326
23.258656
22.09256
17.258158
22.826267
18.210247
40.39754
25.833364
22.142155
29.81243
35.511135
15.492114
40.05205
26.893106
18.868309
33.81181
39.112206
18.052809
34.951378
20.48687
15.379246
31.51809
28.93864
26.355305
28.646057
27.170918
27.425135
39.53032
31.496384
40.405518
15.271643
23.445536
40.24311
16.044157
21.546461
32.983887
34.754707
33.185955
39.99497
21.283924
25.67624
34.567894
40.505367
39.303722
34.61581
22.784779
33.634594
36.77136
25.494215
28.544905
22.416668
38.762188
37.445133
25.030937
26.396349
38.81716
17.40505
29.390358
22.1143
29.252493
19.846554
27.397633
16.115557
22.110088
33.9857
30.410166
16.961351
40.059258
19.233458
28.882786
39.69506
17.484169
19.663324
27.910524
29.746174
23.977842
35.831562
21.537086
33.35199
21.512217
21.413498
35.896423
40.234856
16.665253
18.808817
24.64744
35.493526
16.459814
40.120632
19.616962
21.450392
22.605389
33.727695
29.083603
18.542036
24.232573
20.045954
37.7153
27.248827
29.57153
39.01518
27.81588
20.529835
40.44951
18.348326
31.241009
30.26274
39.968792
31.645744
29.1116
31.783932
39.27531
31.103262
30.282661
21.782324
39.939426
28.73272
33.41829
34.52105
38.144344
24.765392
21.47851
33.644413
15.613734
34.22322
39.441273
27.673227
36.0092
26.51975
26.162983
34.69976
28.389414
16.392078
21.423538
31.764349
35.24656
29.46714
35.406883
24.928856
29.622192
32.33001
34.135723
23.157848
25.853254
21.088951
26.709078
32.77664
37.6105
18.121365
36.583954
39.495987
25.065283
33.936676
33.597473
39.7764
32.257034
17.906784
19.943415
28.650932
38.03262
19.9915
37.89712
19.033134
21.290012
19.526014
17.725433
34.00803
19.682621
32.639217
32.923237
20.636755
36.426926
26.936281
24.68591
15.4015
28.404835
36.705837
40.35697
35.575417
32.36363
18.101452
39.482857
15.522949
40.69005
25.49918
26.061728
26.219248
31.971535
15.547355
36.590954
36.12294
20.356358
38.301727
30.597834
23.94487
35.58577
35.27855
17.480806
34.825996
36.495102
16.26013
30.693407
18.97094
24.767078
24.251852
37.57085
17.879295
22.769438
39.11659
16.429201
23.975086
33.420284
33.10193
33.959606
28.655405
25.198408
35.727505
21.39525
23.56252
31.652157
19.314306
39.44616
20.229364
24.059278
17.814644
31.57714
22.15665
24.25144
34.541042
22.846672
22.850399
34.040993
20.89417
17.229687
19.38201
18.173906
22.254442
32.114697
35.628624
23.28152
34.828857
26.495872
34.50978
39.91523
18.434084
23.273176
40.25701
30.421936
30.948769
26.028828
22.036299
26.154472
20.482487
38.66586
21.088957
33.31004
17.185726
38.37467
20.964752
15.551018
18.06472
26.53602
38.391735
39.486313
33.16691
40.374027
28.860483
36.07778
36.067295
30.440248
18.096188
17.085052
29.712845
29.34006
34.250137
24.773449
20.37161
27.505125
19.862944
19.28346
25.685148
20.270752
23.435007
19.296638
27.637297
27.034624
35.785446
29.931538
31.629303
29.85336
18.288872
35.164715
16.790762
33.476025
16.55018
26.49556
16.157787
31.518747
26.11064
37.06014
28.414244
30.252155
22.374325
34.947975
15.51889
28.303495
23.10212
29.087109
36.730686
17.467789
38.541214
35.73652
25.296486
32.777534
21.541233
35.361366
39.379772
38.99799
15.853863
28.465372
21.68612
35.795162
17.220957
34.8159
20.680374
36.96624
26.826925
23.42117
24.292686
26.32722
36.22433
24.60544
28.574793
28.120136
18.937338
20.576649
40.895046
27.132278
38.60586
28.992514
39.950066
37.11249
30.754013
17.204802
27.12285
39.5246
15.049558
33.097855
23.531662
34.195652
27.266865
39.736286
26.490927
30.996752
21.074026
35.398045
18.044867
27.336807
25.235495
19.992964
38.73651
27.954597
29.854828
29.353128
23.8392
23.262163
15.877823
18.430319
28.904657
18.322575
37.23448
17.047058
32.67114
20.437746
30.719032
29.521626
28.127125
25.276995
26.990385
34.22377
32.840496
21.494667
26.921072
40.91663
23.540054
17.865213
34.93101
16.601706
15.375732
33.106655
28.913074
36.507607
17.28576
32.768494
36.89063
19.84957
39.463543
27.827677
33.643
30.035555
17.043932
29.966324
16.19292
38.10618
31.818018
30.89745
25.270794
40.36937
39.037575
25.56008
26.653774
24.427174
15.184676
33.52266
35.623386
30.090807
28.958992
37.513763
21.693575
21.041441
37.67473
38.64171
37.23185
17.518059
28.761118
36.5697
32.629303
27.80001
17.124819
31.680788
34.27104
32.80071
39.759533
23.09694
37.71677
23.700302
33.17762
39.309097
21.221972
37.21893
26.99044
19.13025
40.01326
16.868488
20.278551
29.701023
31.577322
35.319733
22.269962
31.357443
20.630934
30.882788
31.283947
38.313087
37.410324
18.023024
29.900019
21.312887
38.451313
19.820538
37.875996
25.68348
39.12739
31.330366
17.466139
29.535015
25.871096
22.911816
34.47974
20.261986
15.224729
21.769186
20.672499
34.94563
32.649685
18.182447
22.877491
39.778126
32.36934
26.205278
33.659504
21.208818
38.428707
32.969208
33.215904
19.155304
16.624651
32.156406
38.749233
26.327303
20.99384
35.69002
31.60111
31.4788
19.141102
37.239803
16.064043
36.23402
37.84926
23.751995
38.97713
29.025404
22.13204
36.886436
39.963657
31.636768
33.175026
26.980051
38.482967
27.862513
27.455173
39.95474
29.74605
35.873695
24.737717
38.44904
34.983612
28.024483
32.619957
36.376766
28.557444
18.037483
31.824612
21.102081
38.97034
33.774086
25.541164
29.469446
18.95671
32.12602
21.77176
15.037979
39.525578
24.956852
31.85902
18.043861
32.079517
17.477358
29.156229
38.850517
37.547626
22.956104
21.146147
27.945274
39.8475
18.246809
36.222843
30.90246
34.930645
37.256546
30.821676
39.15677
36.16782
26.183945
15.615745
30.917025
37.89508
23.124153
15.092827
25.0993
17.568373
35.46735
22.985062
28.76971
35.163975
39.41023
24.744259
15.260978
22.21396
20.854921
25.539028
31.863237
22.180382
21.987406
30.095518
20.788364
28.7488
24.907537
17.111835
24.968416
19.061243
24.825424
31.946882
33.17264
16.910606
26.543898
40.81755
22.913805
36.48302
19.214493
19.833933
26.663431
30.361593
23.68435
32.860405
33.006897
28.194418
38.144047
19.411139
31.543085
36.681732
15.241528
31.571775
36.56972
31.351477
29.344707
35.284794
39.894264
35.969536
16.215603
28.244143
27.47161
26.37037
35.001263
40.115604
31.993626
17.995684
38.151943
16.83238
22.041983
16.493229
22.644495
37.31124
27.964403
24.354855
25.719048
26.092659
