13.512205438557961
0.3770223773152102
81.947257538414
24.697202632242533
14.881606025850639
23.93095650617796
36.43939578808658
0.5901396650316829
25.698121802223906
19.03617299917844
1.1103248005075772
30.3155274652871
1.0761609604919593
0.7007654327013023
10.340662290441445
3.041801898533395
2.696503086946973
4.257465205755794
27.15740582574815
24.107062967210847
1.8200379055939222
1.105037539552779
10.878336058306287
100.0
1.0993435662168427
21.753011705182328
1.2339653643736224
4.953756802264574
88.29603780798296
9.262467768043795
30.1849727909417
16.546686514230867
24.863547996128098
8.544620415334684
28.392184614884048
28.929858382748886
27.81872015747903
4.530775925880735
0.9671620423468931
7.065407485134663
9.382041208098457
0.0
0.6710754288782059
2.2544067286496334
17.58339637375241
1.3352367472770605
4.263972603854007
12.31403076372451
1.142048366236365
3.7791714455371452
5.996974059884331
5.090412162327045
1.7931948884387938
30.280956912890346
0.7129668041354514
1.9871966942417663
4.174902592384718
0.9679754671091697
0.27453085726835696
2.825024199386678
6.126715309467451
6.672523324955058
3.1813042452638345
2.543172519257831
0.48398773355458485
1.3108340044087623
8.309133946655605
2.32720824487339
2.5386986830653098
4.281054523861815
2.4744381268454574
3.0649845042582786
2.202754256245069
3.2980306986505283
4.970025297510107
2.199500557195962
2.424005791584307
5.326305343387264
5.337693290059136
1.4885673149662022
2.8221772127187097
0.5291328078609369
11.586829026249216
7.952040476016172
2.925888869908978
0.8886665527872
2.1405272619309077
5.714308954993208
3.1003684814173114
0.5653302097822461
10.284942694225498
3.3395153615266358
0.71093324222976
1.3189682520315282
10.540358069580353
3.3370750872398056
1.41942621017269
2.3150068734392413
22.595313046519763
