33.80547788441815
3.6468848176017787
59.73204357260842
51.869325358696706
46.287799453723
34.40357563129541
65.88035885864812
1.4585380072764962
77.55945890507088
33.074589482548284
48.45671348526888
78.76752998585725
9.790881708357174
85.30126205102184
72.64404547270235
42.21015470651106
49.60216783443273
63.11658587668823
95.47432174204066
46.084834875360315
8.104548349833202
18.33806557483239
32.04681140488195
100.0
6.434408973625401
29.637146836235654
13.800511729841192
22.28939725997819
70.24949528755114
17.613654765888995
93.41660638906582
21.94608483487536
62.84992496788193
20.166905977738672
22.46537186781392
51.9438176773511
91.77993457631143
49.60000863679057
8.523432692411498
11.19328057693761
28.846880499206495
10.946052446910729
15.682252474980295
21.01655024992713
25.855312165999116
5.544819545057057
12.742504885184665
30.862491498159283
5.563172725015384
33.28619085147959
47.5293380979628
27.489824781111338
6.044673799216211
27.730575318211752
4.922970624116078
59.504248221360946
79.13891198030811
11.551707385535535
20.39794012544938
15.518153454176428
73.62971919634663
34.87536031610654
19.71671326934911
36.51095253003984
0.1964869854362119
15.06040355403932
34.40573482893757
58.58550962462349
4.767508393880834
8.32586610815421
20.486467228777787
2.9084392239843675
8.556900255864921
25.608084035972233
12.521187126863659
38.26745981193388
35.1431008237339
23.315016140002378
27.28686020274866
50.07179332160169
50.08258930981248
23.22648903667397
16.864413184060805
67.38100121994667
48.99651289580792
9.750936551977285
10.998952789143553
18.493527805067636
12.703639327625854
0.0
19.222257009295348
29.554017727012642
37.97920692670604
14.327355954527299
12.29986936854265
17.44631694862189
7.072451876882551
71.256760987617
40.389951094173405
