24.93633680803465
0.29808653434242466
75.77109810081394
35.26821838259793
57.36648579180351
18.136869912894475
29.64979294588034
0.0
50.702675044028744
15.279166071683564
23.7011518872864
18.628920938645344
9.683944975962683
14.967989909086581
24.540673044885526
35.9940977676234
37.129920510257506
20.185396734732734
46.194488076538626
29.73190061402256
4.894925984102051
8.689728211718787
20.855347708125088
47.992527012232856
2.3942120043790758
38.056904183921176
11.410585939359322
11.79970488838117
21.251606454376695
5.804655147793802
27.97075063068209
19.23996858489219
100.0
29.533771240896762
40.3047503450902
20.455519063258603
17.158122709315055
70.6066447712885
4.263053929268409
12.9260079013756
29.083369032319485
3.5496691893950207
24.988100337950403
30.61366557189776
9.876124518063687
0.7550335570469799
16.443548003236707
28.953067732876388
21.089771050502165
14.041006235422914
7.268313579894331
20.557856156885144
11.188062259031843
58.161383216716644
8.319053738873816
18.221357513446616
29.78187919463087
7.7692893521823985
32.795468608691515
8.003712694559475
23.43340949117045
33.25836546242087
11.032771669284593
52.088985672806885
1.7308058451139987
26.637393498024657
24.417511542672187
7.499167023656527
16.194845066400116
7.132062449426437
15.312485125422437
1.9479746775191584
29.88838116997477
8.062616021704985
18.31238992812604
30.406611452234756
18.946046932267123
38.53289066590509
34.43821695463849
21.743657480127567
35.03320005711838
4.498667237850444
28.838235994097765
26.14117759055643
23.086534342424674
3.1492455614260555
3.8382359940977677
11.69201294683231
14.361702127659576
0.9013994002570327
33.765291065733734
14.577086010757295
14.539007092198581
12.735613308582035
12.396472940168499
12.221547908039412
1.5053072492741206
15.961016707125516
16.827312104336237
