14.371409032410924
0.8017920510045285
18.86607541906962
5.509156799078128
23.719905874244112
7.42936529732
18.832151376616103
0.010769537286830472
5.121991933616572
21.74638816643243
9.47557738181779
24.053223053271516
3.2378613852855813
11.010774922055473
22.90303647103802
5.692238932954246
11.908954331777135
7.031969371435956
4.752596804678287
8.004458588436748
0.4700903025701501
13.918011512635358
7.471366492738639
13.666004340123528
0.32631697979096325
9.895050859139836
8.143924096301202
2.472147284191935
11.292398322106092
1.8900537938387478
35.41131555282727
3.53779299872381
100.0
6.245793149497332
11.648331529435838
30.98934354285468
23.256815770910404
3.573870948634692
1.4856576687182634
5.646468399485216
7.621601537889925
2.8781588399054434
12.39842980146358
12.346736022486795
7.028200033385566
0.5573235545934769
3.438174778820628
2.0327501628892515
7.876301094723464
11.021544459342305
4.243197691011206
9.557425865197702
0.5594774620508429
18.68999348442994
0.6133251484849954
6.928581813482383
5.327690095795034
0.07754066846517939
3.2378613852855813
9.58542666214346
11.438325552342643
13.540539230731952
11.021005982477963
2.883005131684517
0.0
3.67564307599524
4.841445487294639
6.569417744966588
11.236396728214572
6.75088444824968
3.9938829028210803
1.2627282468808727
9.386728699201438
14.097862785325429
5.659930321093754
5.550081040768083
2.7182312111960107
11.161009967206759
2.7876947266960674
1.958440355610121
11.047391348830697
1.0774922055473888
7.610832000603095
4.886139067034985
6.282409576272556
3.074164418525758
9.86435767787237
2.981546397859016
7.623216968482948
0.24393001954671018
12.12972984615716
1.7193566278424846
9.263955974131571
4.628208649015395
1.9611327399318288
5.942092198008712
0.5783241523027962
2.023057579331104
9.366266578356461
