17.69035591011955
1.117028977225105
46.733109317972286
12.427518839387082
67.13374631403296
19.340754794614487
48.99231185376521
0.02666849536349159
51.40771557668716
19.371233075029906
2.336922150852249
11.779855380559429
4.177048330933169
28.93455551237799
15.871564526329424
24.22566118819576
10.306230522473921
7.339931881043271
27.599606830182644
23.97650124579971
1.5566781722175234
5.425895870954961
35.93084478173741
100.0
1.5521064301552108
23.228259461601176
3.632249068507555
2.45121570241007
57.65652501885844
6.280811636607463
70.43530604003323
16.021670057375363
13.50340213805137
7.056483873179875
3.593389260977896
35.43709663900763
8.719836026851365
3.2238401109409405
2.9662986414306505
12.826022355818683
13.866093674994856
1.396667200036574
11.528409567132222
8.95985248512279
23.758581540829464
1.9460382045245008
3.6909197583072366
11.68537271127163
5.855639624812368
14.79796709869629
9.28292225752623
10.181269572770704
1.8858436007040482
9.820863906858374
2.631799513871427
13.869903460046784
13.693129433637354
0.42898179684702187
9.051287326369046
1.06902568557082
3.133167226705069
15.71917312425233
32.87234934205012
13.184142150699858
1.412668297254669
3.6863480162449234
16.36226484101767
4.410969133121509
11.328014873400843
4.151141792580063
5.976028832453273
1.1612224838274625
2.8672442300805385
18.53689014865781
5.0875869583438105
10.260513101850794
11.853003253556436
23.264071441089293
22.456397010080693
4.735562819545721
10.874650452221486
10.612537240648882
14.90921282221257
19.53200600422124
11.833192371286412
1.7044978322323057
1.3029464877591606
7.488513498068439
8.844796976554582
0.0
16.666285688161476
4.702798668099146
7.2393535556723885
1.677829336868814
4.660891032527944
10.073833634306352
0.34288065467346335
5.583620972104754
9.88563025274114
