11.723600841980558
3.455981129480955
50.48181173907065
16.84556109118988
46.59227937676514
23.114931403970846
15.932710310030782
1.3452120288981266
15.741254931827076
15.09773744169073
24.361771332465967
18.498847036672696
5.311828980632332
10.885719121209236
23.48369455991707
10.445292419001682
17.358180221918996
1.6903077036990024
35.19407334539185
12.6193951702472
0.6948190693787749
10.83058314558013
37.285670464041296
100.0
6.002416991929257
23.931790054897977
18.849231534075884
21.212277472789008
34.680793111837446
8.874644326679995
88.78359724558119
24.24237616221877
41.54727149641947
3.7674927807571477
16.673409915484616
31.170865991812903
10.800040195051777
27.07956504722919
0.5860015443361999
1.7511291636255935
5.2703117232041805
8.415971186494463
3.2187774357672496
4.407704756767049
3.79750684902527
1.7098763473275578
0.6124456573477612
4.110869588212272
0.3663831857751827
12.220221284337681
3.5720707856017095
0.9453770401633189
2.907001343360941
19.354446313161763
1.6515670781370653
12.756904557907319
3.529099101957922
1.1955383492526894
0.479828430594781
2.360004865716794
2.0217846602989242
4.688012354689599
10.26573689165318
0.6778948370513755
0.6137678629983393
2.036857804715514
0.0
4.521150001586647
1.3638551285712774
1.1160737896529473
1.0727054443139867
3.1694591650006876
3.8913834502163134
4.84350373919758
10.561249854557378
9.386073472323591
6.612350458540919
17.739768772675827
4.488491522017368
2.3030178021768792
7.231274923576514
11.246681263817049
15.832487121716962
18.217878335924855
1.4663260664910778
8.124821502237172
3.3614434254646235
7.068379187425296
3.670178444874602
2.0503443023514105
10.88373581273337
2.0647563439427112
2.3733591427876326
1.013602851733147
6.312870878684987
0.2049418758396006
5.3516273707147315
1.5722347391023812
12.05203672558415
