21.063631
15.478383
25.660685
31.23239
20.440105
20.509535
40.580753
39.66227
19.567636
24.22131
33.381176
39.58791
19.207157
30.211277
35.52611
16.885609
24.456041
16.24227
18.53324
31.546968
18.794252
36.12753
21.797056
37.648888
31.975277
37.9189
21.997326
27.757832
39.299713
38.90911
22.033913
33.12809
39.819202
23.984558
21.095226
24.985306
36.840645
20.202955
37.946037
23.430769
21.73535
35.12053
38.81144
27.058563
37.505177
23.356424
29.33722
16.246805
23.81729
23.157242
17.022974
20.265867
32.291622
30.312683
38.252758
34.840607
39.70974
26.673536
22.589111
30.610254
21.511168
20.736162
16.349821
26.048796
30.452961
16.283102
35.652744
16.840246
31.630592
33.90719
38.092636
29.44746
19.192965
19.397074
32.004807
35.669647
38.031647
34.42485
28.874067
33.353016
15.484176
16.751919
37.863377
30.100492
19.663591
39.257137
15.665126
15.8207445
24.411018
19.491611
23.919024
28.2632
40.065514
34.17746
16.294044
25.305094
38.255062
40.09323
31.997955
38.688015
21.734928
20.126553
15.956387
32.14576
18.934267
40.924973
24.19451
26.421764
31.319284
16.53887
18.057817
16.543655
15.940854
28.725676
16.824585
22.90404
27.606886
37.172527
32.991077
37.1908
25.00443
27.794939
28.051552
39.01682
32.793823
34.48184
30.948719
31.2182
31.206877
35.182858
24.536201
29.221636
30.003473
23.071514
21.373178
38.62581
36.77559
15.668442
32.962326
31.198298
40.535122
27.271591
38.14573
16.858559
36.28162
26.815826
16.789448
39.899303
34.818268
24.372158
24.115898
29.692621
38.46929
24.897276
35.084305
39.43393
39.54918
35.556927
31.072893
15.095885
32.44385
26.97208
36.782616
24.696121
29.986282
29.074713
39.760616
33.22674
36.443703
36.910408
28.232729
33.150192
34.880898
34.687916
37.037807
30.235243
35.923805
33.651146
32.372658
31.688456
30.019932
16.937006
31.78491
32.030693
40.176807
40.482834
18.392149
29.97479
34.85707
23.260149
35.65918
24.679728
25.218426
40.63672
39.231247
18.188242
27.209034
37.50697
15.29964
32.598946
31.163706
30.981009
40.767017
35.580715
25.493439
15.885554
37.08343
28.206171
38.82067
18.105377
35.039906
32.762806
18.484888
16.88174
26.03509
15.19438
36.727943
27.584812
36.371353
29.13186
27.065775
31.189764
22.990381
36.09239
20.362902
21.711826
23.724203
33.356285
16.948418
34.19331
36.616177
17.276335
35.74692
17.486118
17.157463
33.33021
37.84507
36.036057
23.38799
21.096018
22.174294
27.15075
24.727005
30.512566
35.062363
40.820747
15.126722
25.280203
21.291346
22.06389
38.683727
22.064575
33.996754
40.97586
30.196152
20.284882
26.252352
23.19519
32.320793
22.699825
26.507538
23.328974
34.96278
25.748606
25.178778
38.035862
19.32145
16.66089
38.64399
21.925814
20.619555
23.718943
19.648457
38.211502
35.959045
22.736612
33.70317
25.134125
32.97504
20.814106
39.441204
22.586763
17.000763
19.734098
39.095036
19.071384
25.309618
15.983821
25.267496
35.15087
36.66667
32.31949
33.991283
39.89543
34.90027
21.03351
29.706709
39.473125
40.49561
33.641567
25.234661
35.997074
20.315477
27.575846
23.081545
26.01739
20.469524
29.652258
17.485136
23.633718
29.081856
28.573717
27.495165
33.104645
32.247772
20.538095
32.079624
38.043148
19.824032
27.138708
34.757607
28.8127
31.86297
35.17672
23.581741
38.57641
21.479366
23.749123
28.428036
23.602085
35.729973
25.032452
17.498215
36.888966
18.689062
31.551638
20.69943
35.9572
22.319502
34.405018
19.138447
21.72913
24.967215
19.910616
21.352201
33.831787
40.34803
30.445501
30.093868
40.362846
31.749403
30.869183
18.50338
33.1878
32.83545
30.85354
21.313566
23.17388
21.922346
17.686098
31.377867
21.4167
36.882095
29.669891
30.252825
36.478508
34.936188
27.112507
15.828365
29.93227
21.516722
34.078373
36.071075
17.093729
17.101025
27.5726
33.83052
36.724
36.46692
37.63128
27.355867
24.698076
29.169147
17.912294
38.679844
36.160107
25.203629
21.812326
33.349384
26.524113
37.804665
17.87994
38.116978
21.829252
40.111217
32.351154
26.154108
29.421633
32.04197
16.00318
26.107874
24.710009
18.134764
19.203527
23.894152
28.830671
16.334707
35.02595
16.50545
17.45716
23.756065
19.611195
29.308853
30.703352
36.296722
39.569767
24.319242
22.093878
26.649937
22.155563
16.75518
18.913662
35.736607
15.183273
28.819712
36.89885
29.872383
26.219194
31.095514
33.194187
26.087366
34.444195
37.203644
28.777405
18.932186
37.76919
26.447363
35.13892
15.832826
28.277699
36.047318
35.90573
40.597473
34.876568
15.271588
26.31112
38.032272
27.155266
40.273926
15.937207
24.788843
20.885618
38.77569
30.995394
22.544931
31.338099
39.861866
17.559935
35.410603
29.647398
22.10871
30.632965
20.055857
27.829157
15.020406
37.69454
30.471659
31.731333
26.324335
21.479246
17.504736
28.197886
15.059355
25.121279
38.347675
35.029053
37.58875
35.522762
21.019255
33.94166
16.679237
29.825548
25.536003
29.664503
26.609785
23.2045
22.954506
24.548065
37.90858
35.850822
37.754967
31.624374
29.763979
22.976707
22.140057
17.922018
28.414843
35.94811
32.73911
18.022947
35.898037
35.240265
38.936226
25.341833
25.41559
28.810982
25.58188
21.415403
15.281316
38.699642
21.201107
15.608293
30.916414
16.18522
29.9774
33.073643
17.685867
21.674517
37.769943
35.55074
34.50223
31.642193
39.21282
21.638704
39.070606
37.40713
18.548372
16.554325
40.408466
31.304945
37.26286
16.063824
38.846157
38.904438
22.821148
25.272413
16.098722
29.316154
36.83809
26.26222
28.196976
35.354084
21.877863
33.188236
24.075466
35.336937
17.738483
23.373632
26.437265
26.653332
34.557247
28.18986
25.15032
33.86562
35.363873
26.063711
26.877268
37.08994
30.811628
23.822502
17.90051
17.665514
21.732775
33.770313
16.1765
29.714087
38.89307
22.382305
15.538027
16.09076
29.861258
22.310741
19.660501
35.440414
40.262802
20.515577
17.918076
39.599304
40.853313
15.764013
21.577616
31.41921
22.82546
22.487612
38.91337
24.24208
19.554352
21.042233
31.772429
19.71583
23.589722
32.785103
21.880827
22.417444
27.119389
34.06509
30.752384
35.837418
24.356913
32.216263
28.44724
34.67992
23.34743
20.95159
25.62414
31.14597
38.539097
26.17266
26.340485
27.892351
38.13369
18.143036
39.87625
21.696802
31.708288
26.21689
38.4928
15.510479
19.891153
33.871372
22.484728
18.541527
26.978256
40.660088
18.142767
30.289042
27.293058
37.886917
32.31802
15.034535
24.820581
26.293388
17.16245
34.19844
33.187874
20.859547
20.318016
27.182106
23.416443
19.93737
25.336384
24.841038
20.03831
33.36742
20.43361
33.573166
16.145754
24.973566
34.818844
32.156147
38.735962
16.88728
32.783363
31.93078
31.315182
40.52208
32.496086
17.702805
39.143105
25.700415
33.023903
19.82345
25.726624
29.429386
19.479994
33.309326
15.213231
15.128317
28.400513
25.575224
22.187704
17.730387
33.459805
40.378777
26.041895
16.012125
35.456604
35.913773
29.565832
30.748749
26.13841
19.639381
24.699404
39.849907
16.878502
37.395393
18.487434
19.499632
26.479818
19.628933
31.196938
27.505825
29.452211
31.146101
24.283855
15.558839
38.99433
32.70228
22.437653
30.905293
35.60866
16.95778
39.28555
31.062456
16.788012
35.85094
36.50434
17.63012
33.53402
27.278532
39.066093
33.001053
21.60299
20.123936
33.13519
20.827774
23.321644
38.136227
25.737585
15.472499
39.575176
20.938852
20.739216
37.348778
35.142197
32.534374
29.899008
18.057465
19.935955
38.072235
30.802937
19.526318
35.90854
30.359303
19.339108
22.981657
34.38439
26.618382
21.039848
26.512135
31.411915
35.337807
33.095337
34.22887
19.356544
16.705555
29.134245
35.58274
37.406033
38.084232
33.970467
24.2689
25.918444
36.258724
21.430975
38.330055
15.6155615
38.776108
19.108366
38.56439
36.509274
37.597878
31.422678
39.15046
33.145653
33.497406
24.730587
26.52066
26.26134
35.160954
19.386076
21.946444
26.268995
18.788425
31.635248
40.042625
17.123396
18.140478
35.018864
35.454777
38.06704
23.441442
18.55983
17.36278
35.513855
40.322968
23.428776
34.115353
37.901867
27.081123
27.00941
40.304405
20.730494
37.92014
25.326399
27.894766
23.195333
21.568808
29.651928
35.644005
23.843163
24.681015
20.773268
34.97862
18.492018
35.769695
24.882015
29.737051
29.29612
20.073965
24.336832
39.7467
35.28256
28.722012
32.654972
18.07108
37.946503
34.827766
32.003838
34.945065
36.563915
30.747223
37.19246
25.910246
16.765526
28.620728
24.703693
25.469038
34.613132
34.540348
32.66145
32.695354
28.928953
21.206955
31.793406
33.671295
40.951176
28.779423
22.427988
37.36344
32.52343
24.7688
30.355589
22.60898
35.973385
27.293217
36.98738
28.251
38.595215
17.784588
34.661182
24.144016
28.223131
31.326221
34.17231
17.744843
25.767866
31.20064
34.648373
37.310593
19.785192
24.939995
19.740475
22.344759
29.155493
34.196705
20.769339
22.863947
38.775482
32.089928
30.94332
31.301937
21.798075
15.333824
27.056353
40.424477
16.40362
36.416477
22.17738
39.49727
19.345442
37.373707
26.758778
35.131264
20.584972
39.289948
36.319866
18.723598
39.216484
24.558676
15.402595
35.21903
38.578667
18.147871
37.849983
20.03594
19.960138
35.64125
24.623938
20.432644
15.628177
21.664059
38.35759
34.333763
21.044724
40.452427
24.628262
27.69322
31.08105
20.788368
33.540764
24.839405
15.802165
18.297707
17.626677
26.929836
31.964306
25.19627
31.293802
31.636644
26.753721
32.96996
33.10102
16.49099
32.49208
19.187263
40.98724
20.933533
33.043713
23.668161
28.249218
40.04982
30.482105
31.57121
30.541462
16.213526
22.207859
19.611088
15.4625225
15.41716
16.15755
36.581642
20.39544
40.938984
19.002773
36.635006
17.186152
26.17651
39.3108
39.355114
21.972183
32.97111
34.52318
38.56444
27.014936
17.554935
21.305742
30.01564
28.742456
27.370367
15.33339
40.64508
32.3755
28.444035
18.895111
16.903337
40.48832
26.74145
34.83967
22.827871
30.646547
17.984955
15.329459
17.986242
29.868069
24.786907
39.629955
29.193373
29.068846
15.631575
36.73432
25.994465
26.884117
31.233398
30.0076
30.305437
25.296415
30.105906
20.23213
21.315668
35.355408
30.794727
26.445599
15.783274
23.94053
17.159752
36.785427
35.190964
21.995905
23.335667
38.187935
36.880955
20.958096
30.556715
22.237984
38.250305
17.200706
38.900658
22.724598
29.36343
24.235905
37.1886
22.530323
33.9264
35.141388
27.771427
39.366783
33.468113
29.222433
27.74028
15.566274
40.78622
21.27209
26.21762
26.648901
30.241114
30.958641
20.817085
16.70707
18.319216
15.847959
17.104467
17.78393
24.03714
30.359407
32.948784
37.36958
31.221203
26.557447
29.021578
28.898664
19.472187
25.097122
15.384195
18.705225
17.713087
19.870104
36.096924
31.27544
15.618032
33.939034
25.090551
24.836155
15.933407
31.201353
33.160038
35.32689
16.727615
27.889875
19.871584
24.625221
18.943817
36.49586
17.418568
34.530293
39.280365
37.991352
26.018492
27.45635
39.38653
40.331055
30.31213
32.048096
23.636543
40.130077
29.407784
19.001823
35.332813
36.142334
29.707664
15.261114
33.089645
29.705454
39.460083
33.45309
31.361576
20.67154
19.10023
35.94107
37.605946
29.509132
27.873981
29.191631
21.40712
17.240276
34.98338
40.288937
16.040232
40.667572
22.548935
21.376429
26.415144
16.949617
16.05316
35.565693
25.116812
30.99928
19.611357
21.424665
36.346
39.407745
26.409763
16.542059
19.964823
35.638264
32.95789
15.862136
40.564335
27.087132
37.42095
17.493773
23.496935
35.275314
35.229973
15.519996
19.154112
21.912792
39.41128
37.96893
26.420504
37.868614
18.633728
30.554379
34.19816
39.183174
38.841164
39.054016
20.170225
16.175308
20.51925
15.265448
20.561209
22.42525
23.139921
31.365131
25.55136
35.955524
17.133385
15.192454
26.215567
35.285393
33.85676
22.491009
38.382603
32.20046
37.45998
27.461359
20.648436
21.057554
27.293861
40.114388
27.92764
23.236069
23.561775
27.861574
34.38998
26.95036
40.285557
37.538273
26.40446
25.053944
36.33791
26.628405
21.201164
28.694641
15.287695
40.843678
16.361502
26.7209
34.111153
21.407728
36.960445
31.592997
23.441244
19.405394
31.209667
30.218882
17.958906
34.379494
35.788403
38.61291
18.774214
33.992367
32.6993
34.566723
18.20204
37.016598
20.449306
28.625055
31.205936
27.179201
19.631153
32.575325
26.965647
40.455704
16.568768
16.38824
22.51777
31.295431
22.59045
17.087828
40.225723
37.95654
22.706455
38.38268
39.95432
15.639019
35.993053
26.056326
15.255911
38.4263
16.82301
19.093063
34.619183
31.180744
23.232855
28.306692
23.888304
20.485628
28.180153
24.843016
18.329342
17.48597
33.219406
30.343075
30.502409
33.05282
30.213114
40.782528
17.092218
21.0804
31.094883
37.04364
30.156322
24.922762
40.414394
25.129883
39.869476
20.986351
40.419422
25.599087
40.774178
32.317192
39.767952
39.269688
27.791632
19.65613
30.613918
20.54556
21.803934
33.88283
32.77286
24.808517
15.487533
24.029064
29.949314
26.243454
32.259552
37.113953
29.59551
27.189787
40.692764
15.938757
40.87147
21.653708
37.56165
30.675951
24.389406
33.969376
20.801052
17.597116
16.950682
20.763165
29.090675
15.60649
24.321651
32.353584
29.522717
26.381735
37.244854
26.510529
34.86665
22.870752
34.345123
39.100994
35.314247
15.653175
40.365475
24.564487
22.269596
31.24739
39.25548
18.389753
15.74306
22.828728
21.035398
39.805588
38.21464
18.021736
31.07198
25.751917
16.451502
40.439194
38.427498
24.863401
28.695917
17.462809
32.281246
38.67633
15.884144
30.395273
16.07328
32.560543
34.113293
16.560701
19.98299
32.981686
35.442463
24.190098
21.6305
38.615116
33.296
18.000923
26.476797
38.561245
31.230936
18.26449
31.298859
35.45316
15.637229
34.852215
22.32898
18.600883
20.058651
30.261515
36.172813
36.482624
35.253742
21.944448
26.458632
20.871899
40.860443
38.396854
28.320608
26.680443
33.584583
15.413154
36.281887
16.200264
27.201672
26.67161
34.878548
31.844334
29.342918
30.387213
27.45348
15.713808
37.030678
27.154053
36.949596
17.360765
33.235115
27.296328
19.244648
24.968914
18.34297
31.056934
32.595364
35.840775
39.36107
29.77479
26.096464
23.558313
37.92122
36.83687
15.710538
35.47511
35.70989
15.638129
34.38763
35.301495
34.815144
16.042374
39.06881
21.460327
34.66497
40.909203
19.955824
22.61935
38.725292
26.137154
16.329403
21.347345
26.932528
23.370274
28.411634
21.194551
31.954838
30.025137
16.293198
39.664062
28.80766
22.61768
34.784184
27.519283
18.093437
28.50387
15.197585
37.663586
35.191998
40.095592
33.537453
16.431862
35.097183
26.372822
29.339062
32.549614
35.27701
33.08549
36.49641
30.243795
38.928757
35.423153
22.812643
27.03059
20.307001
37.12788
26.721998
27.558878
32.42181
38.035526
31.657179
32.55411
23.335896
37.85282
26.874014
18.385849
40.533676
23.61249
16.195593
40.07324
29.391878
19.695833
31.100996
30.646208
33.650414
34.572044
25.859146
32.696194
16.963888
27.475737
23.996122
31.678709
37.10831
35.128918
19.284767
37.07107
34.224125
31.311005
30.658232
38.842163
21.595882
20.590109
40.974518
34.857075
37.90054
15.851173
18.397001
35.81802
33.600388
37.391308
32.306244
30.133884
35.213436
19.29987
23.121357
19.714382
17.563013
24.60069
17.184511
29.100676
35.79021
36.20604
21.950163
16.572952
35.906704
18.116709
31.120827
32.91639
28.97232
16.499918
16.084274
39.380497
39.600754
17.286388
27.032276
21.032804
26.42849
17.750326
40.479008
21.18641
38.42618
16.170744
23.547588
38.87194
34.488293
28.119827
31.356075
22.427883
18.606018
32.183846
40.10972
16.199425
35.110123
23.994333
35.094063
30.064308
27.964464
23.332085
19.663988
15.045311
34.897606
26.763699
26.536531
24.622442
23.27909
33.78026
24.220888
26.523966
40.078564
33.729908
15.256744
35.75389
16.990076
29.970963
33.08254
28.404554
29.860556
16.61934
32.818165
17.406487
26.930555
40.023926
32.021946
33.783703
33.077053
31.67578
16.569712
30.211136
15.242163
19.641779
22.20405
23.711905
29.538355
23.810629
28.014877
29.185658
35.13981
18.248886
26.137672
27.125202
28.001257
31.786957
28.293772
17.357216
30.689766
29.589746
18.44741
19.933756
29.171562
25.913929
25.817127
32.404903
15.265128
35.51358
27.754538
23.618816
30.653492
20.228159
39.591354
37.924007
34.842686
30.171604
38.455963
36.18969
29.260069
15.638574
30.27369
31.413551
30.805313
26.353615
29.690351
32.85226
34.598495
39.011337
35.49653
37.588676
35.41389
26.1904
27.280416
20.24059
36.34466
29.671404
24.499964
26.119402
21.612871
22.948565
24.940474
30.563236
30.12076
33.297253
33.611618
33.397335
35.333496
29.144327
27.538336
26.515778
31.390139
25.68538
32.61285
20.431921
22.958784
28.702843
33.700565
32.31113
39.28343
21.361105
18.530342
19.477736
21.114302
17.38963
15.550191
32.679256
22.769985
36.51225
33.892193
36.494465
30.448822
16.24064
37.865925
20.187763
34.08876
28.222242
20.987535
15.04104
19.568895
27.21757
15.4519615
31.734997
40.852615
16.479267
28.168768
17.705587
17.791433
36.814922
18.007385
21.567202
36.74016
29.937916
16.73544
33.672665
27.87832
23.845446
36.28431
22.671265
35.18919
16.91001
31.438864
23.529413
16.417185
38.13047
27.823751
40.89465
25.005758
25.5611
22.146538
38.912163
38.0123
33.321697
27.058323
16.644056
25.30297
27.789211
40.70539
27.095047
35.94977
27.581038
33.07083
39.51438
19.683554
15.7624
35.54297
29.122192
38.50102
28.345043
18.7978
19.699553
24.080254
18.591694
33.045578
30.58507
20.528595
21.900497
21.967012
28.536753
29.168139
31.115974
19.252491
30.646524
32.558487
22.99771
24.558119
31.03567
32.762863
35.27534
37.905224
17.413094
35.98288
30.228115
36.075394
27.744259
20.118961
15.049569
39.391014
38.257137
33.55746
25.392698
22.421656
17.802643
16.542212
28.438152
35.6195
40.190372
24.857386
31.587843
30.662495
33.536667
31.23017
16.45858
30.3717
19.890356
24.855892
17.235132
34.469772
35.4427
29.754906
23.639332
33.160343
15.481481
26.289661
37.781696
19.533531
34.915222
27.102009
28.984198
29.140612
24.672058
26.974995
25.297655
28.731356
38.56878
35.67994
22.884474
18.110373
18.349041
15.738856
20.697195
23.344225
38.50587
25.21378
35.9556
34.138935
17.231947
25.128838
37.809902
21.107943
19.382307
31.937431
40.274784
37.86341
23.687544
27.56612
29.028843
16.38921
37.621613
40.998363
39.996216
21.99176
23.306883
30.105503
38.76202
26.275377
18.630062
26.488922
24.820377
27.051535
17.346197
27.466532
39.413704
40.866978
16.36386
20.01831
38.29406
30.923431
27.63328
25.499825
17.122263
26.562056
22.100077
33.239258
21.417627
20.198698
22.040855
15.752623
22.98101
33.6214
27.762877
30.243486
34.5361
37.899445
27.128557
22.297668
15.968647
23.803715
15.656604
22.240004
36.990597
34.600933
25.055016
36.489433
32.31586
28.359802
20.957294
25.430288
22.50673
32.494923
18.361671
25.81179
26.534658
31.174805
29.814167
19.494452
40.7965
26.43309
28.729856
27.481161
35.836956
18.347603
28.412676
24.602411
32.35026
40.489643
36.312687
31.969246
26.169037
17.996393
30.850649
31.364164
33.895275
37.08215
28.743362
18.109343
32.588406
38.579525
24.179138
18.633192
18.497513
32.18964
23.421421
39.95037
17.209614
28.520672
35.459454
40.5771
18.783155
22.707104
37.178497
38.02262
18.445614
38.42736
38.188053
32.9295
18.256437
40.475353
35.925163
16.179323
27.771217
19.691982
19.940733
34.837284
38.19036
30.025396
33.380436
35.678066
24.7352
25.764286
19.587795
21.217213
22.066832
33.576344
20.48544
30.666176
35.447636
28.884445
26.931664
29.036062
36.042824
29.325912
37.602882
27.734053
34.269005
27.565771
34.118565
19.428219
36.41909
23.572594
32.103832
32.700592
34.927647
34.616116
40.675808
16.064903
21.587986
15.708553
34.44341
24.294704
21.792133
35.987026
28.526258
26.689026
40.437027
33.622326
22.326899
32.89704
28.5251
17.23973
33.831516
15.229759
29.684643
27.550352
19.067911
29.005917
27.845102
30.917011
33.015423
16.41089
31.124779
40.91643
16.740107
28.5916
30.623085
24.610003
16.819399
23.267002
20.25687
17.19817
23.224068
23.002913
19.04
40.009026
34.74124
38.48155
40.277737
38.359432
18.750868
23.5903
21.032137
21.727474
24.708868
36.960915
15.912008
28.887938
30.043915
23.70938
15.750747
15.187842
29.340628
35.55847
32.057575
19.977
16.660616
25.26904
16.26251
31.358948
28.64373
30.362745
22.722698
20.890482
24.635447
23.488169
32.2174
32.63341
29.502327
36.463715
32.2313
33.05007
29.025955
32.02506
37.71053
32.634468
18.806849
29.611332
33.172993
20.883884
37.4633
29.14355
24.064522
23.241133
17.576124
37.680313
34.074425
23.975494
19.308859
24.079988
15.758983
20.620863
37.92387
38.35527
20.268522
29.552435
37.518482
33.27504
38.233624
34.558674
37.2211
27.950235
31.938137
36.853245
30.815948
22.634445
32.791595
31.87187
22.306005
34.77666
39.810726
23.412119
26.277185
34.48277
32.329647
23.199373
21.09293
38.973923
39.48057
23.800213
34.926823
22.374197
34.121555
18.954788
35.43188
27.216429
37.835144
17.86269
33.448643
15.424448
26.381542
22.732183
17.570288
27.211365
27.562143
33.990547
25.611458
18.327887
33.834095
28.953726
23.068445
25.401165
26.213783
21.466293
27.512049
21.723858
28.016872
24.04819
23.520273
15.784745
28.804918
40.422558
35.23665
36.076332
22.543158
22.949398
38.930946
18.271578
15.421515
24.45265
40.04257
16.730934
30.050508
23.203695
34.102917
15.482664
31.81608
15.412188
32.66155
22.313372
32.0621
25.475477
17.881966
23.412476
29.46658
34.45081
22.826365
19.133392
15.487369
15.739857
36.61475
23.865904
16.07543
33.81305
28.622248
24.75827
31.988482
18.951527
19.669516
39.084324
33.98511
16.447462
22.764725
16.419926
34.93923
28.478886
39.371433
37.474773
36.48697
26.963009
37.4054
24.419712
35.202896
38.092476
20.204206
15.856367
24.49976
35.97182
37.567238
31.194965
31.455612
19.796822
18.62945
38.13799
32.59453
32.357353
37.810955
31.211332
35.28188
35.29468
17.375456
16.841303
27.842342
20.507048
33.234028
15.344998
23.768682
25.37285
30.546854
18.383165
25.461477
16.0485
24.403917
39.918816
22.824871
23.99851
22.406786
33.531525
29.740591
36.12826
32.327057
27.056454
36.952282
16.41521
33.183098
32.94881
39.214478
34.772285
32.055176
15.518572
15.695247
19.02755
27.750172
16.236935
23.56893
26.367104
26.030495
27.685146
27.49497
29.363628
29.537903
29.39793
20.251308
22.800806
16.771402
24.847948
38.175407
20.904306
16.519442
28.124304
37.263344
40.302856
35.00013
39.477283
23.78715
34.06835
24.629204
16.833168
27.112768
22.52183
21.81401
33.627033
36.035927
31.142529
26.462763
15.858203
21.4003
26.880133
20.001877
27.142046
27.022245
21.445713
17.610153
39.71352
28.018599
39.744755
18.107172
31.831997
26.51877
33.516052
21.474169
15.843497
27.439703
40.453133
19.339315
36.275703
23.511963
37.610283
15.925194
21.772614
21.067524
30.733156
29.934904
32.420013
28.234581
32.30423
25.644161
29.069403
39.131977
38.556446
32.07031
29.637321
17.415585
21.483572
32.505173
39.038532
22.101301
33.963867
38.92721
34.40574
17.974003
30.513916
38.849365
19.555101
16.089134
38.90244
24.012676
32.276024
18.883347
30.879282
27.001556
20.955223
37.23288
17.61264
17.33529
15.289336
31.4331
39.078003
32.881264
23.396923
32.519974
24.605186
17.53894
26.50981
26.613878
38.06516
38.059658
36.605457
33.038578
27.766369
25.595808
17.836103
30.85281
26.030552
15.113971
17.417084
30.129288
26.630968
18.160118
25.755924
17.825687
35.80136
25.63098
35.035355
21.414371
26.361866
23.184225
32.20761
20.57248
26.658445
16.711086
28.414
30.181177
32.47534
24.898588
28.212826
36.64273
24.855433
34.324574
40.68046
38.096195
29.85121
29.757198
24.444447
33.497448
37.629627
18.371605
28.014145
37.72639
20.066761
33.45002
19.39368
29.894024
25.993801
40.797497
36.893417
27.844341
15.593654
25.58403
20.300499
27.480717
20.097912
34.614887
16.125488
40.99375
25.896765
19.134365
36.511433
15.327338
25.44987
18.184303
18.573147
39.29191
24.974087
20.2672
23.428806
16.618633
24.78433
31.604708
19.992487
40.945633
26.376728
16.635891
21.71545
23.236938
22.868654
22.56562
18.895645
40.45731
34.248074
16.751934
40.91898
34.4607
36.035053
29.512327
21.85263
19.997509
35.421177
23.532322
23.179703
32.505394
38.72798
28.475775
19.146309
17.92085
22.113443
39.624863
21.186174
20.133404
15.855884
38.418686
36.194576
18.901558
15.257661
26.612993
29.042536
18.05945
16.236269
20.449486
40.653843
34.66537
39.008453
32.701714
29.211624
30.378107
30.9233
22.755594
37.617813
22.794323
29.463196
33.986103
19.19798
18.739965
20.706835
15.607618
15.825709
25.580936
31.136497
28.904095
22.134756
36.503033
33.572067
37.28605
38.293915
33.408455
27.227257
21.974997
39.938644
30.585903
21.408804
30.281996
23.285168
19.6336
30.217402
33.425327
18.196846
21.249277
37.75941
27.62355
16.029339
28.448496
25.841349
17.80356
28.450155
24.532393
22.894554
29.67929
16.109846
21.698236
19.965256
23.185326
22.036243
24.570911
27.00574
36.290546
17.929798
29.130745
28.415125
19.070612
24.157166
23.522854
38.803734
29.583954
18.171898
35.05542
38.292828
23.574568
31.335175
21.329123
23.31196
21.315876
36.66619
28.887169
27.819084
23.01342
25.920925
18.035177
25.143848
25.10023
21.57971
29.55238
34.242523
15.487119
33.818077
33.90044
18.053328
28.37132
36.342087
30.233385
31.85381
22.560236
28.088419
19.02197
20.047384
19.43321
40.22118
24.428005
38.64394
23.642698
33.60153
24.699003
37.84987
27.4472
36.962795
20.800705
18.64579
34.171913
40.393055
27.264872
35.005527
35.70898
20.408552
38.801933
37.49793
35.197838
15.895708
23.612913
20.413372
25.067034
36.50597
31.53224
17.269794
40.472584
26.706936
36.142914
22.578424
20.833801
37.624813
26.827673
29.08728
21.646084
19.05746
35.354626
33.370922
23.041256
17.593796
30.043076
40.59781
16.669405
35.644657
28.81497
37.582012
18.392357
38.37166
18.50981
17.813927
25.00727
40.994873
25.725426
17.065025
18.760014
25.766731
26.144487
39.37453
27.761345
16.018717
34.816235
32.7514
25.585087
24.119009
37.185265
35.762733
35.305847
26.92345
25.793938
26.330273
34.025005
20.35881
38.532253
20.519451
19.537058
32.146442
25.068802
29.880846
15.204555
40.356102
40.668633
22.991827
36.338276
29.473846
28.988743
22.246574
29.420397
30.974514
39.639
30.655453
18.361807
34.008503
22.306265
29.440243
31.650894
35.744144
29.06155
21.549532
24.729496
34.151146
32.105003
32.868965
29.222792
34.567196
21.650618
17.86402
24.753452
27.258987
23.912418
35.668224
35.986317
20.370516
20.226158
20.217804
15.278428
35.14572
25.225204
19.933956
27.850267
34.119083
40.686745
26.666977
29.747503
32.087032
36.174
28.141787
33.028664
16.10455
35.922607
34.98229
19.592573
36.495644
21.553911
36.542454
28.850475
39.922825
18.145313
37.234814
37.051235
25.930012
24.947489
22.8225
25.484056
20.054861
33.610634
22.228907
37.011646
17.600664
36.16662
38.819263
21.427797
18.464605
40.21116
33.82154
25.98686
39.03831
29.739994
27.579279
16.118574
20.128256
30.91521
27.667006
18.82029
32.08775
26.672653
40.549114
37.509575
29.908836
24.528673
29.426146
24.223766
25.891632
38.20418
35.187702
18.969013
23.690186
19.75622
37.979088
26.749842
37.028183
16.792137
25.789278
16.351385
21.184391
15.038557
33.68059
17.299826
19.466885
24.04726
40.80591
40.5927
34.32677
21.142239
16.197083
26.769173
37.506237
25.847017
22.458748
35.681404
15.672414
25.978594
28.964373
19.93175
35.35763
31.354061
18.927046
18.356382
15.708394
33.62835
29.805204
33.16457
39.539394
25.166159
37.90397
38.3838
36.49568
20.048515
19.745638
36.11452
24.745096
32.324146
28.808302
40.76415
37.55484
18.438044
16.569345
17.9087
32.350136
38.404488
25.441124
29.72122
36.409546
33.738922
38.14889
25.009876
19.22073
39.422985
19.37646
30.82446
18.702015
38.24915
33.09305
40.31864
38.989292
34.776215
24.875017
30.096321
29.294407
20.824255
40.749226
15.623867
38.46035
16.947227
22.61006
23.456188
16.270214
16.64386
37.100048
38.00295
40.310966
18.202118
21.994473
30.352364
20.249786
25.019855
21.59316
19.273466
33.749836
21.003984
20.398088
35.933773
33.933964
15.222802
22.44335
20.097801
19.299006
39.370865
34.044334
40.61288
33.28994
18.80305
16.445986
38.842247
36.362385
34.904213
17.875257
38.3714
38.293415
27.383179
25.840899
25.792221
34.745033
39.71444
18.174007
37.66039
15.641036
19.39833
37.265724
31.825113
29.787329
32.97015
24.23382
37.246246
40.347305
29.76096
18.337797
17.142332
25.278065
34.29758
31.862572
31.854193
21.63989
26.926592
27.903627
22.162119
26.810532
25.756813
32.01197
24.960817
21.067493
18.337152
32.495075
31.1747
32.745667
22.62134
34.320446
32.587215
39.234287
31.71841
36.031223
35.861317
26.446318
21.687544
33.85879
16.444311
26.075026
16.208122
18.305054
32.27872
25.94668
30.340641
17.867634
29.281916
18.084837
25.79141
16.293966
29.410686
19.72099
22.10365
37.77578
29.79307
26.417809
40.019978
38.833233
23.888086
39.71551
34.895958
40.288513
26.925262
34.268406
31.491676
31.691404
31.97913
31.3079
36.72807
15.83491
23.950071
26.449797
38.067028
38.586773
16.451292
18.357988
22.059017
15.163202
19.14277
32.58312
30.299238
34.18394
20.406515
28.01408
28.54313
33.373295
40.42351
15.811787
21.054285
29.609526
20.691233
26.438774
30.392578
27.175474
15.811596
17.454893
38.797615
17.52614
33.982796
19.118437
35.082363
25.66437
16.044426
38.513737
34.52405
32.30362
27.15384
33.920338
40.62427
15.397247
34.212696
29.445583
32.80742
35.326614
22.016184
23.561518
37.136356
15.065673
33.76338
28.118681
37.946537
17.977623
37.04579
16.6535
34.934513
33.549633
40.72206
24.36264
18.684023
19.334452
35.190388
20.98682
29.872705
27.643164
36.48622
20.028181
15.474586
22.121265
27.36128
21.219534
31.158445
34.240543
38.040985
31.970366
30.779291
34.952213
19.710922
29.63368
23.37
34.272125
30.948914
25.86935
19.362411
25.406717
19.297848
25.12383
26.901995
22.178862
24.965427
35.30271
16.067377
24.97551
33.24046
38.081726
37.565887
33.2146
40.63139
24.983444
29.04844
31.416433
28.961285
21.341122
22.57194
17.365183
23.69442
25.57765
34.934578
16.559116
37.62326
37.846867
26.619198
27.173433
28.710516
34.01601
28.902193
16.097555
17.359573
28.212276
32.320076
23.259104
31.677532
37.7131
37.13324
24.409664
35.398666
39.828888
31.686117
37.822823
38.052082
33.608593
31.635231
21.942888
34.685925
37.692646
17.901426
38.92309
15.001421
23.444427
31.89977
27.204891
17.103651
35.610565
29.110443
40.815475
15.24188
25.192009
34.37617
19.898432
25.890852
18.951979
18.446516
24.142902
34.315414
17.043491
15.236648
30.239454
18.364428
20.608368
33.027897
16.266312
33.655823
22.881197
24.409758
19.997469
38.543312
16.325907
21.147718
38.52456
22.296185
34.63927
31.358543
19.297302
39.77713
40.074722
23.384481
23.712729
18.569138
19.471592
21.580013
27.721228
39.980927
16.618975
27.859657
21.567905
31.651463
32.140034
17.302494
26.750618
24.577553
36.951813
24.368929
28.551426
27.30463
17.537111
40.357418
15.086097
32.749237
40.759243
18.61367
32.71672
30.662823
38.757095
15.702119
36.885323
37.099945
34.577
34.25919
38.951797
31.419992
34.62966
36.570183
23.45741
39.330048
30.804464
33.046337
28.385386
39.267544
37.130108
40.725925
29.453121
31.024887
17.239725
27.682995
20.24589
19.934183
17.580233
33.799576
21.089792
21.15881
39.29979
18.742067
20.962114
20.679504
19.053932
26.179667
18.450153
26.4162
15.5900545
17.292477
15.794914
20.59287
16.901548
26.439302
22.394054
30.931095
31.987078
31.489763
34.788757
35.54916
21.807077
24.772741
21.12216
32.54695
19.898726
31.852852
19.332327
26.172937
36.292267
36.418964
39.930687
39.1981
18.865736
20.453522
28.117165
21.662592
28.081682
21.548698
22.196245
15.514493
20.16879
23.745169
27.78347
20.82605
38.242775
24.59156
38.12986
20.251242
32.605137
17.257418
28.042093
18.179583
28.515074
24.479765
24.339186
27.644583
30.098818
30.88312
27.561773
15.461283
40.742496
33.785072
31.738047
24.295786
19.3086
39.98435
23.410711
15.410791
25.822887
29.225456
15.842304
17.68456
29.897635
34.043903
31.341522
27.166811
32.088818
30.518097
29.99116
40.913574
18.628925
37.088932
18.708632
15.13398
19.533745
27.055248
24.532913
36.78558
22.950663
16.613173
22.307184
15.670672
28.797539
30.379543
21.514282
30.814777
22.235497
40.22447
27.922525
28.449286
36.3255
16.9353
36.91231
21.273916
37.33779
31.744019
26.879307
23.840572
29.614887
26.072397
38.947945
34.878742
17.632948
18.983986
21.3793
24.17358
36.963036
34.77926
29.520344
23.21133
33.20283
29.930035
16.91696
15.222772
34.63112
17.121548
30.300968
35.483875
22.33139
22.555304
20.561823
22.773874
24.83764
30.863102
21.526537
17.744492
40.974518
31.99244
18.396765
19.620028
38.495667
24.245676
18.029875
25.126604
17.368204
23.290205
15.90123
36.839794
31.107937
24.40407
31.547773
28.243467
23.439081
36.48126
23.568457
27.708595
36.73384
23.393194
38.844852
35.3294
27.18138
21.187647
32.545776
27.09512
15.442372
28.303635
29.692558
36.229275
20.664385
38.490578
31.587046
37.694298
32.165108
20.442272
33.242294
34.837856
20.834448
32.29104
19.106272
16.94837
33.36327
17.054552
27.831818
27.0905
18.775618
16.887833
22.621504
33.00765
28.422935
19.564905
35.76388
22.106838
37.592945
25.999575
40.378044
40.58248
33.19246
28.811962
35.09628
28.58896
23.582548
32.95721
34.440037
34.038055
23.576176
28.255045
28.98225
39.075684
29.852459
32.29365
33.03951
15.583519
23.598438
24.628561
21.600414
25.154459
40.058353
37.457058
16.471914
28.907064
16.852043
34.020813
20.213205
15.232482
34.418224
15.874324
21.327263
21.108465
26.745134
37.853832
33.392933
20.968575
22.670004
23.091387
20.345861
30.280682
15.460622
17.740753
15.954501
26.967396
35.136295
24.216831
25.68777
32.592068
38.042194
28.697336
29.633852
30.837534
17.560192
15.395439
37.90501
37.220753
28.52097
16.684158
37.051197
23.215065
23.876272
24.53819
15.405586
35.992752
31.496866
28.956068
26.998112
37.85413
15.580863
19.035301
19.698412
19.0754
35.08875
16.195456
31.587543
18.386065
38.86558
40.678852
22.208158
40.577595
23.667416
17.90588
18.305777
34.848713
23.178268
36.521587
34.949127
38.40853
17.285458
21.042662
36.505474
37.587414
37.375336
30.898415
37.847187
29.246353
27.218126
36.356953
16.378775
32.629253
26.129614
16.337196
39.998856
31.968409
19.529182
33.42989
28.949615
35.132168
31.75775
39.585396
20.656551
15.394571
37.075855
31.873354
28.124216
22.010431
15.131238
29.479105
22.229141
16.695272
38.866947
28.673931
26.338905
33.33807
33.83511
37.881073
24.086782
37.315735
36.18815
20.156628
23.844267
32.63184
34.238388
37.41425
38.45915
31.768036
19.408617
19.544882
32.164726
26.615238
28.640322
38.217407
18.216122
25.1425
33.88292
29.593473
18.772585
15.5652
31.156525
18.449463
30.819977
37.69004
15.862346
40.27085
22.515635
27.842955
16.509007
27.768976
15.238132
21.326971
19.829699
23.967474
19.837328
30.710682
16.384224
23.515461
31.10556
19.413872
19.17161
37.20672
38.32865
36.03549
32.52317
19.819021
17.925861
39.66006
28.60243
24.334892
32.650707
23.982258
24.2076
18.36491
38.60012
20.505238
29.25379
17.166962
32.367092
16.29699
26.306423
28.039541
38.07258
17.82988
15.843845
27.064516
37.72512
39.282124
18.546337
19.184546
26.382181
17.345911
23.840324
24.422544
29.924978
35.065456
31.17078
28.685429
15.90908
32.51924
27.03139
17.041594
26.915833
20.264204
16.65124
40.621357
37.105145
36.375736
18.418413
37.361862
18.258007
17.645748
37.615
27.702702
17.497541
36.042164
21.844713
37.0358
35.090233
20.886684
27.653381
25.222832
17.25444
33.37369
22.274303
31.815758
19.741089
25.031662
26.17452
37.750774
21.10194
37.519493
17.134739
40.233288
24.023647
31.753641
26.964792
27.291267
26.88122
15.778025
33.638115
16.046595
23.75243
23.017092
16.622904
30.138792
33.53504
39.593548
15.494261
32.93279
21.521704
33.24571
31.530718
40.152138
31.812626
31.045439
34.93024
24.401394
24.284197
40.596222
16.524906
30.676048
29.481956
29.681858
18.43014
26.405788
34.769287
28.439821
28.933445
25.836538
19.338625
34.04935
27.109312
30.629036
20.27974
28.652811
38.141064
34.43643
38.80023
38.76993
33.13704
18.920752
36.906033
16.818012
33.34768
30.177673
34.375393
36.517204
38.12173
27.861519
17.697361
29.938509
40.683865
38.436977
30.796522
20.743116
33.872726
20.931421
39.828373
25.765278
21.347488
32.32141
19.10527
31.506855
40.45273
28.259287
20.30067
23.340267
18.92547
23.230429
24.479862
33.257507
20.934956
32.429165
32.218193
30.856506
20.564827
35.650925
15.093282
17.922007
24.779053
21.320618
22.175491
27.436783
17.157005
26.411913
21.791418
31.149923
34.239876
37.4594
29.797995
37.93247
26.199587
23.125347
38.88021
34.066715
34.72314
33.85507
40.97332
34.344032
29.499416
35.03965
36.81087
39.386932
30.502047
28.80208
16.81266
27.964857
18.381239
24.032547
34.05224
31.238968
19.708925
18.620989
22.88137
20.84984
33.565876
21.969727
25.939333
16.552956
27.015976
23.816227
25.737757
37.71042
15.382033
19.155918
16.787157
16.363293
38.919147
26.627104
22.319162
23.837532
40.475773
35.104935
18.058836
19.877434
31.039244
32.448544
30.214415
25.154112
19.681751
35.35526
37.877125
34.662464
23.354277
26.098137
19.361675
32.998642
18.220238
40.55769
15.668376
34.801044
27.777185
16.406076
28.210772
26.741364
25.884027
26.561703
26.228003
31.36826
18.992947
31.104519
37.889072
25.834682
39.379257
26.726974
17.996523
28.080982
39.969128
34.492954
16.409962
21.399351
25.484236
22.186722
20.835238
21.47126
40.054
32.85615
31.46298
27.947971
16.190325
18.28938
23.090595
29.43532
38.076202
15.111185
24.82469
34.347385
21.488932
35.94518
24.236324
34.50975
39.360077
32.66022
17.929333
29.621532
23.968685
39.104195
21.88239
20.726408
26.07071
26.925493
16.638348
25.696318
39.886864
34.092445
36.43982
29.397642
34.802742
33.54311
33.747784
31.688053
29.879112
37.03256
23.230486
35.683353
29.827036
20.692253
30.272709
18.83705
20.971542
28.075605
22.33091
26.291496
40.909214
29.536306
25.047659
25.687904
28.05926
17.670668
18.939102
15.163555
27.114176
17.252472
30.682173
39.618065
19.515373
18.598671
33.553574
26.496574
26.51064
31.626461
26.410513
25.316217
22.094582
35.997066
31.75352
28.953299
40.18976
26.688822
28.874588
35.312057
24.795355
38.10192
29.869268
19.411976
15.511916
39.36943
16.379202
32.159035
23.84481
32.93398
25.33206
19.107418
39.99568
23.646757
40.658615
20.3716
37.470333
18.655254
36.992195
37.51483
31.763105
23.168427
34.693554
26.71852
29.62199
23.822716
27.194645
39.828022
38.955284
17.819672
27.617672
19.973877
26.309826
18.265633
29.901144
38.383545
31.032389
34.216213
28.252577
23.727219
38.72008
27.813137
35.647896
18.88228
21.372095
24.598143
15.310434
32.354507
37.774406
38.59857
22.627867
16.76013
15.080589
39.10137
36.803253
22.751396
23.296125
37.16718
35.686813
15.559264
36.43013
26.883213
37.697895
22.930386
29.447641
19.113703
39.52204
21.651577
28.837261
38.078625
29.355871
23.083439
18.602978
39.476448
32.873005
26.165861
24.795763
19.063751
24.796995
15.211618
38.319614
20.614397
32.992783
39.47029
27.67834
38.00322
28.325943
37.923298
34.573586
27.793879
40.18949
26.061754
15.821169
16.15787
36.560806
31.502512
20.921982
39.211445
20.726725
16.213612
17.80535
22.929379
40.402664
16.84902
35.75685
37.67943
30.872055
27.233448
32.349293
15.118411
23.985281
26.391624
28.314615
35.7008
39.382664
31.682364
40.726173
39.372818
15.143951
27.576328
28.605036
16.159878
26.217175
34.40737
28.120426
25.30248
40.442577
34.030876
26.92379
37.355408
31.762753
40.73849
40.83741
19.237316
26.298037
34.007263
35.112747
29.602663
19.366503
16.702044
26.780304
25.105062
32.24091
22.203732
28.231953
39.131042
18.460276
26.601763
19.108244
29.405352
38.85162
37.56789
17.80747
17.503775
34.06791
37.81928
33.48981
39.75668
27.411022
38.182434
20.319035
29.286274
20.983976
33.185505
17.865925
24.992804
28.80459
22.835081
29.091679
15.189728
19.413105
37.7745
18.136196
15.285136
33.719154
35.374302
26.255335
22.416449
35.358944
37.471428
27.682793
29.267717
26.671316
32.452328
25.936491
26.433588
35.5518
33.16606
35.145905
21.641296
22.90662
17.757105
16.345972
34.90175
17.204067
38.923515
37.364853
25.23312
19.708471
20.334654
38.9269
26.985064
15.382444
20.983673
24.89892
17.988953
40.155937
21.103481
25.226889
15.769318
21.286058
40.940945
32.041935
39.87392
37.869457
16.162558
32.65856
34.014652
25.219528
40.955868
37.744713
25.158735
35.783512
21.99443
18.81242
31.969442
40.550026
15.350118
30.359396
18.067848
20.485369
16.16505
16.486153
20.471869
23.437435
19.436543
35.61973
16.266104
30.158884
21.62186
18.094433
19.065802
25.626612
18.935701
17.771408
19.16047
22.672518
29.19172
28.623278
25.357506
40.09087
31.830551
38.266445
32.493378
26.85054
31.380205
24.793016
20.33977
19.815704
33.010773
22.935774
21.204266
20.466543
31.073885
32.59395
30.90999
36.511845
34.55837
29.053978
17.035854
24.9983
25.247099
21.858744
17.3088
32.546696
33.026012
38.21035
21.861761
29.683048
22.274807
25.035631
35.70578
29.883215
15.559813
23.40027
30.211966
39.912243
27.953114
35.82649
40.65884
28.315311
15.217948
31.250982
32.972733
31.50484
19.82895
29.853832
24.67382
27.788805
30.336828
26.79584
26.737522
40.898212
39.940567
40.020817
28.59085
18.097015
19.296278
34.711056
33.78547
29.795692
22.57032
17.72828
31.02409
19.740068
32.53534
25.429075
40.163994
27.30988
20.11138
23.61292
17.581345
32.236942
30.170252
15.042561
25.85209
19.140703
40.64986
23.970638
17.090174
38.679333
32.066154
22.41311
33.480877
21.82737
17.363998
31.529137
28.55702
39.816425
31.714108
27.39875
20.587944
32.613197
20.341898
35.733807
29.085932
19.459583
21.764946
28.61425
26.882101
19.962448
21.9194
32.21101
25.483446
35.496075
17.571583
19.638355
24.495043
22.26819
15.139683
25.572765
40.776196
39.30084
23.59128
21.081964
21.696522
38.79027
17.43612
16.226936
37.367794
20.835419
23.999474
26.431349
35.04959
27.362434
18.139956
40.35699
19.061565
17.223064
33.366714
38.08044
19.482458
17.907696
38.914387
26.735346
40.67567
23.089108
15.750269
38.46629
34.253548
19.300991
40.7166
20.534433
16.477236
29.455656
33.051968
33.72171
19.286297
27.618168
15.389293
30.79947
31.161968
34.47967
27.993843
27.75922
18.850271
34.310413
34.483337
38.747066
17.605907
31.82349
31.563133
25.200315
32.065163
17.343143
34.41302
34.553665
38.115807
40.94686
31.278206
38.064125
28.204216
34.83844
33.54552
34.797966
20.40475
16.109537
17.126966
25.629564
21.273657
27.260096
27.326159
39.22128
16.019537
23.373528
26.529322
15.384963
26.844692
32.680298
36.040947
21.969995
27.446426
15.394024
16.17524
35.479332
16.614632
18.167082
32.31806
32.98412
16.621784
22.288092
19.089994
15.589236
18.673695
18.831533
27.969753
23.69603
38.07419
23.370184
37.778145
27.61542
23.95407
34.57387
34.276276
31.703447
30.424583
19.043541
40.7978
22.12316
15.837788
25.067425
32.31339
39.580734
28.471024
22.636536
20.616764
16.940502
30.39998
38.019615
18.425022
25.49255
30.584562
36.47302
25.102093
36.82836
31.264057
18.248945
40.44262
27.77393
36.64288
30.965757
29.494623
19.636604
39.545403
21.61712
16.75276
26.140879
24.228178
30.021973
16.22008
40.860153
29.86012
30.355309
20.814617
20.695494
27.315933
22.550108
38.388264
19.009163
19.875425
28.823648
30.228788
20.389738
20.181038
24.356836
23.331942
20.707375
33.3782
17.243044
17.959105
23.11185
17.747934
23.223398
15.03693
28.93265
39.338318
37.438293
21.808931
24.059551
30.111261
40.450317
26.81503
20.313795
27.943266
31.131668
16.753565
17.564003
35.45361
28.65956
34.07127
33.897736
27.080671
33.825924
19.230267
16.028679
38.086918
34.143215
19.517117
24.301064
25.24523
17.8159
26.987503
38.147137
24.844122
18.547735
15.681134
26.660057
33.346657
30.36768
28.594942
25.063797
29.547533
15.182815
18.068718
23.293238
30.395206
31.60444
37.215794
39.64178
27.780611
27.743963
38.822422
26.490494
38.541298
39.13803
31.743025
18.501852
40.689625
21.737839
31.234465
40.342873
33.445847
22.98532
32.901054
16.996546
27.04177
27.399406
19.962984
39.02706
26.45784
40.808414
28.414433
21.783556
33.26635
15.389966
24.303555
27.458672
37.575718
18.017796
39.845127
24.162401
37.70551
19.065151
18.367609
22.728329
22.669157
39.777412
32.19993
39.838478
23.80117
21.601908
22.519245
35.234688
32.937756
26.450836
23.909578
27.278532
17.444656
16.77357
36.922047
30.928406
33.083244
36.527508
33.28116
27.321648
38.21561
34.66205
28.547432
18.581112
33.17177
29.568144
24.025297
21.209755
24.736755
34.096237
33.49612
22.493511
25.662756
34.20839
18.959784
24.701786
34.87106
38.105656
26.98427
19.556595
31.581026
34.759747
37.491127
32.435493
39.98789
37.178425
25.845863
30.080086
20.308607
40.44685
38.97564
31.201033
17.02465
23.612635
36.902866
38.302155
19.97289
27.820166
34.561584
21.29032
34.570587
32.750137
17.05477
22.994469
39.907654
25.383184
16.613987
17.586287
35.699184
21.381866
17.439041
21.07664
31.163515
17.97312
37.323624
34.55605
40.775803
18.113726
40.514065
23.65414
39.54441
30.934233
20.601803
39.81208
17.96713
24.9821
29.416136
30.393744
36.146603
32.622818
15.86246
23.405418
27.67892
40.10807
25.442055
22.650536
34.87685
28.282913
22.79315
24.515028
31.648693
31.679394
16.0089
38.2606
20.926235
22.831802
30.716486
15.6973
37.91986
38.049297
15.942538
17.4134
26.676266
30.594366
38.64361
19.359835
37.423923
29.241146
21.446426
31.517935
22.013765
30.525352
36.621212
31.623497
26.397228
29.648088
28.60228
31.476732
20.531176
31.958628
39.473747
37.236866
25.358908
20.216667
28.75416
26.28176
29.588757
32.422455
36.542294
15.707094
37.876526
28.903543
29.627546
23.346264
24.715319
19.559889
39.521706
27.311281
28.846014
18.694319
27.534964
30.486666
31.324001
19.693333
26.997608
32.152374
34.51244
20.973589
18.519707
35.96852
39.219685
20.07231
32.784767
37.92373
28.958199
32.53522
38.78925
19.530651
27.87459
40.343544
33.668407
34.546295
36.285164
33.021976
23.289885
27.80145
22.94863
37.282387
26.650068
38.34261
22.217379
18.083513
31.774164
16.021519
33.03106
35.324642
16.299519
28.911528
15.350826
28.041822
20.212694
22.486582
34.08004
23.9379
29.314327
36.367886
30.776873
28.353191
31.901854
26.624842
19.536585
27.371384
19.888622
19.111052
25.305931
24.655724
25.119009
18.122782
36.58956
30.823408
29.992636
36.78648
16.017887
21.691496
16.676767
31.013487
31.568233
25.565516
39.16457
33.604332
32.3659
39.89242
31.227833
33.14156
35.938908
26.062311
36.91634
35.679207
20.56008
19.918856
28.672052
35.918694
34.88231
22.626123
25.3548
38.555046
33.45766
23.940042
40.517185
15.783936
36.92819
21.64548
30.119953
37.579292
31.686182
30.94542
24.544981
25.28274
37.623726
19.926533
22.241774
36.290356
32.226295
33.875896
19.634098
20.178858
18.71235
26.18644
24.017145
30.482435
21.180685
34.864124
19.091467
27.513128
26.79946
15.237784
28.508514
24.11178
15.955759
35.37284
27.343628
38.023212
17.981657
18.903122
18.765806
35.708447
18.58258
20.520342
17.33962
26.838387
19.41606
18.198658
15.373176
34.4576
24.403662
21.382181
32.516975
18.863375
21.306217
35.82618
35.422146
37.614445
22.852173
33.558075
33.682392
17.765385
33.281227
28.51227
34.512695
35.416832
37.5501
18.793186
33.658634
39.978313
17.644604
17.233862
39.883873
40.15961
25.451954
40.942738
29.049248
33.63825
16.469452
15.869233
39.275494
16.59478
33.260563
22.069115
24.972614
40.86429
16.016523
27.31345
28.622448
29.321514
27.84153
40.96046
39.116943
32.2988
34.45171
18.597374
30.183256
39.330124
19.862902
22.85983
29.967733
19.321087
15.339536
27.049257
29.204361
36.36399
40.386627
15.694008
38.559315
15.848614
25.889221
36.038013
17.721756
30.263588
30.638353
18.590982
33.60196
26.13982
17.429857
19.337196
28.601513
28.956589
23.68214
24.975216
22.336191
33.512566
24.091286
39.648808
23.420752
33.258175
15.226631
39.02972
33.965824
23.392305
18.167215
33.3259
24.290636
33.145584
19.289265
38.81401
31.021303
28.604017
25.137161
37.833164
28.222946
22.670952
30.94508
21.827019
18.504896
35.321987
15.823761
38.984417
29.141787
31.176544
40.886673
15.303993
29.169313
36.591496
35.662018
25.496202
37.142006
18.976395
19.021887
18.03651
33.781315
32.836433
23.557058
38.896446
17.095884
38.16846
24.835764
29.00457
39.721863
19.26699
27.306946
39.327293
39.20964
25.741312
36.743366
38.60993
23.77439
32.601387
21.067123
38.28117
30.631342
32.639454
35.159973
20.799662
27.452723
24.015783
18.833036
19.809141
31.711758
34.951317
22.515291
22.869078
21.720263
33.73639
40.417526
36.240616
21.019733
39.884018
33.938145
40.23298
38.451958
31.187841
38.899513
38.953457
17.713654
35.688873
16.838306
19.954395
32.490627
39.11195
35.02057
25.233595
32.37053
17.201853
36.111958
31.31983
36.64921
22.570786
34.50593
22.76316
15.874299
39.16289
20.197384
24.25005
34.510517
18.2483
38.786507
37.776215
40.464905
21.978247
37.707436
32.835533
22.376
23.96441
24.09845
21.421177
17.549667
29.089888
20.865356
23.785614
36.215157
32.8157
30.436853
19.36893
31.378597
25.616013
16.470497
26.080359
29.967098
30.856773
40.340145
26.20577
34.185123
32.426727
23.620508
40.614304
18.04586
17.736296
35.98172
34.650166
20.893845
36.319004
17.916574
15.121044
17.400991
38.20184
31.545399
22.132458
39.996883
37.454903
40.378223
20.16778
32.985023
36.887547
40.361248
39.77652
27.700356
23.72719
27.79431
40.508877
24.979362
31.2987
20.778357
29.322474
30.942549
32.21638
29.736706
24.587496
36.630146
38.407238
33.251087
40.029495
39.38538
22.403276
33.963287
35.474342
18.045671
28.772337
15.61543
16.097801
30.980663
20.301037
32.436752
15.032631
31.806927
32.60002
20.031937
21.648836
36.212803
37.17091
30.685856
31.598305
24.742783
34.65597
19.57188
34.802776
32.61938
26.985607
21.735603
15.964566
20.721437
29.445522
36.92315
34.892376
33.691338
23.304436
30.33299
24.9598
35.80965
16.574945
28.19245
21.352224
40.75416
30.724245
27.694828
24.407944
37.651337
34.70805
27.280401
25.322493
26.931763
32.570217
17.504229
35.760353
17.417084
27.032206
22.806057
25.506205
24.79454
40.99062
28.382307
15.188263
15.176158
39.64781
34.057426
24.319115
31.793211
18.11952
40.561672
36.42486
24.042553
38.795307
26.944572
26.87127
26.07997
23.47158
36.98825
29.14606
16.946657
17.333735
19.431812
35.819267
27.818542
39.232956
37.578033
21.179054
34.384075
27.385006
30.425632
25.628325
17.584702
23.612377
33.85529
19.32765
17.993221
16.557825
26.594841
22.283201
23.958775
20.916489
33.698784
22.103523
17.313158
27.66542
28.09953
30.987024
22.911757
33.513462
16.422634
40.152405
25.573347
28.3511
20.705423
28.887098
26.086557
17.349016
20.918297
32.664276
32.86679
21.53572
30.26016
38.366753
39.57594
31.178831
24.084282
38.55663
33.558174
28.10109
20.008076
16.942297
23.29874
30.18149
27.270138
33.71989
17.278536
33.723423
31.720045
34.304142
39.575916
23.115942
20.961302
40.113983
31.35808
24.270872
36.11496
17.541126
32.007977
18.687618
24.43134
31.00522
19.048632
32.67921
30.549393
16.087173
34.255367
25.287195
39.58817
15.132457
28.387342
22.719713
18.451994
20.429264
28.823397
36.76613
24.740795
39.09166
15.053199
39.57334
31.479239
39.11584
34.453194
21.412968
26.513168
35.727924
29.067867
23.625233
23.869013
27.104689
19.22036
15.794573
16.631678
24.823969
21.692495
16.39361
20.968657
18.989355
22.942783
15.626219
26.812868
34.87425
23.37197
38.00715
26.414007
21.143171
20.999245
38.33473
37.477947
31.233662
20.07823
40.144867
30.936005
29.319939
30.160343
36.47865
18.520636
38.429966
31.904215
32.852592
30.271418
24.750345
27.533312
23.689539
32.854908
26.928968
20.25994
22.150103
18.154264
16.273165
40.222298
27.29844
33.969234
25.141508
36.522346
25.842958
30.864481
20.540323
15.805641
34.31161
35.213825
39.96135
17.490433
25.45311
40.310413
34.83486
26.231749
25.899529
35.04748
25.623003
17.497246
30.682354
19.121662
37.540894
38.235107
20.0633
24.970608
17.168568
35.5303
23.322681
39.72889
31.804586
23.87399
22.642466
23.370945
31.312635
32.21197
22.02758
15.907118
24.425264
21.291441
27.328333
33.008568
19.994335
35.991467
21.858383
27.759092
20.515654
22.301086
29.846834
34.366745
38.405575
36.39986
37.019684
19.615261
16.970379
37.899334
27.975018
29.595211
15.78452
18.719841
39.697906
32.826965
36.28173
23.305532
37.55522
28.27238
31.763445
32.921677
36.41709
35.929348
40.741795
26.631632
31.170984
28.713125
31.559902
40.216988
35.82595
33.150623
15.569997
21.782946
24.64876
29.048632
25.80039
15.081859
32.33027
20.744162
22.005116
36.691547
23.049515
30.804909
33.265507
33.1009
32.48469
17.120068
27.900856
24.483847
38.31423
30.206532
19.345676
29.483776
27.557978
35.252728
31.863998
23.68398
33.22743
24.932158
37.496506
37.605797
30.185799
28.34093
15.474229
16.054485
16.862724
18.548388
33.482857
33.424095
39.52508
28.19712
18.624704
15.175885
29.174524
37.348537
26.700653
26.121017
39.82404
26.342318
15.522385
15.366736
18.899874
24.82288
37.36552
27.826195
39.8219
38.283314
29.387241
35.045677
15.434586
31.486904
18.857313
35.768963
36.892406
17.948675
20.389359
27.137062
39.847637
32.2942
35.00958
36.712616
30.345154
23.760103
23.863037
33.62174
38.69796
36.360474
18.633034
24.02209
32.79884
30.31576
34.336914
31.834526
26.817654
16.225288
40.062126
24.216625
35.04045
34.162075
21.419199
18.609962
33.725685
22.378092
19.013695
32.358986
16.284502
16.630634
28.077076
26.87788
26.836159
23.27509
29.546871
22.132792
20.24634
35.21667
22.349323
35.810368
17.125189
31.573519
40.4132
20.9595
37.94361
19.47576
38.03123
28.121704
39.42046
17.809902
19.586113
39.006657
16.63993
23.915268
28.370872
38.62278
17.977543
29.24882
38.25876
37.438923
34.84484
32.85711
33.315777
18.631624
28.50698
28.128786
16.099295
23.763462
39.784077
30.748371
19.349106
23.34156
18.316286
36.031788
30.052694
30.62126
32.254276
17.896393
31.45434
39.74857
28.730846
33.603024
35.478104
26.875925
30.276112
22.10483
29.247593
27.239414
20.457813
33.347446
38.910854
24.35153
33.459957
33.187298
33.816566
21.442108
21.057074
21.729641
26.238155
26.071087
34.498158
27.835135
22.305265
28.440256
20.183311
19.303606
22.577555
40.34716
26.697931
24.815836
27.783463
40.952854
32.763275
20.099012
16.647219
27.576239
40.968994
38.978775
24.44005
20.58113
28.772272
19.990486
34.917095
17.088408
18.17994
17.044704
16.639292
34.72391
32.773968
38.2765
33.33002
39.903873
31.297485
26.655653
28.879051
15.2632
26.887564
17.1944
34.881844
23.747892
26.222599
40.661755
38.19006
16.621393
25.346403
36.598175
37.8496
37.175735
24.737581
17.121576
27.015303
37.29181
19.312063
39.525497
31.95687
28.159138
23.478195
19.992506
29.108538
35.444016
17.108006
38.880604
24.265244
28.985914
25.344858
27.987785
21.491081
21.705578
21.536854
39.959583
35.081154
37.82421
22.267006
21.576704
16.005854
40.721733
26.445335
38.044662
30.666945
15.803012
40.73465
34.60457
34.50779
15.594599
17.20098
40.793976
26.045359
28.960423
30.011211
19.50897
22.229656
33.80345
18.244623
19.653471
25.686474
24.91135
29.441715
31.608932
20.362373
21.707659
29.38277
39.01745
22.366138
40.586063
17.770346
22.4435
15.388831
23.233797
36.98389
38.364338
20.984982
31.891273
23.881495
20.636326
33.21035
16.84855
32.74272
23.094233
34.637054
30.645235
18.878325
29.262823
38.604782
31.418941
31.176601
22.294798
32.717167
40.638485
25.912909
15.196441
39.055347
28.061434
31.517944
36.162064
35.356007
27.171724
32.682037
34.41063
18.48927
35.58151
32.166885
20.302696
34.972023
22.922464
26.002722
23.71306
34.965244
19.605257
30.368164
38.644306
30.229267
15.491945
32.381485
17.888655
16.848833
38.004528
24.276335
21.180344
22.190117
16.483938
28.991478
23.727987
20.514849
19.717255
15.073308
25.27615
36.95205
16.466948
37.9715
36.917633
29.115747
18.56445
39.302364
33.762733
37.557465
30.671415
21.460993
18.269012
16.455158
32.165493
34.082623
19.544836
36.465652
30.773474
33.285023
16.262302
18.505554
16.55323
20.368103
24.94982
24.37595
32.616787
23.703403
31.38197
39.60916
31.59048
29.915375
36.543987
39.691162
18.2241
26.137922
30.220491
16.901161
16.78948
40.123898
40.642853
33.4103
26.949986
31.291798
29.826834
20.994226
29.635857
31.413113
27.241959
22.739717
29.126421
30.575413
23.276241
19.463501
17.018671
28.300331
28.594782
19.211657
34.052708
15.252378
17.937897
18.171026
16.868114
17.843489
25.164293
29.599346
32.68131
36.220005
22.417023
23.96874
29.6024
35.61284
26.174736
18.417648
31.851196
19.838223
32.64799
32.81905
27.485415
39.855633
40.4902
39.298344
27.420221
29.721037
22.114983
19.872076
30.496727
33.01786
24.046526
21.0291
30.148102
32.90457
25.676785
18.538652
27.815445
38.2871
26.563124
26.545235
30.681593
29.305754
22.972275
18.098066
24.51957
39.320576
38.761257
15.663249
30.493378
31.885714
35.883144
39.879696
31.60234
23.822403
35.81536
20.845291
38.126266
15.431961
29.03045
30.557543
31.907162
18.134201
17.263968
39.78354
40.59426
36.373398
40.78154
23.596733
39.082684
32.50304
32.106754
21.093605
18.29201
30.542233
16.743904
38.391083
35.15957
25.19082
28.314354
39.905994
26.264303
24.296843
20.222542
25.130743
20.850546
26.08916
22.477419
38.64473
33.187065
18.919687
18.617386
39.93903
29.175276
21.003819
25.82154
22.782131
21.911482
36.704277
37.23735
35.317467
37.511612
36.272755
27.314575
21.85889
29.922796
17.645325
22.507578
35.43811
31.674826
37.88185
29.09293
16.558445
22.565342
16.146072
37.046417
16.322264
40.12634
19.742401
31.933401
39.124744
18.385368
35.656925
37.58873
39.444565
40.913536
38.29438
30.997091
36.91246
34.443233
15.659408
27.232088
23.801565
40.442215
35.0996
36.571983
31.358707
23.946508
23.90951
27.982363
29.983875
31.683258
23.58879
37.04074
19.165337
37.055584
37.354523
28.075365
38.290863
39.915047
26.62666
35.800293
30.980852
36.213318
27.637363
39.05102
29.427061
28.603222
16.059036
40.359756
15.371044
25.85027
33.60252
40.05668
38.81928
16.519331
33.906113
18.34327
28.367355
18.817156
39.71762
35.35611
18.093506
35.69992
31.365875
23.624283
19.382097
18.395996
31.824734
15.520752
19.750685
34.34767
34.291767
26.317917
18.77952
19.241581
36.13542
35.279774
31.58037
17.276073
28.308666
26.85787
30.891853
37.104794
31.883656
29.505514
15.851398
20.99928
29.23124
26.88451
34.769344
27.689354
24.550613
35.310852
38.818565
21.068642
30.948708
34.170692
33.45337
29.493546
27.075436
38.73509
18.584427
31.757519
23.440117
25.311829
21.061678
39.988503
40.96603
22.994884
29.85527
40.695915
20.084164
30.406834
29.47483
24.984585
31.723927
21.776827
30.630285
25.556517
39.927635
16.456463
32.912907
25.537455
29.497326
39.54819
40.363052
20.39366
23.076534
32.70562
15.191524
21.24536
24.376312
19.362427
37.634365
23.736847
27.873943
21.656202
16.946238
21.28923
34.24438
19.136005
21.875492
15.040315
25.028694
31.97703
38.6144
29.067144
27.60028
35.87309
40.180878
40.590263
40.35892
16.037449
19.46351
26.774694
40.264256
15.814683
38.749428
24.471272
26.314505
39.291145
15.455166
28.782846
25.382769
22.988756
28.993357
32.6935
18.942564
19.236729
29.233604
25.16487
22.645716
25.13795
24.853727
35.082207
25.45996
16.181694
18.027979
33.223835
17.130266
36.5014
20.361712
36.031147
30.096937
24.536245
39.757378
39.372326
34.685318
37.427246
22.98463
21.721466
18.375938
39.863636
36.127663
36.21586
39.270687
33.292385
34.795864
35.90756
30.48967
39.4135
32.009197
28.19161
36.165066
23.706081
36.00766
26.871544
26.942467
40.364815
28.884514
15.6140175
37.4568
23.47388
31.90593
24.647858
32.119034
16.504984
20.655003
25.478767
20.731607
23.298527
22.726084
18.119574
39.94459
32.571674
20.595657
29.876806
18.371212
18.694342
22.508968
26.087973
30.300571
25.98391
20.746962
15.3698845
39.37703
34.09169
25.475962
30.916939
35.359787
24.189028
19.532972
31.179201
26.132935
23.608057
32.962303
21.853764
19.505304
32.35203
25.89466
24.53874
29.021173
30.462315
26.44772
37.627895
18.996927
28.613916
32.727573
32.064827
34.305496
31.50875
38.723385
26.429197
32.049477
16.645521
36.912884
28.493488
31.195545
17.867401
39.73432
23.867296
40.48683
39.72349
33.73087
40.637177
26.506618
37.127254
36.136246
38.013577
30.63588
