18.214874
25.593182
29.791042
29.27669
37.122715
19.304228
22.249804
27.499525
35.56721
35.470253
33.941494
33.78084
27.372505
40.94709
19.690538
37.51634
30.20458
32.19107
32.073452
28.994337
36.953484
18.746748
31.083746
34.16863
26.209984
37.433697
22.833525
26.336584
19.321375
19.905056
31.953281
21.45478
29.442701
38.072765
30.6892
30.302933
35.243908
35.529152
40.347652
25.997847
16.490005
26.541885
31.699574
25.462711
26.580471
17.459
34.232628
38.373024
40.315804
26.432968
29.727123
20.828972
21.65323
22.257648
29.53193
17.545076
18.02023
23.80905
19.129578
21.7015
28.87371
22.090778
32.105072
39.767315
20.624247
17.207188
18.470955
39.584667
25.788969
40.722073
25.451355
29.793694
19.29337
15.80798
28.290838
23.281643
15.211342
31.351023
32.429157
26.755568
24.914501
29.748276
32.470917
16.7666
22.595913
37.51969
35.77954
19.5547
30.440014
25.053637
39.237904
23.93641
19.329697
40.815006
16.74322
31.124058
29.913069
30.167095
34.34186
28.84343
23.09665
23.593143
39.56
19.407959
30.588312
15.550822
37.448997
28.510912
34.98252
27.452587
30.139725
27.41317
33.06193
32.3372
17.288015
19.932652
25.483673
20.68238
21.693758
33.182465
38.82521
36.505913
25.589037
19.358372
32.08385
18.412191
34.616158
23.042229
21.155577
27.5636
32.35424
16.466448
21.56305
21.690699
38.4035
37.975704
35.759262
19.20264
17.499174
32.525517
34.70246
24.21889
33.90248
27.473366
30.079588
15.915603
22.403893
16.146563
19.549637
29.964838
40.67434
27.712067
34.68499
20.041971
27.412935
18.726984
39.90787
31.386501
40.76515
17.414465
22.65079
22.223675
21.823217
32.188274
18.213886
34.489124
40.671085
33.24031
29.348822
38.746
15.398904
22.10882
24.467916
15.44379
29.787672
15.061167
39.55896
31.740412
32.952324
19.853415
23.380182
37.993694
36.132122
27.970102
39.31658
22.725937
36.029976
39.80103
26.397888
39.374706
18.627785
32.377937
38.410103
40.465538
34.242718
36.272438
15.776762
20.976768
17.739826
18.047611
31.942547
18.61417
31.27917
17.25919
28.361217
34.4727
30.75113
24.4182
31.871296
25.13499
29.1414
22.555582
39.237194
36.640984
20.467548
18.07018
19.940056
15.960345
34.641994
18.395119
19.921743
30.60908
30.641525
20.683514
17.917068
27.874048
18.701506
27.193066
32.253418
33.743816
23.903164
29.340038
35.5537
16.091553
19.485401
37.49663
17.647532
16.915466
26.487804
31.521845
27.177382
30.514542
40.919544
25.744366
39.880344
18.362026
26.54918
33.657085
20.333061
27.136543
28.623278
37.936325
30.066254
17.880278
15.347194
28.564875
40.38714
21.576097
29.799173
25.816544
38.99202
21.570198
21.099407
15.650756
33.50802
24.21404
26.118507
22.669443
32.472134
33.859283
17.785275
38.20438
22.937286
34.911488
27.141535
28.331644
39.889347
16.033323
39.692204
26.650906
37.965614
17.785076
30.3116
19.52082
16.584461
15.000235
32.992496
23.10768
37.527447
17.015997
32.062176
40.083145
35.259396
28.513462
22.140255
17.097807
30.82849
35.169426
21.075876
20.260847
24.05766
37.58155
31.37726
32.772125
31.920143
30.00088
21.234509
20.581495
17.486227
19.290447
40.136955
22.491173
37.63486
28.226076
24.299225
16.470537
20.842918
19.765059
23.635551
38.11869
16.796564
23.230867
22.859844
36.188675
25.31333
35.496677
32.439316
39.878254
35.120102
32.19778
22.592403
15.195631
15.40139
29.7628
37.297146
35.124573
22.713907
18.62576
23.363987
36.54186
24.857588
27.365936
26.027445
23.881008
23.599834
16.719656
17.223925
21.389782
17.768948
29.417913
39.748383
40.494915
31.164274
20.626036
31.820393
20.266111
27.974815
16.396317
24.240612
15.262317
27.954624
39.991856
20.281494
26.14679
34.472504
28.199558
28.731485
18.373533
22.73513
27.822578
29.099886
30.976162
18.976871
30.427176
16.889849
25.031267
40.21622
17.116299
16.060001
39.721897
34.297897
36.611916
17.320457
37.092754
25.371332
29.250418
22.74694
22.56724
40.700314
26.630157
21.347113
25.087511
20.755358
25.597464
34.67609
26.342163
27.909342
40.017246
30.37353
18.962278
19.738712
24.346571
38.58253
22.794966
36.926632
23.414297
37.611042
32.404667
23.07113
17.007246
38.90929
39.805885
40.320423
31.873018
21.462187
32.097134
26.68923
27.571917
36.033527
36.144306
36.154034
38.24516
34.349236
39.752796
39.181915
39.813877
27.269688
26.871088
15.216684
15.38308
35.276733
19.284678
25.82768
18.697153
20.188679
36.987602
39.720795
26.378065
30.917114
39.959938
20.617868
24.374895
28.292189
39.433067
28.129744
38.562912
30.508444
16.890656
30.179968
33.752804
25.58113
40.031647
17.280186
15.505363
28.35336
26.71271
36.01498
27.094208
25.057333
36.49102
15.463004
15.718943
26.20827
18.804342
17.962944
19.643307
36.69753
27.053827
22.626928
33.317772
36.351875
36.89596
32.310688
36.743183
30.938663
16.903704
20.368902
24.341906
38.62209
18.422728
20.45581
37.425125
40.21367
28.927334
26.875256
22.979778
27.21036
39.471508
18.541063
31.945818
17.576666
27.934187
32.477737
24.41429
29.502554
33.673767
40.973072
21.248976
39.95673
37.935436
27.9885
19.519117
37.755386
21.89591
35.23956
16.827978
20.079271
36.58365
32.478046
27.13182
34.897472
24.078709
25.939066
15.966072
21.59404
23.37481
33.660267
28.13028
16.244102
27.077316
26.437292
21.830687
16.448914
40.714233
20.548555
24.039034
19.414757
24.853462
31.064047
22.398457
36.048424
37.447933
34.54715
33.392117
25.24245
23.871384
17.26494
30.687475
36.236168
16.96099
15.641683
27.578884
40.963955
17.04905
23.621838
35.273384
24.640114
34.44454
32.853043
22.399485
33.479973
40.11625
38.15615
28.565815
17.419918
30.43285
38.618614
28.056438
36.974316
40.731106
35.829037
26.821781
22.955223
40.212147
35.264957
34.80897
37.68116
25.206562
16.652544
28.372581
22.514128
25.202682
40.235943
36.016617
25.089432
18.198439
32.325798
19.040743
28.440765
34.915638
23.240477
18.79866
33.373386
27.20658
39.81026
36.223614
20.901142
36.586414
20.98384
15.036002
29.33845
28.240675
24.758158
23.620121
38.726257
30.085896
17.6467
25.941978
29.671385
21.502333
38.20809
21.077307
30.391565
32.211197
17.775852
29.928719
30.783833
30.434933
30.461948
18.533154
39.671875
40.95752
16.750801
29.9956
17.038303
27.992847
22.557142
31.532293
33.010696
18.872646
22.490181
25.366356
33.645683
40.48159
18.248243
26.291164
34.14317
19.095602
28.562122
32.60141
31.023304
35.820435
27.912088
30.78916
16.011541
38.18115
27.362598
27.911974
25.902647
15.5791
36.290394
20.862335
20.512356
18.311544
28.525843
26.902525
38.975746
34.64003
38.48398
34.776253
21.114351
37.997227
28.230875
30.468153
29.369354
34.83786
15.112609
40.254517
37.886147
34.867958
37.568203
40.0734
26.735916
35.42761
36.054592
20.439531
32.97278
22.655956
24.630793
40.139126
18.25044
33.73317
38.680103
23.762121
31.060167
28.972633
21.4933
33.763966
38.30232
15.8276615
28.992384
33.19648
31.866543
26.980461
29.743717
16.506954
31.171131
15.597215
30.590816
36.87708
16.199923
36.561546
40.731422
39.457855
25.475552
37.039722
22.869968
38.554092
15.620689
31.084465
25.195732
25.32178
21.68437
25.150158
38.36867
38.863842
40.24833
20.370941
39.438995
21.744663
40.478714
25.243982
23.683174
24.89092
29.751402
36.9639
29.708328
22.606125
32.25453
27.07025
36.858437
37.99846
25.059803
19.298489
40.95002
28.506313
30.554398
36.56593
34.67166
32.403175
36.838375
33.877594
34.600674
36.17328
28.717691
40.603027
17.72209
23.471718
29.260931
37.05348
34.57915
17.017443
27.538237
30.580082
33.741116
17.214895
28.12376
21.516996
27.143417
29.559721
32.218437
23.209566
40.03682
24.95634
30.837675
21.096092
34.776268
18.959871
17.409006
23.352783
22.486965
31.652178
26.337654
25.964985
36.76409
33.371616
15.623285
36.253803
20.99451
26.83825
23.449162
22.865747
39.63266
33.351128
22.815311
35.024033
29.81971
31.681473
18.750174
17.443731
35.104046
37.045383
19.410606
29.728912
33.70286
36.11189
23.468023
32.298477
31.738735
24.387041
21.578808
26.928408
31.191774
26.51194
15.450072
28.851625
40.926956
18.022306
32.037167
39.022743
33.08801
30.939608
26.74731
19.633404
34.39333
37.198402
26.17401
23.255033
30.425947
37.361866
37.849934
20.089266
26.878895
17.337225
37.781193
26.722326
36.898766
36.875126
32.113953
15.508235
28.164545
28.521667
25.184637
40.24662
31.145369
34.389145
24.417915
21.174505
31.099974
40.62128
37.062008
32.457447
20.81236
31.751026
40.58879
34.343876
26.802172
23.283737
33.736553
17.937555
40.80508
20.785822
30.636076
21.146574
18.68753
31.518723
26.236252
19.783268
34.641808
30.230341
17.333189
36.018047
39.501656
38.1008
31.907238
27.431074
16.325161
17.036701
34.185234
31.759249
26.010887
34.517784
27.870638
31.102024
32.64479
23.022188
37.322163
16.828016
36.519653
18.69124
38.11184
38.715473
24.325386
36.34201
34.356415
26.963093
28.877672
40.19561
28.491278
39.62377
28.934113
17.761467
29.744116
34.742348
35.141113
38.20259
18.465784
16.019403
30.96148
38.20414
16.68885
31.176758
15.55171
19.877262
18.80958
31.366215
18.989746
38.552624
18.127123
25.941742
32.997967
15.4525795
35.12395
15.706214
36.362923
29.178421
29.83454
31.347351
17.622456
32.708767
19.424698
18.193577
18.2724
19.177475
37.19177
23.648941
35.739323
32.084194
22.596397
39.707363
20.672316
37.788
23.649378
37.799854
33.72601
28.14425
27.00255
20.894543
22.938673
18.967094
25.430555
38.247673
36.053295
39.634857
37.040672
21.49489
26.686312
28.602745
33.51084
20.87562
15.117694
32.847107
23.931396
35.299274
35.65777
20.337765
18.413868
27.69067
35.040314
35.519634
29.530655
35.59296
28.098106
28.48223
21.862236
22.359915
30.096172
33.005264
38.45398
20.435455
39.529762
22.990984
31.822517
23.196766
40.93808
18.928509
40.302002
15.628448
38.34149
35.982773
39.98352
38.698544
22.279154
33.06047
34.27623
25.723442
37.10545
31.777552
37.20682
33.23703
32.198006
25.637722
20.974115
33.920612
31.036488
38.92856
20.988667
27.003521
33.730656
17.851692
32.65253
28.21045
37.507732
29.225695
17.472273
24.809975
27.913282
20.735182
25.748688
37.609802
23.036495
23.146786
23.049612
20.847797
21.939814
39.17252
37.947548
38.8438
30.654583
23.73327
37.091747
21.005827
18.598467
26.259926
30.584824
16.325268
21.077066
37.36691
25.84675
30.849087
37.65127
23.742685
39.674614
22.783236
39.583576
30.424032
28.044298
15.859867
30.320654
28.755644
17.350708
16.391983
27.026194
15.283935
21.245996
29.042706
22.547129
17.593616
26.010693
36.75232
29.877972
23.667948
32.480488
31.494812
23.182194
17.738274
23.951838
40.57657
36.736183
17.785769
21.202417
30.043512
19.780441
21.868052
21.787893
24.428858
27.194353
30.265596
31.114307
18.552282
27.154995
38.077656
17.43582
28.372267
19.497087
24.344645
21.890413
21.996897
30.360302
31.03373
33.961536
36.874405
39.891853
38.296604
20.341629
28.913317
34.266365
35.29324
19.073734
33.82297
21.091686
40.572594
15.060471
20.318819
22.388464
26.511137
21.554817
33.002846
33.762924
20.632175
39.085255
23.707962
24.13643
26.763872
26.418055
15.886326
39.452053
40.941
33.62248
23.224941
28.147545
16.715313
33.079983
27.088003
23.865671
34.111645
28.366503
31.613907
31.867113
39.85163
31.337132
34.33589
23.917677
19.664196
36.455593
38.04879
30.040781
32.511726
30.436123
24.31035
36.45775
17.383137
30.603363
20.4442
37.282665
37.93973
17.026241
32.202366
37.095123
32.747135
35.4447
35.348995
38.383347
39.086205
36.28348
17.342754
32.031826
28.408245
39.63522
15.024012
26.521782
29.384491
24.9952
23.75386
20.3193
36.197124
35.743374
25.805603
36.045242
37.228928
19.89436
30.97529
36.452618
24.630812
34.474133
32.356472
30.981256
34.381348
19.032522
25.015265
33.71624
27.39962
36.26349
38.90543
36.945732
29.032503
28.480556
19.779133
25.195456
30.809742
27.782679
29.077568
26.611208
26.74497
27.146177
25.826643
21.86749
34.658073
25.391308
16.416489
37.399372
17.004068
30.997395
21.809486
15.686448
31.515892
38.078358
30.200089
18.561876
19.603392
28.480867
16.440716
28.076027
19.897863
36.93019
23.651485
29.313545
23.591482
33.4243
35.34759
16.74419
17.293028
24.664574
36.14666
38.18197
22.006235
40.211895
29.659393
38.233753
19.534262
19.269833
37.52036
36.237633
40.123577
36.52194
21.6818
30.123032
15.4828205
32.288147
33.071823
39.36858
35.44699
27.415588
29.50937
39.290554
16.50449
24.782084
26.371906
29.26369
22.164455
31.065918
20.927694
39.157925
40.71394
38.523422
15.473166
19.26866
25.29935
38.91628
23.45679
19.324913
24.46382
30.443325
22.624447
21.778704
22.28188
17.557056
29.887285
23.510807
30.055176
36.882923
34.091557
38.332066
36.167618
36.109856
21.16097
26.216099
33.145737
26.6834
19.185577
18.068417
31.229687
37.408215
18.947264
39.01858
35.83265
30.654573
22.10039
22.716154
22.15117
25.763874
34.767178
37.917896
35.88619
23.461124
40.660954
36.772717
34.544296
20.607683
23.01632
37.64262
39.11107
28.465466
36.58393
38.04195
29.022984
15.794219
29.738497
21.333923
22.311852
38.56634
38.352173
40.192577
37.55527
34.859135
33.50152
38.519875
20.839054
28.572224
18.304705
33.501873
39.32223
15.018354
21.226711
36.794487
27.19251
29.148554
38.043686
16.448559
19.809923
39.198143
16.323746
39.1155
17.658531
30.8779
18.759966
31.319023
39.360924
37.885113
16.982307
37.135025
40.457462
39.4721
33.578793
19.490892
39.91202
39.08526
16.972212
17.477083
19.37817
37.67544
23.5272
20.558043
35.144638
23.181047
27.803486
24.376093
25.37601
31.897924
29.224691
23.961105
35.774517
31.975655
27.598015
38.59041
33.110905
30.117725
34.898724
36.28752
30.207285
17.713375
28.524279
31.004917
31.901995
38.091866
35.826595
23.90522
35.286373
16.365328
19.146778
35.836803
15.075514
37.41416
36.805313
21.093975
30.359959
39.96944
38.54169
16.858517
28.182404
19.459557
33.75091
24.338507
36.39341
25.313862
21.530329
34.55202
21.06224
25.753838
37.028927
27.94739
36.35383
26.752777
22.881943
32.60838
35.23004
21.807846
19.61746
16.661816
37.59326
15.443762
30.837467
24.686726
16.562508
35.955235
17.70447
23.418318
37.457115
31.795704
16.80574
38.846714
31.760263
39.232803
19.820808
28.92945
23.844366
40.41634
16.583775
15.568487
35.56267
36.842525
15.110621
32.246548
18.946112
39.348515
18.952635
17.774237
32.19176
16.234282
31.840605
29.968607
24.88902
19.884172
16.000492
25.765396
25.001854
27.348404
29.749737
38.26133
22.510273
29.745195
30.02442
26.489561
38.811428
27.057047
36.34102
38.35041
24.990505
26.92011
16.36247
21.051191
37.89382
36.343502
39.7168
18.653158
38.571377
23.94574
16.007624
22.880116
37.10327
21.258463
15.059235
33.212452
23.084269
40.92287
28.355162
21.471983
34.11294
33.192352
26.35745
20.59714
29.51673
16.054993
16.935024
23.114634
21.241394
32.502735
39.482986
17.93294
22.343172
36.999165
25.480701
26.514523
29.844187
22.035917
25.215054
33.22789
18.846449
40.81808
24.186262
31.737215
36.747036
31.581741
27.317188
15.656399
40.1568
34.8224
22.503027
31.37604
36.69722
20.800697
33.26686
31.96602
25.234806
25.092392
29.327497
17.362947
19.30969
34.662384
37.7396
35.670918
21.524836
15.967963
19.932072
17.335644
37.484528
15.934371
19.449203
26.196178
36.505623
34.296135
23.490126
24.975073
40.772255
37.76055
26.445572
23.636972
32.86448
34.725033
35.54702
33.227276
37.66361
35.868023
25.471773
19.296646
36.52174
16.833435
38.288578
21.823744
39.28028
24.441595
35.481842
16.667814
21.231974
15.384975
27.958626
17.01425
23.443258
18.204927
31.920946
24.020504
19.988552
21.496014
33.27715
35.926323
34.595257
33.747417
24.869404
22.261415
35.95813
29.0063
37.21059
20.46532
21.553871
29.635883
18.652187
16.228363
34.171577
16.841423
32.94593
28.169249
35.57196
15.350078
35.015427
24.08397
15.697971
22.656174
35.420006
17.93234
39.681843
19.581133
24.471498
21.972647
26.528141
27.547836
32.255764
31.01147
16.799885
30.931986
16.914251
23.60497
37.894413
28.128498
20.456858
40.229477
30.568012
30.558823
37.10594
38.933453
31.25306
28.745422
21.712294
20.789438
29.408724
34.792656
19.137434
26.583843
29.656008
31.138557
27.66259
22.61398
22.77018
20.280035
38.463226
39.20596
31.73844
27.324253
40.979053
30.623657
17.0379
26.682014
16.612871
39.408142
19.048748
33.994213
20.607737
29.868511
15.089672
36.470387
36.180347
40.4394
31.947508
31.218796
40.029625
22.926807
25.970184
17.860287
18.19296
36.283295
29.801947
38.743675
37.88862
39.48506
37.661995
29.41819
16.4613
24.32762
37.702522
23.66896
28.838879
28.51342
16.429358
31.384417
24.011856
40.273952
22.428167
15.799828
36.96309
23.950397
28.711512
17.249153
39.20384
27.451155
38.88673
33.457706
34.61323
19.311127
16.041943
19.621082
27.631756
19.19684
24.757221
27.041124
20.025358
33.133087
33.97023
18.927685
20.415323
27.470915
31.560396
28.125221
35.560024
21.673458
30.463001
23.986256
23.978271
25.365227
22.884232
22.38904
38.919865
29.772093
39.760605
27.984724
20.9176
27.6734
40.9909
33.15964
40.19591
15.294219
36.165985
17.91132
36.064857
20.18492
15.531741
24.862085
40.094223
37.066914
24.742437
39.972153
40.340977
40.867496
28.596874
22.16437
39.194344
20.723408
16.396662
18.035769
17.506292
20.60184
36.825912
15.106384
30.591227
39.3693
35.323826
16.64376
31.40722
37.63282
33.806442
33.00192
24.772102
24.484718
27.291082
34.626453
33.82124
34.40116
30.486763
22.40282
32.079918
38.97653
37.736168
33.86278
17.501663
27.919645
17.829475
28.91434
38.61489
40.794594
21.157637
30.223387
33.52385
31.357992
30.432482
19.150736
17.925714
22.026234
27.77325
28.235989
40.534325
29.000362
20.343945
37.62021
27.342012
36.88284
37.923157
29.512135
28.00445
15.239649
36.797794
21.828201
28.299595
28.492815
21.194366
39.474346
30.090143
36.772537
18.096317
35.38817
38.51007
20.914808
23.743088
29.42274
17.199272
27.65947
16.366405
21.428837
34.326366
27.285387
15.791535
25.480225
22.868223
39.4135
18.416027
31.087048
16.155771
19.51514
17.775707
34.455235
38.049255
18.782194
40.417484
16.375217
32.271973
25.447319
16.12075
17.161196
17.41018
34.386517
36.643997
25.21252
40.877766
35.893066
18.120432
22.231686
36.747917
39.880913
26.98623
30.908808
16.769876
34.457302
29.897312
27.970371
23.117535
35.79851
22.47524
38.890354
39.45756
27.569286
33.920166
34.27484
19.778273
16.745586
36.5385
27.956497
28.086494
36.63201
23.055212
17.173304
30.55817
33.109352
34.215496
17.856203
17.019495
20.70438
24.627726
15.013306
28.738825
26.94309
16.059479
15.473663
26.425713
16.630318
28.470583
23.841461
20.061852
18.19272
23.951958
40.411953
18.729767
36.02882
25.436312
36.013294
29.958616
27.928875
18.556438
21.26382
22.27245
19.059055
31.349207
16.572256
21.604801
15.748507
26.63805
36.358673
16.03454
21.374516
29.874062
34.436947
17.901346
37.010143
26.975538
27.274824
33.77528
37.18036
34.2781
17.935646
30.983358
26.066795
38.092262
17.906073
16.437103
37.80793
32.56265
40.727192
33.35854
22.160622
19.532701
32.371635
40.168137
31.72057
28.941137
22.64728
29.276676
23.143402
36.911064
29.558563
19.81409
36.364765
37.139957
24.51921
31.431793
36.68687
29.45855
22.585644
22.231052
40.780685
17.498768
34.468227
40.59849
21.146984
33.295845
37.97787
16.270771
18.386202
16.346806
21.778408
28.304071
38.746178
30.15739
17.840569
24.78999
29.8484
18.631758
26.831253
33.137962
40.23769
27.793982
34.822193
38.53539
20.456709
19.277746
36.164993
19.800074
32.71599
22.780296
26.154907
20.255707
40.911667
19.24903
22.193668
40.489563
36.737396
22.953886
27.561954
21.892586
40.9434
22.79592
39.6251
22.735657
25.414936
27.2122
22.32095
28.201717
29.673878
40.859543
17.11673
22.272032
18.651503
22.894192
35.272087
30.655863
25.136986
34.11197
33.208477
18.056332
18.175392
15.473104
16.060364
35.981274
27.870543
21.608253
26.071611
23.036407
21.542269
33.78695
24.400892
32.179123
25.994234
15.527026
25.112738
16.764805
21.767612
34.533306
40.656326
19.383455
19.68759
20.976107
22.971943
18.463097
35.753742
26.254911
31.515478
37.407272
33.48205
34.339756
16.95417
27.637596
29.175428
37.54272
23.062231
24.328278
39.281185
32.14413
27.43289
33.84803
27.988222
28.682875
18.023726
22.965864
31.523098
26.91746
37.265114
17.730719
37.2235
34.47425
16.486963
36.600895
34.399143
39.021564
36.75683
27.877857
18.23432
26.443075
15.872846
37.789845
35.542953
21.931238
27.217901
34.67441
26.05615
29.181215
28.456717
16.624863
29.103878
18.93806
24.645546
22.694233
17.046537
18.034666
31.224487
39.291325
19.618872
29.755232
33.575356
35.756943
39.46774
15.868848
29.353388
34.274433
26.596931
33.999947
19.639038
25.247137
18.176445
33.13723
31.106411
18.066427
32.230083
27.029911
19.867851
34.79748
15.084601
21.97986
24.429531
22.725956
29.145063
34.110546
16.280844
38.93727
33.55541
21.578382
26.04072
34.141205
19.609665
23.38943
36.796944
33.808006
27.398575
28.49406
20.299875
22.348305
32.1079
34.65457
18.009956
22.547525
27.628874
16.21542
27.648663
21.756609
19.69796
15.353045
36.865555
38.444313
20.652058
40.642033
28.9094
17.632391
31.067127
31.846573
16.779291
17.463484
24.042223
36.731033
24.231989
25.692528
37.697586
22.380604
22.234726
40.24605
32.574642
36.032894
17.977983
30.159727
29.057302
32.74345
26.400717
40.183018
33.678185
33.343082
39.33087
24.130878
32.229977
36.09207
18.80693
30.665854
37.971317
37.196095
28.921593
38.610058
30.898151
30.92102
26.61665
39.114933
25.045815
39.428455
26.258396
27.057777
25.093512
25.651157
19.53594
33.88749
23.162212
35.537292
33.250065
24.808044
37.62849
18.814669
38.898212
32.66666
28.021038
26.060946
27.611603
21.204754
35.623184
38.31297
39.963284
15.433133
18.273941
39.708286
34.44142
28.809032
28.041681
23.724035
34.96995
25.621048
19.93874
17.463228
40.759098
34.52904
34.65185
18.135744
38.98122
17.559633
22.382463
27.39102
38.292774
18.023859
18.322653
24.481781
29.06112
28.80218
23.036446
38.372894
18.305233
21.23293
35.073036
31.856655
29.822327
40.4439
16.507544
21.495626
34.747765
25.382734
30.786493
21.78642
28.883518
39.030273
36.249535
36.322536
16.530825
22.322159
20.005306
30.931648
30.275612
20.157333
25.458752
17.77256
30.200592
23.538183
36.718594
15.1992
40.335903
18.365635
22.358034
25.833893
36.810467
16.703413
33.55818
20.739382
21.129202
20.42928
33.53304
36.838783
39.276585
16.10705
16.316366
29.805046
34.934967
15.64169
15.484981
25.526077
15.006387
21.820843
31.19965
25.949184
29.839598
27.199627
27.063871
27.618006
23.089344
20.95157
18.732502
23.537584
22.972847
27.287054
23.946316
35.137848
23.83886
40.83167
22.725204
21.05312
40.427486
34.960384
20.82192
25.194992
20.974443
36.49949
27.219833
26.168215
37.40124
26.436682
27.45238
39.46395
25.2332
25.320837
26.828476
21.062078
28.600107
21.886377
29.267323
30.08394
20.699701
30.103262
32.377705
28.959238
15.442052
17.332073
29.660944
26.20552
17.643312
22.55475
32.273403
33.365955
31.100208
34.75498
21.653511
37.910915
22.15201
39.43831
40.49996
27.981071
32.924614
24.010551
23.081812
30.734545
19.351793
26.27405
30.667976
39.75787
28.28153
32.65491
29.98258
24.510338
21.500715
35.940327
30.024445
26.093493
20.349464
26.283583
35.33299
38.772396
30.74661
38.02546
29.83955
21.622475
16.910875
22.484114
32.81225
29.435556
32.837585
31.281668
25.084106
32.590984
39.678703
38.004177
35.7484
19.982424
40.57433
40.0327
34.811703
15.288296
26.196733
31.236664
17.91435
38.883453
30.293316
23.886793
39.159637
21.5121
16.852886
28.623356
27.337194
27.476599
37.169926
22.606466
35.382668
28.54416
38.04447
32.078766
28.78493
19.033142
31.630613
32.48676
31.833689
17.612934
35.0345
39.03565
25.094582
38.236233
37.663124
27.093452
39.305332
39.31968
32.53808
19.213808
26.005846
34.798706
24.313837
21.712805
21.646643
37.004623
31.577993
36.713703
37.664253
15.446758
18.161337
35.36446
34.068783
37.529778
15.648488
36.536472
18.457993
24.996012
33.0552
18.72896
30.053947
25.454918
29.72637
17.131905
39.352367
23.746569
17.909145
30.841553
20.281433
19.08332
16.16844
17.075912
35.386044
26.923578
29.837536
17.903753
25.485025
15.353828
34.034348
26.479105
23.493069
20.389917
40.424343
36.064285
25.655697
23.055767
38.87393
18.227987
30.314777
31.357512
37.413624
24.520958
36.50372
20.34332
18.518078
40.660378
20.165613
37.323887
24.610552
35.794987
34.59423
17.0259
38.912212
33.77657
15.816958
26.960503
23.282093
16.529413
31.070328
18.611076
20.531422
25.587856
39.263012
39.179417
28.846384
32.663097
28.377747
33.576633
34.416344
19.703905
26.132788
39.10488
39.13986
19.331902
16.90519
37.84832
15.3688
35.76063
29.91228
16.176388
17.051191
40.3486
18.95437
24.95985
32.34633
16.790041
24.640903
20.10975
20.811146
20.613092
37.953827
16.871708
26.594599
26.133701
25.246202
38.942783
39.72735
27.304478
37.330578
20.925339
40.55681
19.001312
29.180958
19.89215
15.653075
24.206543
27.953669
28.909273
17.099136
40.276005
17.526707
28.2479
16.979122
32.018253
37.56369
30.713758
23.09129
16.667894
26.227755
26.032324
18.437794
22.000769
28.10231
21.550442
15.881201
33.817482
18.61976
32.649628
20.508093
20.812592
15.355912
40.21369
19.70298
19.450418
24.916927
32.253017
26.711178
26.884373
27.827356
22.360106
25.557135
22.185247
32.821865
39.055782
27.58513
21.184956
16.249975
39.282753
26.602154
20.095648
29.92222
36.312855
16.628113
23.73023
39.657825
17.156757
35.5965
19.628775
33.038082
31.19952
17.998959
23.68633
20.426296
40.232742
15.43009
15.981213
24.184292
32.31376
34.2643
33.41876
31.197102
33.954697
24.284298
16.534172
31.31164
23.028801
36.981247
29.339008
29.101736
22.478891
25.459576
23.449413
26.491106
36.422474
25.404678
16.900217
39.197464
29.570292
40.40974
34.027523
22.705101
28.009905
29.10829
21.59344
27.52989
24.353157
30.021967
19.930084
28.909876
29.006102
40.808342
22.296095
36.73617
33.892292
39.681602
34.86728
23.533081
29.345036
28.17925
31.824142
19.602966
31.081564
32.160812
34.852528
35.070576
34.181732
23.950079
16.039557
34.49312
18.816229
34.870136
15.625702
34.94655
16.103968
40.070942
25.364672
17.055212
35.925632
38.512047
38.34648
30.301004
37.780125
26.238451
35.054935
39.130024
24.842861
26.67552
33.159405
22.868673
20.269758
21.569202
37.08166
22.267908
27.487865
28.410736
30.732199
26.613426
16.72346
30.710424
22.976315
37.77124
38.340687
40.32291
22.368925
31.282236
37.698536
20.176804
23.48792
17.675922
20.181273
35.224392
33.799538
39.54276
40.817142
21.202578
39.40514
21.586058
22.472515
20.884022
16.247368
25.868607
27.99333
19.897947
16.394587
26.775824
36.863
40.912853
22.876152
35.83634
17.955679
23.99887
23.206928
35.472622
36.78611
16.325294
27.218117
26.998295
32.291977
25.999306
19.102362
25.735573
30.631977
34.814713
20.684721
20.995247
31.742603
30.954967
32.847008
32.84339
16.468885
37.282604
18.7616
25.073038
31.96909
37.74764
22.131786
30.605753
18.790665
15.660328
27.98926
19.66717
36.524487
25.099133
40.765347
16.512156
30.266666
22.56255
32.33113
29.219471
29.252075
26.12395
21.492598
35.132385
25.970839
27.811375
38.030476
39.89087
40.838978
17.70968
22.790422
36.68263
16.066517
27.370295
40.55779
28.334354
24.751238
33.514244
26.492126
20.171288
31.423447
36.726982
17.750193
34.19218
38.276943
31.868996
17.592175
33.03859
21.143627
23.263979
33.7444
33.481365
34.903927
18.376804
18.08279
21.704008
37.47253
20.65641
24.804852
26.531582
36.75864
19.494108
39.173996
27.935608
24.072258
24.835682
40.64853
32.639446
32.332745
29.886068
26.748608
36.455326
38.133205
31.558317
31.368048
28.10333
17.22397
36.843838
37.40381
33.694305
27.300764
36.118954
18.55458
26.802717
30.117836
23.55304
30.930813
38.11229
30.893696
30.24655
39.722157
40.986164
16.736776
15.502493
23.5842
24.995192
17.390654
37.72291
15.634942
30.431963
36.983223
32.822273
26.992506
39.14485
32.661465
28.762539
34.639004
32.645542
37.00323
25.840141
36.061592
15.375077
39.91974
27.692907
20.600185
23.257658
26.397202
33.645428
23.72238
29.228035
34.873344
32.974224
19.549599
24.287483
25.304256
31.949436
36.874516
16.825018
38.049328
25.097725
32.63834
22.434586
36.586823
35.03138
26.37751
37.265686
40.76981
32.40156
19.502949
20.063944
18.84203
35.059006
38.44093
25.489845
39.755493
23.343378
26.643225
28.047987
24.466406
18.572876
23.265196
18.015778
15.833239
24.268585
37.913914
24.129763
23.500536
20.423416
31.284575
20.469261
30.724386
36.21345
34.73185
36.971294
32.480137
25.949795
39.863873
18.31727
24.39028
32.78203
32.100132
28.551165
30.020197
32.689674
37.80045
40.720474
19.911638
15.636003
19.050856
34.075424
31.35871
17.40892
39.483086
37.91855
19.378279
32.63652
24.608011
37.065845
24.586548
28.740313
19.059286
15.062414
24.765799
18.17704
16.872059
25.789625
23.790064
34.22032
21.462536
39.907413
26.275743
23.746325
25.32779
33.69458
32.832985
15.013033
37.65114
34.281513
15.11585
35.260548
24.97701
25.013891
32.00414
28.110258
17.910154
19.74263
32.196903
36.203667
37.39763
39.204453
28.257582
40.296906
39.567997
38.33904
36.72279
20.115074
26.33066
26.382942
34.271725
20.67068
27.979284
15.887062
35.150303
26.463594
29.896803
34.423584
30.053953
31.005142
22.125483
23.679985
33.49526
20.446907
16.044048
36.881763
19.317373
33.74526
32.6849
23.042332
32.46148
15.755431
20.327946
23.40747
39.356194
27.924412
28.923613
29.643541
31.369238
39.839775
39.626087
18.812706
15.646343
37.792015
25.258883
28.98508
39.35968
15.720762
19.888332
15.456857
34.897865
31.440744
36.846603
20.975117
20.851826
30.88114
22.524385
18.114147
30.785646
35.222477
18.044378
32.004757
20.72868
40.278008
36.530254
16.98719
15.085072
40.241978
34.101757
17.439928
19.229052
33.015034
27.955153
23.03073
17.43913
31.717419
38.929207
25.942997
35.02161
34.71354
18.810446
20.249622
21.483568
36.496777
16.297401
15.538138
39.43776
26.12147
20.022146
34.135136
35.55663
38.51917
26.318335
17.834553
31.339893
20.999376
39.528572
27.903587
26.71995
34.510212
17.559896
27.32158
30.601572
32.82241
29.124699
20.70145
25.317184
40.700447
25.645405
39.14978
40.676224
30.337437
30.15478
22.440926
37.796898
23.855896
33.6897
15.312027
37.23089
40.514305
30.654797
36.430077
36.026318
22.409811
24.423344
33.6387
20.321602
17.930344
15.046307
23.461588
37.822487
27.984695
32.356495
22.521023
18.086964
16.127167
17.983229
39.5242
39.92738
36.093628
36.834015
24.776608
40.43645
32.9788
26.453165
37.800888
39.15356
31.309986
37.33338
16.571285
39.71005
26.610252
22.734789
28.117844
19.926935
16.694616
34.85695
29.811258
19.785772
32.905537
25.312876
19.50833
26.953157
21.769495
39.770138
32.91967
25.611593
36.144264
17.352549
36.055458
32.23425
29.826977
24.937119
19.411615
37.638397
30.805807
22.834274
34.677982
40.16202
31.863678
35.505527
32.181694
36.130493
17.080143
24.951197
28.023098
22.914806
30.928043
23.191803
39.918144
38.830254
17.12444
25.870365
20.130428
38.884144
35.17068
19.41869
30.557617
25.953432
23.604399
33.459415
19.031132
35.35789
32.386528
20.156483
17.194683
36.991745
32.559483
27.08026
32.946285
39.1864
23.337862
27.819569
22.360094
28.29926
33.13103
39.05136
15.248551
15.658262
15.647315
26.06982
35.081886
22.939157
15.192381
26.880156
15.851249
34.31223
16.54985
33.878426
19.643387
24.767445
36.419994
23.867167
23.188808
34.911846
17.292828
27.697693
35.45219
33.230145
32.844727
22.183395
27.452757
27.309368
20.473206
21.094408
39.934135
33.850582
25.422226
37.022533
36.24724
31.425526
38.100937
25.696297
18.866396
27.883263
29.661577
26.929573
40.32816
32.071682
20.67762
39.803173
29.063702
15.110972
21.85124
27.90737
37.59003
21.840984
22.079468
35.5143
30.831776
32.261593
35.921326
33.402718
21.9645
29.795021
27.533672
25.72358
18.102057
18.021263
29.481295
16.773504
32.39477
40.1726
22.477217
38.83407
24.661745
36.12039
22.072138
31.338522
25.549814
23.847158
28.587172
17.54345
33.393253
16.469135
27.172092
17.611456
18.44255
25.759415
21.771591
28.551956
29.937119
26.818838
33.994957
19.820662
17.616026
24.051785
17.410032
32.544376
32.692444
39.92608
15.620083
38.31626
38.06162
37.13116
16.632763
30.297646
15.568909
39.695812
24.493073
24.966135
27.533396
25.386576
33.927742
29.265612
36.40446
16.280212
26.836292
15.142369
38.42262
24.788357
16.864412
35.49256
32.462692
30.609762
18.008226
32.39971
33.85652
20.095303
21.223373
22.207
24.923988
15.333165
31.350737
32.44761
21.185368
33.89645
23.32102
40.947346
24.784544
25.642618
23.56332
29.517403
16.521906
30.21402
31.81816
23.57099
31.077244
21.961037
16.143387
34.726196
26.497221
17.894045
23.80173
25.998394
24.82853
40.967773
20.931656
40.53903
31.897106
17.511318
16.428633
33.043694
24.665274
31.939402
38.301704
31.93083
16.342978
30.015165
19.92077
36.18345
16.485758
19.882128
33.032757
37.34982
37.68141
21.842627
40.20034
36.61503
18.10878
15.432387
33.40474
31.08382
34.24636
25.725609
19.954443
22.456263
26.314999
34.002193
37.554726
25.131104
26.658113
20.918581
29.418097
27.43789
16.194523
21.14581
15.63377
19.177313
30.32306
17.073341
36.66466
20.940327
39.214867
33.62427
16.803211
29.780031
40.29832
18.487469
23.69282
35.726425
30.923277
18.144377
32.609547
36.36255
40.685326
19.952969
25.099072
36.221645
37.697556
18.248661
28.776876
26.118391
23.216347
35.93172
36.62492
24.693338
18.459366
34.332943
17.956049
40.428196
32.19814
15.284255
33.367714
31.180592
21.76416
16.267982
26.469488
27.890463
25.47665
20.278461
31.944258
29.526278
37.181736
32.601845
22.590853
17.567757
23.58694
15.104726
33.396263
36.36282
22.381521
16.819506
36.398525
40.54995
37.752346
19.624146
28.126652
32.403267
15.836615
31.636274
31.742018
40.43601
27.896917
38.57631
16.65583
27.889229
17.560677
22.801586
33.36037
19.835964
18.335276
40.973236
32.48696
28.54722
28.791716
16.389744
30.69157
26.49454
37.303852
36.906055
29.869316
28.905012
24.036839
30.054144
18.412077
31.138083
20.997646
19.49094
25.748735
36.319504
25.39202
15.221587
20.245525
15.646315
37.27654
40.180916
33.694332
31.567741
39.55096
23.703197
27.07965
24.650457
20.705217
16.17004
36.0904
38.35257
40.417103
18.69854
20.93049
18.159336
37.09077
19.116587
39.38269
38.57454
30.732845
30.66948
28.792957
19.314987
22.182062
32.911743
29.668036
22.721632
40.64004
39.06037
26.916813
17.879343
25.694864
20.720404
16.416449
29.228294
31.58583
33.3411
16.547134
32.553566
22.326893
30.02063
20.614708
33.15545
18.487871
37.34959
26.668303
39.731583
21.926764
18.868313
26.120525
19.04295
27.573032
17.41028
39.79061
28.789377
21.480936
29.113644
23.51635
33.286114
33.80361
17.205202
25.318518
34.51164
24.082718
38.7959
22.25186
17.887848
28.305145
36.874146
37.539658
29.757263
18.547386
28.443153
17.364222
39.93795
34.709854
38.32054
29.773603
35.96534
27.837494
22.503464
33.56516
29.671152
29.829813
23.19958
30.71952
35.603146
28.96241
29.634071
37.98392
18.455448
16.573902
32.565147
35.541702
31.157703
21.516174
20.075205
39.355186
28.562304
35.522564
27.652142
36.732105
29.772514
34.517715
32.835045
21.940975
21.070267
38.0745
33.77072
28.28892
25.130957
23.717505
17.912403
18.975636
28.753572
18.579294
25.789057
31.25023
28.687984
34.03469
39.28369
38.922966
35.3073
29.370089
28.18114
39.12186
26.851627
20.28881
40.88072
32.33453
26.760643
21.110325
25.116245
22.238434
33.215908
25.890097
22.285915
15.598235
23.429823
29.368652
36.56653
32.59672
21.446684
21.652475
21.37152
32.366226
37.262283
38.83603
20.909437
15.200355
24.92204
39.39332
35.609283
29.951166
35.923653
33.099113
25.001389
30.454943
19.728739
19.483978
20.277294
20.479961
27.479065
16.383997
21.199343
38.652668
20.116302
20.015203
30.290445
19.093996
22.02043
34.184303
21.306814
16.085436
16.010328
37.741493
32.881115
37.984947
23.09115
18.187794
23.920877
34.825592
38.686554
23.468428
16.856647
31.555214
26.259926
15.415466
34.156742
22.713358
23.20724
31.047062
16.66016
32.49206
34.695137
15.987253
37.22646
18.589941
26.721472
29.639448
39.961273
23.044512
30.09142
30.428366
21.848288
28.315464
16.230898
33.419315
24.003305
28.292068
25.79997
33.93035
25.963358
23.610752
31.922482
39.372013
30.433483
40.694305
23.514145
25.480923
27.736113
34.262005
30.669844
24.357756
36.84278
15.7104225
39.36192
40.276634
31.315128
30.727482
20.804737
25.102228
15.741885
28.777803
33.75679
38.33243
27.330894
28.6852
39.76023
19.278627
36.19989
40.438633
27.858614
40.70221
34.607075
21.560751
26.687168
34.345196
25.872286
22.903662
19.996061
33.224335
20.061832
29.574274
38.645428
33.302315
33.644775
37.84217
23.902128
22.20631
20.2758
40.345657
17.47161
17.033209
19.619505
17.687176
37.11433
34.96255
40.703217
38.597042
36.92465
35.39233
25.670267
23.244972
40.39116
20.6194
17.002823
16.991652
16.21096
39.705498
26.293236
40.898052
31.496304
29.101387
25.465073
22.648071
24.490664
35.84584
39.979786
27.190474
25.202246
38.71286
26.012224
40.368973
19.466436
15.549576
21.837988
31.084736
35.864788
31.228983
39.747856
40.123405
27.65658
34.13578
26.689306
22.679226
39.420044
35.91023
31.532398
28.82166
38.45386
29.294094
20.367085
25.6753
22.155508
26.354357
22.561218
30.921831
34.57166
22.104519
23.443382
39.383064
22.106691
28.600014
28.421835
32.907093
15.979033
21.95331
30.110712
22.554905
23.430983
25.39597
22.606829
37.172745
36.92622
29.509075
35.445244
35.83585
38.610203
28.050055
27.95898
39.362144
22.16216
18.423084
16.778053
22.119806
17.83347
17.771889
29.02526
35.690536
18.945599
16.917915
33.400948
36.600754
37.411945
36.923447
28.796154
17.29585
39.951332
26.92845
17.333462
28.80794
29.576965
15.091497
33.80695
19.15557
36.67316
18.959305
30.377583
27.414137
38.51319
39.396046
18.077528
37.608665
29.425089
39.322754
27.186718
25.106056
17.97828
16.948761
26.867195
27.02172
36.54239
30.921219
16.575563
37.305946
38.36069
23.875517
15.721171
36.638275
23.88402
15.238353
37.79733
35.03344
35.527153
15.817069
40.785236
35.150455
24.23803
15.702827
25.014965
30.696728
34.31135
25.32195
18.86516
17.031971
36.731453
19.088856
29.692905
30.102146
17.995459
28.045637
24.207401
29.171501
24.846296
18.117521
29.135918
38.471153
25.63596
18.17005
15.477738
22.845592
26.143175
28.922968
37.901592
28.753864
25.585459
33.957462
24.91429
40.57006
29.294138
35.54753
23.31308
21.028137
30.061947
36.852863
28.131557
31.869022
34.52626
28.129854
16.798574
38.273285
38.11711
22.048851
19.552044
28.500587
18.077581
21.950071
39.284172
22.30751
24.855267
16.9271
18.941963
38.178257
21.766912
28.996096
37.36662
34.178062
19.254456
20.2905
27.027678
36.32714
23.279116
38.21509
33.492546
29.793255
33.441284
19.799988
32.669353
25.914017
29.267393
15.114201
23.870716
16.08533
28.771053
23.530155
24.568455
37.89029
33.874153
15.87455
22.343868
21.493296
32.56476
22.05771
18.985596
29.286953
37.772022
23.642662
30.946747
23.05477
31.854494
37.996815
17.445343
32.500572
17.326553
31.163263
36.376804
30.895872
30.988873
36.395397
22.904512
31.809385
25.982218
16.417603
34.10424
17.408276
16.44996
21.9065
15.360529
37.658543
18.4732
36.431328
36.34782
34.902443
20.733343
31.148684
28.37642
29.753618
34.960613
20.91597
26.643175
40.02613
15.642858
21.16961
32.498985
18.501358
36.697643
23.908106
38.230007
15.737192
21.851564
25.426817
40.046734
38.836823
17.324236
34.070286
19.984861
26.119793
22.080505
19.199791
20.244114
26.975927
32.392826
36.817745
18.125992
27.833057
25.746843
34.847347
26.178642
31.13246
30.226748
39.93498
38.416862
22.481216
15.432896
33.824432
31.557447
17.738646
23.712824
40.846287
26.094904
22.69435
32.027683
36.872368
21.739834
23.2083
31.129734
24.20426
17.252003
39.20874
37.8925
32.296658
32.0224
29.781666
26.613705
32.96035
27.893396
16.735928
35.902126
20.746319
40.65329
16.490965
17.363089
24.581566
33.401417
16.909542
18.713167
15.408934
20.552113
18.785746
33.183407
36.577328
33.630745
17.098925
31.111176
31.035355
18.212143
36.857075
28.474415
22.000578
23.361673
26.378662
36.78804
23.708214
30.761314
29.199656
15.260711
22.087198
32.337986
30.44305
15.401253
35.768272
30.658592
26.45092
24.367535
23.697784
15.61597
37.754574
20.266582
26.812643
26.002293
17.046148
18.343239
25.72587
31.451159
37.71545
37.535748
22.179008
24.92689
16.728716
16.230034
39.136616
32.449364
26.151327
40.210632
20.829836
39.0649
38.454483
20.784563
37.800095
32.20855
25.896135
38.845608
21.050694
33.550377
23.729424
21.24987
39.783142
38.178093
36.767254
15.289538
34.876717
23.54062
36.919533
39.280323
37.263947
31.962053
37.71995
22.319006
20.66127
29.732597
16.572111
36.121056
19.733326
24.792938
40.47023
36.514347
33.700912
27.85072
22.28743
25.643463
29.646862
40.40258
18.375134
16.230053
17.33067
33.58246
24.179907
16.338388
40.191853
40.016666
34.859512
25.011066
15.40372
28.938435
30.467793
35.868473
23.333244
18.699501
18.178425
27.306597
33.569553
40.51347
29.230486
30.281271
36.80251
40.77552
39.804115
35.832962
31.264624
36.62524
32.872498
34.484737
35.19362
40.554195
36.226738
22.437057
38.829624
18.807032
26.333145
29.086554
26.83012
27.084784
26.457783
24.811968
36.66739
39.63118
16.581038
23.198936
34.567375
38.167625
38.025387
29.91635
19.855497
15.339787
23.432419
25.310469
27.194075
27.348394
26.750484
27.449093
28.127699
40.25923
40.232414
38.826485
20.597036
30.122004
30.092907
35.230843
31.638115
18.475052
25.438272
17.379622
34.353382
26.072636
20.356516
34.843956
37.422386
34.743786
18.643623
33.512062
37.91413
38.1765
22.542381
22.382416
33.969753
33.11829
39.082855
36.831043
27.043312
28.99388
28.139116
21.663332
21.820183
30.263138
29.154665
40.2392
39.676598
17.977016
22.639389
17.751528
20.600569
16.936646
34.003807
19.341295
30.863588
18.6204
35.071697
35.148796
27.41408
33.61607
34.700157
38.628914
26.95776
24.680035
20.336477
19.499409
37.996727
28.74257
29.05413
32.54466
23.718153
21.188236
15.635585
20.163404
40.555206
24.562489
24.607487
28.02743
35.486874
28.490517
30.784218
33.50926
28.70007
30.04148
30.838646
15.64036
33.106472
38.031136
22.694365
17.277452
34.3883
30.82812
40.121525
34.88293
34.741226
17.113867
24.818808
20.866547
32.289364
28.743479
19.476974
31.788881
22.266438
36.364548
40.84477
18.893293
15.488743
31.773277
19.655907
15.411411
38.38979
34.121967
20.426247
29.878357
28.943111
32.039165
20.59311
32.29732
20.168802
38.483677
33.24412
16.409216
31.601118
15.725685
22.770885
30.551556
23.088472
36.233253
36.18307
31.631792
36.603905
29.439487
16.531536
29.593817
40.363186
36.37561
38.91437
17.422386
23.479385
21.977362
39.877735
30.208706
32.626884
24.506887
23.673653
18.09146
32.74437
18.979647
21.799927
15.991045
35.67565
30.745508
21.522654
19.970854
27.828585
24.445572
24.669716
39.78788
38.4267
20.450956
25.884054
37.735992
25.734653
37.5871
23.73839
31.238758
31.757845
25.456835
28.63844
34.814617
16.348104
33.99784
32.279602
34.015846
37.39157
30.04476
28.572458
25.73366
28.811472
26.613585
35.41528
27.86541
36.487675
16.38568
24.467241
38.755753
33.876526
16.441027
34.1638
31.05228
36.108612
34.675144
37.616142
39.657017
27.64874
39.53124
39.749565
15.308821
24.221582
39.68912
33.06087
27.997608
24.638016
29.17446
20.712961
29.889969
38.40142
21.986904
31.335043
29.736645
32.529747
24.792757
19.85979
27.83593
33.898357
32.48767
33.004276
28.543055
35.59029
17.507135
40.589256
38.044075
23.234701
17.647263
34.791843
40.653908
20.120893
28.855633
36.63955
33.251587
29.994526
38.96176
32.578934
24.631804
29.874144
37.63899
33.790104
20.530468
29.970411
27.02438
17.06866
25.872837
37.847008
26.370443
28.559565
29.396412
33.33129
20.862305
26.402788
26.216791
25.364523
35.306206
17.438555
17.133137
25.975502
29.779955
40.520287
15.51101
15.868199
40.533207
22.696306
29.433739
40.733047
39.43532
28.546783
28.479612
25.32319
25.090624
39.30018
24.960625
37.5812
40.375874
25.00396
26.74954
27.658306
20.601812
15.987185
26.925585
32.53744
15.76062
39.127937
32.385036
40.152927
33.39317
16.026535
23.291565
37.39386
39.494923
24.085756
15.782113
24.18487
35.57648
33.712296
31.697712
28.957016
18.504543
35.37898
35.27456
31.253302
26.071371
15.125211
23.709251
16.957384
23.375578
38.22349
40.303074
16.690706
17.044327
40.20274
33.493744
26.292402
26.086777
26.194555
30.499046
23.978025
15.74095
31.656408
28.5253
23.767197
28.060835
27.926205
21.534597
19.07701
26.187948
26.77549
36.418327
33.997074
34.261223
27.153996
29.090412
38.69383
23.741436
26.65611
40.492332
19.63578
37.56111
35.890224
28.792912
22.88804
17.958113
29.894835
21.169388
17.593672
28.110935
21.020643
38.472385
34.94094
39.765884
32.28579
32.805775
15.40978
22.931213
15.111756
33.593575
17.897373
25.410475
40.56038
30.059427
20.44189
39.45711
20.717741
37.210323
37.695095
18.154621
24.708693
22.394669
27.03867
21.26137
25.976072
30.295832
19.295689
23.206371
25.921606
23.825874
35.357918
16.682152
39.78089
36.800087
16.731142
27.853086
19.692696
25.501566
21.99498
33.58232
35.32323
16.28602
36.48015
29.277685
24.119
17.230528
29.085442
39.96679
35.28707
35.495983
26.08817
23.033709
39.939693
38.551502
25.046082
40.684456
32.490395
26.700048
22.44533
15.655754
39.351738
38.448036
28.61823
36.94127
18.260206
33.177776
18.636229
27.381857
19.141582
31.310009
32.377544
19.851053
33.330666
28.684925
24.775705
31.46436
36.171944
29.243452
22.374262
25.750587
32.553314
16.256744
24.744614
17.045856
19.762783
17.330187
33.068047
27.505539
37.208523
26.199358
31.239714
31.076761
20.005486
36.938847
27.221413
40.53381
15.207204
29.620823
32.051685
35.25106
23.54934
32.68886
20.915857
22.772837
27.971811
24.353424
16.985365
18.436817
34.89937
35.168976
22.354723
38.31744
19.28576
36.61878
21.336271
31.57799
35.76458
36.011795
35.61687
16.954765
31.900274
22.287277
24.337431
26.544132
39.49567
36.426037
23.025219
34.32286
32.187748
22.083477
15.490641
36.904526
22.151321
28.78794
38.294212
15.919506
37.630672
21.58895
28.196175
23.10331
38.232033
15.393457
21.120289
36.68781
26.435215
39.3942
24.595013
37.012184
29.620668
18.972784
24.379398
28.405136
25.05846
37.251183
16.03767
15.337231
38.768723
20.06876
39.595634
27.601965
21.938448
32.57801
30.093653
25.856428
35.66735
22.880743
22.845068
23.237206
38.216007
20.16736
35.51566
28.964415
30.64228
15.675491
27.758783
29.856548
16.737484
18.450216
21.072517
17.501064
33.511623
40.36662
20.789272
30.460407
29.12741
16.166456
40.66499
26.34044
24.145678
20.364212
26.404146
37.808018
33.22019
17.793856
17.638462
29.716686
27.967747
16.296118
34.371323
35.384274
31.639845
28.587091
17.7066
36.76342
32.43509
25.702541
17.799664
33.755814
32.816902
34.578274
16.400024
26.24319
33.03901
35.30543
27.099209
16.542974
28.231485
39.390617
39.454082
17.943556
35.863194
26.954283
19.524994
24.734158
24.171638
18.216751
27.049753
38.71635
32.239326
34.849884
26.468573
36.569138
16.796001
19.813288
27.32179
33.636723
19.53906
20.147585
19.161274
34.717937
39.789852
29.86319
31.04811
39.258453
18.641403
37.54164
35.953255
34.98177
30.403593
21.557474
39.934536
32.44217
19.114578
30.932194
22.832443
39.24264
20.162764
27.747873
31.40893
18.732996
23.651438
31.776476
15.347388
37.888203
19.038605
23.521954
35.33881
20.764212
31.797457
32.22575
22.598122
37.43834
34.368263
38.552288
24.586447
23.663454
17.510416
33.649605
20.459064
17.60014
22.3137
15.071256
29.815603
18.938063
39.590794
23.649143
25.698057
40.477757
18.148348
25.822989
37.46388
34.816105
32.521954
31.160587
21.155565
39.163734
22.160595
16.844078
16.294777
21.51966
27.759195
25.750956
28.648136
15.438391
30.46315
40.424557
34.443573
38.44691
28.0067
31.70727
34.76015
30.803753
34.497353
26.100756
19.370977
26.739605
37.521473
28.020935
27.187952
31.578697
27.521507
16.031586
19.638727
17.212471
29.983309
17.868814
15.800405
23.281773
36.872253
29.609793
39.921135
18.121124
31.969881
33.69256
23.079939
24.028332
25.28811
28.65977
35.166653
29.745035
38.57597
32.477783
35.10816
39.16848
31.084194
19.073471
32.323532
15.26213
30.21594
32.334633
40.760067
19.892462
39.4672
19.236015
16.543623
27.891575
28.1485
15.981285
33.270966
35.029995
19.779705
22.0925
31.2784
24.781317
28.762812
17.231987
36.840103
33.77014
23.962849
32.207645
38.18125
22.616928
27.165012
33.09117
19.435135
39.528282
40.02647
31.66975
25.230112
34.428337
35.10423
34.555195
27.461432
35.68674
28.81576
21.19064
25.984484
39.570988
30.777113
17.723314
26.46034
32.43562
32.863453
29.253025
31.390928
37.35802
18.550001
17.319387
30.50043
30.440441
18.61669
40.65697
16.05109
33.319977
19.137709
37.225945
17.425783
19.563112
29.827557
36.316925
21.36629
21.568678
25.278082
15.1321125
17.625425
27.362803
40.396385
30.660963
36.472775
33.241756
16.441328
22.897032
16.487917
30.603298
19.456871
25.483742
22.381693
15.504455
28.61319
26.730259
19.205198
17.493378
25.992096
39.60475
15.237815
40.08523
21.691046
19.79076
35.08974
26.886793
26.770464
16.183449
17.111122
20.821749
21.53199
20.306051
31.069052
23.168398
21.89067
40.042778
39.23527
24.193789
32.19194
32.813034
40.521645
18.053005
28.724737
29.852724
19.107038
27.319687
26.394861
24.622095
22.118448
25.023521
27.54818
26.52536
15.360768
38.39281
16.771135
28.10606
31.833832
36.63492
30.646362
21.673052
24.831934
19.034678
34.90419
17.915497
29.7902
39.410637
27.186129
18.481312
20.723822
16.541254
33.72438
24.72201
28.100294
35.557926
30.641745
35.847885
37.29145
36.49901
21.289257
17.591032
18.371233
21.228745
20.064222
33.139652
28.956749
24.747282
38.489223
29.585705
34.034348
33.55274
40.983093
25.418869
18.269068
22.16352
15.71768
19.70339
33.164906
21.168882
36.22969
15.490348
39.625114
16.247967
18.044718
36.7464
21.95574
27.482346
23.47101
25.621119
16.162329
33.984333
16.9334
35.228477
39.508892
38.373127
20.743187
24.284132
25.739777
38.953056
23.037712
25.918615
21.109304
22.58305
37.77368
17.77758
40.42066
34.17365
17.121252
28.123772
31.644625
23.50765
15.381231
37.071384
24.370447
24.652784
32.63569
25.312025
15.335201
37.619545
17.7426
16.732431
33.584732
20.11459
21.998095
28.17776
34.438313
19.249838
26.815237
37.28008
19.36086
30.889776
29.106174
17.75042
26.0907
19.954088
20.704865
30.82356
31.927397
16.440136
27.13049
15.6484165
36.953495
35.189484
36.267082
32.332775
19.145481
38.494984
35.122707
15.079726
29.82353
21.529692
26.732038
37.394096
33.69617
19.276096
15.478958
32.690765
26.875195
34.144024
33.64125
15.802697
30.66777
19.78771
22.797367
27.865088
34.6968
24.76742
28.885584
38.84301
29.95729
35.648155
15.168792
40.573483
34.7856
16.887857
37.13354
16.608856
20.400024
30.439672
19.439875
21.377012
17.665464
29.37772
37.438828
30.214783
29.041346
23.052977
22.487429
29.68458
19.291325
36.295708
33.316334
40.250244
31.464785
26.003145
33.043243
26.866575
20.904383
23.08583
37.075527
21.328108
35.59044
28.19337
37.108387
31.326145
22.002235
23.900064
32.700405
19.079094
27.857784
40.103157
18.496006
31.129694
30.587898
31.271236
40.06496
22.4437
23.206942
17.877527
40.54178
18.298132
33.36183
39.862675
19.773336
18.613186
24.772478
35.293766
27.520985
21.36046
15.02102
24.521214
40.413624
32.471134
17.70379
39.082314
34.81135
19.27124
24.329184
23.360106
18.514463
36.887234
24.026133
37.578358
35.34064
16.29353
31.122143
35.0984
37.99344
16.714746
17.956366
19.180626
24.358133
17.948826
26.912455
18.383362
26.38638
33.843323
27.587471
21.594057
29.06899
18.635588
22.257336
27.322466
15.646574
17.158627
27.355911
25.3328
32.170616
40.017906
16.553963
29.951576
37.803032
21.760424
38.205883
27.460169
32.830055
31.785864
22.426199
28.865818
38.266785
18.290636
26.864534
34.042107
33.141495
24.88919
25.366816
17.73975
40.07435
21.722946
34.142204
28.290691
30.602915
23.845713
25.799273
15.963377
18.857353
23.465515
32.671753
29.874289
25.650995
15.226217
31.223108
40.120567
20.827456
29.128374
35.00104
29.370884
33.793285
33.917263
28.60702
33.53643
22.565561
16.807045
17.452623
30.341164
20.37674
27.263514
25.693678
15.620257
25.90443
27.233963
37.664692
21.997915
20.531677
17.691132
22.380358
17.230518
29.693739
31.649263
20.227411
23.948298
37.330193
30.91384
39.839428
24.788542
20.736637
35.742485
17.328587
38.985558
19.69813
17.323172
29.54277
32.36741
28.686882
26.516758
15.822843
16.406734
20.11965
26.664488
36.854206
21.482624
36.195614
25.42705
32.638313
38.832947
40.67347
18.60033
38.353966
32.81113
36.096817
23.644009
24.934902
16.008785
18.439817
24.262653
22.559267
32.565243
39.920536
23.794987
31.928219
21.557411
17.817183
28.395527
32.205105
36.748047
30.522936
29.0338
35.793205
23.16789
27.787922
40.18985
22.749252
27.016808
40.12222
34.790783
23.561544
25.191357
16.671787
21.411623
22.26559
30.38102
21.529503
33.0547
36.42692
37.122536
19.406408
22.925406
18.389788
39.46157
18.863703
19.53809
25.372145
15.94322
38.893837
29.214428
18.481422
28.537634
32.539497
26.577585
40.532276
40.804234
17.452183
30.999014
33.6666
15.107874
19.817396
29.120787
40.207752
23.022472
36.911427
20.554794
29.925108
19.192451
36.70505
19.651245
15.941604
28.869562
28.392435
26.832346
25.886217
39.10247
39.49878
34.403114
18.574827
37.128704
21.3083
27.979757
29.497139
38.903374
40.754433
23.717047
40.69396
39.89628
17.627005
27.369726
32.228237
27.298882
20.97666
37.88887
29.384943
23.604755
39.93451
39.73274
25.979036
28.16203
17.815582
36.362648
23.707306
23.743484
24.337328
26.497871
40.349125
35.439842
15.060017
38.619644
27.802757
37.253918
15.743624
33.94282
22.437948
25.658249
40.216236
15.614788
17.052248
25.075853
37.561928
40.254692
37.837624
29.753782
27.961386
19.112165
39.195534
35.8212
28.356512
38.103092
29.982813
38.45859
27.260588
38.77114
40.82735
20.051928
36.498486
27.82716
19.521683
15.965406
36.436806
19.334654
18.184225
29.138645
38.351696
18.838013
19.87209
17.098932
30.982529
34.77122
31.635996
17.176476
26.032465
39.338226
17.626968
19.7203
27.402344
24.722277
19.796124
30.934721
29.282251
30.959896
34.97305
26.59111
32.875446
39.10635
31.664816
19.31691
28.492292
31.422821
37.786934
35.42362
23.027172
19.231655
19.719072
34.307777
34.419277
40.81442
31.572615
28.343658
18.598581
22.2687
33.363686
15.88376
18.631123
39.59289
17.904463
34.492836
26.303204
34.434414
20.657246
23.863544
35.221928
34.91521
36.539795
39.996567
31.659948
32.7394
38.727276
18.175232
22.835136
18.391525
30.865053
20.024544
30.091303
25.649837
15.788471
37.51672
30.534006
36.86749
34.83965
36.17013
37.07583
17.51567
34.17818
20.8858
31.558422
38.33613
16.101582
36.87534
24.644049
30.116535
30.323145
30.956596
29.507126
19.580774
16.398827
19.127853
24.006802
35.177082
24.051584
32.778873
23.984419
20.650652
15.010622
20.156748
16.605064
22.203215
20.16468
25.776772
33.25042
37.770657
39.322666
38.353405
22.370378
16.490808
31.681513
33.523552
39.913906
36.78691
39.220325
15.144222
20.484903
24.658485
30.67154
34.2689
18.206833
21.749636
36.46388
16.041658
20.430153
21.555992
29.088636
25.69538
25.879576
15.73493
26.70988
27.600199
35.61351
20.89975
30.520817
33.880527
38.255962
25.506998
28.342743
15.503776
30.361544
18.487152
16.269634
38.94124
40.487156
16.122383
28.780502
37.51123
21.569231
19.341139
31.673388
30.336962
16.543459
32.077797
27.41893
29.48636
28.7941
28.636656
29.08813
21.308245
25.983091
36.103073
16.878012
33.239147
15.084399
22.760515
40.440617
40.427246
20.037006
31.200853
36.714832
29.404675
19.330343
27.356256
36.76718
20.736736
17.04881
24.034494
24.266973
27.086338
37.427467
19.705544
34.652645
33.45416
15.808846
18.265854
25.790476
28.489916
22.041208
29.297686
27.983334
19.717318
19.821516
24.944431
37.556385
39.275024
39.26172
36.938816
31.92821
26.348274
32.044872
31.549482
27.070019
15.850557
28.938019
33.252323
38.562244
34.11196
16.141582
33.786644
15.076941
37.340652
25.980526
31.922054
28.04605
33.446133
34.780293
32.74064
27.51977
34.44775
16.421032
21.529913
29.775854
21.139181
28.026478
36.48561
19.109842
25.939322
38.519188
28.339346
26.41787
39.932404
27.361835
33.7547
32.677803
25.984793
27.704557
26.876348
20.241137
25.52326
21.371271
17.770323
32.967197
40.069283
28.643312
39.65948
15.662864
37.946182
21.636553
40.836853
30.035114
27.710653
26.21862
19.930527
16.420397
30.807545
25.875698
26.797144
21.92395
28.706495
31.713781
27.737312
38.2838
34.351284
23.867146
36.95451
20.76835
32.13756
26.987202
20.220255
40.723152
22.831802
16.197779
27.561749
17.0014
31.854248
25.92825
39.454216
25.444656
17.170656
22.373875
15.478725
28.824106
16.67266
24.983038
27.697222
36.20954
18.37364
35.334015
15.100101
26.602268
40.006847
37.03924
40.397587
34.84987
23.684805
15.903039
26.154758
22.354765
26.16373
19.458973
21.81104
24.895336
19.953978
27.226126
20.478514
22.997334
17.027357
33.548782
30.579401
20.725063
37.194332
17.721996
38.36163
20.505919
35.35895
17.255884
15.122339
38.65849
39.806602
15.594383
17.572752
16.663624
21.439417
15.3796015
39.193848
32.899418
37.446487
22.440763
24.66077
34.555347
20.280764
28.087172
18.45492
17.747255
24.011774
17.997467
30.636219
23.474174
23.133106
23.022902
37.414032
25.989552
35.72582
26.560171
17.63374
38.403553
17.513744
38.799797
34.586994
27.889858
27.793879
20.11891
39.657192
15.739359
26.48488
28.162685
16.227715
19.68499
29.608873
37.746586
23.008982
33.41587
28.406595
31.611908
15.481455
29.00575
30.983177
23.280106
34.505123
26.09976
18.891567
30.776653
34.312134
25.135185
20.382946
33.833183
36.077667
38.61612
15.188165
33.32699
30.055233
40.518414
30.64159
22.179857
22.866
27.270618
17.718428
37.713642
40.947887
36.43811
28.128922
40.547806
18.398588
19.231838
27.997534
26.524612
31.487703
40.269714
33.85256
29.860516
30.966772
16.637846
20.661278
39.747658
32.971874
22.230396
39.468147
28.967358
29.792107
26.59108
33.828167
21.727736
17.068163
26.035858
15.674951
32.900658
32.088852
32.705597
28.522665
26.108446
38.7693
34.379055
30.97339
35.69878
34.623184
16.370754
32.38614
17.54655
21.582361
18.644855
37.261063
19.834345
23.87065
38.39539
23.402126
23.488628
20.304726
30.774744
29.243853
24.786583
19.373463
34.196545
29.862404
17.798918
35.2381
19.695595
17.138643
17.796934
33.399193
22.196814
19.300493
16.52742
18.192236
23.226608
38.644238
24.346933
18.502405
27.594385
39.61913
40.607338
15.129894
40.878452
26.657007
20.397446
37.09081
18.16979
16.138258
22.770882
32.804592
17.458681
31.707888
30.92832
35.597507
25.293505
18.79012
28.472517
29.2427
35.89748
30.59721
27.817514
16.360855
31.79838
26.188013
23.108753
18.421503
18.207836
15.203999
32.59877
28.813562
20.881025
39.795258
36.32346
25.994692
33.994137
21.946266
30.136877
32.082523
40.69618
29.920948
20.687849
29.416946
34.42332
28.86886
33.759624
25.601006
15.808126
33.76905
34.544147
22.319113
20.072603
17.83545
24.885447
18.834707
31.163256
30.267405
33.30201
37.485542
19.567842
37.801193
16.685894
15.723292
26.747772
28.903206
15.976775
21.28519
16.426645
33.642654
29.821928
39.93892
31.594667
36.291504
32.258606
30.907993
20.02021
17.52154
34.793156
25.56337
18.303999
38.7033
29.901552
36.258106
15.068043
22.258804
25.939014
28.285294
25.740524
15.279823
22.721645
18.855589
24.579548
36.6957
34.631027
22.719189
34.072773
29.159483
25.993053
26.598034
33.65659
25.518337
25.695133
39.94762
18.817625
34.244152
18.53138
31.733782
22.071075
38.522266
17.603199
27.88829
19.054405
29.831253
15.253144
17.898228
22.031637
30.793749
19.472757
19.587477
35.472652
31.838287
28.500534
26.564804
20.05344
35.784164
34.414024
31.041449
22.417515
37.846306
40.920467
29.762197
22.345226
39.7542
21.263283
26.647387
36.59693
39.688923
15.187058
22.409367
37.627613
30.56433
25.241676
36.88538
39.61459
39.813435
24.356497
32.11992
23.79675
24.288183
18.578472
25.333073
27.992756
34.14057
21.143467
36.827415
