33.34735
35.62537
38.63788
18.614511
26.849066
34.649494
18.908127
21.083136
18.969213
16.590254
21.588446
31.384752
35.891262
29.414557
33.64272
18.377937
15.231233
28.453356
36.154163
26.951813
22.894016
18.320427
26.746874
19.339684
40.76703
34.411823
16.486248
30.6375
40.321873
35.18209
16.88068
22.157858
33.87622
32.965633
23.694746
25.478697
27.262358
21.49636
15.684582
40.086926
36.95539
36.476017
18.078978
20.370674
35.33333
21.551378
20.655136
17.379965
19.672838
29.882713
28.595905
37.25397
37.72865
31.12075
18.965742
27.504204
37.30119
25.056593
26.605469
30.446411
21.066221
34.468807
40.521366
15.989924
23.121859
20.764217
39.43197
17.721853
26.202444
16.893604
19.036343
20.764397
28.315525
22.720915
31.780544
33.237167
18.677166
32.534195
32.424297
15.322341
39.25259
24.708893
25.547834
38.90907
21.953201
23.668755
18.28929
34.5845
16.59775
40.237007
25.065832
15.3423395
17.114464
30.2301
16.80719
27.79589
27.142708
20.718689
23.318071
17.910986
29.186768
30.7652
23.786396
33.315292
33.781094
22.644655
33.167133
16.09394
20.745386
40.56519
25.19692
28.647514
33.53966
30.726896
16.132578
16.66682
25.973412
33.192505
36.956932
37.570057
18.07983
20.490574
29.758364
15.851338
28.83498
38.13167
32.2658
16.705666
17.58362
18.290335
37.108795
34.023914
31.52743
19.79028
35.272724
38.39238
27.43804
27.227638
24.432062
25.08505
37.876453
33.576797
16.369972
19.202637
39.632015
31.945631
39.530487
31.091055
20.838305
17.281685
36.89984
17.962978
17.279896
15.778176
29.87644
23.24962
27.773125
38.488426
31.564356
27.62593
21.185614
34.229534
16.013096
20.880892
37.653446
31.24104
27.326813
37.845623
27.861546
31.261332
24.279013
20.44553
22.871933
37.694622
18.094175
33.608704
24.916168
27.363306
15.395638
27.24137
24.812458
26.975468
20.969446
17.772112
40.224533
40.884468
25.95679
20.870201
32.848503
33.97737
40.36303
21.859278
27.795639
20.601166
18.35918
30.076267
34.933018
15.320617
36.75217
23.966301
33.75079
21.998669
33.213028
31.058033
16.443779
22.200298
29.377535
37.129692
32.32695
34.24281
22.771862
39.854767
28.44827
22.35043
26.665968
40.007206
24.319204
15.318262
24.420528
21.909533
37.052227
35.850502
30.66853
26.223352
34.876347
23.309984
39.7605
28.410112
25.995811
34.000988
30.302849
39.231155
18.06372
26.30444
31.331537
39.509476
25.161581
18.994404
34.688843
40.041702
20.107279
19.887114
39.508747
15.027302
30.158224
32.60842
22.366913
33.673035
23.73303
21.712917
38.614155
35.734158
18.64418
30.647696
26.687618
28.669992
20.51586
39.12602
15.781791
34.819866
15.555192
34.36086
38.16195
34.546535
32.651814
34.305676
34.615368
29.647678
35.89984
40.559338
35.061207
22.502094
20.06791
21.914654
26.177662
28.395708
26.28715
36.664474
18.055607
15.263546
31.283543
24.726738
18.350584
40.68733
36.8503
31.409601
35.18062
36.404373
26.937523
35.209957
39.10506
29.81198
29.73052
18.423552
33.92014
19.99253
33.394848
33.542046
27.71977
40.638
36.785233
30.422213
33.69555
21.918636
16.347223
15.034723
16.487772
15.819054
33.684498
32.234673
26.549698
40.756012
40.82145
38.443356
19.950144
15.395677
22.059818
31.390522
34.31494
36.50414
16.50968
27.138552
37.19563
27.393541
37.8694
37.494896
29.054186
40.067116
23.835657
23.616245
33.265415
19.519989
18.643873
28.117756
28.064137
18.818644
38.670975
18.322868
32.202053
30.560373
40.776592
33.42406
31.229685
28.105152
38.115414
40.27213
18.781609
28.575825
40.522545
16.27132
21.018585
15.038556
20.25544
33.42999
28.468132
23.503942
36.869953
37.00112
17.905443
25.430292
23.314913
37.344387
31.629429
18.264011
34.94858
28.651184
34.51409
37.218113
28.112062
26.996271
30.553299
38.968315
17.138914
22.814533
38.267418
28.23728
24.236797
21.348522
40.303207
23.341047
19.546133
34.8723
38.83367
34.68764
32.86244
36.569298
20.952534
28.946493
38.003075
19.826746
33.158386
15.148228
15.605877
38.40639
17.236397
33.327908
34.26615
30.461105
15.37091
17.49087
21.350298
28.689148
40.160156
34.658768
33.56835
40.05271
31.354624
34.544453
19.44445
17.434505
37.603638
24.007902
25.19333
16.366089
30.269945
32.861313
18.1926
28.533726
21.460155
30.820082
34.234715
34.152477
25.819128
21.437395
34.049168
33.496376
35.34938
33.71361
37.204613
37.882404
20.541965
33.737705
29.43217
26.228134
17.44312
29.196518
24.65547
16.937845
36.931423
32.878597
21.569462
16.318945
35.44308
37.40287
26.479261
35.99055
33.658295
16.318518
25.291918
36.818142
25.24968
38.4508
26.048124
37.793083
37.69392
30.90872
19.187536
34.973053
17.360939
21.523813
33.860493
18.109133
23.620039
23.655516
27.030607
40.907677
21.54056
23.276886
25.856783
35.0097
39.91484
32.045662
22.899927
27.717987
20.794222
38.669003
30.068682
15.261659
22.504274
28.28639
24.9002
26.960417
38.193165
31.8236
27.76614
29.0353
16.367687
38.311707
20.90062
30.0101
38.584137
21.018585
17.766098
20.657412
24.486828
18.90645
26.204746
18.265423
31.72474
36.40736
27.06701
17.636456
35.927315
22.799751
33.56572
29.675457
21.883266
15.572553
39.47325
26.68639
37.341602
18.079378
38.460854
19.566828
27.442078
20.513922
28.373436
27.975712
26.682526
34.778595
17.039711
34.24658
36.543568
22.172028
26.336756
17.3283
28.416466
17.987045
26.6597
26.357615
31.317818
39.089237
40.69135
26.602581
38.025234
21.337275
33.42325
25.463242
37.730946
19.30963
20.748793
32.975616
38.0857
29.218391
39.630634
31.837431
34.59328
31.119335
36.838795
38.358654
26.716228
28.568491
24.562529
21.937311
29.766365
34.72891
31.818102
34.670704
31.67903
21.597364
24.506313
18.53448
20.107878
21.499277
20.217731
19.196737
37.927437
15.291072
34.440228
28.981686
26.193544
39.812824
30.692564
22.757002
22.887188
30.049934
18.289423
25.591465
35.355076
23.191185
29.937372
15.914086
40.260803
20.311512
35.16798
18.60326
31.073214
18.761305
20.733332
32.944263
39.644066
22.510143
27.520943
18.715614
33.26494
16.671324
19.289104
27.799665
25.743717
20.224571
19.580446
30.65998
28.503912
17.557858
39.540524
22.787878
23.48541
36.865253
25.049988
17.79274
39.713203
19.666237
36.572968
25.1955
23.80098
36.752926
35.430923
18.181942
19.369375
29.725245
27.830477
25.582233
39.384098
27.939928
24.90521
27.165384
36.756966
26.177961
19.275682
33.972073
16.203367
38.62591
18.188526
21.856558
40.31247
17.870222
20.164583
38.66815
29.061949
35.51948
40.26775
15.575021
16.596865
35.7983
20.600275
38.917797
25.992731
40.99729
33.436935
36.677795
21.935698
32.017345
20.529661
23.154387
30.778143
36.412216
15.545776
36.76831
37.265896
30.31215
23.34722
31.042534
29.383675
25.40211
31.874695
25.75947
19.228247
21.73182
17.769897
28.053185
20.594143
39.55077
31.550552
35.76743
33.04473
40.58989
30.147173
29.795189
15.641787
31.2526
39.917084
16.312593
21.219633
31.031448
23.870369
35.8299
38.115234
21.132591
16.774101
29.804457
16.603642
30.768858
27.045269
15.195366
25.93844
15.873165
18.899544
30.786797
28.859873
35.0876
18.092104
36.366684
37.708595
24.799425
17.768412
26.919823
35.870964
28.72385
15.436964
16.87908
28.182148
16.07441
29.882677
22.175814
24.126247
29.715277
17.958715
30.34024
24.197933
23.85588
27.626211
33.224823
28.62812
21.826717
21.355457
35.058533
30.826496
26.266233
15.058799
34.48702
25.356607
22.652212
30.094604
27.013607
18.034697
26.527067
35.563305
31.828196
29.831234
20.995005
17.110659
40.39596
32.65461
22.109999
40.76005
29.375042
33.80925
17.62706
23.91471
23.442062
18.945835
21.255278
24.602468
24.426744
16.659262
20.029657
28.279743
39.79153
29.540224
38.709747
27.068087
15.939425
40.449352
30.216627
19.16583
30.093029
33.058136
35.03575
34.358917
18.560059
28.288733
19.241793
23.049234
39.085308
39.18527
30.342495
17.025314
28.686361
27.961988
18.492178
40.319515
25.880095
20.499102
31.791487
15.92733
25.529263
27.395018
22.368538
38.908688
19.67328
26.834063
18.727568
36.447697
18.654488
32.99167
27.454794
28.8165
37.61105
36.474422
27.787123
37.870426
29.979843
36.380184
19.777914
39.6959
20.037457
30.964035
22.835024
25.339127
34.70474
21.608486
40.259808
38.162724
18.85003
32.821964
21.081875
24.30912
22.148537
15.327392
22.962805
35.993713
23.19001
33.953033
17.233116
35.907352
31.974264
33.00079
17.230278
22.876892
35.193684
35.04239
34.02155
26.114239
27.774279
40.68187
33.323967
39.87836
27.031502
32.723167
35.97484
34.18146
22.494415
32.394444
31.659557
40.289616
40.961426
31.806248
21.769596
24.199787
18.673218
17.658443
36.242115
23.01938
24.623156
36.361244
19.02352
20.230963
34.972782
32.198635
21.402893
20.194103
40.299744
31.937725
23.877258
31.917788
28.977789
31.375633
33.439083
21.131092
37.373196
29.71576
38.21748
37.98637
26.739302
26.378256
27.25811
25.348425
21.700575
15.874876
25.892744
15.55468
22.039852
23.716309
22.627996
33.775642
32.13725
19.970425
31.773754
35.66141
20.85643
37.052834
21.13535
27.829325
16.933735
28.606476
38.009495
35.92928
40.997887
30.914907
15.452579
18.517595
21.232819
23.194288
22.330889
31.776749
39.393368
26.322035
39.015865
20.23761
37.393417
37.085396
39.75349
26.092306
32.008266
32.871216
28.715464
18.43011
20.367804
29.868414
25.530779
27.785301
27.864353
24.31773
33.699894
32.755096
30.858747
33.118572
37.70964
24.127464
29.14056
25.19072
35.89559
19.952665
33.483093
40.389103
26.139578
18.299103
17.831026
18.482618
32.343575
17.053116
27.668413
30.733496
15.287218
16.054098
37.93695
40.9515
21.954678
22.100338
25.509216
27.547699
34.70768
33.917732
20.668839
33.07541
39.784946
26.052584
21.309341
23.021328
21.524368
25.8314
20.63566
31.197716
24.43272
18.024664
26.037058
20.98695
29.768747
21.65831
29.497536
21.902586
38.65899
26.535639
38.41945
15.456509
21.931673
23.464182
22.058468
33.159622
17.832584
31.926058
38.90264
40.633926
32.577816
17.987055
38.275703
29.276707
21.301746
33.608833
21.204447
18.692978
18.374779
28.21022
33.162292
15.2001705
18.29366
16.317776
30.685965
22.109497
15.388441
29.452394
39.05938
34.201283
40.443497
34.01789
29.268719
39.836937
34.996094
29.889143
21.254826
35.48817
31.554548
38.641468
37.123898
33.114403
20.268944
23.919651
36.4247
36.782223
31.69099
23.31404
19.860245
33.19618
35.17554
27.2929
35.87422
25.398005
39.204853
16.234278
36.437164
39.791836
33.457676
19.407286
40.05466
35.86582
18.798758
39.871876
25.529613
31.50597
16.530365
40.697784
39.332874
16.635902
36.225994
26.647495
18.57135
16.066633
18.257381
23.524694
22.48989
40.90334
38.72947
26.758823
40.203064
28.631523
36.95403
33.47802
20.925236
19.0928
28.821121
36.316803
29.352005
18.961
15.4685955
18.511583
37.0435
27.04211
33.503357
28.456137
16.66962
16.746992
28.694143
15.820905
17.799702
30.423733
31.534054
22.584053
20.553797
34.886818
38.36213
30.878904
40.88003
28.443241
33.836716
33.431477
40.482265
34.991066
37.46947
31.54353
29.494562
34.353817
24.657314
34.070618
38.88372
25.914494
35.190598
38.65133
34.25841
18.825861
23.569435
21.563038
17.273203
34.599102
15.626008
15.011051
21.138016
26.710768
40.929203
20.40231
38.878372
33.018383
36.239017
15.2113285
34.939
34.237926
17.881636
21.415249
30.483145
15.511833
40.33209
25.15652
28.312243
30.184008
30.519943
16.285862
34.71531
37.298786
30.414476
18.744766
30.754704
31.053608
30.29933
34.366024
30.5047
31.46063
33.812603
37.602295
38.581543
32.81031
37.306896
16.93696
31.938429
34.18048
26.374847
28.2881
27.34614
38.19722
19.489164
20.585594
38.239803
24.529337
38.62223
35.882984
26.684534
19.186033
23.438824
25.859844
38.09745
21.587843
25.196577
33.377106
22.06087
18.593725
36.842224
37.866882
18.071213
22.192654
20.957767
24.769993
26.390413
29.405886
31.18922
27.978483
35.30143
19.096516
21.581537
26.2972
21.016685
24.845795
15.846891
26.307453
31.248064
33.831097
21.009508
30.697582
18.019285
24.728281
19.098715
31.119287
31.686361
27.06164
20.602924
39.935295
34.32897
38.137436
22.250776
31.843018
32.685493
23.722507
39.351685
24.290548
34.62655
40.967243
35.406525
32.845413
22.796831
16.722658
30.990248
36.23323
36.502132
23.364182
16.011703
23.632507
26.178335
25.510143
36.371964
37.99341
31.851347
18.610874
39.77097
29.6426
31.88172
16.284672
21.953358
22.24278
34.985046
31.489836
22.037767
20.294706
19.028845
21.147306
31.74002
23.801188
28.429068
24.666386
36.279064
29.4566
34.103992
19.976362
38.545544
16.782183
25.890636
24.129791
20.716436
17.996449
23.088526
39.318554
30.915173
36.091755
36.367943
21.231695
36.745155
28.582144
37.664536
19.084475
20.56569
36.69428
31.879469
31.3609
39.232742
19.392374
37.213997
18.337456
25.693064
24.559717
27.789656
25.793577
23.29864
17.903486
22.840052
37.96487
39.999508
37.706184
27.20741
31.757923
40.676506
20.416245
24.136919
18.520943
29.791422
30.251884
29.43407
26.252394
27.260717
31.4865
37.93504
32.030136
33.999825
30.890533
22.937372
35.656513
39.938644
19.923845
24.748005
17.040173
32.47487
17.704292
19.82797
27.67336
25.310244
16.522354
23.147816
24.713747
34.405914
23.728287
39.315098
20.642788
17.396545
39.18741
32.795067
26.248001
39.21882
32.180786
32.117897
35.76441
29.938606
31.622728
25.350595
28.410816
22.801926
32.77309
30.309021
18.26946
33.388466
34.24163
32.995148
28.482992
30.412394
19.01318
33.567028
16.080574
23.193693
32.46661
36.78366
22.395376
22.114342
24.917217
33.31418
26.998518
36.477055
26.081253
33.56069
26.349997
33.100452
20.04295
36.716137
23.954983
32.712917
37.798637
16.663563
26.714258
21.74853
34.259056
37.020206
24.370474
28.501879
19.710176
28.139801
39.47729
32.764637
32.164528
39.208595
24.156366
25.045279
38.779034
30.70541
25.057491
35.264324
25.572155
22.443356
39.400185
27.421045
37.04217
30.170551
34.750294
24.143522
34.970123
39.279453
37.27317
19.262535
28.685057
27.559204
35.60531
17.5907
37.375862
34.122635
38.199223
22.941877
16.65313
36.649345
37.02181
32.09179
18.49613
35.908577
27.82421
17.859392
35.96406
19.16024
30.851679
18.779491
19.607481
34.479942
25.824812
15.940658
35.38489
38.313366
17.298872
37.47849
24.071085
26.63784
15.09587
27.94278
17.638088
27.993576
31.404428
15.298171
28.896038
22.344322
39.35534
24.671423
32.800613
37.23705
39.40614
29.124363
29.26519
16.052404
29.705917
29.710182
16.060034
22.272556
22.761904
29.861712
40.43756
38.64025
19.1924
18.76383
39.49174
32.84267
28.12584
38.77821
27.941404
21.92602
32.893818
35.217037
20.02138
34.03141
20.066216
32.803482
39.471973
20.239985
39.58944
28.010086
38.236492
15.324948
29.81428
16.13234
32.40809
40.030434
19.537663
16.433187
37.211475
31.131893
33.833023
27.98523
15.361505
34.979992
27.406929
22.940924
17.009932
31.489737
16.494944
24.877073
36.673214
32.60883
31.897623
27.588406
27.028397
24.184013
27.65791
24.246115
27.270689
26.841423
22.094126
22.190676
18.84562
24.006762
26.42812
18.794308
31.800146
31.513338
19.085993
40.806973
18.741352
31.380802
36.899292
35.39081
16.447922
20.29466
27.897383
23.651363
19.548792
29.076445
30.1571
16.890148
34.36497
31.006617
23.263771
28.031332
38.004673
18.247154
19.337917
17.716646
28.108582
16.807922
17.295017
32.415894
36.261127
17.51076
29.030966
40.5666
37.015392
21.227482
29.563835
16.234783
36.72334
33.30274
22.812899
18.079866
23.919703
38.519928
20.658762
16.510284
37.877064
16.22818
35.203896
33.832325
24.131214
19.32062
38.740646
24.923264
21.270092
32.638954
32.834328
25.50088
26.086222
20.076633
29.141752
37.41497
34.311684
29.162664
24.111063
39.55245
39.586334
33.23033
37.54653
28.92617
28.054089
30.409958
33.172455
33.308624
34.038776
29.632025
35.793102
22.375166
19.620155
30.586725
28.4211
20.737452
33.61235
23.158371
35.834538
37.47627
37.44114
16.23777
32.423416
38.823982
38.723087
26.012972
19.899014
23.500298
15.968747
17.84854
22.465101
15.871104
21.763706
29.68583
27.387835
16.57864
21.02549
16.531408
17.551537
19.582241
17.490875
23.048143
17.550482
40.65248
23.4574
32.523148
26.142204
17.277473
22.984402
39.55908
17.475674
31.668701
31.253178
26.720108
29.408178
29.094639
26.592358
24.061
31.437536
19.12408
18.793848
32.97768
25.301737
27.52699
23.77626
18.139795
26.135937
25.559294
34.396942
35.400608
35.22718
35.148956
40.270306
25.526821
26.870052
35.104324
15.819331
21.35069
33.601913
20.881578
33.468777
17.519024
28.184217
24.676819
19.882708
23.398483
27.096828
33.64918
17.455658
24.893826
27.025131
31.934973
18.885841
21.945505
22.845104
30.778843
35.59051
35.29532
24.94948
32.586464
34.967617
28.743553
21.408413
34.99423
27.064705
19.568333
34.421036
30.155064
38.08495
28.03767
20.789667
38.35533
30.342041
27.016945
26.736288
39.806442
27.769636
30.559338
24.281328
39.99573
28.897831
36.06399
25.617693
18.334717
23.328186
34.096443
25.438335
39.00885
25.170507
33.288136
37.013573
32.911358
31.648722
28.866596
27.964754
18.334879
25.139818
20.315079
32.143753
31.697983
16.278984
36.420353
34.80317
39.99983
38.445675
18.539429
25.329987
15.924582
27.939539
21.300909
25.21589
32.558342
23.461712
18.153856
34.650223
15.534787
39.136196
15.186826
23.147074
28.091785
25.237606
32.462036
31.955805
30.999708
20.035765
19.74434
28.654747
26.61323
32.724255
34.95198
21.29064
32.40191
19.269156
40.91586
32.70188
24.230816
24.195847
31.106308
27.2514
35.391087
19.825928
15.871141
30.095507
19.92114
26.28288
29.425999
15.327838
20.11303
22.704317
24.34778
29.862986
30.264166
18.530226
20.64424
32.762264
37.71339
37.480827
38.607536
16.854456
17.99125
15.894262
28.606873
32.96725
23.517859
29.463448
32.735046
32.860554
36.697853
18.09317
16.796043
23.040619
38.49028
35.592518
30.505556
32.034454
16.57247
15.224436
38.973602
36.416794
29.0703
17.753386
15.548122
29.907286
26.49337
37.56362
40.920795
37.193554
21.992088
16.66483
24.030956
31.786
34.344685
35.95848
26.750881
25.173288
39.18569
32.007366
18.595406
38.822742
39.90343
35.73248
35.771122
19.15776
38.362606
22.955488
32.76516
20.544819
31.149021
25.511757
32.37084
18.535488
35.387108
39.777897
15.557236
35.134243
27.346796
36.88964
25.911976
23.700802
25.034912
35.669777
34.521305
35.246056
36.75721
19.342716
16.098827
20.343613
25.240728
32.481213
19.933943
21.654314
23.32214
31.312578
15.803443
21.14897
30.436264
20.505756
33.374325
17.514996
35.17998
26.86727
19.823277
30.945492
30.080256
18.993273
22.407974
18.534704
30.361
31.856499
28.547651
15.841683
20.98206
28.551056
31.6051
28.834375
33.51456
27.97471
34.009613
15.389252
26.52041
29.097343
26.620079
38.796967
16.019781
39.646034
38.299706
23.312456
38.358852
27.531233
28.55868
15.688228
16.331175
15.145214
24.81825
22.842556
36.75948
35.783123
40.35955
36.3396
35.910824
35.86854
17.342701
23.196432
18.096445
22.409678
33.416557
21.682312
32.59868
16.168894
30.386616
28.238428
16.670929
17.39744
35.168533
21.421747
27.77253
38.668915
32.826805
30.864485
36.429012
36.339096
26.883005
27.641102
38.149197
32.46641
27.275267
29.147625
22.684086
16.646513
17.360415
18.623466
17.578552
30.146008
16.17239
40.78386
36.445335
16.96455
40.78549
30.681324
26.681856
36.01116
22.078066
20.87757
20.453873
27.44977
15.452226
36.282562
22.68606
26.450571
24.137228
36.60541
34.528057
19.078054
30.58912
37.262074
20.305565
37.853024
17.196392
18.797857
24.319607
34.64523
23.011166
34.407967
29.023045
17.984797
16.547762
28.977367
40.082012
26.624744
21.825197
35.21149
36.620865
33.24364
19.777454
36.89232
34.552864
37.546455
39.91515
34.069702
29.314701
26.703394
21.694426
30.08569
39.55163
25.060608
23.433779
35.729984
19.340847
18.363321
28.816635
35.53764
19.394417
18.351051
17.027426
17.265396
31.348875
33.516235
26.391033
29.920965
31.72738
25.061762
33.020355
16.370035
31.45111
39.64944
39.423916
33.508556
32.880203
24.40074
29.285275
20.263351
23.280561
22.792583
19.698225
39.27189
23.341318
24.585321
17.026552
37.99256
21.908812
28.726456
25.25435
33.209602
39.456394
39.293
40.202736
17.4222
38.975475
26.966845
21.310984
30.445282
23.95164
26.281796
34.814907
28.699835
36.880756
33.93744
16.102615
32.133423
30.383503
19.84425
24.787437
24.487097
24.392681
28.245918
29.610205
22.712706
27.116335
19.259085
25.667723
27.744965
30.520565
29.477217
23.661613
29.545639
28.929554
33.90462
21.87145
18.362492
38.00628
16.418097
32.37834
39.48359
16.855904
16.198
25.699953
18.417944
16.284885
17.127033
36.445145
15.396309
23.352337
18.024263
24.85623
24.361456
18.266169
33.763515
15.179093
28.204985
38.405117
28.81938
21.68618
38.908264
25.78869
17.5908
18.874628
32.45791
22.670689
25.971243
35.871616
19.931572
15.097857
38.06619
32.40118
15.987812
34.253853
20.70275
26.801636
38.144093
18.199621
16.432905
31.529911
38.689903
40.224873
19.100977
36.34889
31.857388
40.44134
38.727596
15.966157
19.959734
30.476992
32.45655
27.277302
35.60799
39.171394
33.617573
17.564106
24.829872
18.026001
17.577246
17.00788
23.939436
18.829056
24.981815
36.700306
37.34454
36.35337
24.239918
20.969046
26.129227
18.316278
17.649801
22.282528
36.21119
16.894522
27.444767
28.258179
30.149809
33.002865
37.212254
17.370588
24.268135
34.273808
20.636057
30.840853
32.652626
24.216637
19.317846
26.88566
33.80729
35.387764
16.553322
30.014362
26.264297
19.570145
30.369913
28.38465
32.291054
20.93818
24.87713
28.362095
33.984
27.975508
34.037285
33.376205
23.502459
16.516567
30.333458
21.925308
20.971104
19.698898
36.493225
35.154903
21.667566
34.84158
27.420755
39.818874
40.512127
20.306284
19.796627
23.630194
24.58924
29.250944
18.423744
25.017563
15.456095
35.851955
15.329449
20.126657
40.33133
27.049496
17.878033
32.53942
18.907305
27.161423
25.704502
39.63214
20.492338
39.81482
35.14959
31.752787
26.464645
27.560226
30.05764
24.470325
27.607613
30.262121
39.29315
36.033566
16.796452
36.90024
28.138395
33.874294
34.719147
39.769844
20.853632
15.499239
29.840015
33.23502
33.113167
18.437677
35.652065
15.167651
37.77456
17.046263
32.414783
33.995754
33.494957
22.91991
33.0368
23.888247
35.07768
38.417343
19.538315
15.019411
29.113802
29.382177
23.616081
19.084698
40.47768
15.525187
32.234055
22.280594
18.54187
37.130623
28.87579
38.81476
18.596216
28.759304
39.12001
37.678703
29.88737
20.44336
17.538689
39.893745
24.939203
34.502373
25.567343
24.731977
33.371273
35.557858
40.96017
29.51761
33.301487
20.582796
16.718008
40.529922
22.60095
26.895279
24.965025
20.257662
38.762947
34.889946
27.150421
20.795752
37.95476
32.998306
20.164303
16.528587
30.94011
36.87871
40.4823
21.410372
15.99167
17.159033
29.29137
39.13129
36.65727
22.189888
24.69967
16.249472
31.299946
36.213486
18.596163
18.972126
21.701286
19.112963
21.501156
21.685284
21.69902
37.479324
24.836744
21.560087
19.824028
30.117884
16.446571
24.604586
18.208555
36.313324
15.907219
22.383507
31.65656
24.182356
31.198904
29.294498
35.69877
29.265112
27.641052
19.767838
22.699148
40.141224
27.648748
25.04764
34.63613
18.303844
39.828873
30.316082
18.051128
25.78453
26.210243
20.838215
32.838417
34.094288
22.989817
38.533417
38.0447
31.93077
15.07758
39.920574
36.653263
26.798897
21.935463
30.737587
15.446732
35.20195
39.731148
25.701824
39.474216
19.38247
18.665451
15.856631
23.392584
21.726978
36.482372
32.740063
30.008394
40.895935
25.633814
20.215494
31.716099
34.499966
20.346315
17.219769
37.20977
39.7158
34.925106
23.913103
27.839735
23.619995
22.031094
29.755934
37.292194
35.21589
27.379377
20.891445
18.888958
21.138931
33.333183
33.878498
22.73617
18.847847
18.205076
27.298239
36.194935
24.743807
18.727669
36.048634
19.703482
32.107075
18.118914
25.244738
35.849598
21.000391
31.442505
23.55847
28.773712
23.36055
29.551773
17.560244
37.477146
39.384457
36.805843
19.165771
26.416725
28.013184
21.959738
37.64488
17.886017
30.827332
40.1555
21.815212
15.115171
26.98923
18.779251
17.022202
18.76544
21.002317
31.099604
25.297707
38.551086
15.005314
19.065542
17.693195
24.090597
33.078484
16.417538
27.19946
32.770638
36.611668
29.353304
16.893229
27.400463
35.168446
30.39016
24.992218
40.74106
32.47809
19.778763
24.353514
39.612385
18.196692
17.848434
28.61634
24.213907
20.90124
15.002124
18.668669
28.537485
30.414968
37.7295
21.408222
21.308615
28.009811
16.969524
27.871895
21.760902
27.291359
19.429253
15.723636
26.73046
18.64412
35.053513
35.819374
39.050995
25.999557
26.740492
18.108566
18.036987
34.38671
37.611137
26.485437
20.961521
20.234934
40.66571
37.36909
37.86697
23.720535
35.49868
16.770037
30.79087
27.58395
20.893562
15.391865
40.545944
25.791227
20.582157
38.920143
25.562426
24.173471
24.228119
35.066795
23.982399
23.7501
34.782566
40.166573
32.190098
21.826553
34.759922
22.163422
38.268673
38.154366
27.69502
37.677845
37.49311
29.45126
25.067923
36.512627
32.90064
23.401192
25.320768
15.432597
25.224072
36.88908
20.241377
18.345194
31.030201
20.67212
20.95122
18.112183
27.77445
35.949493
21.01075
20.138765
33.664726
39.364414
19.742994
19.614923
40.72144
21.857273
38.77668
36.824833
25.227396
29.485949
25.023067
34.293674
18.880342
28.839039
33.826077
35.707233
16.39262
27.9901
20.863104
35.51817
23.026512
26.07569
22.524445
39.943783
40.610516
22.527325
37.961998
32.66381
20.950893
26.74722
27.773417
21.942558
27.234537
18.589884
32.375706
40.128376
23.013258
15.396522
21.522654
19.524439
26.666328
22.526337
15.133445
16.478252
16.857182
33.338703
40.625095
36.203434
21.431843
23.402348
19.279297
40.325745
30.450823
40.342518
39.82468
21.43637
19.602795
37.18436
17.378288
34.039043
35.117573
35.310436
40.16557
25.1935
15.477523
23.222717
39.02601
16.886377
30.720642
15.183948
19.61192
29.701607
32.935303
35.51078
16.40084
29.715935
37.66562
33.800636
39.167328
33.711143
31.378199
15.696619
36.397858
23.773129
38.88511
30.929611
38.28294
35.13899
32.674484
19.323803
20.383423
38.756737
25.469479
18.211842
39.84334
32.43838
28.017725
35.277916
17.109617
39.7155
20.107786
19.23195
29.519241
15.547572
36.11557
20.91529
38.827484
36.886745
37.00295
25.448053
28.77608
27.768803
40.622326
27.850582
15.138212
27.078583
21.425215
28.20619
29.327534
22.42911
35.229336
39.879692
29.621286
29.697237
26.568022
37.565907
35.323082
24.674582
21.32731
35.01466
22.778683
29.021095
33.870255
31.163559
24.058601
23.24958
17.654575
36.107025
23.334162
30.823013
25.469027
16.839914
32.499115
37.61253
17.845358
25.036274
26.42673
31.942455
39.947
35.258564
37.402733
32.239788
20.292171
17.93991
21.737322
19.90902
27.038319
39.241783
31.334858
32.46923
27.236334
33.4617
31.087791
22.21893
25.457253
35.05033
27.361698
22.73503
20.500708
30.494688
21.551231
23.36602
24.513542
19.33379
17.712183
20.545246
31.778706
28.395506
34.61272
16.228834
20.67858
31.978008
22.1973
24.0538
15.893647
31.146576
20.419554
18.915333
32.76645
27.576197
30.675974
31.57834
21.942497
33.442745
16.65999
24.666819
27.893894
28.750235
40.35648
25.915604
19.738081
29.178913
18.10964
40.922634
28.883284
17.048769
31.222525
30.805828
19.463814
27.315233
33.384476
16.147182
30.272627
37.64866
15.372995
15.397779
36.95503
34.59644
25.939602
31.520828
32.59672
38.586323
16.56449
27.065935
35.520927
23.101856
40.852802
23.09628
17.103458
37.745544
24.74565
29.431423
33.7213
37.10266
19.431932
22.52196
27.569391
21.328344
28.872395
20.938246
29.01193
28.202967
32.18525
38.933975
38.378605
24.035406
29.793093
27.836363
17.672937
28.241264
29.193697
37.118214
22.528936
15.682687
19.49273
39.923206
33.933937
27.928831
33.424232
31.54416
15.729664
31.480736
23.48518
15.895181
33.710205
27.701603
19.02328
36.371967
31.254646
27.703302
23.642574
39.660698
26.863865
31.762146
23.129313
34.034348
24.715044
16.971777
27.250896
39.46633
36.40414
22.78823
32.2437
27.494888
36.415657
29.88206
34.58081
22.18765
15.540775
39.284607
22.698803
39.784294
21.45893
28.200367
27.762836
39.63628
16.004667
16.054518
21.26248
34.916138
28.26071
31.35461
32.255886
20.234755
23.549763
16.767546
32.417934
26.783728
40.64182
22.447834
22.69826
21.910746
27.050295
38.100315
23.3581
25.13958
27.159472
38.520332
23.430145
38.562202
36.10742
27.426638
34.23355
20.259115
19.84264
24.286974
32.47669
32.944977
28.579334
34.533676
19.692986
32.39011
24.995413
23.076315
28.280712
17.334507
23.94887
34.340652
22.255419
24.589485
17.232399
37.198063
38.9741
35.8131
16.942726
30.096678
36.553066
30.048992
40.41026
40.465427
26.47696
38.534386
32.31633
39.03429
21.984049
19.511333
29.619417
34.09896
20.213627
34.816525
22.2184
36.95524
33.813915
28.878311
40.9
17.738428
31.734507
34.415695
36.04929
22.725063
33.265118
33.612568
21.846119
39.789257
16.0329
20.831438
33.227192
32.153072
35.633427
25.034441
30.76246
29.830166
21.845816
24.995445
15.776202
15.234242
39.970425
22.115545
24.537378
32.30849
29.72787
36.195312
20.150368
17.22964
22.371067
18.870607
31.896421
37.249817
23.187315
39.584854
34.207764
18.561874
21.405436
29.949139
27.200443
40.208424
38.673252
34.132523
15.748645
17.002214
38.733696
39.528496
22.452333
34.185184
24.703121
21.359493
39.531754
32.12586
30.443369
29.109892
17.676407
32.739384
22.919497
39.718998
34.18283
30.511978
37.147934
32.318935
28.334564
22.021095
20.365286
39.96846
32.90942
36.665073
39.38586
15.312224
24.943241
31.95066
24.76635
27.385954
22.435993
25.134188
15.359103
37.89162
16.555225
29.271805
37.110645
19.182646
15.073469
27.806587
34.550163
38.927696
22.270412
17.704987
18.31295
21.962666
39.337215
38.852413
19.256725
26.193943
19.439548
34.927517
31.254192
32.582054
37.027554
34.29692
34.582962
27.213346
15.725035
28.607046
17.98451
20.258324
25.18688
39.696827
23.92659
22.218819
34.68284
16.21493
30.37904
36.28217
29.847391
29.897362
19.500687
34.82909
19.029604
29.846085
23.03555
32.182945
32.983562
23.346556
17.929377
16.541641
26.25898
29.771864
39.702938
39.699406
24.583384
37.94336
17.45643
25.644173
31.77128
28.952541
19.029692
20.407345
24.252436
23.89611
17.80584
37.64626
39.1805
27.235939
37.92135
25.355614
21.264858
25.567972
24.233427
30.832684
33.96275
36.468784
23.296022
37.562172
22.475288
24.785852
25.808567
35.04003
25.110214
16.247334
23.527082
20.721638
40.00582
16.589384
28.465067
20.258148
35.954628
40.53387
31.362011
27.976002
39.122055
16.89655
21.860283
28.15794
15.824412
33.865578
20.60652
23.099958
29.212294
20.062471
25.581509
20.147173
40.699448
34.3824
33.363
34.95251
19.28395
34.807976
28.738733
40.05576
33.527626
23.400438
31.112352
24.546371
33.89123
21.494448
33.482815
22.052141
35.367188
31.757416
35.428253
20.586689
27.908148
28.221582
29.48812
36.892307
37.018936
17.656843
24.612934
19.83075
39.060955
23.72456
18.938698
34.103004
25.312382
31.23736
21.043552
39.12012
39.634014
23.547226
36.057095
16.200737
20.709871
17.593885
30.518158
36.436863
21.263206
20.467844
33.714775
27.548086
19.392786
20.47711
21.390388
22.835346
21.230923
16.653963
36.16333
22.948908
19.493845
21.397879
33.781914
17.601244
39.17671
19.522968
27.425428
25.584003
31.6396
33.363068
21.661686
25.489262
33.637615
25.784906
39.384647
28.388803
32.467163
34.96948
25.081104
39.39115
38.33233
24.6441
26.113209
35.474613
34.279255
39.082317
28.354097
26.285603
28.603138
31.636148
27.476696
22.695026
34.5016
24.824865
36.47123
16.82155
32.92979
15.076867
39.554806
18.959026
31.106771
40.105827
24.536873
35.386467
28.929327
25.59973
29.917208
22.392351
36.66852
34.411
19.518517
30.011196
27.755936
39.758366
22.293571
17.948702
30.21067
28.085741
34.09727
19.96292
29.314875
23.170694
25.676811
31.57233
26.5146
34.83491
20.908632
35.37776
31.204575
23.181238
31.39863
32.513584
33.049454
18.66671
21.962559
27.784658
20.80093
29.518192
22.216408
21.898975
35.189053
17.0071
18.531946
40.872017
16.397877
23.921808
21.950516
28.157316
26.879639
22.211298
33.29854
27.34873
21.818298
22.220646
38.7111
22.4035
32.42247
26.198938
29.045357
30.251106
25.409338
22.83228
21.25341
33.3815
19.535362
15.439448
38.68468
23.547312
24.83617
16.164982
32.500713
20.068111
26.357203
22.014198
31.91069
39.390835
39.5883
33.897
18.77391
28.539042
25.559547
30.982012
18.26578
19.874575
27.61243
15.609923
15.766834
22.198881
17.229303
18.774582
34.909645
33.63708
18.986029
30.752783
26.80638
28.976536
16.686628
39.84834
37.880188
22.172575
32.04553
22.413351
37.43645
33.58767
25.902037
25.319366
34.13531
15.196214
19.883387
39.873302
38.864853
37.465733
31.676842
29.807919
18.164633
18.916248
23.627909
35.423717
17.312141
39.463116
28.250946
31.21907
37.46025
35.5646
39.42002
23.417536
28.801512
34.924046
16.502073
32.686115
15.6355505
29.037424
22.500992
28.035522
17.428812
33.23069
16.400492
26.403217
34.481144
21.997194
16.325155
32.742275
29.6517
22.424147
31.883284
35.573933
40.747025
22.287941
37.11175
20.908873
27.637028
24.001795
17.812246
15.202127
29.939974
29.015131
26.749903
21.578709
19.205534
23.492605
35.17947
22.951859
23.925272
37.141792
37.470806
28.853071
32.412872
36.911964
33.22465
37.802803
23.621815
17.952446
38.20119
33.873047
15.306056
33.697594
29.62822
32.727764
20.579676
15.23637
39.012127
24.874294
33.894394
15.228084
36.444336
30.11885
27.729153
35.54182
40.577213
25.29124
29.873947
34.52566
21.937805
31.18887
18.090414
15.352724
24.054255
38.387318
18.144606
27.244698
22.989004
29.074493
30.732767
24.539402
21.304441
33.38772
24.658815
32.547565
35.23085
35.867783
33.772617
39.934933
25.863123
36.591316
33.641045
36.96937
16.581882
34.302612
24.699198
33.388668
31.576231
33.438236
37.717037
32.873165
34.339554
31.32257
22.81711
33.1485
24.316414
18.009716
30.991903
31.597128
20.497719
33.25688
31.094755
31.923397
18.692955
38.936745
25.616161
37.895386
36.452484
28.83093
25.207708
37.477837
30.1695
19.19411
22.878712
24.773918
30.760365
20.737946
34.0661
22.109638
35.503727
17.756355
32.36589
32.323223
30.112932
22.998394
18.615076
27.86279
32.922928
21.59225
31.225592
26.649185
20.1919
25.833666
16.197384
40.82681
33.949665
26.974335
22.075592
19.503841
27.568817
40.280605
36.267155
34.374245
33.291473
31.580072
16.595066
19.717478
36.313335
29.273434
31.74395
15.687811
35.708733
33.3612
38.338413
18.033718
29.474178
32.419666
16.796131
20.428787
17.274763
34.65782
36.810436
31.44912
36.09686
18.196539
18.342606
32.898212
16.942148
30.533833
27.341927
31.65884
18.942194
17.79454
23.062014
23.542421
40.829456
18.810204
23.804728
30.709955
16.569677
35.334602
36.198444
16.154524
40.14232
23.772703
39.70535
31.463978
23.949806
15.68551
36.952713
25.623356
22.142984
28.030632
23.696173
24.970144
38.26938
27.608082
37.74825
25.581495
22.082396
25.503115
18.043327
15.351027
27.093866
20.452711
19.160727
33.80386
34.508854
25.009512
29.090292
33.302036
24.550888
27.136814
38.80042
19.70851
34.867336
22.440533
15.256283
27.806389
21.698875
28.628725
38.936382
20.811161
20.80352
17.986593
40.60851
26.167082
25.744976
27.664654
28.151524
29.485016
35.086575
31.399979
24.547316
22.957443
19.276266
27.92522
18.817621
23.877434
34.564808
22.767397
32.64334
26.991837
25.168327
37.398148
18.679346
29.33504
22.068205
22.769468
32.165672
25.918056
21.335258
39.153683
17.33636
25.188818
32.671917
28.903696
18.340147
24.532999
27.985174
35.259285
18.912546
38.250744
40.234787
36.647533
19.876781
33.423164
20.54527
16.060183
22.701426
16.873533
38.626965
35.038048
18.805452
21.031538
29.920494
25.552305
16.076855
21.925064
38.56066
36.64479
34.158848
30.75243
18.249903
32.07422
24.458025
29.529028
39.438114
36.412415
27.541803
21.155851
34.824764
22.044565
35.617847
24.923393
16.130852
34.34959
23.126007
33.942936
19.332466
38.971622
38.1238
33.288208
19.10425
29.540821
35.109226
26.734024
30.090286
26.461487
30.20026
25.894348
24.801535
29.457691
26.178043
40.29096
17.433098
16.451517
17.801432
36.424725
37.701214
21.046095
23.013216
24.275118
36.919067
40.395535
27.183891
22.81957
15.962056
38.56605
27.376677
30.142809
35.517414
31.62736
33.76783
30.49731
31.069628
27.660646
17.819296
30.279535
40.44227
19.62929
27.576056
23.302618
38.398514
17.630636
31.548399
32.97472
26.796743
39.43201
26.039837
29.033205
20.104237
28.391338
36.49416
25.338448
20.69121
17.872568
33.460594
30.896906
20.258924
29.088308
38.11389
36.7618
38.999912
34.93691
30.916561
30.750624
40.644863
37.8484
39.97334
24.022291
19.419939
38.9136
34.903454
40.472702
32.11991
16.642778
29.643986
39.636063
30.996609
24.585264
35.498203
24.320284
40.968887
27.738407
37.955475
33.558304
21.779375
26.18428
21.334831
29.623205
30.154991
32.71462
40.142193
22.833508
30.772276
37.339355
19.181507
21.666016
19.8853
21.521318
19.923103
18.297146
29.842995
28.73948
30.407879
37.109665
28.404415
21.555338
30.053814
39.93026
23.754608
32.741863
39.13172
28.804417
28.430328
37.231594
37.39006
38.968586
28.984087
36.650406
39.333965
29.345581
37.146557
29.025513
23.001572
19.367775
26.491581
30.891262
34.731163
19.223576
22.164612
21.46336
34.37541
33.726223
16.10459
18.812054
23.6945
35.919952
40.37088
20.036995
23.247854
21.267124
20.681057
35.33131
40.004322
26.80086
19.071943
21.519634
37.10392
33.981297
24.715458
20.164688
40.729343
21.159597
25.352457
18.659168
38.88348
25.532312
20.551947
21.854548
37.019527
33.259758
30.059578
36.725624
39.93317
22.025553
29.868614
19.329412
38.101738
24.730534
25.328068
37.88928
15.743053
18.24268
26.59694
32.219913
35.267193
27.165792
35.060097
29.906078
16.507145
15.443162
31.940464
27.65778
25.139835
38.278416
32.27383
20.086815
33.04686
25.334352
34.65679
21.784384
26.014608
39.461506
17.734844
34.02672
17.136427
27.311718
20.26695
26.695488
21.55478
21.10804
26.784431
35.071964
19.769344
28.570774
35.35618
20.048685
32.6373
38.540474
19.778906
28.999699
27.404953
19.192282
37.630207
17.060122
30.635332
15.90192
34.053886
20.888117
18.734142
36.802277
16.89111
19.117083
35.92695
35.86042
19.827686
17.653168
17.003326
15.908496
20.596743
35.73296
23.919098
39.477905
36.957874
16.228453
23.43567
39.514736
36.1679
19.07121
21.375889
25.095371
39.965004
27.864866
35.788692
31.114765
26.707193
24.764845
28.34027
21.585878
19.237656
39.526566
24.58728
37.66727
33.293724
35.257988
31.438137
27.82688
24.832787
27.859795
32.07117
24.653492
29.517656
32.396126
16.85397
38.743507
21.785511
17.71117
19.395988
34.819016
26.418697
28.491564
27.767017
24.774307
26.342306
27.67195
30.126867
34.701378
22.49257
31.59065
31.537138
24.111063
17.031778
37.624866
22.56375
27.544954
23.92956
31.169369
18.429323
19.564182
30.986988
15.770109
29.937418
29.704784
28.749155
18.983818
32.165985
32.405304
30.433437
23.106958
40.0153
34.140816
30.99489
40.30218
21.09606
40.0386
40.756775
29.8477
32.15614
39.10417
29.653421
17.24471
29.270006
32.852406
28.064255
20.740343
18.352573
18.617023
33.461906
28.458305
31.209736
38.102695
30.65406
36.776707
19.300695
29.847569
33.267754
19.85227
20.662565
23.179981
25.3065
15.26246
17.035656
34.981735
24.104805
33.62176
34.128227
39.111195
29.811182
24.725653
36.17236
35.693142
35.65002
21.285547
30.448029
35.648136
39.644215
15.640307
18.290333
32.812897
32.224686
28.964584
22.245195
33.793995
27.209475
34.44165
18.501822
32.300793
18.00429
15.628017
29.505478
22.119595
30.558052
34.809513
37.742172
39.11942
39.60103
27.53315
30.08708
15.720827
26.999886
38.6965
32.821568
39.112846
18.683086
28.585938
36.448967
21.16891
21.521679
28.077469
28.777185
27.491352
29.794722
18.848585
18.386635
21.30499
32.42516
20.896868
30.56482
19.02379
33.0412
39.920795
22.064358
22.230696
27.099731
37.190536
35.62905
33.539185
27.802677
36.421234
36.133045
29.346132
23.343582
31.858501
39.391026
30.83907
40.14107
17.29579
20.222704
33.786964
32.14734
33.06531
36.192883
35.62216
39.063988
31.179174
23.598604
19.112091
18.354277
29.74454
24.737932
23.522947
39.309757
22.536413
16.270214
30.593493
36.111214
16.183937
33.565594
29.86568
30.817663
31.810827
23.341938
17.959814
26.52408
36.16786
32.600212
39.235443
31.547411
39.305046
15.894756
26.945261
19.432299
23.653496
19.312782
26.467749
20.811903
33.021595
32.187805
21.495327
31.715971
23.45749
28.534641
32.15831
36.787373
29.189661
21.46895
28.980972
27.049982
29.929472
29.462215
32.294506
26.364962
40.704575
27.183462
33.27277
22.519062
40.08911
17.89186
18.110098
30.00779
21.20656
32.869793
35.026608
18.007866
40.20324
20.223858
32.76481
16.777565
27.02535
22.531582
29.032494
28.780153
15.279578
18.274675
21.950253
17.194828
39.71719
33.77488
18.978054
40.161106
25.453665
18.436464
38.023865
38.096874
16.420822
40.49974
40.47823
21.736855
35.745537
27.222952
17.772303
30.157413
39.759003
28.435156
39.72281
40.985302
24.162716
39.74073
24.405958
29.232038
29.51211
35.30646
33.5933
28.752258
15.626087
24.125034
30.886097
27.193563
18.790405
37.924248
21.600725
29.48698
33.695187
21.47903
18.186205
18.421291
27.931524
16.983828
36.49591
33.651188
20.56952
19.355755
24.589102
24.60827
31.849743
16.864359
24.903824
30.215591
16.342438
17.321672
22.621386
37.050613
29.063587
24.216652
35.8335
39.658005
36.98411
33.640995
26.726768
30.082937
19.128363
15.628727
31.415182
24.377117
33.030243
16.619768
35.279854
23.823965
39.70013
37.158215
18.716146
21.935968
31.45297
20.648819
15.041957
24.896397
30.957737
29.020626
37.986874
21.049206
23.690653
25.484623
38.660477
18.285069
29.609434
25.222565
17.189041
16.728172
27.312963
31.807144
16.313429
33.997482
31.210648
38.42896
29.15697
37.497894
27.297968
32.59371
29.100666
32.69077
36.019466
38.853367
38.244026
22.100035
29.39769
38.348007
16.28339
36.92915
20.116426
26.46039
23.805609
27.595873
22.568733
28.723207
18.97346
31.23594
22.015133
20.269331
22.370195
35.283356
17.944538
21.578367
31.374119
18.604185
21.490276
29.048054
26.850122
31.342329
26.32582
15.00708
25.17366
29.629967
21.849638
22.186207
25.643547
31.621935
24.665773
32.377495
17.193623
16.932459
25.376625
30.036816
28.979237
38.48434
20.526566
38.922752
30.89305
16.024786
40.16988
15.515316
40.355713
28.118746
17.983727
24.92089
16.830399
24.299746
29.10658
23.245108
15.426311
21.23984
32.954967
37.00331
37.684658
18.29448
30.15592
27.038668
39.18174
36.584686
26.430002
23.630806
15.937216
15.898108
33.76941
21.003311
22.781668
19.12214
20.577942
17.276299
38.816086
18.66645
15.574494
22.060633
21.886944
23.388874
19.208796
38.353283
37.603992
39.90784
35.098103
22.16872
22.84397
28.866018
36.56567
22.429058
30.911922
40.704144
31.746632
39.03618
25.572819
18.810534
24.924227
26.761808
22.01971
18.530985
21.769003
30.617046
36.510654
24.45536
17.975952
16.700626
24.885176
31.641333
28.429283
17.175661
33.462
24.9924
33.47178
20.987474
23.923416
26.876392
20.11548
33.21051
22.70745
16.252384
39.102688
21.50022
17.15781
21.067982
33.61105
32.02619
29.222324
21.49573
32.093765
15.475746
38.84427
22.696363
16.255682
28.242474
23.356932
32.2284
29.488367
18.752254
38.170326
22.967651
19.22195
16.02956
27.829891
29.456856
32.598873
19.069767
17.13064
27.974834
28.634344
39.35864
31.386156
34.29616
35.60066
24.967947
31.1804
32.106476
27.757278
17.056707
17.971258
39.34529
24.745785
24.320242
26.768312
21.367151
31.978655
23.954826
36.773354
16.743744
25.17304
37.04347
16.3506
23.773708
26.815487
19.918787
36.984642
23.323431
24.790825
37.021862
31.987703
22.491375
31.668201
27.051302
29.633684
39.770035
27.209497
18.784664
33.125145
21.873817
24.55016
19.854769
27.340223
19.207771
24.199705
22.97632
28.660172
17.071173
15.518953
21.64366
25.344048
29.121725
22.65329
19.158335
29.895742
40.370155
17.036047
22.99561
33.65947
39.03173
33.523315
18.981863
29.483377
21.930264
29.98133
20.530277
20.706966
30.831923
40.719776
19.27008
25.95649
15.080184
40.549145
38.804996
25.273567
23.21001
26.437576
31.049421
15.955713
16.838425
29.752325
30.61634
24.153532
24.060287
31.893297
15.068711
38.747826
24.822262
29.760857
25.496626
33.32089
35.30453
30.947361
18.845299
26.139791
16.209059
33.801674
18.694412
16.985405
33.034744
24.588127
36.77721
23.389545
34.914
40.8462
35.42809
17.383526
34.39192
16.754477
31.360418
27.214994
33.64834
28.812126
31.701584
40.65588
31.09476
32.473488
40.05027
19.502893
34.022175
20.50609
27.471273
20.662886
18.032562
33.789703
38.806137
27.819084
30.35589
23.033726
16.453161
33.090023
39.836178
37.46262
19.85838
24.321701
31.364208
17.903685
35.359356
28.694359
28.841234
16.908901
19.736628
27.178888
16.377058
29.552208
27.852955
25.043852
20.357613
35.365925
22.0985
21.092598
31.261196
20.514774
29.010353
38.601032
37.659264
23.753187
30.397802
22.030031
31.706724
17.971416
32.580086
33.502598
37.60842
27.208162
39.931255
19.764282
24.042526
24.892256
27.827219
39.88649
28.328287
34.773155
35.30283
32.32574
20.244696
29.509811
23.252392
29.118025
34.838223
21.209711
15.844742
18.965845
32.30203
17.344662
36.974537
23.76664
37.06555
30.41717
32.034187
28.734701
25.602638
26.511017
40.066376
16.684801
37.14798
32.431892
40.44485
32.274178
17.505718
33.528744
27.63173
34.04065
29.440773
20.483736
15.272285
34.927998
19.7626
35.368454
34.913715
33.65595
17.142654
15.086361
32.97219
35.770424
23.951065
23.956139
26.222885
38.500893
17.954584
38.637897
27.050669
27.655085
27.58707
23.864016
32.974365
27.697342
33.685413
26.508556
34.545544
31.885494
27.077864
32.41406
39.62309
23.882015
17.218508
37.091736
20.237747
37.608852
40.180622
19.920822
32.78616
16.28128
32.753403
37.795204
35.13191
34.53466
19.130636
24.300102
37.34137
15.349003
31.736528
32.448902
16.245127
22.079737
16.103102
16.770021
21.791048
21.31911
25.395098
28.105911
23.243088
40.541187
33.172615
27.871065
29.680166
33.52436
37.2882
21.713224
23.962475
16.398888
35.434387
15.531665
16.357857
25.832926
31.789179
37.628777
37.35885
26.34905
40.45128
29.405863
20.871382
28.054329
20.913328
19.461386
18.918962
31.170424
21.690708
36.209644
35.2816
17.666313
38.40501
36.210114
24.076641
35.024704
20.115463
25.282482
32.189003
34.714176
40.498215
21.179642
21.671259
20.292713
32.59254
32.100677
19.75939
29.234177
33.26466
36.648197
35.987873
28.547905
32.28401
35.969025
26.03825
23.052536
30.963463
35.76462
28.418102
36.768757
40.684036
32.61739
24.842878
30.311615
28.30648
23.651104
28.28077
38.39162
21.466017
16.928774
30.021336
19.57483
20.05334
18.188187
40.841423
17.305601
22.80404
33.525402
19.367281
24.861858
29.850266
23.45858
21.06976
29.390984
39.332596
17.439379
31.979752
25.465725
38.72672
27.32634
26.174026
40.70284
33.40866
37.594547
35.356953
26.903282
22.163958
15.128005
16.451466
35.9013
15.840251
28.326038
23.01312
27.85069
25.149553
23.952215
28.493853
33.03014
40.745407
24.664103
29.907522
32.415462
29.131922
34.4844
21.287218
37.245144
27.705788
25.6088
19.474636
39.59658
21.288952
23.893114
28.244778
24.593895
32.878864
20.122093
18.54461
26.284319
33.02478
15.734508
32.712166
27.448503
37.23278
15.063894
24.943031
24.65129
25.108782
21.351618
30.984003
35.692863
16.567984
40.798676
25.059082
37.286293
23.370821
33.744915
25.370914
32.265976
24.489626
38.699135
23.171137
33.9225
31.366858
33.390755
34.35598
20.16293
25.994877
35.27356
16.81888
20.111612
32.92894
23.984262
31.379763
34.495056
31.83913
26.143381
15.010984
18.695442
40.013676
18.583223
16.292917
35.710896
24.345219
39.59752
20.557423
19.426601
17.763193
33.129517
40.015476
28.579447
29.819685
23.950079
34.315487
36.589756
19.19273
20.8247
35.44185
30.037348
23.240171
15.427942
15.638546
30.975069
36.41885
25.336271
16.130627
35.501476
33.377987
35.81484
25.816658
31.055395
17.84237
31.31118
40.81824
35.74859
17.019917
33.57845
33.798027
40.71874
39.20007
37.173157
24.295515
38.963535
39.45334
32.707092
39.98043
29.407608
24.899233
23.680408
27.68621
33.057613
30.87871
35.982586
36.361656
21.016764
34.549095
18.220276
29.666618
37.858616
32.913483
15.915808
29.838
18.400967
30.103245
19.317354
32.66524
39.27417
35.851517
21.071562
23.939892
26.844282
21.527044
20.33172
38.581642
20.02988
21.842033
16.009268
16.793749
30.342468
39.404163
39.823753
33.063522
22.083876
29.652212
15.566071
27.599047
15.050064
39.39623
20.562151
19.8811
26.31931
37.177444
40.70891
40.409744
36.743694
31.969706
37.651714
23.437815
39.61638
36.363342
27.682148
20.509068
23.653185
35.304054
40.75742
35.956482
31.905415
31.703548
36.677235
35.166767
26.51203
27.795218
25.901394
22.379885
22.302618
37.97743
20.751112
23.067852
22.17879
31.0685
30.809292
24.524958
21.930004
29.391666
34.219757
37.201935
21.68096
18.91493
30.28272
22.529512
15.521106
32.78988
24.253565
24.502155
18.03291
30.065125
22.574186
24.13068
40.414013
18.094265
19.901045
32.02287
17.679407
37.214756
32.24119
26.814049
38.0333
25.6434
31.26744
19.945026
15.916339
15.215657
21.456013
24.37261
17.462404
40.590183
18.074812
28.19843
17.140148
33.846653
20.247728
27.914547
37.20803
15.024038
33.330143
19.989836
25.277578
25.07815
38.653057
25.858936
37.75812
28.981428
30.328062
32.02602
40.247284
25.244568
32.252586
21.958445
32.03499
16.008724
23.714706
19.72085
24.804838
35.03868
17.068928
36.888035
23.345116
19.441519
27.839308
40.17543
20.622772
24.741915
20.303358
17.438814
40.927273
28.064423
34.120064
18.220373
26.957108
20.604649
27.88757
19.856009
39.700413
32.315414
35.650852
37.309277
15.75204
32.79064
18.326992
26.360188
15.313007
38.69882
35.77535
23.552454
21.534279
33.799576
22.812342
34.390774
16.095282
20.57097
35.855125
37.67998
16.948626
20.781836
28.075909
24.61091
26.01602
23.962587
29.958263
30.223143
19.286348
19.65954
38.96915
18.212727
37.245415
29.601997
40.695084
27.70331
21.857914
25.467922
26.238174
24.5621
39.425575
36.803196
28.927513
34.117332
26.561657
35.831112
37.473648
24.72195
23.250225
35.382854
36.578682
30.508497
18.499914
28.986383
27.711725
38.893135
24.455183
32.27031
18.269306
19.912136
15.994224
30.2709
38.662506
20.312012
32.821156
19.974615
20.0074
19.464909
23.85112
27.485086
36.042664
26.643726
39.290447
40.572716
17.657915
37.966854
36.230114
22.046616
20.988722
34.410294
32.79909
37.382793
34.41883
31.685278
33.965405
15.3491335
24.027609
16.492529
24.92602
24.986853
19.030293
19.689484
31.692883
22.239737
38.581017
25.244898
30.960806
22.766634
38.943333
26.505503
28.634003
28.029303
35.48013
30.262342
20.491554
35.616863
23.174755
20.379791
35.38808
19.949713
24.46729
20.338137
39.114483
33.999966
38.07474
21.941013
17.584553
22.472036
31.1612
27.651861
33.366787
22.006237
31.733736
18.548965
19.746822
20.399744
20.462124
24.726538
35.48431
28.58361
17.255167
28.119682
37.219177
24.150997
37.87377
15.19398
19.085638
19.601004
33.62059
38.715813
16.508413
18.144108
40.718353
21.907455
17.38411
20.909372
35.373802
24.691317
32.891663
33.700184
15.721363
20.440674
36.029385
21.064493
24.850466
38.67953
24.642044
22.377073
23.942717
28.512218
27.180048
34.875565
19.179855
21.213703
29.723665
18.148619
28.530725
22.374435
15.908903
39.443657
22.785238
16.269024
31.30754
17.343346
17.275545
33.70586
34.542416
20.854116
26.609495
31.515223
32.96001
25.756578
28.438587
33.046276
21.035976
38.186943
35.792507
36.56881
28.855186
26.850103
32.83453
18.31339
25.98645
36.00924
30.026892
27.034014
34.863033
21.45341
21.642433
31.440287
39.38365
27.013756
27.318657
36.621464
40.864597
35.880577
31.922546
40.672638
28.702236
24.967651
38.3793
38.133717
37.145992
27.876888
30.31537
22.56477
32.435658
24.635454
17.375975
18.606636
40.222668
16.3092
23.899534
38.213665
29.673656
19.840368
25.266216
26.395761
23.945543
39.01416
19.685043
26.769915
40.824917
31.327923
22.443842
20.496634
32.24057
17.718323
32.718464
33.764732
37.086426
18.596058
39.922585
34.888237
28.33327
31.444225
37.276615
38.29206
22.761078
24.35571
28.783972
33.188553
29.809824
24.316484
22.125324
31.58484
37.02515
22.785944
20.116087
31.411312
19.366283
34.18199
31.319803
18.02451
36.247128
15.247719
38.16972
33.113
37.59743
32.958244
26.52322
32.122803
40.4595
39.620304
21.95848
29.71921
38.676895
36.1239
37.320007
37.514885
24.085081
25.92447
17.029465
39.31934
32.280056
27.265594
32.5005
22.50292
25.519394
35.39648
21.630995
33.71877
27.601315
30.095102
17.793451
15.189093
20.670712
22.676924
22.00403
26.037527
29.817286
16.850903
40.022957
33.737198
22.059286
35.27851
30.023798
25.64454
33.847466
24.4982
18.166428
19.801805
39.577354
28.996853
20.91819
15.71651
18.763956
24.641457
30.290083
17.664118
39.511482
18.428276
39.28953
37.21048
30.701809
35.56355
27.838594
36.113533
18.928772
40.258797
20.166222
27.539171
32.621517
35.30553
35.25541
24.613998
33.028553
37.488228
22.31089
30.738152
37.775265
21.201136
27.410322
37.794243
19.561071
39.25357
17.511534
24.41385
36.228474
21.780048
35.810875
18.800886
24.914772
29.415686
24.08229
19.261559
36.28819
29.454002
27.074118
16.553555
38.973705
21.573338
27.300344
27.442417
29.189909
36.89979
39.6353
20.44103
30.346655
32.668682
20.005566
22.608482
29.894396
28.553232
31.170101
32.497486
26.069517
17.84823
35.089428
20.86492
15.346029
19.128164
39.706875
15.597918
34.382526
17.743382
22.099762
28.458406
30.044271
29.574518
19.905558
38.71177
31.683853
21.834562
24.687931
24.480782
33.279808
27.389547
22.479748
36.753864
33.261173
20.063055
30.124966
23.377012
30.886923
20.696272
39.238533
39.071712
39.902744
19.354572
38.613235
34.54657
26.86367
34.00318
38.724655
37.108173
22.989555
16.218622
22.620214
28.827215
38.711407
38.059303
21.92551
20.278664
39.170135
27.087757
24.960901
28.150326
36.84525
16.718634
38.033627
39.601852
26.21956
24.560747
26.85546
25.156778
38.927013
22.228067
28.733131
35.12299
34.184204
24.213747
29.68865
18.062458
24.472206
24.852825
25.988752
27.668894
40.413857
27.143513
20.697592
36.56249
17.582617
19.253473
38.814
33.97365
37.582703
23.906752
19.31444
15.063188
16.156103
24.52861
36.99499
32.714127
24.30077
38.019638
17.390535
26.030882
24.425083
37.33724
30.246538
29.494314
28.417395
37.68158
23.028576
40.74657
36.175354
30.01493
39.77707
15.31761
39.618256
18.887278
34.249397
29.255556
30.496742
40.097828
25.738894
35.586056
20.417555
23.591187
35.2199
21.801079
22.417213
40.168533
22.540434
21.165619
15.146909
19.088362
36.268692
20.531015
35.271927
37.437954
38.496933
27.556599
19.042498
39.275837
29.41603
20.766731
24.158869
26.97722
36.796253
26.708164
30.03205
32.958523
23.644598
17.623098
20.332575
27.013617
35.256275
40.51614
36.32321
40.86377
18.637678
36.268806
18.887543
15.204721
30.8505
33.543087
37.39487
29.528563
16.21132
22.615969
22.582872
33.30473
33.4784
28.999716
20.493015
16.723488
19.167019
35.728115
37.159702
32.13706
31.957088
34.526726
29.232641
37.5775
25.79149
19.73565
28.003002
23.287292
33.710835
20.816133
25.407324
27.067553
34.73012
25.547802
36.499306
18.430525
40.13507
20.61112
31.60798
39.037163
29.460615
17.150148
36.941906
23.707153
34.111347
32.123493
34.75242
32.407978
22.093443
15.776771
31.335121
25.061213
36.649895
15.407806
21.127188
21.748371
34.72562
15.746118
27.94915
36.95529
36.136276
16.731224
26.043337
17.863184
33.0744
22.249613
23.977112
33.376087
16.158745
20.478151
35.707634
22.568638
15.617436
21.882095
15.145825
28.544693
28.392864
18.628736
27.410782
36.316486
25.965977
15.203136
35.63187
35.24564
29.519913
40.35027
24.63423
17.83148
18.697653
39.1183
30.134523
25.188787
39.65569
20.74059
24.17712
27.426188
35.37542
35.36944
16.457117
22.318106
16.26625
18.262486
22.904936
38.157265
35.979225
25.922998
15.448372
24.48143
40.04714
22.90825
40.221428
23.487194
37.476967
22.545546
37.65529
27.375229
37.74269
33.63336
38.86535
26.615614
21.76127
40.355408
32.53914
15.178466
15.381953
24.098408
17.133606
27.144222
17.678688
19.63963
24.606144
22.789606
39.90781
20.2583
32.132343
25.2394
40.377884
38.72521
17.30438
17.080841
19.675837
25.837843
24.157558
15.956552
19.703321
37.193756
32.038475
27.08358
16.79948
32.232704
20.806787
26.890268
37.861065
17.228567
32.153675
23.519287
36.81812
17.874876
31.923435
34.814346
33.08323
33.383224
34.24084
16.589706
15.664553
30.601679
18.975306
25.475748
30.517664
15.560758
39.613907
15.44056
28.408493
37.067352
16.968916
25.206543
18.069391
22.492453
23.311409
19.212769
22.75263
35.736332
25.501112
17.517916
21.420424
21.505337
16.473612
34.09525
24.757803
26.497225
20.049597
28.340286
28.954456
38.86744
38.44681
39.293377
28.773888
34.436607
25.103907
20.073616
21.81306
23.49987
31.466385
39.32714
38.052906
27.811655
15.2384
21.11195
32.809875
21.344772
35.270107
34.573105
27.020966
18.760695
40.728836
40.006268
34.429424
16.178236
39.493362
34.464157
18.68558
17.790728
18.814072
21.929699
34.63707
21.15721
24.197763
36.26121
35.15491
39.581
16.204502
33.609188
37.726704
23.889482
29.38475
28.810831
23.74552
26.141682
34.938725
37.387623
27.9327
18.315817
22.845749
35.202904
23.655191
27.866682
36.190063
25.580538
36.032722
25.19325
18.200426
32.742382
38.67737
27.519732
33.124462
18.791437
17.667948
35.46868
17.47464
37.14919
23.93378
20.692726
38.41136
36.34978
32.60725
25.331758
35.069595
20.400322
37.10183
36.775436
22.48905
23.535738
24.681915
16.236168
24.473827
40.128254
39.113277
24.97563
19.186138
38.755726
16.617443
29.67835
29.569519
28.98964
31.800827
30.428654
27.800648
22.332823
32.489037
27.022747
30.884766
24.918446
30.469118
25.935596
17.238308
35.076126
29.027271
35.1626
29.6433
17.677536
25.86675
19.369015
32.311626
15.293073
19.500584
15.305399
34.963287
23.622778
18.535843
23.28534
18.801281
33.40885
34.401073
26.672
16.056723
19.093739
33.01574
25.783012
30.381413
27.856901
37.660233
21.39855
17.780989
19.345032
25.8774
30.145407
31.010365
40.404613
27.621138
17.430174
20.394175
24.43237
24.065035
29.307608
20.888435
25.578262
38.49367
24.6956
40.865665
27.967398
30.521557
21.6861
24.58422
31.35125
24.519352
16.351688
17.593613
31.155363
20.57441
25.410433
32.431095
20.759718
31.572296
35.386997
40.88082
37.029686
21.058336
28.495937
18.795385
40.60958
27.422924
39.37341
16.020605
32.297478
36.65164
26.99653
37.31783
19.939074
16.390944
28.654886
36.344227
22.710104
36.402527
23.676691
35.72985
21.400824
30.614157
21.762426
20.081417
38.372826
37.922054
22.24167
27.346224
33.227573
38.659714
20.344292
31.38557
31.90759
21.220272
32.664978
40.835705
33.945564
26.70429
34.40053
34.375187
40.883026
34.662132
31.65223
30.371178
28.49966
20.009836
37.110912
19.54312
30.42572
30.019686
36.780415
38.760853
20.954302
26.9214
37.045277
18.385143
34.42684
36.097183
17.351622
28.662157
25.434296
24.113605
20.045427
22.599497
24.258152
38.905575
21.500338
25.479774
15.469558
30.31237
39.56757
38.708878
32.411465
34.863068
21.593306
26.049492
30.407843
36.218376
38.774395
21.456491
24.975666
27.998184
26.46109
17.709356
40.059525
32.858913
34.16586
33.827717
37.365288
34.632
27.500341
16.859732
33.238506
23.094616
23.037716
26.048939
28.214748
35.51603
28.18586
16.613798
22.363302
37.507668
23.55687
36.415115
30.852295
29.902393
23.03152
25.640083
26.782358
26.398045
38.742626
37.297657
18.26773
40.52278
32.53909
22.79856
25.98769
26.114347
28.14288
34.18414
21.987974
28.95279
21.174053
22.671892
36.380886
16.445797
29.494303
18.101461
37.77451
25.338215
25.907446
37.593388
29.755531
36.301952
33.155613
28.273987
37.556824
28.959831
23.362818
40.273197
16.160141
39.406685
24.602982
16.36822
23.515825
22.613232
32.107346
37.624386
22.305632
18.233051
18.77663
16.175606
40.7314
34.280308
17.126175
34.890343
15.181429
20.905502
20.567678
37.084995
19.30808
30.068914
28.019058
39.675182
35.04424
30.29613
34.234333
16.196342
25.39294
26.89727
20.958342
27.978651
28.443573
19.041391
17.036446
40.42722
