24.99976
39.899685
16.947361
34.837112
22.448078
32.705975
16.877512
16.463665
39.053535
32.030178
33.418327
18.672173
39.73673
29.82028
38.243202
26.906971
40.569378
39.840492
38.708748
38.94851
18.718956
20.018156
19.225437
17.467955
17.379879
31.909155
29.455444
19.242476
35.347767
34.001385
22.921124
40.560272
32.325005
24.898073
25.445232
38.32302
37.78992
37.557545
24.994553
25.14435
15.318569
26.713266
16.961353
18.346518
27.617226
38.35776
37.6926
25.17348
16.205362
32.746284
36.164665
25.767017
15.6830015
16.760914
17.101702
33.493656
15.822982
21.672882
36.548706
15.063562
23.347813
20.350924
20.935753
40.548714
37.182457
33.785492
25.007666
35.886036
16.218483
40.43358
24.643923
35.74232
31.18169
31.336092
39.556328
32.72118
28.064482
23.219545
32.127502
19.808384
31.765808
26.866003
40.241074
36.680313
37.075764
36.920113
31.854813
25.041468
15.948469
35.999187
21.28096
21.510294
21.12606
24.482183
31.663229
16.738733
28.608206
15.675602
34.97799
28.429356
27.205774
34.18914
22.037445
23.705
20.473843
33.3012
32.43558
26.889288
18.688448
32.854103
36.15295
20.172483
24.213062
34.791107
30.624363
24.8656
24.594948
24.832165
39.47386
23.986755
26.0382
15.982529
29.834284
38.77719
29.519373
36.578148
38.19411
24.410519
40.743298
30.394016
22.052162
33.637108
37.380768
26.976469
22.311111
35.39673
20.58649
18.807573
21.303707
28.53592
20.66472
24.16966
15.620901
30.682644
40.931812
24.650208
27.499077
23.059334
19.318863
16.112091
17.423872
17.556362
16.064444
39.651493
23.821041
30.741556
35.9664
38.575497
17.230145
18.647398
25.0935
30.753693
36.19481
18.155975
30.60167
26.832842
36.25361
23.592888
20.356392
29.750994
29.878586
22.74475
38.431816
17.747082
25.983759
30.93094
37.238846
17.63445
22.713915
26.988846
25.028666
21.491405
32.624317
21.072746
28.824635
18.119175
21.07488
31.020103
35.45484
32.627514
28.687767
19.70498
15.289072
15.3303175
15.055215
18.27685
30.528162
32.76848
15.534819
27.474052
22.450363
19.12446
15.932392
35.304695
31.88843
25.552773
19.147882
40.303795
18.392838
36.02292
21.447758
15.303994
34.030643
21.156004
23.927624
27.198133
37.576153
22.233568
34.94176
21.525608
31.96871
24.066952
25.80164
24.880291
38.34453
31.737705
36.883354
33.116467
25.693695
32.354427
28.434345
21.120127
34.250034
24.918566
21.832619
40.516552
25.09071
37.151566
20.827106
33.101128
32.10408
31.708008
38.375675
28.008799
33.47847
17.584059
33.0977
39.678642
18.171082
17.727962
20.070961
25.523542
20.435596
36.86894
35.728146
30.880919
32.418396
30.403185
33.945904
28.299046
31.077734
31.810455
26.070026
28.504484
39.236626
38.52189
19.583086
31.499636
39.449512
38.419613
28.39625
16.15548
37.544285
29.220821
22.334951
17.393084
18.195469
16.883904
26.288435
35.588436
27.690968
22.871326
32.706097
25.188726
27.173944
31.613867
34.64892
36.69415
31.073
36.842987
32.44225
24.137926
26.178036
40.592937
31.126448
36.988113
26.87571
35.62139
22.36496
18.998419
33.427677
36.757263
19.244635
34.951168
40.856323
15.25657
21.491087
17.464123
35.996895
16.631935
34.022243
38.073864
29.581598
38.618706
33.476135
15.661951
26.840303
37.950283
37.374355
26.956118
16.034208
18.437647
34.920517
34.31722
29.582909
36.482758
21.083462
21.31375
29.001976
39.6028
20.577766
36.68918
30.737288
40.801983
17.629604
30.243425
29.164
16.69995
17.003826
33.878273
31.512182
26.210487
37.66855
39.597584
37.287758
37.261604
34.68642
39.606636
21.876604
33.557774
37.447117
39.820934
36.451206
17.707375
39.193573
37.07344
24.043482
15.173184
25.944698
26.100025
32.704
35.450996
28.38041
22.986633
21.036934
20.641209
38.030037
39.177532
15.081826
29.150545
23.193172
18.372618
34.507217
15.645739
18.42232
35.682735
30.387999
35.57839
20.109667
20.265455
24.457418
37.609863
31.745676
33.329838
22.656263
32.087463
37.75506
30.877151
18.045967
20.357769
24.466093
20.835606
29.708996
20.15042
32.73218
21.35058
23.128986
30.52527
34.99986
38.907963
35.724773
29.948206
38.205395
31.696608
16.706602
26.94559
38.782574
39.157043
33.229404
18.484665
27.277002
17.01699
18.93723
28.736906
25.5878
18.280325
22.424498
30.203676
23.695375
18.614603
35.883926
24.318237
28.88438
21.373325
20.26761
33.585445
26.933792
23.09254
24.656855
26.080261
15.521563
30.717527
28.218044
23.698448
27.17905
23.043701
15.115926
31.937563
18.530905
22.896992
18.062357
25.183674
28.268963
19.43237
34.79769
25.48896
18.334082
15.595301
27.73364
26.647635
29.117739
24.269373
36.23054
23.012383
20.145632
35.92434
23.538656
39.94078
24.668362
24.682402
32.302258
26.020939
27.859726
26.63651
23.70684
16.297846
15.911
31.983007
27.844025
30.60669
37.209988
25.071941
22.675299
33.81669
25.00652
33.831894
18.0949
17.2987
21.491457
20.192219
16.023804
33.2522
40.05416
38.104008
19.210865
33.66194
19.63376
17.552254
16.473896
23.601856
28.54246
39.55505
24.482485
20.363613
26.91452
16.561813
35.866123
21.45941
35.02242
32.890923
20.42525
25.933397
19.102098
26.888277
40.529503
34.61339
21.042086
20.341698
21.406658
31.944294
31.316717
23.35221
23.957241
16.866892
21.881489
20.341665
35.97411
20.84051
37.399036
31.167274
35.202805
39.555214
31.127104
38.417023
40.547665
15.139033
32.07523
19.87609
33.910385
21.737991
18.624825
19.882772
16.64173
31.231407
22.70763
18.833557
21.39384
31.542282
25.85054
18.450378
36.279736
27.512297
33.92002
15.589234
19.678122
19.633238
29.237402
15.34775
22.765894
37.061405
26.886608
37.020336
22.917332
36.288895
22.498787
26.053137
16.478031
31.605286
31.57377
39.56689
26.10341
40.055664
21.48607
20.244455
39.84564
31.985617
16.723614
21.420639
34.479534
24.46105
39.620243
19.065634
40.177147
24.860546
16.868412
22.019224
15.572286
25.760202
36.436443
38.31156
31.500515
31.865583
28.165007
18.697264
22.256674
23.192844
30.280485
20.633139
17.081186
33.960674
23.338198
22.84581
19.768042
35.727123
26.696384
36.364075
34.781464
32.190002
26.52222
34.43183
22.074938
23.766975
18.544039
25.070917
23.925398
38.581047
39.289345
40.229214
31.52702
16.799555
34.38603
20.427925
24.833214
31.409506
31.654678
39.612885
36.19203
36.45928
36.182674
39.518337
32.689365
19.556627
36.34623
36.267612
39.795944
40.98506
19.834375
20.163593
29.90827
29.185493
27.129288
18.663033
27.680296
19.547323
28.61029
40.382057
25.661772
40.462856
22.474178
36.646484
38.690815
33.421272
30.002455
20.578842
15.732443
38.553047
30.356483
20.005192
25.411385
33.483093
29.044352
39.568253
16.356712
37.610565
28.478762
31.349379
23.65738
18.005579
17.633041
36.030464
20.22196
20.997879
24.702835
40.167866
40.64251
35.22972
15.893884
39.50392
15.281584
33.45499
40.981716
27.407711
39.733143
35.688915
26.126932
27.515127
31.552126
17.447378
26.580223
40.42948
16.204245
27.76226
38.374043
19.947252
31.556528
32.41882
24.873373
32.68966
34.91096
34.43356
25.145796
40.249268
38.57755
20.175688
40.511574
31.001822
29.289898
31.732563
25.347242
21.58704
19.385445
28.129309
22.241701
35.728096
25.604198
29.835037
33.94158
28.538044
32.603935
40.622864
19.173151
27.752481
32.846436
22.298191
18.390827
27.431189
16.378553
31.069489
28.777859
20.587597
15.213425
29.408064
25.412483
30.933363
25.511427
22.128084
23.413425
24.466408
32.56698
26.115393
36.091347
18.98425
18.726534
25.64339
24.65835
29.770508
16.794697
19.53656
39.885468
32.680954
19.229538
26.576937
23.248487
19.646502
36.48485
27.496153
24.565344
38.214043
22.226221
25.655365
16.903728
28.162073
36.829395
28.087725
27.625383
22.456524
17.563614
31.962753
28.83404
32.853275
24.16921
34.729294
37.20675
34.30734
34.15786
33.20345
28.213856
23.014631
33.095615
15.690173
31.0706
22.390953
15.372883
29.862011
18.413939
19.583578
26.522217
33.56565
32.660812
28.214575
17.013931
17.986801
19.279734
36.97086
15.641146
24.676134
17.795242
26.384575
30.100046
19.8238
40.245308
35.688374
17.17778
22.867289
32.024597
35.983685
37.07953
34.027203
17.571901
25.126099
17.857971
26.68772
27.197956
15.710506
32.652454
17.673353
33.500206
40.3296
18.501865
15.420813
24.274048
23.88294
32.86431
18.804607
23.60538
35.129734
28.658373
27.947237
19.917273
38.90704
24.634825
38.729633
31.143877
26.476076
19.194357
16.914715
22.917624
38.312897
22.386007
15.806773
19.68119
25.325636
28.752577
29.19159
40.973495
30.959103
40.933537
16.936985
29.789516
23.938467
28.492495
22.080791
26.876476
29.507359
34.305485
27.492943
16.104437
29.931656
40.027958
35.270714
33.637184
34.768776
38.652485
36.91086
33.529667
39.943333
19.975859
40.999626
28.5912
32.023457
35.913387
31.671583
17.878946
34.2582
19.029818
23.410109
19.024176
31.914883
23.400486
33.897568
24.744116
28.246214
37.972935
38.570145
30.355152
39.020733
26.968332
18.292208
28.878466
40.96587
23.543724
39.137386
30.417185
19.70162
35.930267
40.648163
30.884392
29.783804
37.56922
34.14319
29.87432
25.329351
26.386662
33.651234
28.494438
28.362127
15.279407
16.872932
23.313965
35.496284
38.12899
32.2063
40.234802
29.865162
17.21692
36.31923
40.05377
28.307302
16.783766
37.011932
37.760323
21.737074
39.65622
40.18459
34.20201
37.35602
23.360378
31.610224
39.65006
38.902008
40.946167
33.910057
26.01063
39.48673
15.866972
24.638405
27.952494
30.738256
15.690162
40.70643
29.059864
17.943682
26.158346
21.508793
31.269436
19.678059
33.177845
30.064598
32.313675
32.009277
27.679983
18.243664
22.667685
21.784548
32.982468
40.721573
26.584932
26.732693
18.272259
38.691574
15.207509
38.15745
35.137955
28.558765
19.449442
32.850525
16.69889
34.851738
16.377014
16.519089
24.809757
16.409079
15.147916
35.50103
16.063704
22.532982
29.221453
26.83221
25.873535
37.24938
20.514906
18.833479
21.779743
25.073864
34.456554
17.301294
26.31574
18.754894
40.47377
24.114239
22.254847
28.35051
24.354906
31.608784
22.870165
23.692137
33.13675
39.431114
32.95768
26.798735
35.694485
32.737915
16.804502
19.126863
35.049225
39.597504
23.02835
38.677002
31.558384
19.233637
33.27101
17.923674
23.617168
33.357986
34.097626
27.296799
34.274788
34.25318
35.135323
38.513805
26.256908
33.49681
27.478846
35.44698
34.286274
38.25792
24.697454
37.407654
30.306246
27.950933
16.396555
40.738644
38.237507
38.69797
35.219097
27.428648
34.235973
36.529137
32.415974
34.097076
28.07037
18.541195
32.671257
29.144949
15.200887
32.338776
27.7373
24.127419
25.415596
17.998089
40.616276
29.475637
36.46933
33.521732
29.518986
40.58047
20.069996
28.2942
27.638323
23.94786
22.77033
27.401148
36.89395
34.645348
21.848293
38.84156
39.236404
17.581583
38.097427
19.640457
15.842916
22.295431
33.59867
39.660732
22.593983
21.878422
35.008198
39.51635
15.58879
17.414267
35.671078
21.405035
21.139206
39.8912
26.9586
16.907156
20.676296
35.9279
26.627346
21.838516
18.309881
37.850746
29.711134
25.09827
17.400799
16.670261
15.482196
40.119205
16.437218
38.32649
34.355965
38.006138
31.750456
31.208149
23.264196
36.73922
33.16239
34.397453
20.98398
20.92239
32.525738
17.35235
28.185722
35.473328
16.300024
28.810179
28.550907
36.37969
15.800367
19.5815
29.210989
38.187458
22.562618
40.60014
16.971535
27.240816
21.38777
28.10522
19.311218
15.858784
24.060015
32.153248
17.983091
37.612637
20.477062
22.793093
30.196001
37.658905
38.987946
28.183937
37.81686
26.686403
36.10267
28.696049
26.809925
34.451706
15.4197235
28.606497
39.21707
23.106035
32.61161
22.386728
34.383507
25.557453
21.61516
25.776102
24.846165
21.965929
26.79256
28.845366
29.327532
32.134678
28.760735
27.076189
16.615442
21.03983
21.830664
27.117775
15.75982
25.031435
34.555126
16.328695
17.980232
27.34234
21.752264
17.471992
39.95351
27.457478
34.554134
28.003742
26.738556
27.624655
26.52354
37.280132
31.49591
31.328909
30.68904
20.70531
16.37243
26.906038
18.467152
23.352037
16.446993
16.636904
38.87254
22.909492
18.470812
31.642653
35.160915
22.94726
32.28657
31.692009
38.106213
16.431864
29.273273
16.635258
40.482616
40.19196
16.939241
38.59565
18.003687
17.60053
15.873487
25.27738
39.96502
33.127262
28.666153
40.79035
28.143465
16.611454
18.121536
39.245487
35.12507
37.115673
16.112652
28.040257
35.165577
40.04257
36.76416
40.23275
15.931457
32.83205
28.30087
34.693516
24.026035
36.00328
28.86196
16.827951
15.07451
15.565758
18.85634
15.5780945
32.323193
15.895911
26.022665
40.14107
20.202536
27.060547
17.257654
30.382566
21.110083
35.265625
33.489487
18.277176
40.78866
21.618685
16.39828
37.873455
38.10676
18.71545
24.623634
20.260109
34.792194
16.695974
24.249567
37.80067
17.726742
38.36289
39.82008
38.507587
30.778664
22.714134
31.914001
30.84266
24.831596
23.814753
15.395587
15.4592495
33.66247
33.31719
20.857801
27.442741
39.62774
20.13671
40.488106
30.459206
36.736343
25.798363
34.611874
30.888271
25.619507
36.794186
30.506584
29.494696
27.15155
31.924086
34.730225
30.484167
15.032572
19.041115
22.170256
20.892365
34.51302
33.88164
21.294907
21.172335
30.621744
37.73313
39.676456
28.573744
18.753359
18.57706
20.756483
20.4486
33.277252
20.041769
22.03606
36.971523
23.949892
36.009754
18.399174
33.92869
39.343533
40.04623
22.115574
38.20811
17.248734
35.950542
23.219675
31.414803
38.064613
36.67926
36.42495
38.638126
34.559994
17.649548
17.50874
27.814371
22.070152
17.003725
27.190203
18.356329
39.18815
19.800585
17.924587
31.762556
34.316177
15.296447
28.749872
25.772543
24.061686
30.488564
39.34719
21.30003
37.394596
20.915833
28.8144
23.85521
36.72601
33.346508
19.3025
34.457634
15.625576
16.429895
23.62749
21.145033
20.763748
22.648716
27.245703
27.099443
24.846773
39.981205
28.568493
39.14036
23.806488
34.566635
23.492529
40.875835
15.313563
36.365345
40.234924
20.155815
28.801989
40.314037
25.0877
34.638092
39.624283
21.79943
30.544106
20.255764
23.70096
21.40804
34.39957
39.1661
34.08455
27.857256
33.893074
24.364174
21.227459
33.7725
28.730038
27.56077
32.42475
24.54762
30.915752
27.152426
32.896965
21.910418
29.728762
18.15264
39.284733
29.012419
40.876488
15.806642
33.9462
34.87186
17.90078
23.2783
19.379745
40.821037
35.239
17.276087
40.338753
20.243969
35.99655
35.776184
22.761772
23.337622
19.4498
15.104227
35.510574
16.88963
25.573528
17.553267
31.09021
27.137796
38.475174
15.44398
37.01939
39.661373
39.51829
17.074259
26.326036
37.951374
24.130735
28.358728
27.762133
21.817038
23.818312
29.124846
35.763504
22.107634
32.742664
23.01068
28.924408
31.363806
32.37242
22.700537
17.8134
24.959715
24.179668
25.83809
26.32608
22.057114
29.129036
23.37268
31.451988
28.26472
29.79474
17.32298
40.327053
24.28105
24.341196
38.98324
20.749622
32.99605
29.315752
17.45083
37.95727
23.536793
24.227503
40.019825
34.393173
34.56456
33.223984
28.463871
16.435055
28.765625
33.827988
30.522625
16.616268
31.92509
15.659605
30.009527
21.73778
33.233112
21.343992
17.87474
28.451431
36.544933
25.393234
20.28554
28.388996
19.201015
18.751137
34.327507
22.718204
27.710814
28.90256
25.283377
29.126041
34.113453
19.974398
31.612373
18.661264
15.150908
34.093147
30.731464
39.612213
34.52395
20.414392
22.490871
20.652655
38.44852
35.702477
31.839802
15.857542
32.48985
28.113932
17.59428
19.872147
17.223919
31.92626
38.447556
26.512276
19.660732
39.353878
40.40452
34.37982
22.560942
30.306118
35.67513
40.697075
34.78735
29.967396
15.7278185
19.49492
38.654903
19.417671
36.68236
24.534039
18.877653
20.16165
35.512794
32.895054
32.158398
19.398096
32.634327
32.042576
18.726477
17.136003
30.364399
31.349764
35.2015
18.85225
15.476353
34.564228
32.045452
36.2858
39.605385
34.502605
32.56303
28.17636
21.61981
19.380478
15.919696
18.280771
17.236807
19.615705
21.969309
17.838415
21.140228
36.68761
40.817844
37.80714
15.649147
35.690933
24.997105
36.65426
29.589298
36.59269
32.881992
36.262478
35.435585
17.881714
40.55722
31.598488
20.022333
20.29473
35.72411
33.192417
32.159035
37.60956
17.43536
15.189185
25.342749
22.115086
31.455482
35.75818
31.42446
40.29935
32.866802
36.98559
21.56511
17.54118
31.175753
16.024132
24.10806
27.147503
38.62143
20.23774
21.098337
40.947575
33.64811
20.35428
22.094868
31.836979
24.57574
25.227125
31.650608
23.158474
29.387209
39.706886
37.37634
29.61329
26.248316
25.337496
36.857517
35.51574
25.886374
30.116182
39.8595
26.635534
33.27537
30.39479
31.235085
21.616444
24.210629
37.150307
33.739185
38.016487
18.302942
20.315311
18.559132
28.38404
39.682156
20.634485
34.784954
33.46587
26.272234
16.60119
19.272635
30.63723
31.884716
22.428534
23.394262
39.95082
36.574753
27.7222
35.022583
35.820553
31.713589
26.547754
32.763405
25.287643
19.053719
26.922985
28.927908
18.060808
31.69763
37.416264
18.027826
25.078876
39.328384
23.494772
38.680077
17.21331
18.319975
24.541847
16.72337
19.909788
15.417765
35.05061
26.07787
17.062107
37.563953
38.401363
25.41999
38.21832
34.140392
34.84323
35.097927
29.338171
35.4108
28.825808
37.879528
30.752535
36.266624
32.66456
15.102643
36.719658
27.515713
21.674042
20.58909
31.029707
25.90006
38.365944
24.286917
26.47827
40.78879
16.084312
24.021597
30.710993
16.064686
27.538221
26.965397
40.935825
30.10748
37.092575
36.475082
19.305868
20.974232
35.390564
38.801716
21.395033
31.887024
30.9067
25.84227
20.120306
21.960361
17.367304
28.581308
34.708607
16.735518
24.625626
23.162024
38.862816
22.536242
31.541708
31.629383
22.150736
27.920122
16.692533
30.304222
29.822361
28.572035
30.325788
26.475578
36.754974
28.870995
32.87108
34.639606
17.032251
30.058903
37.535225
16.866909
17.782648
33.449497
35.033756
30.046185
20.334059
15.438074
37.34846
39.73052
29.485792
33.207268
26.551476
28.103752
40.755615
29.971537
26.199
34.187836
25.828724
22.362663
28.573383
23.828066
28.117157
36.130913
35.14002
33.221687
29.332289
37.72122
23.986004
16.796278
20.279701
16.481089
40.72032
28.097923
32.704857
33.266594
24.340776
39.01515
25.949665
38.03517
26.910713
32.143116
30.42411
39.648655
31.539032
17.383621
35.453846
29.557293
25.119839
18.979904
21.933712
25.295177
36.563473
33.101337
30.398802
17.789879
17.83858
40.821552
16.618904
26.373787
22.04523
38.87461
25.628668
15.081905
39.95204
32.927265
25.225094
27.33069
19.955564
25.27148
27.39553
31.394718
38.25821
38.819824
28.8835
16.232737
22.211239
22.07734
32.156364
40.16199
18.232338
37.36713
27.40791
21.639381
16.482668
29.002756
40.910633
19.980352
25.576109
15.329199
15.026626
22.231142
35.993896
28.595045
18.492588
18.607286
36.590675
25.472168
24.213657
16.921068
40.603428
32.7051
19.732365
36.242825
19.912588
28.850876
20.783203
29.67581
24.955048
16.361115
34.89988
25.57162
22.651724
28.3616
37.91152
37.772842
27.987604
15.400717
23.345669
26.541986
36.47024
19.166485
33.2502
26.720423
36.592903
20.713093
38.75265
18.358387
29.641634
16.09124
25.79497
17.566805
16.710707
36.44265
17.912943
39.664036
17.628975
34.59767
35.67403
22.825323
25.64995
26.005802
33.443745
16.39009
25.221348
38.432606
32.52
23.741873
27.925201
22.27241
23.356384
17.248066
33.767605
29.554749
26.589563
16.131353
31.39745
34.76348
18.892557
25.34196
39.546467
20.4411
27.29485
22.50966
23.008278
17.216656
26.541876
36.876724
17.812016
25.374397
16.310627
26.747755
21.896479
35.371037
26.654709
30.439606
35.553703
31.813251
36.921345
27.974405
28.186178
27.322968
37.56446
32.830902
34.509865
23.446444
39.772133
26.954138
16.235537
37.304295
18.633293
19.920757
34.473866
29.033016
15.687775
24.666971
23.635082
16.234648
16.135366
21.50849
31.431883
21.629683
16.723738
15.3165045
29.744728
30.899376
26.391684
25.661058
15.57144
19.30713
37.113335
40.4929
26.058567
40.10461
19.070574
38.507217
20.69971
16.956781
18.275057
39.717346
37.186485
40.6611
24.067892
37.963917
19.110695
35.289555
40.544144
19.094542
39.741627
40.548317
35.880985
34.371525
28.440296
33.62823
16.792473
26.299788
18.92287
25.110447
15.8905115
15.514426
23.548386
37.594944
29.600807
24.627226
19.081242
36.63578
19.464132
28.003534
32.966885
33.295372
16.147474
25.325808
25.059444
26.171108
39.2962
29.497349
25.952993
18.101212
33.47755
37.949528
37.59352
26.922644
20.897436
36.738037
34.686535
32.63247
29.316576
28.948519
36.565678
35.095078
18.648733
34.879158
26.65055
31.041143
26.092918
33.227554
26.39741
30.52029
25.333063
30.08158
36.734207
25.197866
20.332794
23.898502
26.37193
29.927307
28.559635
35.854137
35.097004
34.88306
24.092037
35.953335
31.174963
20.20505
21.99431
24.115606
27.333445
32.584183
31.588686
32.084217
25.443018
15.509442
17.810349
34.45456
31.977158
26.00058
38.700424
19.377247
38.608154
20.56645
35.27357
17.563652
28.88357
37.857594
15.490953
22.106451
24.82831
27.022596
20.875975
35.324917
30.530176
35.13139
24.429375
16.354511
35.292282
20.19453
25.931862
16.522608
18.773478
22.286154
33.466606
16.686874
38.688396
32.069206
38.050587
15.660199
16.101643
25.625137
19.632921
17.605753
26.125925
22.906223
39.399906
30.858038
20.921972
40.3572
29.320686
19.010603
29.29834
30.293934
39.17409
29.308273
36.92219
18.48034
23.916317
33.391624
25.177446
17.010798
16.180777
29.26358
17.044682
34.083805
21.945562
30.982868
19.027454
25.543652
25.960665
16.036282
17.112682
15.170377
15.396134
19.60149
32.028076
31.614359
31.354122
21.984385
28.647524
23.600302
28.381784
20.399729
38.295677
39.56647
35.92874
30.961136
32.91597
17.258547
16.811872
19.256168
32.591564
32.96342
40.181927
24.204628
18.746733
37.046852
16.230486
32.03284
26.506487
24.24984
22.932566
23.144049
25.155201
25.802174
15.489172
38.424744
37.410366
37.82753
26.815851
17.099094
16.315466
26.743107
28.41737
39.62831
36.956387
23.397703
17.295319
34.349155
26.918697
33.545788
36.154564
33.555443
40.428425
40.920967
23.10614
23.548803
34.456944
18.650911
25.308254
19.819592
30.720959
25.046732
32.54379
24.966166
35.471394
22.903362
15.601794
23.220554
15.240481
29.363487
36.51207
25.52072
29.304186
40.126072
29.176159
26.954441
26.517467
37.3216
17.744625
16.097107
35.39283
34.729618
38.2097
25.275446
39.81799
19.180147
30.113977
22.111504
16.64628
20.95918
38.01998
21.835964
21.54403
36.82934
24.442131
40.807114
29.941734
34.880375
35.311676
40.431606
16.711546
22.840178
19.72685
33.25535
21.281235
18.705532
33.73472
39.377693
34.295357
36.592754
29.197638
21.53928
15.64712
33.562004
27.416645
17.243773
15.729922
38.83494
15.115478
36.09586
28.095379
27.304054
19.63326
32.172745
22.355053
26.522875
22.730436
28.69358
17.126
28.469883
38.28167
19.51112
30.09564
24.29491
26.311148
29.022005
25.869339
31.98535
22.319744
26.977032
26.164461
33.430515
40.660267
23.369856
39.127617
18.715977
31.836065
37.092495
17.077106
19.645758
18.02994
28.36813
26.81056
37.46877
18.914455
35.106544
31.768106
27.576862
18.851374
33.27485
26.804276
24.545433
40.95709
25.135744
28.097322
22.303474
33.192547
36.778023
22.812416
30.448551
36.63032
15.748693
33.53566
26.763134
32.358128
20.793318
29.2087
21.842266
33.097218
28.721062
25.319149
38.40856
30.545683
22.233076
21.439848
19.369045
21.70094
35.187702
23.860498
20.959307
20.9722
28.223196
33.017982
38.42409
19.762949
15.918445
21.707134
39.599297
21.385038
24.744453
18.641596
34.488964
36.660187
36.944084
26.834818
16.471899
28.37131
15.174828
25.484083
35.12594
32.845203
30.259176
37.565903
19.824026
24.379808
39.709377
25.188978
23.234732
18.97338
15.82816
32.90129
30.650824
31.869522
25.134264
39.610886
26.673094
32.80125
25.621393
16.55512
35.19257
33.49878
28.931444
29.84123
17.842865
24.02
36.90766
29.481316
24.135288
25.769127
18.190619
38.55783
39.343044
21.68823
20.529703
26.18099
31.866655
38.037975
20.305006
16.23742
16.291441
29.427994
34.389362
36.579807
17.63878
33.314064
32.927475
16.270105
22.416462
36.04823
38.868866
27.764347
20.989408
29.749865
23.163633
20.51491
31.520613
15.75961
27.414825
30.366554
16.273096
34.244907
40.47839
15.335383
38.417255
32.644894
32.011547
34.885296
15.653942
36.07415
32.292618
34.654392
35.942192
24.548822
37.77015
27.73415
40.411438
28.955433
23.746408
23.067146
17.141672
18.051643
29.36012
23.304415
28.91097
36.470085
29.605545
28.551485
22.238297
24.69031
34.509823
32.83247
16.09058
18.250732
34.787697
18.814556
22.476498
19.091423
36.302547
21.360514
15.815504
34.850388
22.484945
25.81488
37.449055
16.179989
22.494637
40.579727
31.952087
15.706888
35.359188
29.498898
31.006275
37.12802
30.5823
29.844973
32.512608
15.116699
27.786976
38.291073
21.349373
20.207117
27.843624
32.150063
39.722603
27.632223
27.630335
24.376572
15.409612
25.208961
18.082369
18.35263
27.362219
26.796597
40.510193
28.315638
34.114777
20.597961
19.300117
27.437744
25.233196
39.6301
20.058884
26.028664
33.644547
31.059937
31.023317
37.109238
31.103014
23.782196
26.128378
15.691076
28.276302
25.611025
38.511814
25.497889
38.97777
22.763296
23.430742
34.577065
24.922974
24.930824
29.575397
15.275469
31.055368
15.17029
27.587421
30.391222
35.964447
29.083832
32.22495
27.96375
21.210545
24.319923
38.063892
38.127167
27.474127
23.29326
31.884743
38.72751
36.36335
21.204062
35.96627
27.992207
30.442198
39.931282
23.39249
28.440598
32.582577
18.18093
19.176378
18.437103
25.097143
27.389767
17.513617
28.314182
35.275784
29.316362
27.80194
40.829998
20.92711
36.995567
36.196438
32.876125
19.317371
21.789152
15.418339
16.81357
33.50266
23.634447
33.294704
27.590675
39.46639
15.274544
26.078602
31.884487
29.702457
18.24765
21.984146
19.907444
35.925537
24.719933
25.568121
39.2342
23.443506
32.86525
20.599512
21.028784
20.392975
16.426857
15.880699
36.390156
16.517431
27.34029
33.11874
36.184616
28.458508
27.8533
28.39245
21.696493
31.63443
39.447784
27.020771
23.703753
36.695675
36.050415
39.710167
32.17328
23.276415
40.512665
33.743572
23.67079
23.301332
24.147707
16.670656
24.79333
30.460913
21.23071
35.468956
39.457657
19.634285
25.800724
17.467678
19.715725
32.01732
38.846527
36.46075
15.918842
32.504524
38.01535
22.382969
20.515024
37.477013
15.352668
21.68284
30.539371
35.564632
37.262753
32.09798
38.945286
17.178967
18.873917
31.92373
40.324635
26.654957
28.299017
16.06287
38.27795
35.692318
24.900812
19.154104
15.721071
24.454021
35.603592
27.899279
31.752596
23.15757
32.53648
36.34398
25.356808
40.285862
31.850533
31.313519
33.179733
29.64791
39.420856
22.466036
23.891317
15.435734
38.326675
26.49668
31.234587
20.152227
35.4963
35.911663
37.76313
32.825844
40.710747
33.48823
35.481003
16.281425
26.27873
28.04627
20.124697
26.402597
20.127531
15.479712
40.66453
19.299522
24.798311
23.13046
30.75343
38.086987
15.891087
39.53502
22.313702
39.58118
35.873753
17.3336
25.228025
24.639622
38.85114
16.703897
31.188631
18.09716
36.88429
34.06637
26.159082
17.292017
24.756678
34.005196
18.615953
30.029324
17.703405
25.358839
25.763119
39.495678
23.55082
35.256393
19.249178
23.11668
18.958376
17.510635
15.569045
26.640522
21.011023
32.22605
24.293518
39.8341
36.27965
21.739773
25.546114
24.094261
17.648693
32.08568
28.73427
33.00522
28.704195
17.056702
35.442482
36.414234
34.282246
17.637583
40.60778
28.951128
15.8968115
33.090137
17.623363
25.08331
32.19771
37.29533
28.854092
20.776358
21.35351
29.091242
39.197926
38.621384
28.310894
26.293278
26.790312
20.893785
15.251019
25.842693
19.72389
23.424074
16.24523
27.101841
16.743765
32.389996
17.106447
17.699253
21.279015
40.180115
38.739307
27.52498
33.884003
17.332623
30.91122
30.486338
30.1884
31.219074
35.298187
19.456512
23.792744
24.621325
37.903294
21.483206
16.196795
32.640938
31.502554
29.771805
34.810753
22.483852
18.641754
26.21729
21.374866
15.579088
20.889774
37.331394
32.7008
27.218845
34.547844
27.296259
37.548576
29.448292
40.82091
34.57312
35.665707
34.2869
15.576473
15.004343
35.540665
26.529226
40.247746
30.669308
26.260544
18.351446
25.18231
39.889534
22.01335
27.741121
27.79393
33.72559
39.238083
15.371031
38.244453
38.068165
32.201275
21.954063
33.064236
29.997911
24.866514
20.34455
16.113813
22.473469
25.323786
37.692547
18.596054
36.604282
29.758537
38.811005
29.447237
17.774675
19.965567
26.581823
16.367157
24.707844
21.750849
38.705322
29.992413
33.193203
33.214767
36.38859
15.273789
36.647827
17.873116
23.671831
22.98767
35.942482
17.847595
40.007645
16.493172
20.994925
36.94549
39.43694
20.340706
24.518053
24.348509
15.245958
30.144457
34.00767
28.843735
35.342564
19.250278
21.564375
15.055021
18.75588
27.162212
32.466408
16.970984
29.641922
23.434998
20.545044
38.216225
29.968878
22.796495
23.361341
20.975266
19.65917
26.633202
30.942877
20.25405
23.381496
32.653564
16.411318
35.2518
20.414536
40.53803
35.216488
27.016365
32.04503
38.691322
37.889824
33.269142
23.816446
21.831722
15.239881
31.31095
23.6105
31.083519
28.734829
26.258257
15.022239
27.48326
30.451647
24.509415
40.7805
16.366781
28.418972
29.303558
33.069016
23.973324
24.440321
16.510136
24.51945
18.784578
38.556717
28.374989
35.376205
30.61073
31.192444
20.849249
18.873837
30.242111
32.724987
22.340216
34.221382
35.604324
28.729927
24.2488
32.75402
26.786242
39.473873
38.49597
17.790915
40.054462
20.363241
24.391062
36.529125
20.024517
24.003967
26.657642
32.90703
19.528082
20.287031
18.208132
31.786633
40.397327
28.48688
37.346123
33.032784
15.381459
16.744682
37.47584
35.108173
33.717285
23.505512
30.111053
37.656612
28.494736
18.488434
23.001064
31.213148
22.889883
21.590641
16.52945
37.657894
18.582212
36.76159
37.191433
35.321705
35.229465
22.330381
26.91881
23.755198
32.742542
17.529352
21.29662
21.088621
30.28464
15.029086
20.30378
27.638731
25.412836
31.184933
26.110132
22.95968
17.587105
37.392242
19.6754
19.888544
30.390759
19.457397
31.420792
26.30211
40.23804
35.21394
33.082035
35.280052
26.088705
17.74787
36.002865
19.160614
18.74606
28.543453
29.591013
18.57849
37.68407
35.62065
40.434
39.990574
28.030825
30.30753
37.660076
34.42376
38.32971
32.675808
19.529924
36.22
27.006365
27.864916
23.957663
35.40736
24.088625
17.529776
39.685104
30.991787
16.658176
32.469692
23.171116
26.942856
19.757008
18.130583
32.908264
35.93779
23.028158
26.120003
33.841873
18.031479
39.239582
16.134205
19.841993
38.33637
36.02144
31.768707
33.76668
37.52448
30.641422
22.568663
20.555363
33.504906
15.449181
19.372536
33.003933
33.983692
24.740255
36.512386
16.398716
27.778845
30.221388
16.756319
37.02415
29.741974
36.003315
25.01343
20.709637
21.928873
31.10382
20.768826
33.043705
22.265001
25.812815
16.976093
36.659184
17.367764
37.953056
38.70681
15.080836
16.416042
36.064095
20.241514
25.027437
15.998447
20.843744
24.483782
17.773003
31.725233
35.80053
23.588793
37.19744
17.054897
35.002155
26.52013
31.494661
39.264946
18.049229
39.883205
25.15659
20.787357
31.960064
38.831078
15.814526
23.23278
32.521603
23.098087
16.794504
29.343504
23.84302
15.289111
26.831358
30.84378
28.342867
18.436916
25.286507
15.697087
36.207092
19.537388
38.42737
28.6334
37.47454
27.2822
29.851725
19.975628
19.338133
21.530716
31.978268
39.772808
39.993996
37.197697
33.674862
19.03872
24.427633
28.180668
25.559072
29.49808
28.895123
23.710543
29.280773
27.658495
21.539219
20.081367
32.18467
26.254847
18.574177
23.099848
20.15082
38.153847
16.779867
30.792532
21.124258
36.65996
33.66488
17.918335
19.870136
35.829937
40.58989
35.656338
40.828697
20.881737
17.386812
33.473557
34.594833
22.074558
27.565765
25.62465
18.509817
19.540335
21.071182
17.995287
15.128202
35.46292
30.729856
24.073195
31.910803
35.72985
29.028023
21.715618
31.39501
37.72245
23.661095
19.079237
35.30665
36.26368
27.418877
26.588346
18.602903
31.909088
32.400696
24.139317
30.273794
26.74469
22.29905
32.87421
36.88003
32.646748
19.54696
18.803606
40.267986
31.561798
30.49347
27.318512
16.677914
34.781403
15.453204
21.203468
34.549423
24.41451
21.470232
36.14774
22.728634
29.301449
35.942936
30.948755
31.494268
17.466963
28.87589
30.611696
21.84542
17.875834
34.456276
29.371431
19.831549
29.733047
32.89655
31.297739
18.355663
35.86156
39.041737
22.592052
18.844572
25.794182
27.10882
35.94367
23.455452
18.132118
33.10738
15.385711
33.075848
26.451279
39.984722
25.975836
33.274677
24.57838
29.345459
18.323956
27.574623
27.412487
17.71456
27.499043
40.941765
22.633572
38.74457
15.169296
30.2261
18.618256
27.511875
26.964775
36.43712
16.673834
33.1034
31.998814
32.20135
39.305298
25.064491
16.244347
32.524303
20.645967
31.9601
40.03348
40.067043
28.410997
22.295769
32.333515
31.548061
26.773901
35.35141
28.64972
15.594013
16.41985
16.100075
37.415134
36.388214
25.695478
24.315527
19.549765
17.803759
15.253456
33.216583
37.506382
33.358494
35.88108
23.552824
33.567425
36.291893
35.305687
28.905422
38.417175
37.339413
28.685688
19.15846
28.085775
25.367662
15.224528
33.59027
16.246279
35.93418
31.885923
24.840965
37.54333
31.04854
28.542208
38.131435
34.141705
39.936752
25.053646
24.540825
28.00531
23.449018
19.75514
24.893482
19.551962
37.901096
26.617645
19.86319
23.276516
15.602589
18.955278
38.271496
22.694715
23.100698
24.965014
27.238691
26.532394
16.256046
22.614397
38.840023
15.469394
33.6674
36.433765
32.22651
21.94486
20.67513
34.622917
19.788729
38.540356
23.198608
33.548237
18.87368
35.279423
16.000574
40.184784
38.808907
28.81713
35.62198
39.34885
16.54477
30.940203
36.193653
29.670017
33.094814
18.058336
20.606562
40.16781
35.135925
27.439362
22.110252
40.02644
19.623962
21.825796
36.30957
25.70228
26.087395
39.76757
28.742544
31.85217
15.380384
36.515453
32.747746
29.736599
39.108585
35.642002
28.167341
24.730484
32.68498
22.691614
27.58243
25.36512
23.02969
21.10848
19.24015
35.92851
17.296955
19.451122
36.60741
29.067213
25.693958
39.474297
17.57405
24.061426
19.450457
21.04398
37.72856
20.486008
20.30471
30.04829
25.842402
19.823648
36.490444
33.477016
19.724388
19.26244
22.141094
19.664736
38.944458
34.388607
38.271873
33.32714
17.576515
16.77614
22.056694
34.467613
15.073002
18.578661
16.986238
25.490751
16.65917
39.144768
23.675034
35.93181
36.22296
22.406725
39.579556
39.095882
30.576756
26.333307
35.696045
35.597813
30.180182
35.091145
27.425827
37.303616
39.938545
24.724937
33.227566
29.496502
18.529322
32.145424
34.42008
35.22533
31.859575
27.004986
38.555904
23.740526
15.720008
34.64432
33.155
24.682394
22.476805
21.709578
36.26958
39.258892
36.730255
18.267925
19.34526
39.03478
29.26958
15.2905035
16.150253
16.151289
27.366259
36.22522
29.163597
21.80524
18.47351
30.047895
27.74495
38.63876
31.737585
16.65875
34.65268
27.325588
15.376747
35.78226
33.0336
34.087193
33.94686
27.631918
26.876846
40.131603
25.787823
39.517433
26.106
30.080309
35.53297
15.300482
30.977793
32.333168
21.464018
18.14602
37.262222
32.018616
26.706896
29.369835
37.798225
26.68622
40.78939
35.348885
35.45054
20.220924
35.91918
32.439598
25.237597
17.592989
20.491482
32.640247
35.456966
26.005022
32.79816
34.337105
15.003929
24.757193
20.685802
38.88997
20.760427
18.723991
37.997944
25.04136
38.925854
40.720676
30.037113
15.174532
27.467632
18.234818
19.995283
18.298994
25.48886
30.008091
26.326612
40.308376
39.241745
21.775785
23.374342
30.533794
39.759876
40.10617
38.214058
40.907043
25.638878
16.729261
17.638428
34.151398
16.364208
23.00415
38.483906
18.333778
20.766489
19.24642
28.0878
34.840675
29.678894
38.52193
25.564503
15.381092
15.677733
33.210457
24.802534
38.973385
19.906582
35.152504
32.609447
34.038887
16.415855
38.51487
40.2696
21.703646
32.193947
22.645226
17.930096
18.2007
28.122646
20.133379
30.693129
38.868816
30.45871
27.056505
39.068382
21.659588
18.125072
29.958023
16.526989
34.29333
18.089378
31.494461
27.298925
38.24528
21.4141
19.882002
30.26871
18.597021
34.181686
34.284096
19.849514
17.454124
38.429802
23.103846
30.053823
28.109564
16.475874
24.779593
23.629076
23.42336
31.5668
19.12945
22.089678
32.99253
22.658808
21.550236
16.75211
33.601368
21.3141
20.448559
17.467796
22.170654
34.195057
38.166584
28.648731
23.965351
29.443405
15.362239
27.393837
31.17388
29.350939
30.313402
38.049313
32.138115
39.159935
31.937918
21.374216
15.491712
30.575647
40.455944
32.63285
26.255411
18.629843
22.56856
39.39846
24.541481
19.903473
34.78615
34.628082
37.935486
34.798283
29.112518
31.656351
19.85205
38.54121
25.675304
33.156406
36.20235
22.912174
29.090645
19.828917
39.56454
39.304832
39.359734
30.605719
39.714355
31.661768
39.917206
36.49234
39.851643
29.069427
15.086082
26.82417
35.14961
28.35502
24.641182
33.67385
24.35705
30.896547
40.44278
31.42294
30.099854
19.038887
33.174503
36.098656
39.256634
26.00295
34.10419
18.977085
29.324284
22.981564
31.48379
15.166948
34.042835
16.234875
21.714062
34.413517
15.714948
19.429768
21.722143
32.200134
36.633938
16.211824
25.134819
38.37518
23.825235
17.055092
22.777575
35.995228
31.909678
24.804008
21.789274
24.850485
36.313057
39.003513
33.214626
32.22658
31.274868
32.107452
21.321276
39.857063
38.15024
30.962122
27.085722
22.733936
21.35248
20.580833
27.30193
22.468906
23.949747
18.157103
39.588863
29.235916
32.407856
29.50815
22.207882
19.975956
20.262224
37.697083
16.048174
28.507977
27.605515
20.451239
16.398281
35.465195
35.193497
29.175848
40.19389
22.563902
22.70021
15.856235
26.316946
20.612316
36.19454
28.948551
30.218359
31.879911
20.263718
27.478014
35.646324
38.97302
37.375492
31.995419
25.5846
40.200417
25.048964
25.786697
25.63979
33.563004
20.19531
35.78706
36.06398
29.964523
23.593056
26.020283
37.358852
17.01574
15.878535
33.06543
16.979595
19.892307
25.660753
35.04743
27.041832
27.10702
34.410862
38.954475
21.13188
22.769947
37.629955
25.70452
36.330574
28.935438
25.464956
36.314594
38.38306
29.972784
26.420786
33.771004
35.581753
29.54779
37.10817
15.754905
28.37695
31.765345
17.069788
37.247116
26.989317
27.298489
16.643639
33.217426
34.370716
36.917404
31.550858
38.098034
38.744694
22.73205
30.436409
32.54721
38.655117
35.675167
24.944418
19.128517
37.961243
38.277706
22.076077
18.962519
32.53983
38.626595
33.55644
27.152098
30.589558
22.545242
28.727552
31.839058
26.380384
18.499971
28.088825
16.118916
25.050188
15.511044
40.021507
21.722385
17.623295
30.434752
37.462803
26.366196
36.81032
21.383516
16.33603
28.982527
19.345942
38.76378
23.396774
34.655506
31.63101
30.436855
17.821104
28.024849
24.267761
24.845888
32.340267
38.1608
23.711466
39.602272
38.01744
29.4713
19.709324
20.988024
39.86555
32.07132
31.45704
32.105736
26.421227
25.226013
19.47584
33.99586
27.118423
40.973457
16.097418
38.941273
18.84636
17.839405
33.14166
36.39206
29.42978
32.675587
38.881573
21.468904
40.93574
18.084778
29.712358
27.841158
33.689503
17.639954
21.076096
22.9263
28.673166
31.161514
37.140938
19.820213
23.58426
19.685698
31.493416
29.143156
16.2474
32.43893
31.674702
37.074223
36.300747
26.127037
30.77649
25.24742
16.11997
18.15482
31.509398
27.895407
22.795925
32.010708
36.166527
39.652386
36.64828
40.982796
35.727177
23.765387
38.23588
39.61671
38.98032
25.11375
39.11557
16.882456
27.994913
37.39936
21.7048
36.886414
27.523695
31.145658
32.519295
32.146446
36.999477
26.731314
16.785633
36.94209
32.66774
36.58484
16.969503
40.058495
18.0965
24.879328
27.11407
33.36196
15.814271
39.591858
39.04875
27.076468
29.149199
22.630053
33.507305
18.374796
23.477144
20.878584
30.985134
18.954506
36.033844
28.481417
29.769201
35.638084
25.206001
26.450888
21.989985
31.718313
15.788399
35.782616
18.773426
37.763966
28.078966
24.655703
16.611816
26.907667
17.880915
23.010466
20.926092
27.256824
27.49088
30.82143
37.45805
15.000185
32.574245
15.7211485
23.609465
30.02676
36.463615
37.280804
30.13612
15.430449
15.863628
37.216473
40.708336
29.142868
26.205088
21.065285
36.76548
30.118507
36.96371
15.463636
15.820585
18.990488
33.143433
22.059982
36.912117
37.921856
26.821583
32.307613
37.25351
34.49643
18.163002
30.908257
31.297092
23.92494
16.632347
33.515194
39.407494
16.58626
32.268703
30.454985
40.13072
37.980232
19.83385
22.689777
17.648544
31.537699
27.405233
21.017607
32.423878
23.414978
17.557083
26.595913
22.271322
16.394215
35.657776
22.273968
17.128105
21.31763
20.008833
35.932728
35.654144
23.10284
16.560762
25.056072
39.455944
36.31809
26.763145
28.095257
25.2076
16.540316
30.741188
28.83877
40.23318
26.275736
27.438179
28.962755
29.218283
30.091576
26.62312
21.212444
36.634506
16.789425
34.73498
21.25304
35.189255
32.9447
15.419896
22.12879
23.154125
35.94337
18.31477
33.481953
40.778748
39.766308
38.140633
36.208706
38.162968
39.20311
30.491283
22.06696
17.938713
37.92158
36.83755
22.901398
15.90397
26.875536
15.214754
23.614014
27.35476
15.902822
34.820732
26.783735
38.277046
17.047062
20.324064
20.92668
34.789036
19.130754
23.066835
18.788927
21.265285
37.414036
31.543663
38.77662
27.427643
35.792538
22.548336
19.65358
35.353962
19.919394
31.20179
29.974503
20.834124
15.880606
18.709873
17.372217
21.793884
34.609665
33.146576
28.78037
21.610575
21.096344
16.818258
28.948278
39.06069
31.626377
33.836582
15.192575
17.367994
15.782733
31.412683
39.230724
22.361618
34.74593
34.082344
32.154285
20.107372
37.54996
37.581734
24.12525
21.5413
20.381973
32.415478
38.21668
39.613117
36.758102
22.29372
37.9692
17.238216
22.464384
27.5619
24.697865
25.96037
32.520905
20.506954
39.359253
33.643288
22.108904
21.995756
22.876572
34.73779
17.394777
27.286455
20.220915
24.712208
19.491468
25.050592
23.259722
17.087334
37.41699
21.653711
21.4089
31.183073
15.841318
34.564327
17.46289
21.162622
22.65721
32.39603
40.62746
20.250885
29.966955
34.534622
15.742766
38.107456
15.946389
26.56206
26.95973
22.250462
20.228987
26.761177
29.720629
32.156033
23.947088
31.869986
32.79512
15.19934
31.373938
16.95152
16.335953
24.956415
21.229288
26.755077
28.443865
28.55223
34.143085
38.266884
19.569159
32.71885
20.515762
22.283016
35.227768
34.018574
24.070387
15.78468
24.972599
25.29047
24.761065
38.655674
17.336195
29.794762
16.38354
35.85419
36.548832
30.757942
21.228203
23.53583
19.236382
29.062635
22.422268
30.821976
34.01526
21.679651
28.227047
25.917452
27.927155
34.10572
21.487896
28.10364
20.99414
31.548935
29.678555
35.76804
33.825066
31.894873
26.538221
39.078426
17.167154
20.589994
29.168848
24.169653
16.572052
27.494818
36.64182
21.783287
35.933422
30.487976
19.657238
23.185137
30.55367
34.143192
39.6058
19.882927
17.610191
30.154844
35.502235
39.176147
25.416954
23.353628
26.691086
40.892437
32.715153
31.132568
17.969608
15.799513
31.376974
26.894428
39.82928
23.129036
36.369507
17.735214
37.886578
17.408499
19.60115
16.994461
18.25519
39.3695
21.360792
23.531473
21.60618
30.085554
28.4604
29.627735
23.969038
33.689846
19.9046
16.26922
30.945868
32.033077
34.936153
40.228313
27.942484
32.46385
34.64418
39.84365
22.26443
29.548788
18.972326
17.687073
31.482456
34.996887
37.927025
28.410557
18.34127
21.31225
25.061295
16.981873
29.66689
17.771788
28.897516
40.2463
21.22213
16.209108
31.852945
21.292738
32.266434
24.783115
40.444637
27.45606
40.69528
28.419626
19.075853
30.95357
26.066174
36.936565
20.543888
32.131924
21.562284
31.998047
29.559673
19.091965
29.001442
21.989956
39.032402
16.062323
31.367393
19.66937
30.647766
30.308725
29.021788
27.012434
29.356363
19.594484
36.749584
31.070108
35.789158
29.24858
23.097137
25.838406
23.329777
25.751352
33.081387
22.159561
17.598886
22.413734
40.28026
20.492802
23.44365
30.204609
24.558464
26.028187
34.175797
21.07174
39.239536
18.064205
15.7646475
18.205334
34.40412
21.82964
34.966824
17.609322
19.176159
31.002426
34.962307
24.07386
19.352694
27.063019
40.966877
24.183687
39.53977
21.317068
17.503828
39.350414
37.075947
24.931902
22.543327
21.02286
32.456627
27.653673
17.555546
36.208065
33.716545
21.00672
26.674227
32.22664
26.284376
18.723976
40.630127
15.229574
29.192617
35.91705
19.88924
33.41974
27.207449
37.066853
30.51855
19.149708
28.437523
29.300367
37.702457
26.108658
34.287186
33.61653
31.54596
34.66455
33.238834
16.73383
15.826018
22.09383
19.880718
22.054594
34.6904
22.909403
15.840652
23.87566
36.95376
25.788658
25.842726
18.422377
36.603558
39.706825
33.97328
22.542692
17.403805
30.796965
38.424038
17.970299
15.072532
23.186392
23.474329
25.950624
22.409267
27.600418
39.28124
33.720684
24.961702
28.877686
33.165295
32.843563
39.346073
25.70752
38.51129
19.72066
27.173775
34.878147
35.14774
36.739407
20.686977
22.115688
32.125225
28.46168
31.669043
32.197315
36.18303
37.01764
26.970837
36.438038
40.874996
22.442225
24.081945
29.879004
26.319822
21.0761
20.576225
27.546354
29.847557
40.35027
35.973972
27.003004
35.433228
23.283264
37.5884
33.08192
34.740185
20.842047
23.262
36.16787
28.839832
34.95265
15.54875
21.685652
21.231167
23.3937
29.86107
15.556351
29.652548
40.065853
17.37571
20.299189
24.359873
32.20237
28.080757
15.185002
30.039425
15.970825
38.246292
19.388458
29.33029
17.613281
29.814093
17.439594
40.050434
30.781908
18.727219
23.441292
23.652086
26.0494
29.058182
24.49783
31.176321
29.708244
17.944767
22.590641
33.03326
23.920198
18.80554
15.740959
32.30357
27.037062
39.082363
31.714989
37.938442
33.48613
19.845222
28.755854
18.229544
22.998459
19.995005
37.867466
38.22689
39.155346
39.51279
26.029089
17.401884
37.238197
40.229565
15.385295
19.784298
33.18922
40.928223
21.934608
40.0462
33.125114
22.240042
18.53107
25.562393
30.293264
35.760773
15.116534
32.346127
33.61965
31.086817
30.017479
19.94047
17.06996
30.059893
31.868673
16.839836
33.93016
21.408985
30.266998
21.822874
16.810112
27.191233
20.6123
39.697
24.683437
18.95882
30.758137
26.386501
40.599262
38.416836
20.073763
20.04035
29.836134
40.487434
29.309801
21.892395
40.21571
32.15853
16.263472
18.975838
18.053568
24.270689
33.65532
24.475494
36.796757
19.483644
27.857866
22.495472
20.782494
24.064457
20.1577
34.326584
33.749653
37.85203
30.085873
28.916897
16.744425
15.77822
39.01771
31.18052
30.883913
35.66356
35.72146
16.023798
33.076027
24.656155
33.826298
29.524813
21.241465
30.645031
34.283817
19.571148
35.843193
39.25471
15.812916
38.442574
40.60125
37.615685
17.046766
15.319401
21.155313
17.005758
17.641382
37.503952
34.134842
21.670261
35.958904
31.261673
22.606352
32.654366
38.10474
34.620094
39.189594
35.31877
17.076107
39.207985
17.26925
29.3603
39.570755
18.273668
19.67595
28.621956
17.607895
39.39061
30.970243
16.752241
40.529587
39.040062
20.035404
23.861565
36.17928
30.25462
22.06965
32.723858
40.09516
37.813286
39.26576
26.784472
26.40961
30.097658
39.475685
24.260756
37.8119
32.650635
19.980152
40.95971
16.410015
37.723026
39.117886
17.087349
28.618252
34.650227
15.976487
38.28748
35.300957
33.77015
23.60666
40.422783
15.318673
31.775373
36.29379
31.19921
22.351517
26.886436
32.305607
33.634884
35.41561
22.039999
32.232063
34.587708
30.841944
25.404682
35.543064
20.081278
23.652996
31.969
32.312237
24.00648
31.25102
29.68999
27.18953
33.92669
40.122875
36.747757
20.652683
29.17727
28.869823
16.82032
18.327501
20.225496
22.286703
16.974747
18.738983
40.34492
21.443449
25.76473
31.240255
39.05861
19.762878
29.43141
31.063404
35.518528
30.942247
15.723346
17.446178
19.013746
31.232061
19.78325
15.610704
27.138083
34.06413
34.79314
20.00519
27.79813
25.311878
21.626308
20.66682
33.20553
38.56952
20.623585
22.823822
32.272724
31.75252
40.79301
37.92697
40.41939
39.050537
17.226233
28.185509
24.697004
39.804848
22.33149
38.37979
33.35201
34.23589
38.602283
26.23268
20.473402
19.11253
18.072422
39.944004
40.208416
34.43316
38.352226
20.627174
37.180416
20.97981
29.19747
36.33424
22.205967
20.20992
34.93157
21.11558
15.183491
38.366425
18.72335
39.132515
38.11373
27.915367
32.716774
24.226034
36.612724
37.46127
23.31563
23.542002
29.990772
24.143911
35.545433
35.823055
35.99644
34.18636
40.34629
16.799572
38.662308
17.742388
39.894737
39.74697
22.339746
17.48266
22.60913
28.723747
25.972864
32.46239
31.362328
31.264517
18.937037
21.729319
33.60707
24.374565
21.355482
37.85931
40.61356
32.557125
25.707634
33.147903
24.825413
15.301962
16.755995
20.53966
35.459286
39.97352
29.343521
19.54318
28.905134
40.35921
28.451504
20.358183
30.228167
15.273156
15.058286
15.231997
35.130253
21.55799
22.802052
40.666416
20.09762
39.58705
18.226316
17.511847
16.143366
32.94163
33.474617
34.214146
30.547443
27.322603
26.701332
29.520668
35.303375
18.953138
24.178425
16.805428
32.600178
15.738919
19.10328
18.839434
32.599503
33.27449
19.450716
29.310648
27.012278
24.41927
40.862686
35.68911
37.535637
21.613852
18.531948
39.13626
35.080162
19.36717
18.31153
39.07353
29.899082
24.417192
19.869574
34.753708
26.225168
28.952703
31.609652
25.719759
27.827768
17.980936
22.2894
27.389101
27.021528
23.435604
31.795847
23.16751
27.089981
22.942142
31.373617
18.475256
38.831375
34.291714
21.752598
34.85915
19.990683
23.62285
28.084562
23.967598
21.710905
34.069317
37.37362
31.581913
16.818487
28.205074
19.173267
19.125525
26.751663
40.00197
25.723188
38.113815
25.247335
34.213074
35.411854
37.8608
19.521128
27.104334
35.476368
32.424892
27.606956
34.279434
28.18886
17.254505
35.76657
22.977642
23.429186
31.28527
28.43616
21.671515
37.506516
24.344145
17.04629
35.051285
17.367811
40.631702
17.233027
39.55484
22.919098
26.782465
32.452282
39.487133
30.085808
23.544043
35.816063
38.469994
29.451353
39.46951
39.08839
33.473156
35.838516
19.183294
26.21038
40.99958
15.036098
29.759539
30.468033
29.132849
15.023647
32.54277
25.472971
27.10179
24.510057
36.34432
24.495522
29.777103
27.377104
23.363913
32.3711
26.087193
23.706974
27.414368
25.195086
35.72503
20.473164
17.068361
21.327957
23.715239
39.68708
18.199728
20.851625
29.420311
22.818007
29.05781
39.54954
27.38711
37.642
38.491806
35.727272
26.069662
25.325724
20.233223
17.746916
40.911415
37.514076
15.247863
25.017826
22.529938
31.465803
30.084991
23.367823
18.81935
17.86932
31.879696
33.2131
21.670452
34.871216
16.205544
27.751806
32.705845
19.062885
28.32811
28.5253
29.937105
27.696108
27.576036
33.12282
30.573282
32.23625
40.524693
28.549406
36.344833
19.512218
19.478636
33.83346
32.654324
21.18512
30.342495
20.819727
39.624966
27.033028
28.385977
20.77479
27.690449
40.637104
27.637167
20.42659
40.754074
27.454742
27.679358
36.365948
36.14274
30.978271
38.4801
15.357301
28.590818
30.703169
39.547234
34.03747
33.31146
19.9676
38.185158
24.725405
18.847424
16.375517
18.915575
30.622501
29.841024
38.47841
36.23055
33.5523
31.12229
33.666225
19.761633
32.569843
15.586926
25.805841
24.677395
16.265308
25.220327
15.06586
16.662706
29.393026
25.32112
32.57943
18.186573
33.576214
32.487583
31.122122
34.931454
16.269367
19.252499
21.819841
36.235382
29.904377
22.386703
30.052094
27.189314
40.203133
31.83901
31.178858
40.63561
31.008448
39.0398
36.4947
32.729584
36.666836
34.867916
35.90162
29.954538
17.99078
30.965288
22.192533
18.521767
36.13477
33.28085
28.550243
30.940485
34.338573
25.735281
19.89201
29.208685
26.42278
34.720158
32.02785
19.554407
23.165827
33.780033
18.251032
31.94797
37.248405
34.27312
28.942078
18.709156
16.32016
34.066082
40.043114
18.449465
31.925406
32.390636
30.847105
28.31793
29.51856
36.874577
32.447094
23.060135
29.606752
32.456863
23.403313
21.753504
38.17614
17.40643
36.711494
34.24799
29.990143
22.986465
23.993597
15.319773
25.091925
40.44076
18.982542
17.336645
20.900099
33.925964
26.835407
15.837204
19.655777
18.773308
24.585
38.842056
17.66072
25.035778
33.127563
21.943726
28.740494
36.661243
24.544758
21.262959
37.673153
20.829525
32.27096
27.21265
25.943155
18.001074
25.642368
15.676646
24.111816
29.047123
40.70215
31.68916
16.339762
21.466116
33.786476
39.991577
25.153488
40.13828
25.378912
22.946945
18.417263
33.330128
38.996296
19.208422
31.653269
21.732904
39.456882
24.266542
19.346992
33.203655
40.78214
32.54109
26.681528
36.575054
20.196264
28.036945
18.263618
22.40968
35.213085
38.749294
26.835854
20.896898
31.637707
28.982029
18.713633
23.225082
21.460835
25.534262
31.742105
40.709343
25.08642
40.313385
19.937468
37.714546
40.108845
27.34906
38.65861
29.985828
16.943573
34.4111
37.149292
39.383404
28.015762
34.47521
25.597576
23.215887
29.924047
16.134045
31.478544
25.376024
35.02226
30.717075
20.87776
29.305004
34.1996
27.361267
26.737282
33.446312
28.290297
39.56561
19.522505
26.29736
27.50652
17.865992
20.677387
34.42683
24.563913
39.18303
33.417145
16.898016
35.756794
18.123854
32.90172
33.423164
23.140583
29.059986
22.639902
39.271088
30.191916
16.156883
40.09323
17.460083
24.84219
17.696756
33.880272
34.0905
23.61832
39.01482
23.726185
17.806
38.774723
19.160072
20.359032
21.31985
16.763582
35.995327
23.92344
15.702385
37.165714
22.867107
20.16388
32.697968
18.292366
25.204653
21.62396
24.724625
33.068504
37.448204
24.414782
32.40673
30.521263
35.56031
23.72453
39.500923
20.22238
30.039896
17.173107
38.897682
29.371525
32.837334
30.359808
15.0157795
40.857685
30.8598
25.508589
17.354036
25.59878
24.859688
37.984726
21.224659
29.734917
29.41491
24.638191
28.764616
40.838787
27.438358
30.423326
22.206343
25.206884
23.194902
17.550932
36.086285
20.508291
21.157736
20.548101
35.579586
18.59304
40.20197
17.032743
22.471464
24.100054
35.61181
29.75387
30.410616
19.654968
15.168767
28.505394
17.037243
25.911097
36.191757
28.890284
20.338026
38.462154
29.816053
34.593594
20.152712
17.743246
23.026506
26.817019
35.14166
28.437061
30.001528
40.83427
34.721024
19.615023
30.17777
31.245693
24.482
23.868612
37.111507
40.442177
26.43278
27.023952
31.691217
29.032618
40.036694
35.683086
31.54692
22.54576
32.467274
33.798347
27.605236
35.58638
34.760674
29.761553
18.655277
24.807503
20.618214
16.077646
17.518929
35.554386
28.496572
32.592865
39.960068
29.842688
17.320393
29.46032
17.820866
33.452393
17.661846
25.551287
29.039248
31.350685
15.553963
31.858479
25.180166
23.40108
27.239304
23.587809
15.904322
30.372839
38.10282
39.098194
17.401482
31.633747
33.797504
38.62425
20.2316
40.59101
36.143684
30.80461
37.245407
27.939209
40.767643
24.439135
20.297186
32.080803
37.64241
18.610893
21.315947
28.703905
21.703457
36.334515
26.96727
35.433605
30.534147
19.230125
30.616524
18.71734
25.750742
39.372673
38.59528
36.661415
34.163837
19.429157
37.876152
27.404871
18.05301
27.471882
23.177444
27.798634
38.963676
26.4435
19.24731
25.651943
22.319874
30.150223
28.618372
38.614746
20.84407
17.872326
38.47707
17.88381
21.284716
32.20652
34.458134
33.35208
35.274654
27.592632
18.153065
34.564804
39.2782
20.127487
22.912493
30.902649
38.531937
38.731632
17.125854
22.781246
31.644178
37.510143
25.577793
33.338093
26.09012
37.23644
19.70923
29.072004
18.224607
34.288532
38.65208
30.206898
18.631706
40.080086
16.760042
35.170826
20.639935
29.053823
18.024023
40.51285
30.65438
22.643002
21.23911
35.82446
19.591637
18.256866
16.081203
30.788849
33.150784
40.30891
31.35477
18.35064
24.913378
34.582268
34.589317
22.180073
32.337727
39.814312
38.89063
30.10002
19.597414
35.283016
32.493862
29.950687
28.91141
32.39054
30.819084
32.48609
39.52276
35.76475
39.995884
31.327997
18.80519
33.237514
16.802172
26.74714
33.111702
26.208733
24.75332
34.098236
20.926481
36.368187
17.681305
33.104362
35.641243
21.522552
20.559523
38.867992
19.849363
40.362797
34.557472
31.480104
29.43598
29.407696
21.350521
32.40533
29.939398
17.071968
24.563452
30.440407
37.669037
39.832962
33.89257
25.974707
25.887302
33.80775
19.929585
21.525806
17.997599
15.702836
39.001564
29.079723
37.12797
18.061586
39.44473
24.634531
38.75957
27.009878
33.645893
37.527763
34.121456
38.288372
19.913883
20.622116
30.957998
27.260178
20.78424
17.230608
20.972422
30.795586
27.714087
15.781521
27.759739
25.46094
28.289974
27.655056
27.364693
15.276588
29.05016
21.367788
15.734985
35.45927
36.81362
37.337654
37.287407
28.027164
38.011818
23.831339
36.564213
22.921227
40.935024
30.377563
28.52937
22.384338
38.033764
27.923935
40.439068
24.740171
32.456734
21.321634
17.418144
18.42655
40.860256
27.341385
38.88382
24.163532
39.190186
18.355764
35.78047
36.474243
29.615808
24.06707
19.22387
29.42699
21.086266
33.216595
25.600561
31.429937
33.083492
16.080315
25.427961
30.185186
30.061771
34.737595
33.35281
25.496824
38.792446
35.59371
36.550575
32.528004
32.37337
35.44361
26.48554
19.314987
31.01619
40.48342
34.501125
15.871456
20.890604
39.107964
39.032284
22.054272
30.2832
40.076546
35.366486
25.51232
37.119503
25.686083
33.827206
27.50289
17.501448
36.95959
21.01344
23.135483
15.32838
26.539852
19.301205
29.690807
22.298346
22.972149
26.197586
34.06313
17.627338
37.366608
29.33528
22.086994
37.677723
40.049793
18.905287
18.534815
31.353111
16.746954
23.147688
34.90958
27.59539
37.080288
24.155205
18.80748
40.610733
16.725403
28.691505
37.587994
40.55482
40.437172
37.986
22.364475
24.323639
30.337893
27.539099
33.916134
32.824574
18.35476
38.856735
28.022657
33.64377
31.500309
21.730124
33.93567
25.378944
21.80866
20.186596
28.226612
40.07319
39.17199
27.559563
35.08845
29.163467
21.065815
26.260406
17.319092
32.148853
18.208342
33.782413
21.677217
37.786808
33.56819
24.2266
38.07669
39.04201
33.8166
20.211544
24.173532
29.240602
27.314133
23.414125
25.299856
25.923874
17.028801
35.18531
26.412113
28.74882
26.401451
27.694906
17.746271
28.449066
39.10602
24.881483
35.21056
31.348192
19.896355
37.11838
16.196701
16.208431
23.287964
23.954058
35.453552
31.30131
35.692196
35.544712
19.94233
21.502779
38.80194
23.46949
28.180616
21.943892
19.522196
37.50321
26.482676
36.28911
40.54532
34.61895
17.716455
18.067844
23.790134
40.002525
19.723148
18.650864
30.355478
15.183119
28.382975
29.441637
21.383104
17.519217
30.46129
18.643831
36.281376
34.226124
29.832022
24.569578
18.130384
26.891203
21.450779
23.869188
40.77075
16.995176
20.537924
34.291534
26.07249
27.34268
31.83226
15.625281
21.187027
30.502415
31.488867
31.324686
38.20447
15.367095
34.220047
30.98973
38.57003
22.765621
26.616194
34.348827
21.857512
40.69469
30.233793
32.683357
31.054487
15.184267
21.000696
33.73685
32.3829
40.071217
32.76414
19.067575
40.860466
38.027515
16.394915
18.5319
35.30243
30.074368
31.761461
33.126724
24.269773
15.510725
36.10057
26.772816
19.58929
36.694492
20.836737
21.786985
38.502346
21.437021
27.740149
17.769382
29.24352
29.906153
38.46361
23.423395
19.906775
32.880474
32.961708
21.428997
32.826073
33.95708
28.070728
23.906525
38.378933
31.887493
15.615989
38.23627
25.115562
18.601128
29.813362
24.04041
21.42286
37.672947
20.444864
27.98716
33.55175
15.001722
27.313467
35.74326
27.767872
22.287607
40.820217
19.879158
20.629856
22.532434
27.157137
16.822544
24.956059
33.233482
20.572271
19.059156
17.90971
33.20119
19.438604
20.696
29.81414
21.00356
31.44651
15.230483
27.803848
38.92473
20.139786
37.910103
21.223808
20.022573
24.228136
15.420729
15.808609
23.379791
38.63448
26.807629
29.104582
37.96533
40.073242
29.51188
36.342278
24.657717
28.10625
39.19577
30.023254
28.929148
33.085697
21.634375
21.854332
23.448902
39.169075
15.366481
40.34399
20.437006
21.678814
29.026567
19.369911
15.983743
23.479807
25.32051
24.333126
28.747927
18.760868
32.461266
27.133482
39.456615
40.63153
23.546772
21.132755
27.451178
29.283558
26.8408
20.51584
28.15944
16.116858
37.208546
17.017153
32.82085
20.192408
19.06225
34.848465
35.05141
24.650225
24.088118
31.846077
37.907375
34.318222
24.754395
23.349318
33.991444
25.638285
21.141397
37.12907
27.842543
28.248672
37.98789
20.804115
32.359905
38.087406
15.014092
31.61474
29.334583
34.71899
32.56031
32.16718
34.29618
32.737385
38.37098
34.819168
23.829874
34.560944
33.957577
33.745895
25.278658
21.710413
40.38986
