54.031075
43.054882
55.74522
47.27564
48.316658
36.782597
45.590702
37.68756
37.324814
55.211205
35.33625
45.909283
48.388863
42.10104
47.06285
42.895565
54.94721
42.636944
39.056507
53.23832
38.031734
53.386673
35.896755
40.564426
41.44427
40.045437
45.581535
42.72823
40.61961
37.81876
43.810352
48.871998
38.772156
49.65234
38.47447
37.237427
38.42813
46.030216
39.735878
50.076893
36.856476
45.731575
51.816086
39.13532
49.22887
48.761627
47.761124
38.95189
45.563034
46.653538
44.001205
54.665276
37.63326
44.476006
38.48114
44.097004
47.068302
43.175064
37.50217
44.634575
47.799168
40.328865
55.186195
40.839302
49.86788
39.000698
43.65021
37.763363
46.363327
39.138065
54.561764
36.676483
50.911243
44.884785
52.73549
39.274593
40.712963
44.24804
38.826298
48.471252
53.60105
40.793957
38.97656
44.557095
55.95987
36.432888
53.482594
52.85351
42.645313
51.899467
40.16009
52.98366
42.230206
50.232883
50.10855
38.537422
53.000652
48.419
41.001587
45.21631
41.133324
41.36893
38.863033
42.510323
55.395004
35.577393
45.527874
39.580658
42.522892
40.129475
36.632713
36.300606
37.167988
54.20589
36.032177
54.341526
38.913593
40.87443
35.995575
37.78153
53.41725
48.74938
46.40257
38.96171
55.166687
49.050655
36.426956
52.21797
49.689068
47.7012
36.874508
52.676044
41.3077
40.363457
37.42382
39.51328
39.701454
35.735043
39.508316
49.962685
46.58956
53.998737
45.473137
46.86307
50.83812
36.053425
40.942364
44.74378
48.16442
38.040253
47.040043
42.273182
53.40149
44.72236
40.222702
44.397392
51.97746
36.476513
52.001656
39.648666
52.863132
52.011658
52.759983
52.912884
38.74597
52.4419
44.202286
40.410984
46.599804
55.010475
46.714394
48.77162
47.136993
40.586502
38.05581
35.850307
55.853462
55.03757
55.359425
37.385174
40.506744
45.719196
46.371006
46.67007
49.903496
38.615837
42.225243
52.172947
48.815197
48.11853
42.82567
55.43071
46.689434
51.03065
46.072453
46.611313
53.579033
47.155888
49.765198
49.84971
49.37246
35.741554
45.996986
44.836296
54.976265
38.125557
46.25153
43.1649
50.573982
42.166756
42.216995
41.631783
51.46582
46.426117
47.53812
48.018112
47.27954
44.610096
55.34242
50.88533
45.53536
52.48779
40.396847
48.566162
35.646343
48.34989
46.178085
55.84363
47.440598
45.09019
51.972492
41.77625
44.20273
51.15924
36.36112
39.749577
54.049442
46.965084
47.09073
35.112743
38.177765
42.77734
43.38337
49.69303
48.154198
45.828625
47.19525
40.072453
36.949387
41.1013
36.79974
41.757347
47.865128
42.237633
50.339954
43.27535
35.849228
43.118015
43.673122
37.79357
51.948666
52.914455
50.911842
47.06781
42.812508
46.845634
53.55676
37.404472
47.223557
39.43491
43.010525
45.84542
41.611237
53.804123
50.564804
36.970367
39.378174
52.423847
43.66003
40.55233
55.658997
50.784473
43.33184
50.798767
52.822346
46.65292
51.27874
52.064213
50.625618
37.936104
52.91217
55.729935
50.436947
45.68498
49.08324
36.41189
49.34999
49.441963
44.919655
37.780304
44.334515
37.95974
42.351814
51.0526
39.789345
55.30085
49.458855
51.65586
43.994232
41.465195
39.72344
39.64597
38.993214
36.98654
45.648285
41.217476
39.38448
44.389294
40.958008
36.041725
51.34042
52.003197
53.786552
35.230232
53.93631
38.39646
35.833553
39.43616
42.527348
44.606586
43.462143
35.97881
55.481068
51.42346
45.106316
35.904392
35.045757
47.210716
48.15768
36.580868
43.515495
50.1391
50.70938
37.765457
37.13846
36.249317
42.149395
41.080593
48.40755
49.46242
45.615673
38.48725
47.471115
55.51178
43.7526
50.654312
35.406235
36.783768
40.041103
38.088345
47.00843
49.223022
53.213974
47.510277
47.568745
37.783344
54.91367
47.24376
41.833054
49.386887
47.801373
55.314636
44.968166
46.991787
54.784245
46.551636
36.89544
44.162518
51.89206
45.225624
36.795086
55.487274
50.60485
50.66794
35.932938
35.29331
53.110004
49.86799
37.216263
35.37368
41.050236
54.266117
42.046463
41.857933
44.813137
54.829697
53.1038
39.93436
54.308487
41.02888
38.672935
43.862984
39.48128
40.512955
43.997974
37.60604
53.51647
53.12897
40.941826
53.44676
49.805565
48.421574
51.917057
48.167362
41.26592
50.906094
39.654087
44.713715
39.530098
46.216682
52.87742
41.786655
52.855892
53.696968
43.371746
45.469154
40.346676
43.12288
53.237167
53.8234
48.217422
50.025547
51.356396
48.37362
48.393326
51.516785
35.226612
49.527935
53.686134
52.610447
47.34496
55.286583
54.157417
41.780083
54.278835
44.034016
49.048588
48.89658
46.400917
48.818905
39.83421
42.749046
40.023685
43.288593
45.538166
44.068085
43.329334
47.36368
35.44151
41.342587
55.058395
48.81353
49.706257
41.74953
52.393936
48.124886
36.24131
54.200886
48.858196
38.443626
54.3445
43.85244
55.324547
45.913452
51.26915
35.416576
39.440132
50.435623
55.88397
51.274185
36.853127
47.73029
54.02196
45.690605
43.643425
41.592583
39.9469
52.40626
40.266758
50.4057
52.605244
42.49468
48.139595
35.298275
49.976955
54.65898
54.715763
37.814865
39.890266
42.07245
45.53571
51.606083
39.123623
51.45961
55.26535
38.43877
51.48216
44.361378
39.18395
51.776905
50.80665
53.431007
38.928963
37.290253
39.54961
41.167385
51.560837
50.91066
39.636223
44.707745
52.171688
45.474575
52.817013
55.17423
50.32938
53.56586
35.614742
45.596794
42.62196
47.904144
42.269745
36.619736
47.44743
39.51185
36.795868
48.03978
44.979885
37.93687
45.37351
37.720844
43.935505
43.008152
49.82676
36.583847
40.36041
37.957706
36.85835
40.17954
44.1674
38.255573
52.049156
39.81815
51.559654
52.172863
41.368275
55.35167
53.796825
41.913467
53.08517
36.483013
54.982708
50.136314
37.52716
50.910717
43.6834
50.82781
40.083527
49.708817
51.22112
42.778038
49.221764
40.088516
35.43121
47.364502
37.052044
54.09158
53.518383
44.953556
48.15263
44.825
49.403324
36.99254
51.95215
39.562313
52.611732
38.78433
52.953655
48.40892
39.325405
46.011505
47.481197
35.25719
42.68847
36.308495
38.431095
37.44168
47.841846
54.567955
55.71837
48.845512
51.44516
51.211514
50.722813
49.20623
45.63759
55.35519
37.05993
50.022537
38.48794
46.656242
47.4285
40.773087
55.98898
55.640995
55.119675
48.124207
35.56224
36.481945
37.01175
52.425518
37.856934
55.51785
42.520245
46.070797
46.350178
39.291813
47.02463
51.235893
55.885654
40.520115
54.751205
36.096474
47.823956
52.198505
43.955666
42.875256
52.92023
53.002804
45.519608
39.9719
41.393456
48.247227
37.751904
36.988163
36.90636
54.926365
50.268787
54.676796
44.33643
48.785896
42.315952
44.714764
50.285515
55.942112
52.79127
42.729565
43.24945
54.301933
51.52866
40.192215
51.24879
40.92274
54.111485
48.631
41.507984
42.495182
48.598297
54.117443
51.462746
55.33255
49.064083
45.12908
43.973824
37.606503
50.78701
47.703247
41.13052
35.08181
41.243702
42.261932
37.43819
50.271603
49.815273
39.609825
35.50149
43.7599
43.251858
52.385918
51.53877
49.41957
49.495205
39.68374
36.19275
52.391644
35.416824
55.645966
54.13897
48.985703
50.393467
41.586338
41.935688
40.111496
50.412262
52.595093
49.40766
40.45812
46.574535
37.64366
38.611015
44.39999
52.450356
43.920235
38.08773
53.52771
41.72516
45.499905
50.685383
46.777065
40.975254
55.48132
50.691677
44.360977
55.210754
36.406425
47.41301
47.096767
37.032616
38.120705
49.612537
51.265213
51.864517
38.228317
48.41553
54.83785
35.741016
43.949947
47.38849
54.765663
49.56006
40.500656
43.503357
46.034817
55.540974
36.070972
37.60929
55.36411
54.86832
48.116356
39.851833
44.74398
42.147465
37.938667
54.202976
47.498455
49.349567
47.477726
50.895477
52.188942
41.381584
52.821896
50.090958
35.472843
44.28122
53.193737
35.553585
55.980194
52.30725
50.070023
47.449944
53.37779
37.87235
51.655052
53.65045
42.053223
48.348667
47.141953
51.06883
51.26993
50.265537
41.06881
47.643562
42.219765
50.31432
48.60468
40.538925
40.13089
38.87699
36.785225
52.02293
45.47663
35.50334
49.558437
47.2658
53.37474
47.875584
41.998043
40.994953
47.466763
39.31998
43.19547
54.540962
54.92372
47.851677
52.150856
37.314053
55.736904
55.07196
40.449394
52.16171
55.12158
39.976498
40.631313
39.3753
41.686573
35.878532
51.942265
36.33744
50.004215
38.202805
46.58527
42.931446
45.35271
55.863987
50.686344
44.870655
55.697052
52.307667
49.932926
40.04749
35.424694
42.062397
44.247566
49.850967
52.95875
52.82814
37.918915
51.156193
35.134094
47.709404
54.327812
39.350407
40.14071
51.1906
42.77847
41.327747
42.913837
47.84679
37.972927
36.85827
41.081955
55.584507
40.35161
39.11688
37.971207
49.415653
41.86361
43.44381
45.708946
46.381416
45.72743
46.60071
51.16928
53.263935
46.396126
39.885094
55.359756
36.149986
54.25053
48.470642
55.861305
40.74411
53.509914
44.252213
53.102245
53.567787
48.471565
55.291496
47.57253
36.826797
53.469128
36.683205
39.565727
42.780666
44.874012
37.29128
35.674057
54.906086
36.055115
51.34096
49.055622
53.010475
54.45911
51.29479
53.443237
48.72235
48.876854
47.78935
44.970707
48.461926
46.5211
49.664352
46.155098
44.078354
37.756462
40.276897
39.792408
38.829357
52.194702
41.361008
48.09942
40.274376
49.39668
44.666283
55.165726
38.954224
45.60691
41.489357
35.667885
53.438217
37.78748
37.997902
46.841305
43.43401
43.715145
48.939453
45.905945
49.17579
54.05876
46.92583
50.49817
39.233456
52.16375
44.988895
42.173836
42.218117
50.736168
45.514446
53.716694
42.598793
35.74092
52.978527
42.811325
36.99051
48.607117
41.133965
49.621265
46.82581
55.268036
52.424908
46.950737
55.27973
54.65398
39.443214
39.962265
45.682514
46.003483
50.182953
52.872734
40.42485
48.761517
46.697918
54.65682
50.53718
40.89297
49.52191
49.54944
41.70767
47.155582
41.872723
50.057896
45.492573
51.248356
41.22805
35.269382
37.868435
45.7801
45.335335
36.471256
40.077087
40.687042
41.09728
38.488846
44.92263
51.0694
38.060974
55.689823
48.29366
55.413975
35.43101
37.304115
45.70466
53.822853
36.625454
54.564938
38.07714
54.178246
37.398552
36.189156
39.814144
38.138954
46.465176
41.88411
47.460995
36.48635
42.379257
38.893303
55.890686
38.615784
41.142307
39.074738
39.004047
43.90414
53.647793
39.643406
36.39282
54.27494
36.603436
54.50336
35.278084
55.529488
40.015762
55.045044
35.30695
52.915943
40.669964
43.38994
54.467113
55.967674
49.29294
35.327297
40.462105
52.85814
41.24854
51.60675
42.379005
55.391594
55.681465
44.82561
39.3762
43.27719
54.999805
53.88137
44.420338
35.518745
48.466217
35.847298
49.80965
55.59308
53.45373
52.173317
47.335236
52.587063
55.614685
36.314198
51.45211
52.616768
50.80983
39.24386
38.758953
40.661625
53.149586
43.82702
54.41811
42.41247
54.910526
46.68854
39.887
39.854256
52.407566
37.045933
41.47736
52.08262
50.125973
39.951942
39.81059
46.288086
53.547188
37.53188
51.195534
42.93247
39.13857
37.094208
38.319176
50.889038
41.919567
55.443203
44.411285
42.721523
49.865494
35.328873
52.220894
41.336357
41.164864
51.73206
41.725285
40.958645
40.00751
48.60154
50.48167
40.754124
53.147976
54.735226
37.927067
38.447998
35.962353
39.728897
40.733734
51.975853
35.09667
49.303722
44.53547
38.542812
50.090927
39.867634
51.95441
54.46418
48.555447
38.865917
49.878418
45.813988
39.574657
39.332806
36.36589
38.217655
48.01844
35.068516
48.3879
38.09059
49.352245
37.03514
54.856796
43.246723
42.354584
49.890053
44.035828
51.079304
35.8741
53.056812
44.47632
52.45083
44.388386
44.371376
43.086628
37.019756
49.662743
40.135277
46.801712
52.978806
48.249546
45.357677
35.59233
46.082905
52.91747
55.07463
38.22991
40.40446
48.354717
37.896584
54.305935
45.46938
39.651535
48.35407
41.49408
39.299458
35.13469
44.186836
47.93881
40.4149
39.100163
42.45293
47.955826
51.035522
54.87029
49.222126
45.937935
53.559757
50.387623
46.66192
41.473927
54.89794
48.250233
47.524555
47.208805
49.389378
45.69173
48.399986
41.900295
46.842495
48.51429
49.612328
36.45965
42.703087
37.39395
48.306416
49.50398
42.477753
44.294956
39.09612
54.092907
47.31797
41.95348
48.627663
49.87401
39.104794
35.52097
44.548756
40.81963
51.464973
51.49352
35.66845
55.10181
41.896435
38.995945
54.542625
44.42263
43.58424
45.33807
44.326668
36.29403
54.547924
36.515377
55.499435
37.344147
54.476677
36.987507
40.981613
48.716503
44.98116
52.635345
36.246815
48.023834
40.018845
52.271183
38.255085
37.120193
48.934494
50.456142
39.4263
54.162838
42.898155
44.665436
41.414864
53.04984
54.520092
53.03416
51.147205
36.3397
48.075443
53.01517
40.440166
46.186104
51.080948
42.285286
50.530975
49.65396
43.931896
51.14737
36.01848
35.02204
42.929523
53.49308
42.04047
50.323177
50.30743
36.11479
50.993454
39.424606
43.800102
48.78506
45.7388
38.409134
47.887512
46.05813
42.033283
44.882027
52.096817
40.190327
46.872135
54.099052
42.645435
55.924934
51.53914
42.48782
54.269466
35.14183
37.421154
53.217613
42.297142
40.533554
42.063187
46.962196
45.899094
54.536568
35.515522
49.895462
41.97558
37.720398
36.755722
42.261696
44.325348
37.716972
36.85606
37.57012
37.581608
49.55879
39.610954
40.57776
50.897736
41.98681
46.539017
44.74498
48.518555
44.88769
54.53095
46.7751
52.182705
36.524807
50.92707
36.182186
52.767365
37.638603
44.477303
40.570587
49.708652
44.809364
46.46156
47.45524
36.509453
52.698875
55.23003
52.00345
50.080845
50.91757
37.56042
43.03701
50.754234
48.299744
40.52325
53.9976
36.548332
35.311832
46.99648
43.34906
46.6784
37.167404
43.57715
52.066833
53.35483
48.977413
40.400486
42.447895
43.633926
44.92531
51.295776
42.46368
35.45567
51.02411
49.783566
41.274136
55.031933
53.48606
39.650227
40.32272
50.432735
38.115425
51.2235
43.640167
42.559307
40.421158
41.01671
48.59912
49.689583
54.338436
39.109444
35.38224
48.435215
41.546844
48.489006
53.853165
37.258614
53.37771
51.58957
35.35266
51.6645
43.214375
39.43496
35.181602
36.802418
52.106476
54.116207
39.177948
44.494984
41.04296
48.816376
40.846542
40.64131
53.958447
55.232956
38.958702
53.53573
40.083714
39.041996
35.40271
45.889095
44.693417
35.998363
55.33692
45.24329
49.652798
53.373
44.37384
36.029026
53.420055
35.690655
39.606663
38.732956
47.32214
53.150604
36.77897
44.512108
45.989113
48.68805
54.793697
40.122047
38.805946
41.365246
41.05945
43.209652
53.120316
43.669243
36.880024
47.862297
51.731327
51.33695
50.207413
54.802223
37.876263
43.528507
38.599014
47.76832
53.53126
46.52634
54.146515
53.43691
41.34657
41.65001
36.476944
47.699226
40.94826
55.745884
38.665695
42.235027
37.655594
39.43586
46.04669
39.100418
49.886936
54.29085
47.456795
50.482254
47.656937
54.232376
35.409428
50.862556
49.603817
51.75957
52.05673
50.583218
36.92811
36.049183
35.570007
46.204784
47.472633
54.582455
51.745075
52.11258
52.928555
35.715588
53.221947
48.539204
42.813408
38.52938
53.69783
47.544674
53.434353
48.368828
47.907627
47.523632
40.52361
50.714935
50.948082
35.49367
38.612873
53.418686
51.729652
39.759716
46.49963
40.87104
36.95444
37.546345
54.35069
42.383034
53.039047
38.84337
35.086914
55.90652
37.82796
51.019474
38.697956
41.23878
47.776096
41.724617
52.046967
51.023113
43.518353
53.223877
55.542645
55.18284
37.389614
48.58384
54.779583
45.907475
39.51027
52.06713
36.877815
36.94757
51.510464
49.6815
41.788513
36.76871
51.830452
36.077038
50.27526
48.06526
47.805004
44.8883
41.628895
46.24096
39.416492
39.177788
55.4288
52.72618
50.684376
40.85292
40.824722
47.420532
40.148026
36.800938
50.88048
49.12474
55.795296
39.01421
40.49462
49.55721
37.091106
46.163193
47.29299
51.43826
51.468204
53.915054
37.674213
50.169136
45.756577
52.793007
43.88157
49.83291
51.54854
38.52477
47.57336
46.60095
46.423172
41.63809
42.86865
39.14135
39.286896
39.527164
36.256565
53.294537
41.826183
38.33577
37.074574
44.106583
42.213875
49.78128
37.48483
55.29213
42.76244
50.478355
37.007652
53.33657
38.17538
38.411816
39.707188
43.741062
41.41238
55.955395
41.066788
52.364105
48.954178
35.23627
53.440273
53.41992
37.43002
43.704967
46.72003
36.45655
48.153458
46.485893
39.52418
43.55548
40.101574
54.45602
37.77229
36.06989
50.26822
46.027374
55.992836
35.449997
38.123543
48.29371
35.08548
46.091663
39.120235
39.5424
41.547276
43.68844
38.800995
40.129883
51.364456
49.267326
50.082382
36.372036
44.86999
35.94509
52.716892
46.41067
47.87191
35.454533
53.76812
41.98302
55.268745
35.659164
52.173172
42.643204
38.18558
49.599907
50.111904
42.26296
44.38801
46.09885
41.954433
52.57355
48.361057
54.582813
52.016304
40.101486
35.97641
46.583435
50.214943
54.097855
47.113438
51.32066
41.991623
41.964375
46.948433
43.882946
41.5398
43.238712
48.8811
42.78027
53.46379
44.417706
42.228622
41.064865
53.480995
35.76884
51.88495
42.789864
50.6763
54.80904
51.116623
43.3075
44.11919
43.314037
45.54631
41.79614
42.361988
38.562687
52.161312
36.44944
35.451946
45.01751
53.876846
35.961044
50.61044
47.796074
36.78229
47.294754
50.659225
44.097538
39.703735
42.242733
44.606773
35.214245
37.12706
42.94334
41.546932
51.88059
45.843372
48.355236
38.167645
38.489536
55.902092
40.66605
49.719284
36.141796
51.586933
40.75139
51.25014
39.583458
51.166183
49.094067
52.28076
43.834988
36.111015
49.023552
39.859516
47.717793
50.324234
54.74208
40.118446
41.544132
52.6767
45.36664
51.031353
35.951958
52.80988
42.13482
42.06556
51.238373
38.730267
46.998
45.81409
38.573677
37.195133
41.05641
44.496887
51.162582
37.268864
39.67869
35.427624
49.759953
36.71539
52.692173
55.156982
40.94553
40.084427
38.730625
47.02376
41.21542
42.448082
47.6823
40.27186
45.25766
54.74909
42.1942
49.72435
43.74506
44.633183
45.357033
36.244953
45.600517
36.455418
35.02088
39.862804
53.968365
44.873966
36.67279
49.48819
45.059883
45.074715
40.445297
48.604866
36.631916
45.206184
43.61886
35.18889
35.104588
48.046658
51.931343
50.374363
46.22747
46.27401
46.11409
41.063293
37.7631
54.963634
41.336906
49.759712
55.87255
50.101032
37.6632
40.397526
44.759888
35.962936
55.19163
41.82702
52.66058
47.19453
35.29221
54.92674
37.443577
47.290203
38.232357
50.015465
39.937572
35.97137
42.532475
39.35323
45.588963
47.647335
36.590687
52.040863
54.212475
43.743755
53.472935
54.554333
40.404884
49.188164
52.277264
50.48307
36.6581
39.753155
44.15006
43.78084
50.33001
55.275192
43.85727
45.983112
55.40974
55.990654
49.795013
43.396744
53.44855
40.360626
48.461678
54.225735
36.118504
38.792023
53.707634
47.96107
45.607944
43.60507
48.52878
40.13324
53.466354
51.445797
48.776665
35.70264
37.57052
54.09705
51.920555
46.946312
36.59992
46.302647
49.915848
35.688423
54.781216
42.786774
40.308342
47.11767
35.690105
47.124264
50.93537
39.236397
50.583344
39.497288
54.97246
55.194275
39.07453
54.660168
50.618214
46.373615
47.964436
53.626404
43.410164
40.11396
36.68979
43.69056
47.020927
39.390274
53.16422
41.402637
40.3966
40.59215
43.750656
47.02364
51.268337
37.79059
45.72676
43.808426
44.393192
52.52456
55.88315
54.18558
51.361794
37.1912
39.828762
36.533943
47.448082
39.581554
38.168594
45.79149
50.77038
38.968
48.966087
46.574768
51.983044
45.42006
55.805637
48.8356
38.824715
46.70201
43.330555
45.336704
39.111515
55.188698
50.347275
40.38903
49.182827
36.72526
36.458977
36.36099
47.38221
36.252007
51.71994
36.443302
47.88763
41.317284
43.986526
47.03325
43.092842
47.30947
46.48165
35.88801
48.78556
47.353134
40.586433
53.889412
45.56855
37.335217
51.02628
40.86082
40.32587
48.453663
46.428062
44.3819
52.049473
53.014034
40.690933
43.958157
48.010155
47.938805
38.73539
45.21936
47.082077
45.59965
41.973522
46.04482
53.011597
46.134727
40.277916
36.643215
50.558716
48.370934
49.31754
47.650803
38.733498
50.835533
48.87603
55.254356
37.799995
52.111813
42.17103
46.193634
43.326588
49.970398
44.2529
37.2532
53.324448
45.290775
47.27687
55.514496
38.434696
37.77682
40.814857
51.20642
47.20005
39.865643
49.401318
43.466393
47.68825
44.030865
55.192364
41.703632
39.12212
55.889412
41.957867
45.542675
41.71522
37.1351
51.62357
37.517338
44.612137
43.343006
52.233498
45.784195
54.688934
39.115063
38.512455
40.129337
42.98199
39.87065
44.174297
40.453358
48.68239
39.824986
53.743694
52.736996
40.958206
49.34367
47.93748
54.21335
44.34853
37.91364
54.586136
43.10254
39.110676
55.428524
51.6669
51.800865
54.69607
37.35099
48.26703
37.858746
49.480434
43.584812
36.198986
50.430573
35.980343
43.566505
48.549007
47.13425
45.050972
36.169064
55.656254
50.419582
53.97873
45.499863
36.891827
48.61179
41.95769
45.57008
41.135303
36.77029
50.170242
38.11488
49.030922
55.382652
37.579952
44.55161
38.94644
36.699745
46.588703
40.177387
51.054802
45.210594
36.910294
37.228157
46.111866
55.35394
37.36912
46.347885
51.313335
38.068542
47.84535
46.349667
39.07952
53.195248
38.256786
46.889736
38.7389
47.06134
36.292995
47.820904
40.859585
49.801285
35.598583
43.543663
36.412495
53.09781
47.240227
35.631283
35.04072
45.063507
43.586094
37.36936
39.45683
53.925426
52.17634
48.62096
44.392967
42.023796
42.769974
53.605015
52.58836
54.39091
54.515923
37.758938
46.01449
40.837337
40.115196
42.845413
48.91042
38.039955
44.9162
45.85896
51.229027
46.600048
55.11664
49.0896
54.77934
49.419426
54.633263
42.90901
53.691257
55.028862
51.744553
53.458675
45.82572
38.695297
35.311676
46.440197
37.40695
48.233135
51.2395
41.634644
37.462784
49.4496
54.852085
48.610737
52.62504
38.06546
36.02619
50.321053
44.463898
54.76966
44.251232
53.930904
36.808594
52.79015
37.26589
37.27618
51.44128
53.992943
36.55903
53.8047
50.141766
52.057735
47.816727
54.71959
36.30791
39.720703
38.34713
42.31398
46.279697
54.42366
37.62169
35.162823
52.05471
37.963844
44.333595
35.920883
47.29844
52.899536
38.79359
36.964993
41.42497
51.534157
39.058136
44.014313
43.051926
55.27522
41.91672
38.16408
51.318108
36.04425
44.752502
47.476234
53.39303
45.199966
38.33461
52.384712
49.00477
43.129517
48.80052
47.69361
40.965687
43.260956
44.443455
43.873188
38.485283
40.755318
48.432323
43.69174
39.525204
53.54749
54.26081
47.960552
46.573524
38.722736
35.54732
52.314747
48.993702
43.43912
39.78895
47.504482
36.538227
39.736156
43.810394
39.629074
51.70778
46.605995
39.94255
43.110794
43.383747
55.645954
49.41591
35.97567
47.565388
43.459717
48.06013
46.1853
53.102318
55.72957
47.164013
40.346752
53.029
55.542953
43.268883
44.11687
35.479855
55.12426
40.743816
39.01282
35.19202
55.596153
54.2223
55.142406
41.28728
52.774822
48.367916
48.575813
51.365578
35.289562
43.98026
38.69456
48.939507
37.509502
41.15286
35.87408
50.89264
52.85891
40.05097
41.282963
48.95395
55.107475
51.890034
55.415047
40.146515
46.132954
35.864452
39.20972
40.790775
40.471092
46.101536
47.261272
35.920795
41.691257
35.196934
36.670017
41.906788
48.266205
55.52554
45.54575
35.667713
52.140408
49.315815
38.038536
46.10505
50.643875
50.4257
41.04217
49.292023
50.74699
50.86466
43.392532
41.51223
50.906693
40.369152
48.465992
53.45735
39.91561
40.757782
53.572323
35.76576
49.23303
37.36754
52.432045
49.61213
46.250202
53.603943
55.32995
41.242764
52.822514
45.525753
36.244457
55.19207
48.186954
37.428677
46.366844
41.412857
55.07596
36.592785
50.94475
51.706257
36.43709
52.714832
39.311256
48.6468
39.673088
44.059273
35.293766
44.6639
55.727837
44.030777
51.936176
54.06308
49.66127
51.696278
47.613335
38.548706
39.579784
38.76587
54.168633
53.244366
51.918636
50.67983
42.663364
50.298008
53.10902
36.74269
36.691063
42.906013
46.604744
35.695736
53.980186
37.993576
52.092213
35.72557
35.185574
35.848503
36.46219
51.66921
51.35193
46.721214
35.783016
55.094975
54.52187
41.77592
43.082348
51.013863
50.35669
38.806156
48.21801
46.20722
52.439606
50.812523
47.498604
40.544563
48.139305
35.881268
55.0005
45.209087
42.526005
40.799355
52.720287
36.448708
36.852463
50.495113
42.80043
47.326916
45.539455
55.703007
51.07064
43.960434
36.43799
46.216927
43.05873
52.899563
43.37991
50.71854
41.442078
52.632317
51.674057
44.445457
38.634315
47.674942
53.256836
44.898575
36.83203
43.34904
52.66411
39.378822
53.382065
42.13951
45.855564
35.39058
49.772648
50.477657
41.193256
38.852287
36.900078
47.900368
45.552704
35.614464
48.517628
54.798847
39.62798
50.00109
43.934425
42.38938
41.981533
37.96238
50.099495
55.113834
54.28486
43.95531
37.179733
41.40897
40.498055
42.85288
38.62055
41.671406
49.444157
44.023785
54.463863
47.289005
38.348534
49.221405
53.39083
40.809586
36.434013
46.07417
37.554947
44.674408
54.589287
53.77912
40.77635
48.456512
51.461033
52.06609
53.079113
53.212933
53.059536
48.622196
55.87081
53.385044
53.113075
40.944515
45.287117
41.66271
43.958054
54.023483
40.35426
41.3656
48.709965
42.350285
50.658203
38.189034
45.824413
39.488674
46.151745
44.611805
49.928005
42.85489
45.579487
41.869995
35.975662
53.408962
36.755432
54.16344
51.373936
47.676514
52.58908
38.680393
43.69909
46.892216
41.323368
38.101254
42.03429
38.08437
43.921307
52.473545
41.752018
37.60472
55.918198
40.73813
43.775745
52.948338
47.342266
40.730484
52.96925
46.705517
36.499134
49.18119
50.322407
40.141003
45.513996
38.09608
54.029076
45.20534
39.530403
53.909332
39.385715
52.74904
42.375565
52.97162
40.678555
46.332245
46.31955
42.260723
46.87279
47.301033
45.279354
46.683372
35.96885
44.73587
41.448742
46.974827
45.34897
37.468746
52.87078
35.99668
38.30143
54.61246
38.91252
41.18345
46.18037
38.94888
38.94981
49.99511
37.335915
42.08262
48.825123
43.495335
52.032196
44.482315
53.80247
55.594147
42.060314
35.40382
45.81076
46.068913
37.64861
42.21793
44.74069
55.209064
49.574482
50.849773
47.440086
55.817608
37.089962
53.87798
52.838737
40.346382
35.387524
44.338573
38.326176
40.142357
42.853092
48.432083
41.104515
36.13853
51.279987
41.141773
47.74323
35.83581
36.550575
54.236835
42.574043
36.091213
39.03158
55.256325
42.881355
55.052742
35.074623
41.84811
41.06734
51.563023
44.565205
45.271473
40.100677
36.49121
41.421448
36.96304
52.594067
43.746796
52.308105
53.812595
43.79803
53.179043
46.601883
46.198753
40.64712
36.172306
50.820892
52.89407
36.74958
48.51009
45.314007
55.664845
38.872578
38.999752
42.995228
51.763138
41.04259
36.42485
54.303593
52.53665
40.85411
51.62365
55.37098
42.066845
42.959652
47.879986
43.588135
46.08637
41.00035
37.35659
38.37355
53.42407
42.428642
35.001225
52.970234
48.879
48.77328
42.212418
37.522285
51.734657
51.90172
54.564213
36.516148
47.0902
50.746113
47.05841
54.910606
47.807747
42.77657
49.697853
53.925262
36.153034
47.22879
50.655884
54.50876
54.14123
52.723305
44.95463
46.966278
35.190716
43.44951
46.35889
45.089886
36.93447
42.530144
42.14248
40.405895
40.94227
48.530464
43.490383
53.830246
36.666225
41.331284
43.56272
37.10574
55.138252
35.746124
37.665546
39.88436
47.819904
53.330173
46.548603
37.2134
51.53352
53.80233
49.58169
54.485813
51.588078
44.381504
47.448948
49.623257
48.054016
54.124496
42.044296
35.37458
54.63835
38.045166
35.451492
53.13294
55.76473
54.39316
55.24874
35.601574
55.27263
40.97549
45.890385
37.971188
38.615757
45.815216
44.587257
54.011253
52.561745
47.75903
53.932438
53.622906
44.173542
43.86906
44.500576
46.953053
51.28755
44.56416
40.78662
47.12714
40.79429
36.511997
48.143887
55.022392
41.774464
41.215805
44.831326
37.273838
51.94667
51.088085
47.88659
47.882103
43.942516
40.558556
36.303974
41.375122
49.640724
41.424824
35.91536
40.464985
37.163918
48.22144
47.447456
37.53684
40.17008
36.856873
42.460087
52.10833
43.75519
42.147655
50.25795
40.606247
45.62452
55.165115
42.41223
52.421177
51.186897
36.502563
45.22867
39.221527
46.87987
42.669353
49.35507
42.93505
51.34297
43.82315
52.734016
50.638954
43.02231
46.96291
49.275414
50.839012
39.411728
38.522335
39.94875
51.263523
51.41405
35.027416
40.476337
47.349785
51.240536
51.11131
52.446625
50.058746
45.857517
55.716087
52.46039
39.517696
50.236202
44.753284
47.873093
52.261475
45.56498
43.843693
42.80288
43.519302
47.14314
50.011837
47.336548
44.07748
47.890717
38.371643
38.284737
51.737377
43.28127
51.907215
49.412685
50.2836
49.03269
38.426296
51.8045
48.17915
44.075745
52.6438
38.906475
48.912193
45.16083
49.138954
46.838924
48.033466
37.960537
45.62211
49.76632
36.443764
37.67891
55.54564
37.47179
37.41776
50.987865
40.598526
36.794884
38.183426
50.577057
46.035114
39.260395
51.61551
35.72554
54.106094
51.05115
52.7471
47.08193
44.083267
53.459316
47.355064
51.27425
47.49962
43.08823
50.833122
37.06161
49.26227
41.37091
48.93055
41.48679
52.238415
51.42147
48.705143
41.89221
45.76272
39.842144
45.21565
35.721317
55.269913
47.871365
51.06202
50.74324
52.917023
49.17722
43.871063
47.710606
41.62745
39.675816
41.220516
44.488785
50.46243
43.985607
43.29642
45.379375
50.605526
46.51628
54.786606
42.701504
36.53181
42.734943
45.127396
54.69172
44.125763
37.852325
42.241123
50.436455
40.61065
51.02837
46.328842
45.86063
42.15692
47.209118
50.115574
38.76186
44.948376
55.875816
39.184734
53.501694
40.30217
55.31239
37.683884
35.243736
46.16242
43.47878
52.735657
42.56297
48.916985
37.215435
37.345833
48.84152
53.02323
39.298138
43.46464
45.11308
52.370853
48.812584
49.128014
41.921627
52.658543
48.424484
36.282177
48.319534
49.316162
44.38381
51.978043
41.346077
45.66517
52.52057
40.111073
43.199368
46.07749
46.064877
36.77782
44.843113
45.86662
35.855343
44.622086
39.974052
48.524605
52.387665
55.25167
35.116932
50.704796
39.19915
52.92096
50.110756
40.042442
44.285122
53.19503
41.403496
35.50409
35.599606
47.237778
40.381985
43.461365
53.205418
38.6996
46.429493
51.096104
36.30765
41.91931
37.52563
55.060944
51.22983
49.30064
45.981472
47.54333
42.373394
47.275227
42.33743
43.010597
37.338882
38.22224
48.542152
38.95006
50.68117
46.078854
47.2779
39.86033
48.22124
36.14633
38.701008
53.598763
55.44345
47.77338
36.9258
48.944828
37.269978
47.18121
38.29605
53.90026
54.423035
38.684185
44.860065
35.814304
53.66063
45.95538
47.493984
36.895992
53.403156
50.78811
51.80233
50.055214
45.65569
49.012493
52.265617
48.300568
46.67495
51.840485
40.102066
45.114254
45.52995
49.933117
37.963654
37.323
40.561855
36.910645
41.896294
39.98887
49.76134
53.85919
37.959896
51.754818
45.250484
55.62674
44.525967
53.89754
47.381714
53.346905
41.548824
39.06336
49.447456
40.680603
42.041058
48.29319
45.632126
44.723763
52.574657
36.478546
39.631783
43.393497
43.876335
52.832886
52.31719
42.37567
49.488876
47.31143
46.922283
38.393482
46.0299
48.16725
42.502937
53.639797
43.795273
39.99273
41.82959
39.70517
38.326485
44.66275
47.452847
45.228954
40.089535
49.5697
48.41226
36.80274
42.597595
45.420197
46.94645
42.36335
42.1504
51.649597
35.60654
41.42684
55.860447
49.202747
44.375114
45.035465
44.78943
40.028027
51.74932
37.216366
50.827812
44.13666
37.259525
39.083775
40.41641
51.490425
44.56375
49.455635
44.330746
53.298107
42.08339
49.001225
53.527428
54.525005
53.12715
53.488018
39.486256
46.54928
43.587868
37.6541
53.57264
43.9354
35.590664
54.596584
51.691944
42.237152
37.92135
51.33719
42.91077
37.591324
50.67019
47.402664
55.779625
55.618126
50.288967
47.840942
54.80739
54.8055
46.178196
51.083065
53.909985
39.121815
54.996536
47.456436
53.68396
35.075165
46.115875
43.956753
49.040314
48.817307
46.03332
55.09395
50.074722
39.176403
42.09517
46.241734
50.047295
36.69517
49.58823
46.94086
54.998447
50.84962
55.110256
38.03295
50.836945
38.628468
43.14396
47.33476
49.70204
46.564426
40.927994
55.802
36.02369
42.126038
45.04359
53.777412
46.98311
40.102177
52.616806
38.969368
50.010628
41.241417
55.674217
35.265514
52.548435
44.944515
49.98367
53.350056
35.553032
35.25056
40.662083
45.36387
55.115475
49.706165
52.938553
53.523335
35.137047
47.961746
46.723812
55.696888
53.213825
44.100235
39.056046
52.427395
51.755714
39.770866
42.068207
44.784126
47.893772
54.17433
40.853493
38.72972
46.914288
51.825466
44.493202
42.395657
40.79888
45.805813
42.555367
37.773907
54.94688
44.91072
55.572468
44.853046
40.30972
43.694347
37.363262
45.153767
40.97649
55.920715
38.576206
36.951782
41.71571
41.340206
44.501106
50.215458
38.10044
40.028244
36.020668
46.4308
36.62213
38.74642
37.55513
36.03844
54.633236
52.916462
44.990925
36.165054
49.04936
45.833218
55.878075
36.69604
45.48889
46.685627
50.631443
53.506763
53.931282
41.802902
41.077232
43.846367
37.034756
49.298256
35.448936
53.451237
37.97005
53.94359
37.8558
42.95444
37.99888
53.675915
39.322117
35.552956
48.054054
41.60993
38.727104
44.69623
46.2629
39.811016
35.362778
47.76777
35.69626
53.36921
38.371216
45.345436
46.622578
54.506786
43.02281
35.64697
46.199883
38.551098
49.653496
44.19376
46.84789
47.608826
44.091686
45.558975
46.50849
43.689266
48.574604
41.305504
36.624825
50.84139
49.478844
35.864487
55.94746
38.5932
51.67147
49.1572
53.210842
51.611794
39.92566
46.22082
52.313934
50.038506
51.63883
51.963108
38.886047
53.396183
55.0414
52.441273
55.02224
47.31394
46.19077
40.737362
41.532112
42.56991
38.307766
36.585205
36.261818
37.11347
43.43187
47.393486
54.92098
48.795853
37.946518
51.204742
51.37471
53.511692
37.257473
43.432163
39.54537
50.333954
45.794746
40.92376
39.90959
49.010777
35.55259
36.01795
40.073135
47.88521
42.5823
50.775024
35.059452
54.897346
40.208954
48.49573
47.75748
47.833443
46.255894
48.971203
54.439873
39.39747
51.229836
55.647762
38.38509
36.998146
49.24446
46.035583
42.41499
52.36811
46.44206
54.241997
54.594177
36.261593
50.810234
42.46822
50.42817
53.51332
40.584797
55.67252
38.644527
52.683628
38.880127
35.373363
49.04439
44.36338
38.794655
44.742874
50.971493
48.9673
54.00194
46.72387
51.66141
37.505264
40.75663
37.89305
45.10607
54.38869
53.319904
36.188454
38.096695
52.802647
47.040375
43.420925
54.792988
42.554195
53.714096
49.697514
53.50722
41.593765
45.391403
46.498894
37.388905
46.59851
51.49828
36.17331
44.349075
44.105408
43.996693
42.03657
50.872746
42.68669
40.320683
51.10031
48.334003
50.571293
55.994274
38.690235
40.05016
40.93345
55.16224
37.861465
37.589813
49.793148
49.746273
46.569855
45.784172
51.103073
49.576862
42.01619
42.481792
40.13277
52.645004
45.444466
39.33408
36.703186
48.56821
38.945827
54.80205
35.173313
55.471592
40.496693
38.13455
39.335636
37.74757
51.542408
54.283905
38.53811
41.5767
44.927177
51.597015
51.417847
41.66728
42.86645
45.6483
51.60533
50.40284
43.959698
40.765392
39.63782
51.474342
39.9496
40.639324
36.10672
43.117863
42.047775
38.908115
43.756176
55.278664
47.167885
50.75578
52.848686
36.37911
48.33352
39.378567
49.618412
51.880478
47.86138
35.63594
47.044094
51.49774
49.65955
39.325886
54.490738
38.751514
41.126034
51.30247
36.992966
40.522873
46.684692
45.08822
55.082745
54.414417
44.953476
49.724506
40.100407
40.014908
44.904327
39.35046
50.87015
45.614944
44.144543
46.404022
41.47002
52.527725
44.62607
41.39845
55.580975
48.931473
55.672367
54.943405
42.561134
43.069168
37.20164
40.051716
51.95835
47.716377
48.420723
53.801373
43.64807
44.059414
41.065716
46.10679
40.163326
46.513775
47.4735
45.694187
50.06974
52.556732
48.382416
54.373096
41.430878
49.348167
44.38101
44.349216
50.50791
38.77016
52.350403
46.633465
49.84243
53.528557
54.078983
38.567913
46.78234
54.128666
36.4672
46.111294
35.328213
49.86249
55.38595
51.805183
51.90111
54.42625
43.3036
50.276417
43.262653
46.424675
40.254864
42.722237
41.354443
45.812622
46.588932
52.07165
42.266144
54.274532
45.204716
48.419865
36.89025
53.64889
48.65797
49.89213
38.07647
41.767437
43.6079
53.309307
45.259712
49.49786
53.560226
35.899384
52.603127
37.35394
44.759163
37.82758
41.671196
39.76841
54.38247
41.50223
55.52787
41.011707
36.901867
36.454437
45.94074
41.78355
52.5852
51.086548
46.06473
39.704567
46.637394
39.737923
50.57741
35.29164
48.4039
41.325855
46.7428
49.51328
46.393417
42.28554
48.291866
45.690327
51.615818
51.654842
49.32508
49.332508
55.876884
39.928123
54.66628
37.48269
41.223053
49.73782
42.22663
54.278553
53.68745
36.513374
47.974045
36.735184
38.852787
54.01413
44.045345
36.202385
55.517128
42.036156
47.387463
45.556896
45.925343
35.652557
52.06863
54.95247
48.612022
49.062542
52.061703
51.869587
40.89097
51.496777
50.86923
45.28195
44.421795
42.654648
51.83333
43.988148
49.086002
35.833843
42.353527
53.54474
54.61279
41.253304
52.521675
49.780907
51.009323
49.067783
42.875557
43.57495
52.870453
45.22556
43.071346
36.429413
46.06978
43.630306
40.280056
55.394356
53.16697
48.03412
47.024128
37.05712
48.1054
39.71066
55.98781
35.642258
41.41979
39.235645
49.058563
35.746613
46.225204
54.636692
42.486553
49.872387
48.71686
38.76504
54.585537
50.714806
53.774334
37.9891
44.84076
38.111332
50.534393
39.21271
41.638084
41.66573
37.473347
48.780952
52.083565
44.323032
53.622856
53.051826
52.543716
49.59038
49.032394
55.284462
40.6041
49.673897
44.48705
47.022636
48.117607
37.533207
46.791122
45.33709
44.89353
35.742992
45.636013
55.13086
55.364822
40.094692
55.185047
48.20898
54.26311
48.071957
48.028557
52.967175
52.929962
37.689663
55.089153
52.36377
43.397446
35.699078
55.390167
42.304855
51.78244
47.830795
53.33958
39.694798
50.85637
45.57207
40.327118
44.18256
35.87571
48.956833
49.9841
47.068752
35.888584
53.984154
37.413532
39.929337
41.768692
50.575104
47.062214
45.258774
47.17047
45.427887
36.677197
51.838863
52.447742
40.73783
37.965607
39.59907
45.333244
51.51132
39.15988
35.44991
36.83735
51.121765
47.679787
45.94305
49.391808
35.830997
53.477974
37.640156
51.737938
39.23069
47.457687
41.757008
43.43854
40.946365
48.55922
50.99028
55.179
48.490326
55.72594
39.431423
51.21535
52.850048
50.98128
50.12544
51.425842
41.255154
49.274727
35.141853
35.427208
51.578583
55.588013
49.991104
38.128254
43.996696
49.031853
53.841496
39.910492
49.85814
53.309097
52.27035
50.349365
52.192787
35.971954
54.21743
53.01943
52.929745
44.358944
45.399574
55.462955
50.687378
50.9615
50.692585
41.843872
45.94851
36.240562
39.889687
46.157536
48.54035
39.590473
37.805428
45.121727
36.601467
52.230194
41.90983
54.035442
53.636982
37.29144
42.549454
49.95931
38.83848
55.26853
41.34064
42.545265
43.57645
35.29682
47.50448
54.722874
35.860798
54.434246
53.75409
42.23584
36.60903
49.235146
36.84177
53.714684
49.76173
36.42565
51.0269
35.570152
35.64147
35.417053
44.535053
41.496796
51.464092
41.72625
40.54464
48.787365
43.580032
40.111855
47.359406
55.975918
37.84878
38.37997
54.203465
52.551315
38.530815
48.36537
54.510117
53.61258
41.21919
49.551876
44.666546
55.373695
54.62683
54.159946
36.92347
45.367935
51.49583
51.300087
48.582268
44.050266
36.50138
38.967262
37.631565
45.251434
46.785847
44.23475
36.721153
39.59833
43.677265
54.994877
53.73314
39.582687
39.221825
35.989815
52.238594
38.433792
42.391357
47.677185
41.812458
43.330757
48.214485
54.683372
46.520405
54.776024
39.624077
44.211605
46.88829
42.144203
44.513832
45.792397
45.318245
44.518898
38.353283
38.19078
40.225014
43.935154
39.72317
35.117603
44.1319
42.056206
54.30212
39.63158
43.587868
49.13065
39.160686
42.764244
45.04552
48.79976
40.700382
50.951633
51.7744
47.95457
43.21293
36.314648
43.47476
36.378475
55.82885
49.69426
47.50409
53.353447
35.574924
48.61819
51.531948
54.756706
47.366215
43.052513
50.99829
36.429386
49.02129
44.874607
39.966244
41.760098
39.808075
54.493137
46.83238
35.493423
47.60299
52.936302
42.88583
48.74726
46.477547
55.031223
55.89224
43.10259
41.41417
47.005535
44.7192
48.415543
40.897015
45.95633
37.51711
36.693954
36.323727
46.152203
51.12253
49.979176
54.54057
43.060898
47.16077
40.678944
35.315983
54.328033
36.79023
55.20806
53.236633
53.671665
51.153145
50.11119
40.33516
40.802944
35.37559
45.06553
47.74035
38.03491
44.39433
50.29122
50.778057
39.19938
53.978706
44.933273
38.245228
40.856323
51.063107
35.921272
39.02954
49.550385
45.908573
48.66183
48.853592
54.046234
55.671936
43.67345
35.685337
42.05719
54.676495
48.934803
51.275352
37.971012
43.050484
49.284615
42.35669
51.472126
38.42774
48.685173
44.27466
50.76141
37.08969
47.54118
41.201363
41.2826
44.268536
38.551945
35.63395
41.47865
54.32848
50.767178
39.575607
41.12196
42.195454
35.61541
35.654896
44.18899
40.71501
40.678806
51.45152
37.082993
35.584133
52.89935
50.46584
45.24761
54.12467
39.718807
48.49439
44.85986
41.444443
42.37837
47.65521
40.342537
36.466667
53.233902
44.944572
44.89425
42.899094
48.478764
40.00044
47.09946
36.461414
38.108593
44.69837
51.9515
42.592743
37.31108
39.31196
54.298145
48.4206
37.718605
46.232502
50.802532
35.988586
48.122765
36.66177
41.001278
44.612076
40.317253
54.26664
38.937298
43.759514
37.709064
44.516106
36.146503
49.041527
47.21801
52.308605
44.4856
53.730827
53.77057
52.54177
47.40245
42.733
44.386555
42.47673
55.771
43.081577
55.45562
48.105648
50.339485
41.84031
38.305607
54.243866
35.173653
46.761524
48.57584
47.736877
45.216045
44.171307
49.225773
49.99767
48.227795
54.33077
53.233166
49.071342
46.93126
48.957127
44.165756
38.56162
40.129715
47.679104
35.846535
49.04786
46.944687
44.948395
49.275154
41.07129
36.081947
35.332054
47.816612
48.375706
54.213943
35.1704
35.423172
41.85051
35.149525
49.300728
41.316788
51.54298
54.450977
45.919327
37.126457
41.181797
48.55398
54.682426
55.94874
55.8853
47.247795
51.831528
46.179462
38.115715
45.580997
42.46909
47.25083
49.484425
52.872433
48.107906
45.600475
49.713642
37.527378
35.270603
40.29765
42.916283
48.785908
44.22539
50.756695
47.36845
52.36319
55.90998
36.878933
39.11798
53.18098
52.717598
50.78162
53.097683
52.03483
51.097477
54.996204
39.893265
53.09347
46.856632
42.647976
55.953747
38.584793
40.640644
54.665363
45.826042
46.886955
55.318176
40.509537
43.945602
54.51397
53.89737
55.26353
53.621426
35.161545
42.161724
53.17508
53.11655
40.06217
50.42893
40.908417
39.14387
51.38764
44.708206
48.827736
35.67261
40.33272
48.060066
53.608532
45.67193
55.81535
39.14682
36.3531
47.306038
42.436924
35.80319
39.17244
40.139133
46.460358
37.953278
40.88926
41.108467
51.08409
52.353607
45.115444
45.380592
53.21712
46.451374
50.462143
51.71829
50.293
39.112988
52.05189
53.654747
43.40004
36.100006
36.81939
46.596725
50.15054
47.947895
48.311424
50.95989
45.26348
55.33757
53.826046
49.577168
44.793293
45.14059
38.767464
45.91497
45.3014
37.065865
44.03538
55.082294
49.037884
49.23905
41.116165
44.224163
39.377327
43.105488
39.298107
54.653526
50.335827
43.763218
44.0942
40.99481
55.985565
53.204742
39.523224
40.68729
53.97871
55.974583
54.37354
45.42818
38.194267
49.434105
55.953884
46.5227
47.72943
42.166073
49.12165
52.65268
43.071304
39.04831
54.571434
35.275135
53.305336
44.179302
55.46527
50.718937
46.64359
42.14802
44.491
43.060246
38.38897
37.106197
37.346092
51.02637
54.690735
54.72318
36.46188
42.50296
35.09229
48.382053
52.506657
51.700756
48.92375
44.910023
42.835983
47.67598
39.05008
41.72705
55.594715
37.692272
38.349598
45.54382
43.617653
41.862297
45.56834
51.64321
51.624306
42.613655
49.8724
54.339367
37.458138
49.786316
38.503475
51.423916
49.28191
50.587883
44.432034
46.281254
49.707947
51.208027
46.79803
50.88294
45.815895
46.62501
44.23094
51.05592
37.890453
47.024853
52.848747
43.260056
49.497547
46.297626
47.84991
43.607574
39.209965
48.275623
46.13277
35.01027
45.891994
45.734497
50.30362
52.14999
48.957542
36.69126
37.767715
40.433662
50.427284
48.201916
49.3367
53.216187
47.9279
55.68668
45.931446
54.35293
37.99989
55.792294
50.511143
47.578033
35.210598
49.938446
46.317303
42.295597
49.604935
45.989513
46.88582
44.11787
53.968887
42.94272
55.05056
55.887974
46.229443
42.130592
38.338825
40.984062
35.069405
50.198
54.74194
40.41789
51.49683
35.03318
55.83358
35.61262
44.676052
54.90727
46.6039
40.77318
37.801
43.30839
35.17928
37.44688
36.171356
42.343925
54.80552
47.213043
44.918247
38.12859
41.086636
41.437244
39.018517
52.27623
40.491756
50.67923
38.33531
51.469532
45.56961
51.653088
42.42752
46.094627
45.14285
42.604107
48.781837
36.096535
44.993935
39.588768
54.938507
41.536545
48.19965
35.42268
47.7055
37.814068
45.32319
41.995865
49.28574
49.153233
37.13067
38.24552
47.678123
48.748417
38.36326
41.323605
53.15544
42.9131
37.366604
53.39971
39.971035
49.682873
55.055904
54.09954
42.700745
55.58614
43.778168
38.794773
37.787975
40.715
51.12225
38.83252
35.927086
53.80395
52.622936
38.320652
36.893776
53.75555
36.60698
38.26994
53.311302
50.939873
41.13707
36.734787
46.627182
40.63847
47.123985
52.091366
38.267704
39.20381
41.197605
45.745277
55.536007
39.861633
42.854305
44.370506
45.32442
41.596222
38.73121
51.247158
53.122982
43.227753
36.597076
54.387596
43.123283
43.61584
44.79505
44.918915
45.44052
38.90504
43.424316
48.62422
49.606552
52.86565
38.505676
53.63611
49.5227
40.67713
37.740314
39.022583
41.003742
35.951668
54.2416
43.40931
35.89276
44.40183
45.79639
52.841293
47.481842
54.318996
39.795456
41.80325
45.63436
46.94814
44.96183
48.68968
55.572212
43.91976
41.401398
51.044277
41.76493
37.13123
39.301773
46.57263
35.73742
53.857437
37.813637
43.273144
46.899338
41.41472
35.262794
52.028088
40.69133
42.40203
52.861835
40.650135
53.442196
39.399952
45.517044
52.68909
52.335693
35.020767
47.15912
36.269608
37.79707
52.37169
44.265633
55.852524
37.426556
47.318714
39.88857
42.090923
37.330887
41.419796
54.552116
35.886524
47.333706
42.03392
55.843872
51.34284
44.081783
54.90647
49.386814
43.558617
55.506535
47.481586
44.150017
44.108395
41.448746
41.298504
46.732765
41.61658
50.50949
45.0918
46.339718
44.04728
53.351234
50.634117
48.654114
44.204124
46.740494
36.93539
35.711422
50.46279
38.59718
41.143932
47.177666
50.94332
37.195503
37.382378
52.14464
53.170303
35.447506
45.795578
51.66845
48.765938
43.892647
53.287605
43.798412
48.874413
42.615585
51.78148
55.770004
44.825584
48.81903
38.34807
50.36864
46.011658
52.189823
43.219326
35.21024
36.072823
55.513664
43.526447
44.830135
50.26595
46.217674
53.58482
52.023582
36.32515
53.649673
55.685413
36.839108
49.21369
46.939404
37.64617
41.990273
55.913994
42.22914
50.827194
38.221893
40.805607
42.909832
49.91989
43.343475
39.240685
41.253834
37.583004
42.225723
50.64237
38.49635
45.917427
55.045135
43.823444
47.98511
39.846764
47.4573
46.250996
38.491524
55.702175
41.18121
46.66746
46.15626
35.69773
36.684917
39.819077
36.828533
35.526337
36.27716
50.04004
55.750603
43.006565
35.930016
46.09384
41.637722
52.56727
38.584473
50.982864
48.20859
43.369274
48.52382
50.403168
48.132572
35.032745
55.638905
53.14344
40.17721
50.263687
42.05496
42.005424
44.06336
47.154724
41.64137
52.75768
54.164963
44.5729
45.38377
47.22535
53.72678
37.841125
38.462143
40.865753
38.7157
51.87028
40.149094
39.08284
42.769825
54.005177
39.31919
48.093147
55.96461
53.110523
50.443356
46.3718
36.276188
45.841812
44.43144
53.579014
41.68964
55.621307
41.581707
55.396015
51.873486
55.570736
48.197716
46.883827
44.221558
47.540077
42.14098
37.8191
42.84957
53.415565
38.702194
53.958393
47.82609
47.090508
47.694267
44.335537
51.51623
54.838703
53.59706
48.506214
45.421265
43.343132
46.91693
36.119907
43.308525
45.30139
47.66326
53.321255
43.7433
50.3547
53.98975
55.26122
52.358074
42.068516
46.600033
48.433155
46.324368
39.830807
36.47505
38.63948
35.52856
39.82766
37.84407
43.14192
43.895416
47.7063
53.091568
54.95149
55.151745
54.142
41.469048
44.274044
47.077423
41.287983
39.063858
48.842896
50.952236
41.00648
53.466316
36.242268
54.47428
41.854195
46.97197
50.353535
41.89936
43.02691
41.957554
51.740788
43.530685
36.855755
55.277256
49.133118
49.974327
35.991394
35.14013
39.15811
55.768204
40.112827
36.95
40.134243
51.09108
46.853745
51.015987
36.039555
54.262917
54.652214
40.874744
38.73982
53.659004
48.398315
44.20482
50.181316
55.4778
55.079624
43.959
36.5319
53.52584
44.10583
50.39229
42.188328
55.81323
48.63147
51.12119
42.15897
39.28907
47.989758
42.214138
51.577744
55.48883
48.300655
43.5836
42.00871
38.214066
47.4227
44.626904
51.760216
46.619965
48.680977
53.146076
35.64326
51.24722
42.222378
55.06606
48.480946
47.602127
37.424595
36.36629
54.20406
45.862465
48.516747
53.94235
38.552532
40.166588
38.45714
46.82235
54.24323
54.729313
45.157738
39.277107
38.96167
48.720474
41.344986
53.883503
46.688576
55.440823
55.703175
45.527317
44.6817
39.834637
54.459194
42.66476
48.899235
46.789696
39.236412
48.90122
51.773113
38.992573
41.83073
48.091198
41.01897
49.330833
45.5432
44.71526
35.603905
47.96367
54.841366
54.247715
50.084183
36.218575
45.415333
41.59311
52.271984
44.41404
35.144924
52.440033
49.593655
36.556976
49.100567
37.55758
48.561516
35.618286
51.463318
52.64272
39.49704
49.751354
39.168427
48.316208
42.015327
38.3854
37.15193
37.260025
46.80916
44.599392
47.311314
53.29128
35.955345
51.562138
53.67889
40.375298
44.30712
49.110092
37.850555
45.19509
47.53315
50.72713
52.412743
36.91476
42.017292
48.28884
42.96685
38.201195
44.142624
39.939
44.363087
45.40146
44.449165
42.376915
54.924698
42.012466
50.77679
53.651764
38.768642
55.225117
54.783127
35.28363
46.81029
35.376724
45.160793
49.16086
40.67738
45.603718
39.469196
43.1995
36.552452
40.850697
39.743126
55.192966
45.913128
53.66256
44.943733
50.628624
51.24609
50.863125
40.877083
44.50304
40.07328
44.306618
54.421158
35.328598
43.047783
43.377808
42.774506
53.591694
55.45211
53.811916
38.96772
41.896263
44.162937
36.707294
51.06384
48.906357
51.03418
55.31179
53.31433
36.987537
55.694096
54.27809
52.034504
52.139355
36.952435
49.603714
43.11552
40.409615
52.369953
43.398125
37.899677
55.486298
51.05549
49.95256
43.611523
44.573826
49.424534
49.327206
35.659435
39.978004
41.478622
54.81604
47.900513
38.04745
36.146152
48.20137
50.39637
37.24925
50.363052
44.66807
46.278072
55.192726
47.865612
44.61179
49.085648
54.357605
49.117958
44.345943
50.350864
53.13138
44.403206
36.889053
53.251556
43.51573
40.869854
45.596943
46.881584
52.522907
45.244087
46.39365
36.052616
40.850258
42.993793
51.750347
41.572197
38.89497
52.961456
55.363373
38.627205
36.550694
50.870968
49.690453
43.242496
50.514084
36.65716
39.11845
43.781803
47.021515
47.26719
55.556507
54.111027
44.034954
42.43924
52.675198
53.353863
45.90081
42.97684
49.845272
53.135387
37.41673
41.205894
43.068943
43.831303
46.0587
55.626797
42.84201
48.61896
47.84442
53.255478
50.93704
47.060715
41.938835
43.784824
54.555706
50.541084
40.6438
44.491974
42.162724
41.126263
51.85627
49.767056
50.584267
49.31771
47.428055
39.245556
43.630592
55.731365
43.114967
53.788994
48.585487
50.949566
49.964474
38.977707
44.394527
40.665096
53.05821
55.354637
48.279587
55.764866
50.49942
55.390472
52.80878
38.185467
47.415253
42.02824
52.15908
41.213604
40.529953
46.70934
54.423058
50.401474
49.55743
35.983204
50.331745
35.420444
47.260258
55.15929
40.69235
47.986084
50.527035
35.97268
37.172527
37.45324
43.231285
50.903606
52.802315
46.80208
54.952248
55.61641
48.710094
49.514244
55.861805
42.96484
43.16098
37.272858
35.211403
44.14829
46.923843
50.510994
41.889194
35.897617
55.357517
39.58018
54.459846
48.019234
49.377205
39.71395
41.948193
46.232723
52.63895
38.020943
47.3827
52.99987
46.862904
53.457886
43.775986
40.96199
53.20549
36.104942
54.7868
43.677547
54.98606
42.094063
37.78181
43.583603
38.875317
38.225735
54.39506
45.492264
41.860886
45.650238
39.96944
49.47726
53.91962
41.986557
47.45662
45.705982
46.346725
40.905544
51.450756
48.628765
55.11861
46.513382
37.035954
51.949875
50.499256
55.83723
55.038765
38.9736
45.33934
45.337124
43.09432
48.244083
36.16262
39.646324
49.65828
44.878952
41.186096
40.677048
52.726776
54.63444
51.878258
52.819267
44.562572
55.533794
39.52413
37.20734
40.16804
39.840748
37.53626
44.93251
45.594288
55.266495
47.92755
41.639
49.430504
50.56112
41.44495
47.15712
49.978874
50.059513
39.352077
36.698944
43.68767
44.32692
41.744568
36.67044
50.38885
41.780724
53.583557
50.338455
49.766308
52.05283
38.340763
37.431828
54.26713
53.900856
43.262913
47.25296
39.36054
41.676586
36.783707
40.02948
45.647774
44.716644
54.538357
47.045193
43.831264
35.53289
54.768616
42.555416
52.962322
53.349167
35.645653
38.613728
38.704086
52.356064
35.183437
36.715614
50.57016
47.03692
41.9672
42.598984
42.22907
38.055935
37.879517
41.632362
36.001022
35.49317
36.370716
48.968678
37.615627
38.661533
37.591
41.045822
42.14804
36.347115
42.878277
45.07477
47.80578
55.0771
46.678745
41.87187
37.899567
47.938343
51.966587
39.763947
45.899094
53.544903
47.62456
36.323223
53.94803
43.98422
47.049114
36.373646
40.59259
43.959507
44.451523
54.050903
35.764183
51.88959
43.94102
38.69571
51.248844
38.42789
43.49615
55.013023
43.974964
45.71848
40.357555
53.239605
49.455658
43.720028
52.20825
49.02801
41.633213
41.097202
50.74677
35.377346
54.19048
36.504456
42.904156
35.21921
46.11766
49.568478
50.00727
47.202076
47.952934
43.513313
43.64924
52.807945
42.651314
38.16608
53.89185
39.18236
37.478703
55.03146
40.69534
51.96207
48.676632
45.22951
44.147747
37.944252
41.89804
51.354115
54.14902
54.65703
51.57572
41.728268
39.69431
36.76309
48.45222
49.107635
39.79638
51.756454
51.47385
35.615246
53.388874
45.597164
44.131176
37.577892
52.260147
53.76934
47.114544
39.978733
36.181587
48.74518
47.84564
37.440823
38.914967
45.990833
39.04457
35.012657
41.710026
43.45959
51.997036
36.539684
46.23653
44.98365
45.597076
38.074455
51.63433
44.097874
39.558437
45.6035
50.510406
38.60716
48.411156
44.350258
41.26367
46.643692
38.029816
39.051292
37.076332
38.051167
41.476147
46.896782
51.274807
37.680054
50.88094
55.27658
54.533752
55.58145
47.93893
35.079575
36.573532
53.14646
48.34516
43.05671
38.58437
36.95403
37.162502
43.677063
45.5998
45.462074
36.677338
53.98151
45.4375
55.705235
36.774105
36.16996
49.627266
36.846954
41.239246
42.045856
48.954044
52.774616
46.691223
40.98559
48.858078
54.923374
54.02572
48.800625
35.954777
48.1677
39.363678
40.71663
37.36367
44.92928
43.494793
45.70659
47.368828
55.61562
41.720154
43.583786
44.17235
42.125874
45.81516
54.5858
49.148083
49.438686
47.557404
36.662014
53.054443
53.231403
46.89419
38.314972
47.123264
44.07089
39.3604
50.63969
49.805798
45.963154
41.799828
46.155384
46.227562
36.952404
46.791786
46.130394
52.080437
52.01969
54.439606
53.363876
47.76348
53.747078
48.33881
50.80673
45.0731
37.0854
52.61012
52.979416
52.638798
36.091988
52.856102
36.875793
45.60249
36.68928
55.780148
38.929813
43.747288
52.336056
51.99253
41.665764
39.39601
54.000156
45.220825
49.853096
51.920147
35.97479
43.740444
52.343174
45.626743
39.89019
47.346035
49.278065
37.12374
46.73812
38.595566
42.030407
43.003468
49.848843
52.37635
53.058586
35.829594
38.53847
49.06582
45.842903
42.96452
47.579243
44.689835
38.206116
43.73229
55.73596
47.517384
44.615654
54.776222
48.359043
48.47292
54.515045
53.24115
41.427883
50.59625
38.3385
49.586727
40.497753
55.5347
41.625328
40.42143
42.71943
52.71354
45.569756
35.736008
52.472607
43.397865
35.416977
37.310783
49.182705
40.332924
43.34768
47.872787
45.575
45.02964
45.88093
52.786884
49.961082
51.04834
35.36939
46.679226
52.149498
47.825905
48.860844
51.41185
39.22589
36.69038
42.45665
46.25409
39.75748
50.711857
35.31028
36.929348
40.942513
50.949547
45.578136
35.455204
36.847443
46.472477
45.959953
40.34012
40.15288
48.254723
42.94771
41.752003
52.76395
37.67606
40.539387
48.731716
49.23144
55.89509
51.968178
40.38892
44.177357
52.804104
43.947666
42.288246
38.821587
37.623833
39.040134
46.910393
38.266224
50.45086
51.017742
39.15587
35.409615
53.231823
38.505352
43.348316
45.234554
45.70577
37.76883
53.08986
41.743195
42.82967
55.24432
44.622673
48.9958
42.08215
54.29143
42.059006
50.551464
39.826324
43.697414
49.956123
55.10574
50.605335
43.659534
36.233124
49.273685
46.84257
51.32923
49.353397
54.276215
41.923576
44.514492
51.029472
44.753567
53.0477
52.805645
50.446194
38.05177
39.55501
54.21513
47.14385
37.106224
46.657566
35.403107
54.254395
40.481216
42.633965
52.6986
36.742146
45.21487
49.582436
40.419693
39.66441
37.8662
38.76983
41.44654
41.23814
39.56423
38.46276
38.607475
42.675385
47.918705
36.88186
41.201015
52.333336
42.367702
41.581295
47.895718
43.71408
39.909637
55.123146
39.32485
48.24457
51.195324
55.389732
45.924427
53.569195
49.64045
46.257015
50.95079
38.295246
35.559566
38.63821
54.157814
37.74591
37.319836
42.099197
43.314144
51.29589
51.165977
37.345943
40.597176
38.29146
39.677593
47.888985
44.91329
51.38991
38.785717
37.101234
49.36272
38.39246
38.897594
41.702686
52.392704
43.290245
55.957
47.42922
46.66391
44.29485
47.201954
40.272694
46.29298
46.082726
35.97251
46.215523
48.92779
45.347157
50.168434
50.825367
54.062393
40.021965
42.859776
47.42423
54.10491
43.217884
45.113068
48.801083
35.974506
37.995472
43.311554
35.598324
37.42228
52.58785
38.120064
42.569702
46.8464
39.58186
48.773293
40.881004
47.10297
43.868195
36.55105
39.504738
39.702026
50.878872
37.14461
45.546032
41.821865
55.74487
37.1156
48.029522
47.77521
43.52704
55.80195
48.275505
40.91706
38.600395
35.835217
45.498604
37.49686
46.604706
51.899303
50.67325
50.626495
45.11364
49.482613
36.027737
53.36089
45.320282
52.154156
50.752186
53.869316
45.588444
38.328518
54.635674
41.813393
37.677414
38.575596
49.383884
41.341496
36.81181
45.2779
42.311058
48.55963
38.538925
47.841686
38.948627
45.945282
47.49253
52.727695
46.867752
39.933285
35.76527
40.283062
53.67428
42.82195
47.580917
50.72808
54.701775
53.22261
55.353294
55.67985
51.402172
44.507442
47.020523
38.279278
44.81324
42.09793
35.75108
44.32891
52.768383
53.980385
44.732582
41.84597
42.706528
48.535076
35.77466
48.088413
45.03861
47.62204
39.883934
51.42133
41.031937
35.87923
45.802376
46.35683
45.084946
39.357716
49.739258
52.722702
37.082165
45.94377
42.1727
47.19332
49.242878
51.49916
41.64839
45.350983
43.50687
46.288616
47.961193
43.036583
44.036724
54.05748
48.969463
46.995678
38.858574
36.072598
52.562553
43.729187
47.01182
44.546112
52.97869
47.017757
39.833202
39.124397
46.753345
47.804398
47.161762
46.543365
37.067585
45.99225
41.318584
38.12659
36.16135
49.242577
55.688934
41.53409
36.77834
50.042664
37.614105
35.057327
48.317226
35.15413
42.086655
42.799984
35.478207
41.049232
49.434887
50.284145
48.714287
40.096066
39.781185
42.37809
43.72364
54.06307
44.563705
45.954514
43.55218
54.979214
38.82189
50.356976
54.614956
36.50816
44.263973
37.57756
43.090256
55.773075
44.357857
52.030167
55.692326
51.00337
40.81705
53.941578
47.786366
44.465405
54.88919
49.676353
52.173885
44.886337
49.797142
51.76182
35.646965
41.9835
55.53138
45.985893
40.586697
52.771427
37.947117
43.70309
39.464157
41.03428
42.780872
41.403145
45.091404
44.723675
39.768486
52.671703
50.86563
37.07011
39.520264
38.904167
40.051308
44.880795
46.188828
35.52131
39.3531
50.837524
43.251297
54.979317
49.6467
37.6053
51.919956
50.56713
43.755177
40.215725
44.794014
35.840267
48.58518
44.498714
44.370113
45.553173
46.770367
45.302025
49.940285
45.120983
49.208748
46.85996
37.22343
54.966835
41.525974
54.951187
