32.718426
16.601511
24.826649
21.026932
36.6289
32.254993
34.379128
21.951153
35.813732
24.765402
20.181284
21.952644
30.222775
33.47219
38.96428
24.669289
24.530313
26.505964
35.86015
25.650112
19.549099
21.028994
22.286257
34.341053
31.16981
30.789186
36.10759
30.39651
15.516704
17.795866
36.49115
22.606535
30.78557
24.341825
19.548588
24.301785
34.318005
37.82459
27.857103
16.483124
37.866417
25.860811
31.255487
33.12003
36.717064
35.041355
19.931183
34.07171
25.363789
15.340447
33.74598
23.907146
29.76307
23.670982
21.99201
17.534971
35.851315
34.36898
21.326439
40.001423
27.96829
19.493715
24.502304
38.074345
29.105919
31.746084
40.694664
39.3035
19.489582
29.536276
33.715324
40.132183
30.899485
23.27283
21.216055
32.332397
37.352474
38.29866
26.09933
36.54572
36.290154
23.065708
26.787344
31.034037
26.256952
23.118273
21.744072
34.87936
37.20232
16.246264
39.701897
27.818945
34.003933
37.77294
40.41342
21.661903
30.584389
15.357895
31.430668
22.80563
15.08156
19.924398
22.408169
25.755207
25.93335
15.361388
15.7328615
19.746185
22.450329
24.503767
36.903076
28.580896
25.475237
32.560764
20.010378
21.610746
36.06615
31.640638
40.922226
15.43168
34.79054
29.310963
21.32009
37.30729
35.18036
18.237284
18.616726
26.593798
38.173607
26.858974
29.958017
39.51339
17.955805
26.78957
37.00889
21.507208
35.51515
39.16994
16.029472
28.09647
16.438005
23.556143
20.866842
25.690056
35.99684
39.089806
30.919214
22.099112
31.420486
20.67744
17.873758
22.653969
40.387154
18.696077
24.075706
17.766006
26.243351
33.346104
15.755649
21.536785
24.227419
30.188272
32.02351
34.58908
21.06412
21.630316
17.531874
35.679226
18.697233
22.16958
19.017906
39.847374
23.639952
25.051708
21.552374
25.872128
28.448235
20.671333
33.255764
16.618233
33.16025
28.519283
27.485733
24.500738
26.195324
40.771835
23.056782
30.736387
22.168776
40.72103
39.922077
39.312695
36.35441
31.161125
15.929104
28.677456
16.11427
40.574722
21.754921
18.036215
40.51571
30.503197
17.933395
40.842453
32.568707
25.839474
16.00602
31.575058
16.041695
18.9473
37.259464
15.219865
38.652187
40.489643
37.257248
34.006855
35.578716
20.639826
18.42945
20.901848
39.703594
37.952618
16.353626
20.111313
23.771418
31.588387
26.041666
33.431118
28.73599
15.812066
36.5415
29.654928
21.968933
29.729612
35.469166
28.455086
26.715906
32.078175
39.705982
26.158695
24.212002
18.552248
20.427063
24.66381
34.205532
31.626505
33.871704
22.375437
40.29001
36.127136
19.82271
35.488327
33.406883
15.906956
19.63091
25.203274
34.157047
15.895576
28.802757
25.535915
30.147013
29.524462
29.66301
29.261824
16.49603
16.067715
33.411186
26.238865
27.843315
15.792928
32.0096
34.857685
30.719967
40.982456
20.77237
25.693308
39.98801
15.86402
26.269073
20.56575
38.199417
36.280495
37.2132
34.16467
20.19084
22.53233
18.374805
15.15295
27.005194
22.24201
35.23838
31.236326
37.31907
28.318497
34.121056
30.070942
24.955423
24.140614
36.77295
27.07799
15.773825
33.93185
26.100601
36.24435
16.255943
36.965073
28.58603
34.81042
31.441862
23.714134
29.218159
19.381086
27.523188
34.36042
26.309948
17.443022
28.361803
25.165861
16.443707
24.531347
31.478548
38.139957
21.968761
35.36085
37.643913
38.156883
30.969715
29.121803
25.103333
37.219765
30.430223
20.837648
36.682476
15.92272
33.43637
36.191597
21.54334
19.327261
40.69528
16.551437
23.199862
34.448227
27.388866
32.056664
39.552143
21.335348
22.439156
31.579222
27.161276
39.340137
18.630808
31.128988
24.762117
32.57376
40.7181
26.8474
24.099333
21.790083
20.637787
21.117294
33.572304
33.969124
18.255825
28.514421
31.887482
25.729603
38.695217
18.33579
28.942144
20.365337
17.223728
36.262245
29.501324
18.778757
23.924469
33.34751
21.880182
15.875784
20.928953
23.973183
18.806927
30.089869
28.861353
39.66881
24.916744
20.618994
22.324348
24.768698
36.915176
28.687963
22.751078
18.76156
18.349712
15.6892805
36.754387
38.886665
37.14123
36.409504
27.223648
31.03966
32.55243
29.713915
26.85111
29.373735
31.108122
40.040905
17.513866
35.116367
40.132793
16.848434
19.994162
17.069298
33.03362
27.758507
28.889917
16.01905
34.232613
30.561598
29.248964
32.85765
29.739355
39.471428
30.454653
27.597898
25.756289
40.061592
19.197115
29.664896
24.421307
23.168993
18.983616
20.855175
36.81787
16.715042
34.573055
19.177189
26.720707
23.874212
37.96386
38.42156
18.195572
40.310352
18.121069
28.756819
24.13442
16.30491
15.497656
35.90614
15.082773
25.517012
20.586689
26.532757
28.30386
24.844057
23.235113
27.346647
27.92463
27.392345
30.256567
21.142199
36.22151
36.920864
30.999798
36.48645
35.629272
37.287342
33.960854
29.099669
38.894123
28.404211
32.27141
18.104898
30.942741
33.003082
17.952187
25.270247
34.501617
36.109966
18.189585
24.127586
28.276655
39.549328
39.575306
24.423489
35.590786
37.023758
38.24285
37.74307
36.777714
15.356873
39.141403
32.344597
40.342873
24.340765
20.30686
23.252617
23.928068
35.29516
29.921225
27.479406
22.45402
26.924082
17.195911
17.87958
31.465668
26.346788
36.67102
36.589733
26.667728
33.283237
19.391836
20.264881
39.91358
34.290424
17.60541
36.395687
21.498346
21.67439
40.11432
34.87525
16.507414
30.243708
37.231167
17.681461
25.184664
18.423834
15.396721
40.05074
15.809846
40.417686
27.956074
34.841194
39.41267
35.076286
30.331444
17.91806
26.801367
36.934406
18.886839
18.34146
33.84653
27.469604
37.148926
34.896374
20.736284
22.059107
26.730164
18.076946
23.006874
26.337425
31.294298
30.021996
36.55303
16.69872
32.211033
18.095884
23.53541
23.541355
20.165813
40.818676
17.127861
34.518127
29.922268
29.671776
24.38498
36.53421
35.679054
16.939955
26.161032
25.525778
16.019423
32.198032
30.974064
26.155907
32.321026
16.31017
25.984419
39.480244
18.675077
39.88201
16.844856
25.363567
38.858162
24.990705
15.079767
33.969265
22.706593
32.715084
38.863922
36.997383
28.362358
26.498005
30.596554
32.512814
36.2914
16.695244
24.504515
19.18379
17.719011
16.799925
21.658539
18.541796
34.183853
16.778875
20.249653
23.477577
30.28122
31.717022
21.748085
23.603926
38.347763
20.538162
32.65494
37.34441
29.834146
25.955276
40.957302
16.648308
31.418606
27.000784
30.11029
25.085388
18.533625
21.496876
15.39506
39.74036
28.909546
23.64842
29.83951
17.80518
29.983072
39.575573
27.538967
28.058544
18.575266
33.050617
19.176918
31.525293
15.112776
38.963215
29.821339
32.52458
27.847704
39.110607
38.659954
15.044069
15.0255995
37.793987
26.238255
35.91858
40.757767
25.399616
32.97692
35.64491
33.473194
30.652933
35.270733
15.8308
38.25704
26.55625
18.308886
33.254368
16.126757
21.15533
21.907116
30.301432
26.35361
22.227486
29.104797
40.151608
38.30641
28.74347
19.055706
30.500126
26.976028
29.52788
15.828909
27.83082
29.33327
38.927395
15.136724
21.296711
38.979477
28.493502
27.719538
31.11818
32.168232
28.696186
23.14265
27.074732
35.208233
37.50719
33.09826
36.144833
27.5016
23.326347
24.956017
28.639343
16.028427
38.171688
36.26856
35.277588
21.957554
17.31381
37.213703
17.571123
16.245255
27.607218
38.543034
34.60875
40.577553
40.65621
31.506807
34.87737
20.818613
40.650043
21.438202
40.106766
34.24675
34.211914
20.205145
15.292451
37.291264
16.928612
32.575966
29.029177
31.227432
36.36238
27.695454
19.078772
33.34361
18.293823
19.330809
23.69947
36.46361
19.704481
37.32235
35.679893
26.389082
34.57996
23.761778
27.249384
20.820772
22.999218
36.821102
32.077408
20.624273
26.172915
32.86833
29.428225
36.924866
34.103535
31.531303
15.203096
39.447826
26.362177
32.709076
37.080765
36.76463
22.111698
31.180473
40.257965
39.662167
28.953245
15.422521
38.39529
38.721237
29.43282
22.526682
25.289677
20.372135
17.116943
32.68883
24.523342
24.18943
33.031136
24.649231
18.880003
21.994566
27.95226
31.6717
16.67273
16.454086
18.555532
18.17649
40.29379
29.292925
23.739231
21.9794
27.27537
20.98639
15.5849495
40.239902
21.941057
32.850998
23.358473
36.684044
20.331518
32.823597
30.716154
15.443272
26.50376
15.899742
17.853874
32.938137
20.531961
37.196484
29.720518
17.636358
33.57879
29.911366
32.61507
40.227486
33.259716
40.068546
22.496307
25.781866
27.188774
34.87465
29.156204
38.799522
16.072811
15.750996
25.04307
37.704865
30.012224
18.665636
21.967577
19.306122
18.769712
29.257626
17.184692
34.013744
22.684628
32.427696
38.416744
31.199913
17.638952
17.56361
21.267654
18.981697
31.022015
19.375072
24.17559
33.92325
15.994523
20.432304
17.56109
33.677895
20.518557
22.933939
37.149986
21.4288
27.598598
19.974083
16.58517
17.1373
23.969809
40.635044
39.38857
39.0709
34.073154
36.601303
17.094414
21.858284
24.5731
18.672024
32.9472
30.406664
39.902035
17.543467
26.94245
22.417036
33.356655
20.539392
18.185692
29.945978
17.125032
22.586584
18.55483
18.487867
26.289051
37.66434
39.47333
28.389381
32.32557
22.200897
35.23642
22.058472
36.920475
34.446358
17.779783
39.39295
23.013487
33.720924
21.039955
19.129168
30.907463
20.618742
38.127945
19.399193
23.004568
27.741957
19.422316
28.685244
27.27259
28.346087
24.38528
26.573084
30.898306
31.39705
40.415085
24.231415
27.750713
33.971794
28.37024
23.38223
22.255524
29.678572
20.53595
35.677483
24.073336
26.829662
26.750286
33.860283
40.577354
26.468342
20.167511
27.864258
21.54263
18.033636
23.708126
21.092623
22.68721
35.440502
29.630064
16.518795
23.74671
22.659748
15.8526745
26.963432
34.617237
37.501076
35.6749
30.928022
33.76769
29.234367
32.351353
30.703136
40.60088
25.92838
18.624725
33.119804
29.734102
28.942749
27.760252
29.275364
24.273052
32.87826
24.887716
39.840538
35.06926
27.472015
35.528725
17.142412
39.679543
37.418304
24.071796
24.118279
20.287077
20.902567
34.655
17.448341
36.197178
25.755005
20.425718
37.700542
29.686941
27.562052
28.469345
37.15873
35.9663
38.818012
36.833458
40.155777
22.799221
40.255894
35.02136
33.196133
26.937155
22.86548
38.08853
18.927616
18.932917
29.788485
33.04795
35.110363
33.131725
33.27461
22.674799
29.130915
21.67706
33.189087
17.998583
30.322618
24.22259
22.181416
24.780258
22.378717
38.707413
28.556509
17.094303
30.48249
35.030342
33.13384
34.770477
16.429132
24.750021
32.936607
22.897173
15.977005
40.041164
20.422174
34.848156
19.941246
24.053196
34.14671
19.366629
34.13065
18.54612
25.250969
15.125424
17.129076
15.219476
23.960985
20.87934
31.135555
28.503675
17.41639
23.835403
37.60269
33.74914
16.570845
25.189135
18.250784
35.727085
17.653172
25.909632
31.185507
36.14684
20.734411
21.803556
35.309906
31.498152
30.315153
26.64789
27.99684
15.94287
18.529175
21.753588
31.075825
16.208944
24.553522
39.70699
30.588795
30.480726
36.121822
29.233162
20.481956
31.13303
26.656778
31.135101
27.426527
37.822422
34.46937
38.084946
27.298855
36.927795
28.71653
29.67818
29.500957
21.62318
30.365606
38.60903
29.265282
15.969394
23.283123
28.085043
38.362984
30.327036
32.746964
26.671059
25.222832
32.121906
38.175243
34.63766
16.36828
23.534946
35.67182
39.586315
38.293156
40.042274
26.107468
16.633247
40.421715
22.896936
29.887375
15.7564335
31.636856
22.62254
16.299911
30.044678
21.01048
31.37984
27.398027
35.535206
31.8331
27.671013
31.733963
30.085823
38.81496
23.262243
21.949505
25.300056
33.41903
19.433851
36.218216
33.908356
17.686445
27.708138
22.842627
15.205821
18.62802
39.058693
25.928638
39.15658
33.280704
23.27089
19.990881
19.597282
16.865854
30.601843
22.587053
18.606865
15.136526
17.17906
30.635817
19.557117
30.963882
21.68062
17.941977
31.618221
24.488255
39.755646
20.63436
39.565777
27.748205
28.37239
29.715897
31.620619
34.601402
24.822308
19.732067
30.74986
40.963978
22.461884
19.68304
21.36757
18.920395
21.440165
28.736418
33.695545
25.093859
19.63832
29.0417
18.179564
40.81751
18.838657
25.004187
34.303673
15.109716
15.743959
34.74517
25.904903
19.232075
24.884132
15.156971
24.662989
35.69659
24.675558
24.955383
34.824516
20.989002
30.939623
38.43893
33.418148
15.988026
36.040394
18.283253
25.227304
39.085682
22.46745
30.630785
26.609049
24.351826
29.16833
17.979866
34.88257
16.73633
19.226173
36.934185
28.458008
26.265266
30.581541
28.74252
19.136108
25.462866
31.41348
20.740433
38.08141
38.818867
26.523438
36.29968
18.85654
18.021326
32.606533
29.697716
26.602339
27.88775
16.64836
38.43895
39.95839
39.45294
30.851385
30.990818
19.640764
18.509674
33.47359
40.64211
16.728529
18.04889
39.75301
34.247463
16.657885
37.508793
36.695286
39.991215
29.68253
32.517826
17.917484
34.985264
25.131123
33.9042
39.969807
27.50995
19.177479
34.145218
33.597923
20.013416
26.036404
33.14234
28.262146
19.604172
36.50783
37.23357
33.895706
22.703156
31.614218
33.692314
36.362854
31.76578
26.71085
29.612602
34.36857
40.541042
38.896084
19.043169
37.675163
18.20395
15.808209
31.508427
17.397099
23.87916
26.967941
22.642246
26.873785
15.567809
21.710321
35.560795
30.161251
21.296272
22.447031
33.81361
36.53699
33.42458
28.509932
35.277493
17.57838
27.483997
30.148867
33.195644
16.353514
20.657307
32.391575
17.714916
24.054394
22.072071
22.420801
36.73689
30.00584
35.446182
17.88343
36.67392
26.399584
18.306772
31.118814
33.789154
35.331463
24.997566
15.678141
21.19996
18.760687
24.99654
28.704016
23.336992
27.863646
31.684736
35.749176
20.676668
40.920742
39.638878
19.435497
20.902582
34.353268
36.76445
39.989285
34.301823
29.818317
15.142604
40.13603
19.165098
21.373312
37.33339
21.097605
35.234856
30.637644
35.059464
36.507214
21.833607
24.60755
22.688498
26.94199
26.204926
36.321255
28.739254
29.470646
16.812584
30.925009
16.755354
28.123125
21.868624
30.856647
28.32244
30.511614
21.199072
35.841747
21.748573
26.966976
15.706377
38.18859
25.984354
29.501942
25.150589
29.471544
16.72834
32.672165
21.746609
37.108566
30.34508
20.978523
32.16282
34.567017
15.217113
27.83879
27.90672
24.972967
17.459003
15.354094
35.796143
40.752777
36.540577
32.105305
16.239952
25.601603
24.29817
40.036827
39.390102
23.55217
34.0569
37.119965
29.87721
25.208033
15.14347
37.93531
23.804836
35.30912
37.938366
35.573452
38.952877
34.71336
15.797713
19.325432
34.728554
23.606724
22.66942
35.519222
40.303703
15.294984
29.034683
23.555809
21.590103
27.284079
29.925232
35.7081
26.229837
34.521908
31.198204
25.568254
28.61572
28.65296
17.994785
22.163767
36.10705
38.928165
18.365292
32.709866
19.069
21.015875
33.412613
26.725618
17.139212
39.375908
24.987469
25.813322
24.21315
25.087082
32.963192
34.785614
33.040096
30.059729
18.424273
29.021912
15.034605
28.418118
16.722109
29.94564
39.933575
34.503803
21.28306
27.335892
19.267054
36.429413
21.297985
27.821995
15.26123
28.403357
39.979122
29.356707
24.754944
40.14954
22.939322
35.723495
35.986523
15.662086
34.430225
33.20566
22.695526
24.263674
40.670235
37.429832
38.884483
20.477047
40.299595
24.093575
30.798496
15.572808
34.119217
30.796696
16.20607
24.8226
15.701425
34.51802
20.902319
22.465315
29.20492
22.41425
28.50621
17.184961
30.782997
18.564686
20.086256
34.50238
27.343086
20.045506
20.924599
38.89893
21.097414
26.289392
36.8172
23.718904
40.338646
18.071178
33.708324
16.93834
22.181074
26.657421
16.170353
25.741426
27.627048
29.66756
26.265373
36.51183
15.249905
34.016598
34.662838
21.324598
39.02893
17.944002
22.538088
23.315462
28.428432
29.580791
15.739253
21.407833
40.68212
26.766546
17.985622
21.79375
26.425766
33.900326
21.4483
37.293644
26.315079
38.494274
30.964481
26.260702
38.072525
16.795914
24.349495
40.04924
34.525852
28.354952
37.79618
18.232384
15.632802
39.732635
20.189058
19.732975
37.230564
15.686497
31.31112
37.82261
18.305214
18.110558
22.384012
27.547161
34.945522
22.770876
33.157692
19.553299
18.827091
31.44853
31.853594
38.518856
25.067026
40.486954
26.665735
39.431072
16.59589
35.937744
30.237001
24.810158
35.812893
28.508894
17.553364
40.641644
29.221878
24.3416
25.03656
38.259583
34.98981
36.276627
20.266232
35.71356
34.926147
20.718433
25.72537
29.256077
23.25054
17.465006
34.23832
21.502884
22.69804
31.943716
18.35849
19.547253
30.005064
35.178154
28.86329
19.850367
27.626026
32.50823
38.726727
31.083359
22.649721
27.595613
40.46547
39.262634
35.316113
39.568798
34.592087
37.49861
32.2784
26.296844
23.05954
19.469015
35.811825
29.728188
20.043951
29.331394
25.539839
35.990597
37.187973
35.20553
19.929869
27.520638
17.515059
30.584927
20.805126
38.875797
15.625297
28.077618
29.42546
26.079681
17.496315
40.72995
17.309433
21.360428
15.238247
31.853163
40.901474
30.964777
36.48954
38.750965
40.432045
31.365028
24.790857
17.037376
15.875401
30.623299
22.237175
36.33766
40.778767
20.937347
16.98356
21.081104
39.918205
15.464474
37.768047
17.822998
15.230779
15.404701
29.515366
15.074117
38.27916
18.021833
18.29822
26.969585
22.623945
38.79063
40.45816
30.274954
17.910696
23.180702
39.526016
17.205889
33.222713
37.722397
33.732224
34.328873
24.307344
19.947332
40.36028
24.413809
25.65262
26.555878
32.971977
15.525474
22.072811
30.736227
29.620897
31.869242
23.455465
32.944454
18.571085
37.94756
18.629288
38.6522
18.75071
21.43713
29.93125
27.578396
39.1959
36.86279
28.983017
25.743752
21.077808
35.62261
34.43091
28.321379
29.5564
40.209694
31.960213
29.704351
22.667326
29.579788
35.76391
29.470629
22.723597
26.52963
22.827358
28.998108
18.301758
26.679749
34.884792
37.367306
21.782532
40.196182
39.709988
18.886475
30.628899
31.739279
33.522686
32.083656
24.10991
21.293657
21.723972
23.332518
37.016426
20.511976
29.917902
19.413523
22.065413
35.996155
39.233418
28.259293
21.152225
18.543207
35.32962
31.89275
18.3858
39.798836
39.14918
36.138924
34.929504
28.990545
37.478783
22.076065
23.070795
28.4529
22.682129
32.388935
32.65575
17.511215
25.590212
39.796997
31.049883
33.955887
19.465143
24.55238
26.124609
38.81811
16.198034
25.637371
38.41904
27.448814
34.457985
35.738358
23.58975
24.005976
25.378489
15.332984
31.536486
31.37177
20.549053
18.299482
28.179749
28.249252
17.57415
22.341988
19.766483
21.729454
40.26809
24.222816
39.793095
28.97324
23.67365
16.302547
33.1603
39.818283
32.52393
39.210907
37.01235
35.100044
29.510954
31.60636
38.86335
29.266623
36.78133
37.929417
26.076546
26.470947
22.448256
30.814571
22.537588
38.739662
17.59094
18.397964
16.45086
29.046713
18.206554
38.142662
19.588245
33.160545
24.886505
40.00071
23.032648
39.98741
26.607979
24.740871
17.483934
18.799286
27.963312
36.093246
19.532898
17.21334
25.393902
21.99671
20.9592
24.08107
15.552006
36.682377
34.072155
24.548555
17.78294
35.586124
32.38859
30.465433
24.901781
39.155327
38.52998
32.048634
21.932877
15.499911
18.121283
32.24798
29.28705
19.53495
17.687029
21.614202
28.970577
39.771862
16.06536
20.636091
35.851624
37.237514
38.698788
40.491764
24.753965
18.135311
26.310766
31.950312
24.204493
28.809603
17.94002
33.763454
21.030104
22.334534
35.080044
16.302841
38.68124
36.62069
32.75903
21.42724
22.153479
16.317669
34.795868
17.604801
25.685192
38.98801
30.180769
22.169115
16.028503
28.037626
39.554474
18.2538
28.022306
36.710182
27.097841
16.428898
32.440346
17.08762
23.794046
30.353327
28.643942
17.48627
30.988514
39.861168
32.438114
24.897846
30.44708
33.815617
16.711483
24.196728
34.70075
36.792896
22.93447
30.719883
25.365858
18.199455
23.396963
39.522884
29.341331
19.779343
17.185753
35.125374
17.310026
27.634556
37.333687
29.881474
37.8092
21.859804
40.31663
15.245545
33.285385
36.684044
28.130957
30.150795
22.01195
36.61472
21.553411
26.478159
39.522926
37.49661
26.866934
27.16506
17.304672
17.625755
19.329979
29.8884
34.88721
23.099895
36.973724
30.453493
22.190126
15.440403
35.930523
19.030312
30.003107
26.186695
23.42873
23.200748
35.81932
16.642645
36.833054
38.415344
21.889984
15.245488
26.666348
38.905193
18.331587
18.131273
16.417776
30.354517
28.39243
28.386917
38.124046
17.711636
23.573189
18.207407
36.20441
25.400852
19.196508
21.71775
34.83693
38.895058
32.233524
28.572775
38.282494
28.118544
28.720686
33.613876
30.99482
24.471899
33.938007
35.84034
23.098759
22.405502
40.670425
24.743921
36.875904
17.41549
29.336662
29.658789
17.265593
33.095795
20.545553
34.195045
30.071066
38.452133
19.727526
39.052505
17.554712
31.06856
36.88945
24.55245
24.412897
39.914494
32.25388
21.078548
25.740072
21.589941
28.569113
17.28422
16.523508
39.62874
27.214422
24.402191
35.454067
38.114635
29.87517
34.28298
38.39516
30.312098
34.5254
16.892641
20.72111
30.27359
33.730915
17.916023
30.9178
20.457354
40.873775
20.840422
34.33265
31.274406
31.799397
38.43538
39.767563
23.180819
39.600533
35.898052
36.727673
34.441048
22.777643
38.099464
19.570295
24.010391
37.853096
16.345543
18.542746
29.11938
20.667097
31.85783
20.754154
17.090223
30.046013
19.78228
24.49572
28.675117
23.309292
26.950573
32.005383
23.778593
31.168917
26.846872
30.767061
33.810745
37.97587
22.274002
31.741264
40.11552
35.980843
30.06651
24.542969
36.92797
33.301952
38.86409
28.514385
22.136684
36.62995
34.4374
16.884274
23.762274
31.351997
35.349277
32.7622
24.510239
29.73775
34.837856
38.58521
39.016094
40.107132
36.72422
38.81603
16.473055
28.48682
15.875568
19.186127
25.21728
27.163061
31.296019
24.583485
23.542957
23.751184
26.270664
27.804182
34.529266
37.927643
29.154463
34.818455
27.983538
26.808315
22.37609
34.9461
15.739654
22.107105
32.017937
30.392654
29.498089
20.671879
39.93687
24.967035
23.153635
30.770071
34.806465
24.48282
24.129223
17.584265
37.689854
21.339634
36.61895
22.778372
29.793491
19.087637
29.84075
36.707977
36.905434
35.397324
18.408829
33.87377
16.687984
15.788427
33.758354
30.554928
17.472885
33.71592
33.189545
38.209606
28.498365
17.167675
28.545668
29.192719
25.630816
25.797585
29.799139
34.61646
33.52989
19.799454
25.892265
23.766962
18.94435
16.221247
34.063843
38.390903
22.366999
32.225822
19.59017
27.378696
20.63054
39.923473
26.378782
29.896355
23.192223
27.83322
33.17541
29.855968
17.833654
37.77393
32.279556
21.765148
29.293194
35.04299
29.611221
37.458656
32.951805
38.109447
24.731184
22.99087
37.109333
27.730019
38.989418
31.055567
23.616583
24.390766
23.361053
22.699986
35.669765
39.28359
34.726532
20.81289
27.427158
19.646036
28.362377
18.891891
28.77406
20.224525
31.231249
17.93307
38.040504
40.8651
31.294758
19.936375
21.767277
31.792671
24.51973
36.48316
15.719233
25.008665
39.508415
31.117605
15.261002
22.41875
27.755377
36.85169
25.938644
16.7964
31.418608
19.013693
28.651812
26.494709
18.189585
40.873196
38.15455
30.938023
26.356876
35.000877
26.788822
19.356571
34.48007
31.159328
15.333414
21.971441
17.22559
35.671417
19.64183
20.89388
19.863304
33.675777
21.34639
37.37202
40.68243
36.454227
39.321636
32.69981
27.157688
35.103916
27.828814
38.097023
16.081327
19.227352
17.304083
24.175943
30.073896
17.026344
18.606707
21.2293
30.896444
35.21132
33.20944
33.505886
21.809107
31.47532
34.291878
19.884266
40.855736
40.93243
34.988575
39.91166
22.401573
40.883186
40.14713
30.044289
39.51068
25.545065
34.867626
24.107035
38.82214
31.973822
26.823208
24.484453
16.468735
32.302067
23.902603
16.361797
28.279251
35.6342
32.068996
38.453857
18.015041
21.462248
24.495558
16.091068
25.71405
29.305126
38.016544
32.276455
32.350025
22.424095
30.723866
37.38368
30.962074
16.930187
17.142488
22.5355
26.169365
15.374736
34.834175
21.38372
37.558147
16.001986
16.507423
18.005701
23.812937
29.24323
32.752605
38.939297
19.661036
25.74475
20.374794
30.997091
22.70931
39.24724
37.96271
17.432543
38.0744
30.972332
39.810867
25.274721
39.34232
33.82214
35.602848
26.205002
34.84064
24.660713
26.367344
32.218212
40.466293
29.221651
23.134428
29.49237
36.38416
38.774014
19.448172
23.385248
40.79652
24.579037
30.432678
24.282742
35.680637
23.383135
33.462128
18.143042
30.901472
26.717928
18.651442
31.01234
26.428888
18.616058
29.362728
27.531881
29.523401
20.501858
31.71359
35.512863
18.701807
30.478863
35.67704
40.02478
15.053813
27.011545
18.778606
39.124477
28.053026
16.086538
22.624922
27.347313
17.390438
34.339
26.538902
16.388489
36.555824
26.34266
23.430317
33.021683
33.90221
34.287518
36.696445
28.233847
34.750843
40.606964
15.426091
22.799118
37.728867
40.766617
30.471226
17.071432
25.979176
22.389904
16.054031
40.64461
15.141673
24.170977
36.493164
38.71027
37.077408
29.613256
23.361544
24.438107
27.191902
40.53247
28.928997
28.509705
29.91114
37.47582
35.096622
20.056175
37.373566
34.73431
17.195713
25.681587
30.723597
22.463278
23.00264
30.998241
33.527016
25.576376
25.112087
18.156563
20.775831
30.5413
31.414532
21.221432
16.709927
34.980858
27.839916
32.9285
22.25516
37.070927
29.757942
23.348108
34.262276
40.127155
25.466454
37.29113
39.928303
36.48529
39.05287
24.910137
24.79183
25.8052
22.57967
28.880972
19.515871
26.266792
19.023417
39.793964
29.306747
38.77621
27.687862
22.940578
16.264717
24.263714
22.915152
24.550566
29.221823
22.429962
36.835186
15.71619
19.69472
30.885386
15.621705
33.734325
30.464962
22.52762
24.264679
35.40386
30.996578
36.214973
31.222105
26.934904
31.410427
35.319218
21.480322
34.558083
34.05717
22.578903
26.530462
20.666155
38.86544
23.824816
34.559715
34.377026
27.589025
23.612026
15.759531
36.776184
16.836689
36.56844
24.068943
27.778408
32.3405
21.35758
37.899742
33.542564
23.303291
31.553816
22.43114
38.680088
19.863188
15.440993
34.91523
38.116802
16.722813
28.771015
28.100388
39.399414
27.813168
32.8566
37.35846
29.482119
16.496855
25.023024
24.392448
32.585445
31.2626
35.40636
20.504988
37.58858
34.12283
21.361332
35.323944
38.598034
29.998281
26.329567
22.609917
20.829685
30.25842
25.91959
33.3115
21.747889
38.283688
40.16272
31.387636
26.524408
29.425358
31.434406
40.082443
29.311666
34.061096
18.368515
35.316376
27.568846
36.579014
25.24233
40.64862
17.736137
35.070312
21.773087
18.869158
30.921434
30.270409
18.042099
38.694874
16.945515
33.8606
15.350531
25.272705
20.085878
27.627216
32.21121
16.233757
16.165977
24.172369
27.393778
26.895863
28.25582
40.880253
22.96587
34.87807
27.181488
19.665146
35.610893
25.869093
21.285294
37.662094
24.153395
20.582706
33.434925
24.468462
31.185844
34.03663
30.149073
23.804354
36.966118
28.20748
33.88865
25.532146
16.342804
29.842815
17.056932
35.860146
18.365864
20.752394
33.05848
31.252636
35.45307
22.254215
31.885914
19.078373
20.508064
24.616976
17.135254
31.351845
34.223656
20.319063
26.094639
15.056332
18.95457
20.735226
40.60792
19.485163
24.006554
25.465597
23.783741
23.797228
39.96421
29.937729
34.30233
18.555136
20.767883
40.140842
30.066484
29.39917
33.65019
25.392504
18.24969
29.207407
40.7558
40.891422
25.413622
35.1022
38.293354
39.47616
31.29883
36.485455
25.406376
26.487936
37.136555
37.91989
17.600409
32.92689
31.886297
34.120735
16.526436
24.194485
25.67287
35.582138
33.196156
36.630928
30.878332
32.434727
25.292439
21.784908
31.838303
35.01564
17.138786
16.89395
21.898836
22.329504
33.104454
33.407276
23.709185
38.088688
27.747307
39.54903
35.05733
30.343369
22.834326
19.898207
32.299465
38.846767
32.530178
40.75274
22.491035
16.248096
23.507025
40.6486
27.696335
20.965612
36.504204
26.820885
18.635061
21.164385
27.954336
32.622295
33.81854
28.64817
28.692726
23.955486
36.63486
18.672037
39.479866
22.629257
24.461428
26.69216
32.09223
15.214564
26.8149
19.891483
16.07447
25.454859
33.79282
25.954683
28.896389
30.576286
21.617714
28.013151
33.221184
30.946772
36.963722
20.9405
33.26659
16.449026
25.927328
16.251293
30.82865
21.661087
20.998001
20.740551
18.438074
27.478914
24.191164
31.698803
24.332184
21.169195
22.625021
19.047215
35.45068
16.00644
40.254456
40.05961
28.501493
23.626993
20.219353
15.472959
35.293293
35.02365
36.321262
16.735182
40.99412
25.707981
15.511603
24.89886
30.751059
38.98356
15.956111
16.241734
23.193674
24.50182
23.234423
18.07962
18.744404
33.313217
26.540392
36.434666
30.371927
33.479897
31.367748
29.231592
26.44896
29.98217
23.097479
20.51685
25.713812
19.129484
27.147356
22.830425
26.985409
26.977715
29.90072
34.30724
37.244404
31.358019
34.50079
28.344847
22.968367
28.038595
28.778322
38.74648
23.196949
27.26911
37.07472
18.133167
30.703312
21.498693
23.52918
36.115963
39.860973
38.41179
31.517767
24.229082
16.320662
25.592257
34.363758
22.946993
38.449585
38.104607
20.182936
34.243305
23.63604
28.072237
16.784023
21.096535
28.024984
15.936115
18.913607
19.107601
38.025814
18.493307
17.816576
22.966185
22.021269
19.043306
32.077255
35.887817
21.106932
32.011116
31.012941
31.340878
24.403593
30.269562
31.510883
17.392408
37.510166
26.049324
32.131165
16.823908
32.002747
27.803684
34.542286
36.803097
37.53578
15.686022
33.912746
38.344826
36.064198
31.401579
18.75115
22.054152
35.980743
16.111057
30.868952
24.716776
38.550694
24.79212
15.634114
33.18692
29.926453
23.00585
23.490612
21.719841
27.237446
40.36881
29.837809
38.406116
18.77616
34.197258
31.79543
25.68693
16.138994
22.76873
35.12395
29.064474
28.331043
18.437046
40.62688
39.068813
30.30679
30.440443
18.730564
20.30229
21.194065
29.65854
33.618755
27.954847
24.536575
40.802273
26.29337
36.568447
24.290632
21.562014
19.239428
40.02592
18.024614
35.092663
35.99143
31.749474
30.795158
15.880348
36.829887
19.91625
31.51183
31.514086
17.081087
38.13318
20.252562
36.176594
33.0496
35.460533
17.95493
27.772106
40.482292
38.93347
31.183773
31.524931
25.644295
22.803041
36.26357
28.61113
29.581331
27.60288
18.964314
20.926603
15.949692
36.84521
40.142612
28.448442
19.914066
21.659348
18.265015
19.812433
28.045248
24.008316
38.578564
33.708057
34.893738
39.253902
17.84392
18.483416
34.97202
38.787735
39.009228
33.955967
17.247362
27.205711
27.97846
28.841011
32.92864
38.075443
22.715643
19.438354
28.324835
21.731094
21.326946
40.258644
36.859528
31.727222
26.475397
19.124294
23.94476
23.59311
32.508434
17.946032
37.34938
22.351206
21.016335
35.85456
29.941086
37.898186
32.190052
31.657848
17.237972
31.794289
37.309746
21.698076
39.074627
33.266453
29.970827
37.098324
28.86938
24.302982
36.242104
17.117533
23.473488
23.602262
34.85109
34.87333
27.389662
36.835274
37.70439
38.045822
21.266506
40.191513
28.576494
38.341496
20.007053
27.500032
17.638115
29.47477
28.573736
28.352297
35.645775
16.215967
31.628765
25.600557
24.077019
28.657759
32.51805
21.365479
16.271206
34.26831
17.788412
29.258806
33.7236
37.52782
33.421947
40.91173
17.080935
20.98615
18.278175
39.09688
39.099495
20.432745
40.85355
37.74159
32.85216
18.536135
19.399717
24.952333
30.808743
33.78874
34.685963
36.805134
27.064291
18.883728
39.247948
19.103807
39.953064
32.754272
18.833973
33.567802
19.561073
25.421444
20.941683
15.983679
22.238155
24.525593
15.832181
26.738922
26.110828
24.957058
35.215275
40.854156
21.810097
22.355516
38.91863
33.139545
31.153801
29.413376
26.28526
28.42345
19.36092
40.89706
32.78799
40.93612
25.525711
15.091102
31.406075
16.878584
19.542404
15.973443
40.678352
19.96654
17.446564
35.84638
17.028963
25.311373
29.227167
32.37607
29.95573
36.385216
35.563774
39.034584
40.978065
29.014174
26.656105
27.791988
36.86026
31.353645
19.338697
37.571888
26.55778
37.62193
28.011244
19.462494
23.578247
26.003069
18.565567
23.966215
27.00548
27.577108
26.453075
34.6743
17.304066
39.395817
38.31199
32.66909
19.203619
32.894062
27.161428
24.684956
15.455983
26.711853
16.069962
35.599987
40.065296
28.699396
18.418943
22.184032
31.709982
21.387096
34.406567
38.19473
29.507349
28.524918
37.276215
28.891619
40.015644
21.430107
20.903326
21.8295
24.425037
16.82967
26.837652
36.395718
22.258146
24.643661
39.673347
34.972004
28.58237
20.727697
20.70715
17.830107
19.730433
25.97781
23.245266
39.911396
33.83215
33.398037
26.632584
20.49419
17.079641
30.740957
36.103073
38.41849
24.579777
28.153532
27.888248
28.016457
39.891827
39.895542
35.67091
18.187822
37.904922
22.64501
33.43425
21.163067
21.579062
22.164877
27.031855
22.413157
20.255058
29.177423
36.39196
22.893139
15.732945
24.177698
32.169777
27.347958
34.12499
19.61447
32.874546
23.762312
36.608646
30.37701
29.023348
21.202427
22.63638
39.848274
25.711699
28.276134
38.90345
22.919764
22.141207
34.22863
36.43138
17.310719
22.107555
27.29484
34.493977
22.29395
23.227434
32.345314
39.79441
33.502945
40.77094
20.091087
38.296032
25.879656
38.366318
35.153957
31.41614
20.019596
20.556929
34.1622
35.911236
28.180664
35.2155
19.69761
25.71374
27.044403
23.158869
19.398504
16.22444
26.953129
25.956589
35.81409
19.1215
35.793625
36.889828
19.709303
40.61602
29.957932
18.29226
29.435133
20.265812
34.883923
21.092619
17.708038
40.9531
31.563234
35.278942
20.682981
21.438635
21.101261
31.217417
24.55824
33.023743
38.923836
21.284142
16.116058
29.283478
33.54734
37.106033
31.5818
34.57826
25.963856
29.857431
28.975239
19.107964
24.640182
15.521929
18.73113
23.641556
37.88933
29.80425
15.782286
21.737059
27.945383
20.465014
39.526775
19.26073
25.457293
24.251469
38.14204
38.321003
23.314634
19.310293
18.562057
35.35187
34.727856
39.99388
29.099886
31.012014
24.30805
17.309439
22.17627
28.810173
32.525917
18.910624
31.906101
35.923824
35.376865
37.494324
27.398048
21.547432
32.339012
39.740597
17.538607
35.28814
26.783075
23.52162
40.76042
36.62095
21.877886
31.005983
31.835718
38.222023
29.732592
25.497467
21.08914
15.117942
32.026333
40.372868
25.590437
20.02034
18.698431
21.321339
28.865812
16.959522
17.406921
26.23808
27.457855
26.387276
34.410557
32.58811
17.267475
27.288263
31.289072
15.831278
26.027235
27.520983
19.488895
30.587442
38.484074
22.603466
40.06615
24.621367
25.910316
23.465477
15.196118
18.439478
33.41549
21.308174
29.028076
22.316288
21.197428
24.643776
22.286709
31.905998
17.349628
31.831974
17.656013
29.245268
26.13296
31.986399
31.428938
15.916032
24.723156
25.993689
25.165735
17.412567
23.361753
17.569242
33.176254
34.34501
40.56644
19.767975
33.52621
25.011797
34.59799
17.174944
31.964695
29.086512
22.734268
38.11994
27.67996
15.689884
31.06809
36.691742
17.112833
40.955704
21.523859
33.0718
17.19176
34.349716
31.579294
26.763945
32.300884
17.463476
19.781818
38.665638
28.052254
21.780558
40.565327
30.60805
23.50548
29.00038
33.1015
20.986395
33.863052
34.90528
30.960876
18.408543
35.866684
31.469427
28.21242
31.90905
36.12983
39.933475
27.256311
20.207516
36.463856
35.9068
30.163218
33.734135
15.890039
38.209526
38.584305
31.702099
24.476852
18.129513
15.399795
16.3756
31.401789
17.044674
40.18985
31.863777
30.709198
25.94917
26.340118
21.265144
15.12042
30.32215
26.135265
15.793705
30.94973
37.99076
39.547325
30.63699
25.68938
18.164473
32.59177
30.728016
38.14933
18.655674
36.10264
25.357244
27.171938
21.451902
37.569145
27.607233
20.889267
22.267902
27.279675
26.96189
16.2503
23.481186
39.435074
23.123817
30.117735
23.942562
29.121704
24.067408
24.61871
35.553596
25.075712
33.661945
38.631138
19.215746
38.023445
27.818205
24.297064
35.781384
39.049088
29.043549
18.276697
30.974806
39.91892
39.5348
30.091635
26.901646
25.582813
30.494688
32.352913
32.728107
40.17694
32.2269
23.929443
17.386726
31.76776
15.746337
23.1845
37.753323
29.80585
28.135395
34.29286
22.640175
40.799187
28.68362
21.34828
38.163326
18.06895
22.967365
34.48096
33.56735
36.61695
39.45758
27.526684
30.428757
34.11235
33.988125
31.924294
36.309692
23.796291
17.473532
20.46534
32.39631
32.70662
35.634384
25.279455
17.43181
19.040821
36.170048
31.011377
29.34182
35.70396
20.812616
32.530228
25.350323
37.129223
27.002697
20.708967
27.097178
15.312367
16.546627
35.82169
27.29363
22.667273
28.54651
37.92868
32.7902
19.788364
19.138475
33.253956
35.58161
23.49669
15.131318
39.007225
24.236431
34.649895
28.506723
30.36205
21.514343
24.112452
33.92397
16.374119
27.522028
15.010909
29.866142
18.508509
25.658875
33.94005
33.871513
16.141853
38.816715
37.139217
37.4129
19.915277
21.823154
17.824318
24.41942
24.136147
26.955923
29.839184
35.179302
25.561428
34.506134
16.581388
38.41887
17.842794
25.831137
34.760788
20.722168
22.673298
28.11314
31.965273
30.137196
20.24773
20.127563
27.236668
25.808867
29.033602
28.725582
36.90072
27.785557
24.046822
36.44812
25.748665
20.7651
31.83607
35.714012
36.333855
34.477856
25.201986
26.362864
28.625443
31.648512
21.312174
40.983654
32.552174
36.03502
21.320189
18.422869
25.072762
25.912132
29.856533
38.141445
15.3254795
38.54866
18.83187
34.67768
22.13795
38.72178
15.877506
40.37362
25.71929
39.118214
21.445375
27.735344
35.710144
30.591448
36.0996
28.322971
36.93228
21.675585
30.85395
22.904104
26.157843
39.50074
38.54421
15.754764
26.009377
24.311405
19.17187
32.454845
25.705385
27.158438
18.91523
37.300438
18.781971
19.016909
21.07623
17.543297
35.149857
21.576227
15.6162195
25.068115
26.886915
27.255548
32.131027
23.831125
28.020008
20.616695
23.125515
15.409008
36.215786
17.278364
30.270027
25.344902
16.778786
37.679615
39.95598
15.62875
30.646029
19.597208
27.915
31.612083
38.170963
27.190594
31.925901
36.93276
15.405499
19.529852
16.705933
31.61301
25.317501
32.05618
39.96762
26.39465
36.92202
24.23106
37.3197
30.588015
34.658176
17.749418
18.200418
35.236805
20.509472
32.123703
15.353821
26.238695
28.344023
34.190014
34.494267
31.21212
33.74198
29.143938
24.751848
37.36242
31.181175
27.08306
16.250988
17.376017
29.867804
38.71454
34.74692
18.459108
31.727673
30.880495
24.629362
34.03778
30.114431
24.860455
22.80009
20.349384
17.644758
26.029272
18.9408
17.180279
20.236502
26.380636
16.509954
27.343128
21.904282
23.67034
29.442076
39.137115
39.158062
22.490185
23.970158
25.997515
36.95373
37.4525
25.251743
33.816315
34.060757
24.846922
26.551344
35.003586
24.44046
24.62519
18.616764
39.259567
24.769508
39.376404
32.5841
40.24044
20.596708
15.074256
17.255909
20.826092
34.78724
15.809475
40.91946
19.536055
31.886925
29.464788
15.006511
34.790226
32.830208
39.346394
29.843563
40.173874
20.018988
18.155067
35.501137
16.641756
31.2155
37.361626
15.322956
28.68417
21.920898
33.045696
16.100702
18.878061
25.952297
22.563316
21.05718
40.959244
40.784462
19.027985
27.810646
39.577168
15.888393
28.52159
17.315157
21.231564
26.77757
22.1956
33.406685
19.54071
32.763603
17.979631
22.031958
20.95387
38.526615
32.48365
30.496725
20.29596
16.521593
24.8617
18.142502
35.120316
32.970608
36.89914
28.745493
29.74585
26.731668
17.392101
23.628769
24.067726
37.688572
34.006943
18.98846
18.7562
39.472153
16.239164
33.257057
19.295996
36.30175
26.835342
20.461603
20.469105
15.52684
20.09834
25.481897
36.346745
22.052216
17.865158
38.873566
36.63158
22.246141
25.628407
26.493105
18.279245
31.15944
36.266586
34.5468
23.72855
15.924451
19.154932
21.882643
39.7827
26.056356
26.047771
32.354233
36.20919
16.045328
32.05497
32.907753
20.46395
25.106539
28.279158
17.67805
38.59574
31.246027
20.237114
30.826988
22.349638
23.903978
31.057764
23.117088
22.76383
39.352947
36.630966
19.285664
29.141943
39.757103
37.37533
37.169502
33.18334
18.33958
28.100018
23.227331
35.26688
19.458534
23.554504
22.61717
21.40893
31.558498
24.692116
15.3077965
31.254301
32.9422
39.41705
26.838482
29.609266
39.098953
39.641468
25.288277
24.488592
37.929314
31.848192
34.775997
39.42398
23.621645
19.036325
34.38424
32.869183
15.164821
19.921144
27.785606
24.93746
37.522236
30.56636
17.046497
21.419899
32.345867
34.245865
16.093693
27.05855
18.775143
29.263834
31.151102
18.386229
35.343826
19.70613
27.08892
21.095154
35.309223
26.652588
30.074642
29.859577
29.821495
37.24897
38.17516
31.812881
38.26685
40.218933
38.63145
28.467543
22.846968
40.89055
31.412127
20.766747
30.997978
38.61853
15.34933
38.16931
36.6058
20.602505
15.670331
39.19501
33.140785
26.533236
30.060333
31.695213
18.812977
34.242893
24.526844
28.26422
31.640398
29.59211
40.28318
39.6695
26.9263
22.1957
26.628487
32.954487
39.05728
32.270508
38.37385
18.955418
29.762703
32.883076
29.748972
16.374126
22.0169
32.18142
21.920935
22.261631
28.619104
37.81429
16.266611
27.792633
15.152142
16.673073
26.362295
21.549067
36.499325
29.335482
30.289074
28.181139
40.39013
38.146885
23.299608
18.277224
32.548653
34.74432
15.151838
35.549366
29.934925
25.009779
40.48734
40.029034
15.297617
24.933548
20.516848
36.868153
35.797752
37.67502
33.97273
19.553326
24.816517
40.227547
26.797945
29.866604
27.226246
21.52551
37.36332
26.763937
36.382286
30.57595
19.139662
18.492962
39.884308
39.25373
27.698633
30.73458
24.75926
31.768372
39.675907
26.328205
17.13416
21.492285
19.902534
39.22847
36.69537
31.83432
31.295134
16.741499
16.272104
31.149181
24.292822
39.80184
37.735374
32.29235
20.638527
31.076498
29.069603
15.36189
28.124659
31.020332
33.952675
35.412533
24.557793
30.657627
24.471203
27.48422
38.64437
22.827383
39.701256
33.156273
32.75911
26.905346
21.800898
36.02011
23.630173
21.603672
40.98933
27.957567
35.859787
24.3495
35.328457
29.91838
33.896416
21.956625
32.576267
18.009775
22.584217
35.829796
23.547323
18.142494
18.737883
33.779133
31.394333
16.221909
32.325665
19.672485
35.015602
21.929428
21.790707
23.61646
27.39684
22.508566
17.800474
37.132282
21.111734
34.65168
21.286495
19.880455
21.434223
31.577538
33.02122
24.888647
40.55641
34.696484
37.176193
39.950127
20.259665
34.879158
20.315437
39.88539
27.052267
39.276314
16.100256
23.69761
21.265772
33.881462
36.616386
20.3028
39.892944
37.5847
25.681711
16.478643
26.053919
36.335205
23.752535
36.95119
25.893082
38.211494
22.118647
19.126543
24.437763
39.69282
27.962206
39.87511
25.490795
30.231516
21.552704
20.98882
26.98257
38.345375
38.360058
35.457115
20.374186
27.88081
30.190144
36.545437
22.68182
19.841555
24.58186
23.810276
30.483475
37.234432
30.65202
24.647804
30.872746
25.752804
32.33422
20.748428
34.74031
23.799915
16.530052
17.917564
32.992302
21.34862
20.075754
27.123257
24.3558
18.44042
21.624762
16.344223
18.275152
26.746098
36.55629
22.81724
36.068855
37.541687
18.842386
37.6207
19.995256
32.69779
19.440676
17.181572
19.166376
19.836815
38.227215
21.25586
25.352568
36.68191
35.74375
38.20807
20.636889
40.80293
28.105824
18.003077
38.606457
21.459002
23.303009
27.224163
35.30913
32.04383
29.819826
36.64391
37.557392
16.759068
23.015575
28.40001
18.32722
33.572655
21.023706
18.66593
37.97846
27.263275
26.06601
28.856813
17.813911
37.40861
37.02424
27.873793
19.098255
32.544273
22.871517
33.665405
28.073528
21.401909
16.138134
20.472582
15.736763
37.129185
40.971146
30.524132
28.186144
24.70084
17.544407
23.662525
39.19571
25.349354
17.585485
25.405144
27.344545
18.775187
36.608086
23.284105
15.505026
20.140896
35.073498
24.958109
22.785563
36.409927
27.151762
37.55266
40.12695
35.4601
24.01298
29.960464
16.667322
39.583374
18.651623
28.421537
32.719315
30.47778
21.131243
32.60321
36.743988
27.643751
40.834442
36.6128
40.059628
32.21662
21.812593
16.901361
34.189537
35.698296
16.652159
22.85467
23.73145
27.795565
33.40915
20.018068
32.422176
17.628965
25.110584
22.364632
29.674704
39.945324
32.08156
32.79153
23.280882
30.648775
15.928777
30.117378
31.201395
25.959076
26.396196
18.2537
23.405735
26.812859
40.505688
28.936573
17.578388
26.742397
21.405382
21.42989
34.173496
19.398298
16.170616
32.949547
22.778725
37.12651
21.437212
38.208317
19.040094
20.566795
23.194027
25.443962
29.503119
37.108887
34.32152
19.568655
18.641483
37.22423
34.535324
40.665527
28.073128
32.1853
20.278591
29.958675
36.50454
28.491201
38.804127
21.595797
22.297613
35.43734
21.197128
39.107986
36.71946
20.698574
15.411576
28.249165
40.914005
34.53952
36.52808
29.068007
37.42531
36.322124
33.388317
25.528053
37.70599
19.34998
24.520872
38.767178
30.460205
19.77032
23.84563
20.175411
37.89911
22.24887
24.028605
34.8705
36.027763
27.43934
30.556334
22.86356
36.935932
25.88849
34.60879
24.232447
35.731335
19.949337
33.63199
19.95846
22.232248
15.5192175
27.146183
23.732344
27.827595
30.976053
33.772984
15.998438
27.015942
17.555319
21.724249
29.781237
39.051067
37.59184
25.068075
32.42648
27.850058
24.544685
19.971888
32.28934
37.861122
33.530117
36.819885
32.6151
23.94163
25.206562
27.61191
20.383127
38.463036
33.2874
15.373016
35.722897
18.83784
26.701332
19.43787
37.661087
15.454644
27.476854
25.42125
38.421814
21.611078
40.796417
17.44581
39.277283
35.450176
20.347553
34.770454
20.034222
35.134445
38.09237
17.347458
37.64169
30.532831
26.883417
35.033745
27.118824
31.549278
36.973183
25.191479
16.026459
22.887648
17.395935
35.23544
28.044483
25.526247
32.444954
30.319304
31.867083
30.466219
38.024723
17.800411
40.591045
24.421606
22.526842
33.382122
28.0476
34.034863
40.05999
30.90537
28.116175
30.930143
32.358543
20.6456
20.95887
28.457733
23.500944
25.668646
28.327312
20.336388
16.688179
16.308863
40.61896
31.566534
40.76425
15.1550255
23.197794
28.965656
21.904804
39.064354
36.64476
34.46829
28.956558
20.672241
27.06619
28.936497
33.279488
29.625057
22.363823
39.64282
17.625177
31.335617
18.457943
24.816065
31.579096
30.445736
33.855553
27.68145
17.400976
27.377493
23.668352
34.28004
35.716824
21.364664
33.21076
38.0185
19.447548
20.177942
16.645975
37.378616
18.603504
17.392477
21.798668
35.50716
22.130714
16.493374
34.215515
37.510105
31.863827
27.374676
37.83045
21.191252
33.822426
28.859575
28.17922
19.703798
23.581448
24.754337
31.00828
20.124517
33.25314
26.645752
22.335936
40.31354
35.737114
36.161625
29.549093
27.588936
31.326685
40.736134
30.956764
38.72367
18.503838
18.056627
33.37197
27.563633
20.811771
17.315697
33.756493
34.168835
39.063198
30.152126
35.738346
21.796005
22.824091
36.7366
22.899794
25.269258
31.10681
24.842804
36.13398
40.326534
29.513163
37.94183
40.081287
34.383038
31.687035
34.367516
17.681849
32.81893
38.86795
15.42271
24.218504
17.377008
38.581013
35.931126
24.87498
40.547134
20.05531
24.186743
24.796846
15.917752
31.832056
29.512526
15.918288
15.390716
18.205332
36.71241
16.40557
25.884314
33.632458
37.585358
28.468468
36.690285
16.05766
40.367477
38.503872
24.00418
35.211826
28.47803
34.061058
19.314447
34.382824
16.267353
38.956165
29.314095
15.8949375
31.599564
33.01366
40.789856
23.59266
19.050076
28.375546
30.547247
25.993235
17.257858
38.094448
29.845945
15.453887
37.544487
40.81458
33.048443
25.693995
30.29693
17.744986
35.225906
22.318882
24.808174
26.842415
17.31876
36.611244
33.279667
32.14642
38.11544
35.787743
24.51169
19.54735
23.791323
25.162474
39.442684
21.918142
20.0409
15.215686
15.145685
36.503826
38.939667
35.435223
30.149864
15.737931
16.588327
22.979836
36.02746
19.243002
40.320354
29.707611
16.071056
21.672695
23.795
19.919483
21.583517
40.26592
18.651339
19.286827
35.812622
17.508823
20.564999
36.863865
24.88469
26.138319
35.52764
34.829712
22.226292
19.871252
38.96041
40.66153
35.910378
19.706203
17.875952
37.809433
19.122927
36.42028
38.7197
15.6253605
36.518486
34.971184
36.749657
37.29236
15.6177635
23.915205
24.854795
33.807297
30.597618
20.664675
30.565899
32.689163
23.833693
33.433846
21.678497
16.01684
28.37806
39.06
19.38621
33.64423
18.189114
28.537016
17.113737
35.9974
22.378164
19.0615
17.342285
24.727448
36.996964
38.666996
23.636257
24.674517
24.962666
35.109646
26.808466
35.092415
25.601467
16.569086
18.70228
25.890087
35.989487
15.941278
36.42248
37.765156
20.779148
23.025288
28.01273
29.536572
23.521627
29.74401
29.556026
33.727367
34.630714
16.689177
23.46554
26.505312
33.080654
36.743847
16.33673
32.458305
16.690329
15.311052
16.147675
26.362997
27.418406
34.765095
30.823072
37.099346
19.478851
23.142387
29.218344
19.170328
27.28343
21.801651
15.433826
18.905294
23.227634
35.808674
32.03505
25.356983
38.158737
38.13866
15.233575
28.14648
25.999378
24.43971
27.373964
20.066885
34.447445
37.0637
19.175861
23.125751
23.93268
15.346407
22.096264
18.887896
19.08283
15.706457
39.905563
19.474365
32.83677
24.033142
34.11191
20.379963
27.039429
38.04605
16.222015
24.390902
22.863056
24.834778
34.992508
27.315784
25.721638
22.624989
38.804462
32.987217
34.48
39.967346
20.084763
37.04808
35.706505
32.008873
28.301424
32.405518
22.477894
22.281527
40.476112
27.91748
21.817165
39.530876
29.38548
17.870615
21.23013
18.5079
37.664093
27.115162
21.003544
27.360083
28.875109
31.341427
34.937477
40.283134
30.281004
39.914234
18.006874
28.432749
32.52507
31.925777
25.08197
38.74608
38.725433
16.683973
22.284582
17.285526
23.586958
37.72258
35.81694
20.992893
24.05221
40.600945
26.172121
29.329733
30.741444
23.255423
36.519787
15.180227
19.972322
15.471106
24.7583
36.60573
19.503786
25.161686
29.234003
39.56555
19.314417
37.576912
24.450678
24.55646
29.70417
31.30118
39.227077
29.273678
40.79938
15.963533
25.707575
18.85921
26.144444
40.948418
29.390781
19.078524
28.479607
24.07819
23.913296
25.854673
28.032803
40.232567
19.710428
28.989231
22.694494
38.176735
26.873075
38.612354
23.297995
33.489147
23.529669
15.92964
33.89375
38.411476
15.904357
33.17139
38.384598
17.687525
16.837393
27.300215
19.180029
25.01437
18.000938
15.995856
38.63095
27.59829
33.303257
22.711489
29.922544
28.48958
21.046558
34.18361
16.831276
21.864536
16.288475
32.678074
33.29311
17.229525
16.554491
40.467716
36.08358
36.641174
27.558344
29.562304
35.076263
28.468437
18.909689
31.549595
25.524864
25.966269
40.923153
36.55657
19.604982
22.987513
20.59006
26.80281
18.055262
36.5285
37.53398
18.99342
35.1736
36.485706
31.343441
32.886734
17.652586
18.994816
34.059963
18.772488
31.779411
37.030247
17.796808
16.309
16.378927
40.562325
19.473606
37.193283
26.54463
22.500914
34.474308
16.475922
37.680817
31.89848
16.670664
35.982952
34.67016
40.442165
37.70067
18.26984
37.08453
28.133654
23.65122
16.808035
16.272816
27.237162
24.36653
15.69255
17.888105
24.070127
37.48844
16.059286
17.957525
20.017735
26.032309
28.613811
23.951612
26.271574
32.81164
40.19865
18.476067
27.224407
15.347099
23.164028
16.187263
33.197105
33.03019
25.45742
34.323933
20.230486
22.259201
30.81015
35.85091
19.043936
29.024803
16.174646
33.626865
20.944298
35.99485
39.653877
24.236498
29.462713
26.53285
34.564888
19.168606
32.803654
29.281698
17.991207
26.875034
35.80962
15.954138
31.204338
23.911472
37.07657
31.793587
20.672396
34.83963
33.099247
28.803825
26.02438
28.861275
22.882338
30.293222
23.301401
22.258202
15.322361
35.538998
36.101677
27.628168
25.846998
25.449276
19.813868
17.635357
40.292595
17.985428
17.03383
26.534975
26.807259
35.804485
15.472708
27.08505
30.686125
36.091164
25.189644
35.624573
36.47695
27.871323
21.820353
24.075588
30.438412
37.233418
34.62312
34.41789
22.49006
17.831789
36.626728
18.78849
30.162056
20.805399
18.940187
32.77404
17.734438
24.81789
24.372023
18.69284
15.749837
33.30959
30.907278
15.704255
27.390173
30.249378
23.303308
36.436634
16.826988
21.684072
19.090757
35.491066
34.58679
26.205284
17.604076
21.656698
16.21679
21.08843
37.316315
18.964354
21.093243
34.305855
25.715742
15.808784
30.083513
15.875835
27.237371
34.285835
29.954847
35.081406
30.350206
29.619326
24.916817
40.977825
24.801548
26.093523
17.491135
40.304672
32.232502
33.26049
20.021614
31.428381
35.904266
36.35775
28.568758
27.263258
22.112625
39.850056
28.677513
26.253843
29.018549
36.800274
39.563477
32.44866
36.085567
35.377663
17.631863
39.455242
31.090088
39.228085
15.925288
32.63853
23.758665
34.659035
19.090488
35.309578
33.486614
38.63344
35.76078
27.848648
19.305288
29.41973
15.8701725
35.716667
19.290674
26.411673
25.34674
19.131231
19.943937
17.109928
32.876923
29.818048
39.724827
31.548405
36.989124
22.69612
22.881836
19.551907
16.574131
38.614563
39.99837
24.127647
30.141407
34.331383
28.262043
33.02169
26.604649
17.809156
25.364641
16.012392
21.1964
20.599949
30.15319
39.866474
22.230867
16.601467
20.677925
24.049274
17.865595
19.788788
24.120863
36.25939
40.756836
28.66073
37.239086
35.648808
18.5601
26.087204
40.419716
37.19315
37.596516
18.003633
33.218945
19.092825
25.687212
38.970856
36.345394
26.314133
16.1522
37.0036
16.448477
27.420645
28.276709
16.267986
33.78528
32.69852
16.167204
22.258142
28.864906
35.24552
19.850916
21.884491
36.507168
29.17198
29.71681
30.540768
18.402725
38.352974
19.952614
33.664356
22.22493
29.274515
24.501642
19.564083
26.61874
16.432533
22.244827
27.362032
24.9802
38.471992
26.607424
26.780596
34.840187
15.794464
32.596607
23.203316
17.87917
15.715972
39.39525
19.9478
40.12497
17.423052
29.068802
22.01128
40.72355
33.953316
23.68641
25.684113
28.823101
16.217985
20.213943
24.373852
35.574753
28.687246
40.90584
30.742208
16.028412
15.775418
20.604269
20.82956
29.790384
38.19131
17.348232
15.226338
39.70956
39.56027
29.001951
29.548038
38.57206
25.477884
24.230904
15.480162
30.809448
31.821314
23.085623
30.48186
27.56366
16.622763
24.697474
16.87169
33.102066
22.100636
17.147215
15.466211
22.539045
22.547365
21.4364
29.201883
31.09585
23.689013
27.6732
16.243042
17.718328
23.86017
37.07845
27.963451
28.772629
26.878773
32.224316
30.886192
16.751732
18.858902
16.037163
23.176464
40.45117
38.365704
39.527786
35.60409
26.910122
37.295055
28.956371
30.027288
25.564457
20.651587
31.196146
15.396583
15.521268
29.0023
23.428837
34.03743
39.639698
33.79887
35.98671
31.542442
26.190893
36.990364
35.15007
23.988857
22.27018
30.389114
32.015762
38.39413
34.84757
31.105896
38.171387
16.332348
27.367977
35.03672
28.841496
26.456375
16.15053
32.86194
23.416283
27.30544
17.48664
16.309498
37.829826
35.225132
21.299484
24.537533
17.124165
33.486526
40.502872
39.407703
35.717068
27.763458
22.785421
26.149017
17.385515
20.011677
27.446274
20.453012
32.783596
15.490925
16.12157
28.394615
15.432555
40.180748
16.766232
21.739077
25.552526
22.16306
17.093487
22.173826
40.84945
34.679325
30.825008
31.795172
36.42748
28.51743
15.567388
33.78323
20.366158
23.143085
32.90607
26.614529
33.183487
19.562922
31.39577
29.390228
26.399923
39.29112
35.526764
22.898891
21.725145
28.988752
34.45938
26.886314
16.00855
19.354778
21.344349
22.670877
40.02598
29.669807
17.3846
31.72142
39.41946
16.028652
20.444496
15.1057
21.663223
19.744854
21.975315
17.820898
31.798615
24.670155
18.30129
25.933811
23.861912
36.244186
30.89831
25.186714
24.423388
40.974365
25.197803
29.266033
21.46252
16.743282
32.66128
36.284405
31.92341
39.85064
20.39629
37.19273
34.726074
34.01901
28.422512
27.817362
22.753489
39.727554
36.847103
39.008587
39.390846
31.184969
15.671258
28.990013
22.562628
33.0128
34.72535
40.414593
23.89475
37.28252
16.317951
23.861452
16.623238
37.934475
24.584366
17.548716
19.177376
29.804073
15.23323
35.891087
25.984592
39.490482
23.4151
23.196898
36.97586
21.12516
19.774904
37.27787
36.514584
35.732483
31.40041
39.03591
15.02857
16.321918
15.341884
34.194664
38.493843
22.110992
15.65339
32.259647
30.100668
16.350496
40.494156
35.519318
24.926306
39.108257
23.728764
31.440346
32.24568
39.064957
39.677856
35.164
37.23025
24.885332
36.19641
16.976442
24.217049
33.050255
16.094522
40.604385
15.473924
27.17008
32.066086
25.978456
30.4438
33.746822
25.753548
30.710194
22.819735
35.11252
19.352407
19.944603
38.48434
33.843376
28.246954
18.478718
16.341183
24.334171
23.569155
32.077614
24.37248
34.414436
32.285496
36.772854
32.876495
34.89795
33.44195
25.594358
23.769728
21.779175
18.535187
27.665203
27.083084
30.425097
39.62841
18.879843
35.33791
37.558163
38.793312
38.489838
35.35686
21.085842
22.73476
25.837105
17.246216
21.904514
39.04296
16.20325
19.780493
29.690224
39.418068
16.284616
36.226665
26.386063
26.425188
32.15607
26.764648
32.605732
15.863087
29.75272
37.092148
21.495087
36.66781
33.877125
27.546299
39.728264
34.42279
36.530685
33.131004
38.26217
15.0099535
20.971376
36.208134
16.233019
33.71168
30.31594
16.292294
37.950733
16.16139
40.73333
15.383152
31.331846
32.940914
37.317013
36.575745
28.308847
17.335707
29.577435
22.308529
37.76361
21.784304
19.161812
22.540495
15.354827
22.896408
26.887083
40.39274
18.244184
15.564267
17.462727
39.346676
36.173218
27.654993
20.38375
39.960087
19.60258
28.0468
36.390182
23.24388
30.697727
36.36007
40.61783
38.336643
17.82979
32.634502
24.106163
39.920586
18.957634
31.416567
36.68272
39.941704
31.766935
15.246748
34.409283
40.628635
16.76429
21.374123
33.753803
29.548761
25.659237
20.676044
32.44297
20.496777
39.314224
23.223696
39.55373
16.380138
31.302414
22.709656
36.818336
33.94735
28.685446
20.041454
31.345718
29.199272
17.008022
26.805553
23.003258
22.63021
15.703499
20.019043
23.556345
21.064758
25.114363
40.611732
33.329273
15.787903
27.153828
37.419235
40.62943
38.910187
40.26945
22.11799
35.46783
21.46618
35.81702
30.496098
34.21254
31.61386
19.212667
25.729214
39.72747
25.48393
23.303484
19.918652
24.277725
28.722437
25.281614
19.049217
30.02347
27.576548
24.164133
19.737183
22.278
24.492561
27.370752
19.664251
23.871569
24.626848
26.25363
17.43118
28.941158
26.414557
21.568405
37.715168
37.25728
39.397556
24.822758
38.078014
15.802493
31.882236
22.198637
18.547375
22.732365
39.679443
40.31648
22.181429
40.077946
15.172894
21.494623
38.227592
37.59009
15.26919
20.354246
33.19883
24.97929
39.40153
23.630054
23.2165
21.470732
18.691011
20.869125
17.306555
18.072905
16.613409
31.335115
39.98634
25.248959
34.07612
27.882296
34.44207
30.783653
23.678936
25.823645
22.872507
23.55465
39.114086
35.889496
40.162228
24.645502
34.15502
39.258
24.948233
35.77867
33.490173
17.335941
20.35663
18.400387
38.776905
35.478195
29.211386
38.915245
21.72269
22.15636
39.355152
36.546917
25.744535
23.22193
27.87248
20.092363
22.814415
28.856588
28.468685
16.440456
26.467575
26.561953
18.03294
29.141943
29.632195
33.11341
32.502182
31.546188
22.933096
37.787457
36.54267
20.061167
29.428741
34.36912
26.279049
24.946657
39.359997
32.455982
25.326048
30.716648
21.420702
29.3974
31.715958
21.70543
19.304249
28.842413
26.96531
34.642944
25.837072
24.317076
24.487125
27.188362
31.878983
24.51163
20.830496
27.286999
33.35201
31.030325
35.81714
20.944094
31.253534
39.241386
16.544935
31.550066
32.316097
20.561865
29.441395
20.24531
38.095467
32.02198
40.07537
25.978685
23.700144
20.275713
24.27318
37.892307
32.11965
38.359245
18.235788
39.456264
18.16557
28.446077
29.816494
25.380484
21.408466
22.607456
15.894002
38.746838
16.175436
24.15893
17.86367
29.03326
32.667183
38.558727
38.67005
21.742546
30.560186
19.02083
30.516827
39.20203
33.078587
24.015408
24.415497
33.766445
35.45217
25.65157
37.07225
33.134674
34.920895
17.5721
29.262646
38.78215
18.003006
32.437183
16.806759
16.614243
16.613081
32.333817
22.532803
25.861893
29.797813
28.519909
23.20508
31.96931
28.351576
23.796865
37.29258
35.764603
37.38045
25.501633
17.66737
28.557625
25.002504
31.619026
25.847351
32.975494
27.803757
28.837416
21.235859
18.324564
15.413459
35.505547
23.96089
23.058804
25.618862
22.39564
21.37976
35.538
31.808891
33.937572
38.090275
15.675153
22.217684
36.161327
39.377434
24.301096
27.433193
28.969526
38.42511
38.115192
32.942608
35.559246
16.334936
17.94467
25.105518
22.822037
31.020151
20.701025
35.87745
27.373285
40.37995
18.900557
39.850395
34.496944
32.81033
31.906973
20.733768
29.738743
40.070236
34.15769
33.268234
21.14098
39.797348
21.551298
18.746553
28.184032
25.55557
25.902338
33.80974
37.384663
33.196793
30.910387
16.99339
20.198393
15.532339
37.444134
17.618328
36.382957
22.834913
15.106992
31.051151
23.302176
16.529755
33.02942
35.104618
22.784307
29.584084
15.624077
18.40427
32.096233
37.566826
36.643482
34.91699
26.354557
19.12602
23.295845
23.518658
20.267017
25.719109
17.40326
39.47239
21.482344
39.831844
22.62749
15.995341
38.023926
30.634306
15.642036
32.71131
28.29253
