27.05878
37.857246
25.949465
25.74428
23.297304
35.934387
40.605892
26.714626
16.233904
27.290457
37.419907
27.766987
19.462404
38.258083
20.621738
20.120842
16.04047
37.97516
17.927458
37.823265
29.005455
30.960371
33.277317
37.35012
25.421774
19.268074
22.393177
35.99031
35.283394
33.47615
34.32715
18.873257
34.620342
31.426647
32.1053
34.32203
20.496092
26.117392
24.814392
26.849375
18.233027
15.433933
34.03621
24.561022
30.166088
32.51451
31.403275
38.99059
16.500126
30.456903
33.231297
26.462524
22.434328
36.80448
22.677908
16.964365
37.617527
19.789738
31.683798
27.206854
18.211027
21.667217
32.071632
17.060177
40.361046
18.63366
39.60963
24.87691
34.720695
29.811756
36.590904
39.346992
28.811901
33.5649
35.53634
31.477295
19.480392
28.013865
30.99779
20.048185
37.472507
26.042309
32.12019
27.471647
34.250248
35.306576
15.615158
40.36041
25.561527
22.80622
21.105448
22.314688
34.99538
21.425253
38.418606
25.44299
17.777369
18.520102
19.339977
17.955627
30.398195
24.10874
22.579205
33.80444
29.319077
18.506586
28.261133
16.789398
29.96016
30.358131
27.121077
33.8126
21.453772
29.929398
37.766075
40.03237
31.232145
31.254768
34.857956
20.55503
36.419632
24.272785
29.880547
24.999046
16.212347
16.438993
32.272694
32.77616
16.953531
30.469988
22.14016
22.256302
37.450874
18.851229
34.503853
26.117794
18.232353
30.53233
15.098283
28.131798
38.900085
40.83695
27.103403
33.389515
18.517084
38.030468
26.874582
16.553045
25.049677
37.217125
36.729603
35.095577
23.288712
18.279383
40.15825
38.69373
28.385666
33.425648
29.439121
35.94481
20.165014
17.578678
31.580036
31.403847
33.71226
21.31537
17.742464
17.570131
24.387295
17.359722
25.867096
21.900232
24.375717
35.734264
36.086784
16.184204
19.166124
23.591223
19.694754
18.693998
35.929234
15.473292
40.930096
34.397827
17.675156
24.294785
16.64921
29.231506
31.277954
20.68755
32.071003
22.927595
37.98208
26.522017
31.21529
27.225365
15.8431225
33.392223
22.397976
18.41942
22.705748
26.64475
30.203268
37.152096
37.78449
30.134953
35.722244
36.114437
27.688606
34.30993
20.528847
15.892948
36.81997
34.446144
32.858376
24.583906
22.473394
16.91072
30.760351
23.994497
31.681707
19.16879
36.616596
40.259613
29.87327
27.925465
26.347185
15.525533
24.747496
29.26939
30.870907
25.98641
38.42435
34.97593
38.943634
38.006832
22.886715
18.231485
21.367085
40.323364
38.009792
35.956535
16.742075
28.39038
34.059807
15.633423
28.434607
22.820166
15.44441
18.086031
27.229624
35.56457
35.710327
28.01187
22.266562
32.99529
39.308952
23.233253
20.282331
16.361996
21.48869
17.612663
25.931623
35.242527
23.823065
17.368452
30.010958
22.546333
31.34663
24.130548
19.782145
24.3924
16.046022
22.49183
36.27239
16.754948
24.541449
33.03938
15.422428
19.155071
37.194256
39.890797
39.26078
17.873732
33.589123
32.614326
23.901236
29.171255
23.364805
28.077513
23.092457
34.82076
29.705315
32.247658
39.29261
29.89775
27.453667
23.258324
36.798668
34.21531
28.773382
29.159693
35.329075
38.054123
18.5582
28.686583
29.64023
37.908855
37.37841
21.106413
31.251234
22.857103
25.652575
33.75048
20.15813
36.854507
16.946339
39.18538
29.537895
18.769257
26.825352
36.147423
40.874165
38.291576
24.527285
25.341467
24.68074
31.98853
31.868282
24.996506
35.055653
23.721706
19.262066
35.673973
28.6676
15.405169
32.50534
19.240664
18.458307
17.65325
26.071014
35.14671
39.338432
37.252636
21.051102
28.190079
19.461319
31.590343
28.60417
37.80258
40.278027
21.179033
24.78747
15.55835
19.508705
18.243338
35.991848
27.084286
23.40952
27.965643
31.847897
32.843056
18.271
29.437073
20.434723
33.36259
31.952776
27.619106
28.89807
18.402212
16.441355
23.693619
27.172428
24.273886
19.911709
15.063838
39.402195
39.078243
27.580082
23.965996
36.869766
23.968447
32.75458
29.161217
31.763906
15.720979
28.921738
32.49947
24.959583
25.87106
24.451378
31.282114
15.130866
34.46126
27.558784
26.29696
18.98137
24.05553
36.53227
22.159342
23.152132
38.086754
34.9159
25.16517
39.45466
26.83463
15.331296
28.246557
30.477346
38.371445
34.929016
22.817915
24.326263
26.667086
32.079254
37.31021
35.286797
20.710468
37.843105
20.013311
25.530436
36.98313
39.00992
21.481092
27.641441
18.911804
32.042816
15.201322
36.70101
27.030203
17.143616
36.49201
37.94193
38.496365
16.830034
22.658232
39.574585
34.340343
25.912235
28.32821
24.28569
33.35809
19.562342
38.584644
31.123785
38.920868
35.289734
25.017096
40.011177
17.135582
33.066578
38.143528
33.959717
21.769865
25.59219
19.78374
37.218277
33.146862
23.74142
40.914886
21.04265
38.818085
40.61148
28.29885
20.554012
25.238781
37.263165
28.743635
30.239962
17.898771
16.246649
29.245682
24.052528
22.402676
19.308674
26.457203
22.770466
32.847042
19.296984
23.932505
40.3185
16.507832
15.209649
38.429466
34.07413
21.330307
29.58095
15.177126
37.84295
37.004288
40.95219
34.467564
28.146305
25.51136
17.044939
24.190113
26.740616
22.946571
16.435793
28.998112
16.87544
39.14566
32.025997
36.683205
35.69784
35.189938
28.405779
18.029482
24.423466
33.214386
33.3325
35.92952
25.42015
32.11062
26.973276
38.86659
29.187786
36.694805
17.30693
27.002121
30.368473
24.70172
16.136763
26.054821
22.38403
25.569563
29.534727
40.917446
21.073158
29.39626
37.219284
27.52968
16.788588
29.676386
37.36335
35.91025
25.814806
23.468967
30.635353
25.448635
27.679987
15.499847
37.89558
35.566574
16.96097
36.368374
31.901657
16.68182
28.518202
19.506674
28.621107
18.041283
35.74781
22.830748
20.305576
26.438093
20.400927
25.126211
20.350512
39.086777
21.79577
28.127464
19.145613
21.003038
22.83589
18.977596
18.615654
38.119434
16.148306
18.297377
38.957775
30.065464
33.868282
18.44518
36.20058
31.050323
35.122753
28.715698
33.642
15.6089735
40.102345
25.20381
23.966959
22.106745
36.762398
16.851034
19.902645
18.845154
33.65616
21.795458
29.638159
39.371216
18.178802
33.562054
22.917149
31.164951
25.588785
30.858852
16.705988
29.264395
28.573452
33.78542
37.646877
29.584814
25.838688
29.113592
30.124191
27.698547
19.227781
31.966501
19.70427
25.664122
18.212622
34.700348
23.95274
18.128119
30.250652
40.084465
30.190313
35.370514
17.463976
16.97872
24.617004
37.223938
24.372343
38.62327
15.41641
39.869648
15.999665
38.384274
35.945843
29.397675
36.5741
29.340143
34.924713
39.715965
24.254612
30.446371
34.652702
23.90304
40.84233
17.183146
15.720981
25.420992
25.272913
16.5683
21.423737
18.740366
33.836494
35.20929
15.134034
31.875816
34.534718
40.671326
21.277103
28.09108
35.75973
20.854874
31.21584
34.604206
20.567896
29.304176
37.35738
28.508635
27.22136
34.40953
18.096321
24.323015
20.383577
29.319546
20.829258
39.592495
29.38019
17.045584
16.206942
30.786358
36.27458
21.719193
30.034546
35.371708
21.157852
34.254253
27.787123
29.390219
35.01583
26.769157
30.576511
39.12462
17.811083
33.0403
28.587557
34.513947
39.005836
25.986704
16.495686
32.861324
17.652113
19.726635
19.18449
40.075283
19.388222
39.10051
21.20114
21.19541
24.206171
37.720505
25.81903
20.275433
35.69248
24.585707
35.321327
23.831503
19.595194
33.09275
19.175531
28.010792
33.0329
32.875286
37.138542
37.39528
31.43679
40.321774
38.013134
18.927814
40.404846
33.849487
35.77106
39.832386
26.047535
35.053722
31.064528
23.597685
38.117317
16.704676
33.767014
39.10295
17.23963
29.230465
29.115957
22.787256
16.900976
30.803324
30.274076
18.398142
32.500027
28.436953
17.682611
31.302902
29.730642
24.606615
36.44904
26.605408
26.841051
23.819471
31.193365
18.38379
17.90131
22.291265
29.271267
19.248934
23.111603
15.426408
34.099014
27.121138
31.396784
40.152096
36.424206
23.631876
36.057983
18.32304
18.81803
29.88008
40.089977
35.391956
31.408894
38.40694
19.923426
35.331963
28.933874
25.200611
20.813936
30.40052
26.553629
20.301884
33.875378
38.750652
30.558014
30.154251
23.842648
16.12354
30.083805
31.226456
20.049612
35.897808
29.27259
18.632942
32.820713
24.624128
33.915974
27.487396
25.500217
39.83996
30.566917
18.54677
36.680927
39.437607
23.340239
27.338028
15.844538
33.149937
20.181768
15.407058
36.588833
16.821493
32.25501
21.588987
20.89211
19.048796
17.275597
18.271397
29.453331
37.502213
40.118164
38.50669
33.046696
26.782671
25.8267
26.527178
16.042372
17.02006
33.278755
26.726088
21.770412
22.58624
28.185425
32.490192
36.242825
21.273981
39.853207
32.404236
17.899109
22.084253
15.190433
19.294853
32.50357
30.367775
31.81018
35.3413
20.097944
30.48275
27.763142
24.052605
25.0009
28.359222
36.42811
37.29554
28.246334
15.40152
35.39437
30.755085
22.565224
29.01375
25.789452
40.21877
21.04125
19.699345
29.437246
35.898598
35.908253
18.164158
17.475786
26.638988
39.60799
34.14362
39.62047
38.306473
20.1896
33.778004
20.127752
34.916607
25.407433
36.27587
22.695957
23.125849
22.461979
39.334183
36.033924
38.60093
29.22888
36.324795
20.63497
16.475466
36.03395
32.61027
27.41268
21.6134
36.557533
29.518307
30.28674
33.72102
32.28938
32.48221
19.551134
23.484201
39.10566
20.646235
20.913708
36.854645
23.00258
34.837856
26.465178
39.368763
26.796505
33.225155
22.517391
22.955074
38.68829
35.20604
37.244698
30.070726
22.990067
22.11699
32.368977
34.205074
19.02546
40.202564
21.748049
17.797962
32.239704
30.952877
39.658688
16.442665
33.89399
22.394848
24.809832
15.878162
36.36873
32.213932
32.67797
31.722736
38.063416
39.686684
34.626026
15.160603
25.15599
38.320396
15.448602
36.86559
33.07267
18.824686
19.48057
22.330618
28.419521
38.580803
15.212753
32.468998
34.339897
35.128048
39.477413
21.863365
18.787352
25.352667
16.698067
15.360298
28.041477
29.043072
34.442154
25.843428
28.944479
15.266302
25.571836
31.965155
30.799261
38.62414
39.657265
18.376825
27.645123
29.863304
27.998323
38.569466
33.715088
31.542627
27.59502
23.821999
15.279292
32.501263
35.71329
34.951054
34.791676
38.72529
36.312153
40.566322
26.282738
32.876278
22.52981
34.35764
32.278885
24.223795
29.670336
30.574709
18.17935
31.01485
32.68941
37.30773
39.98453
24.416864
33.046497
31.436886
23.545065
25.086664
19.97263
27.19092
36.08866
30.146605
28.69711
22.139872
37.68235
27.88988
22.982992
38.14418
23.500475
27.890629
37.44043
38.292248
31.294302
17.36046
40.51857
40.180744
22.296907
24.5715
39.82084
25.026766
15.947472
38.95713
17.445093
17.048111
29.281935
17.105066
20.419254
40.30788
18.612421
34.273468
19.9847
20.791704
38.20566
30.289246
35.47376
23.870728
36.071114
16.728783
35.834435
19.50083
38.682274
15.134829
28.474451
17.518145
20.480188
25.689238
37.028496
37.213417
22.345905
30.23987
34.896614
39.0023
31.87918
24.87088
39.958324
25.456144
31.283468
17.30921
19.736246
40.21745
23.932747
21.376062
33.464584
30.3965
30.283543
22.4207
28.012018
22.930447
35.69596
38.214863
16.415134
30.083351
40.940353
31.139706
34.897743
27.775507
34.69175
21.663055
28.682987
18.75257
20.151926
22.083431
32.64937
30.739836
15.089528
31.308174
39.938377
37.67428
38.05145
18.036629
39.990623
21.86665
25.274075
27.135275
35.168976
40.51831
16.910952
24.220282
38.121323
27.402178
39.593746
30.503912
18.342308
33.71439
15.056317
35.814777
26.01241
25.11319
37.577076
38.36792
26.12446
28.783634
18.332718
17.339193
30.151833
21.001625
36.406803
38.589554
16.06911
26.117952
28.15952
22.988184
40.405266
16.142862
36.940426
38.699574
20.190962
22.183853
19.713741
35.52811
32.155758
40.87424
32.06632
26.954756
25.33764
38.62727
26.281103
17.853905
33.386402
24.060316
24.684494
25.044533
36.27412
22.255955
40.313747
27.808296
19.870024
25.661522
35.101036
34.298176
29.893732
17.375978
26.233673
19.364893
26.130014
15.332677
32.125317
21.744188
35.469803
30.458933
34.520992
25.776747
34.33634
24.278004
40.65903
20.873411
36.362057
27.616392
23.126007
22.791922
15.800788
22.089163
35.0661
38.45745
19.091728
17.858164
38.744205
24.537638
38.23551
20.79289
40.112534
37.273945
34.199566
25.610937
38.99326
35.174572
20.43897
30.834778
35.765297
37.09027
35.800697
22.47386
21.031025
31.922846
22.573267
20.22579
22.639261
18.75721
27.250477
24.687618
36.65369
31.561289
16.697006
34.57805
39.38126
24.764198
32.835354
23.293583
18.413044
39.00153
38.71769
18.25648
33.780373
24.10766
19.902826
18.459572
23.792004
21.038485
17.427734
27.37284
15.893439
25.824018
32.344536
19.948818
28.97741
28.878782
38.78818
23.848753
17.974924
22.038952
22.84659
38.208668
22.2692
27.548727
16.12414
32.274227
16.500141
23.884434
21.821154
19.05561
35.664967
36.78333
31.396025
17.78832
30.070936
18.135153
39.43337
19.433174
19.659027
24.49797
19.210686
19.708422
15.49287
16.915827
39.637676
18.219265
18.794994
40.444298
19.736454
16.134777
22.81299
15.331037
19.637617
36.5595
20.01098
18.151861
23.186184
15.256779
36.60721
16.369074
26.683132
26.703112
22.316463
31.757072
21.032347
17.587622
29.306412
28.931427
28.619467
34.817974
24.839859
32.821095
27.61825
19.853848
30.850283
29.339424
29.101713
31.761326
26.785908
22.738152
24.329433
29.766363
25.457998
39.16961
18.889076
34.282715
35.341896
36.835854
18.989305
15.399499
38.804764
36.76944
37.132908
27.635813
32.07181
24.769135
29.643095
31.404655
31.393318
24.304806
25.072575
39.07554
36.83745
30.309286
16.394156
16.785105
26.409452
32.69101
19.05323
16.217173
24.785585
40.129734
25.456715
39.458523
22.850573
35.258705
40.27955
28.733942
30.44024
21.690062
36.08911
27.33379
31.21643
33.5064
33.21948
18.369688
25.439102
26.819857
21.57159
34.12864
29.551018
38.791065
29.072094
18.743149
20.953186
36.103977
39.892704
40.65473
34.12475
18.308403
15.21358
30.920425
20.328781
31.670744
20.30841
40.796665
17.545942
36.214375
38.035442
21.232218
25.990753
38.484653
36.437916
23.911549
37.590702
21.23951
33.088985
20.312351
25.146254
36.745186
17.0603
17.875648
36.54023
28.647575
26.950132
22.834202
15.327915
18.493244
36.27603
25.504713
25.314657
24.890179
35.718636
17.921543
33.31558
26.026794
17.197414
31.574492
21.192451
23.808844
31.565762
18.710394
27.475637
16.227268
29.832003
30.168064
24.40444
31.736145
17.244484
18.038445
18.057024
25.398323
30.323107
28.576485
39.39155
19.347443
20.97628
37.7386
34.482952
23.71845
27.211391
16.47936
23.015291
40.614803
38.628574
29.513203
27.177414
24.909077
28.88166
25.631884
38.51007
27.714638
34.59687
15.865518
35.965572
35.219654
16.858892
21.7849
16.466387
19.240652
15.305701
34.065037
19.587029
30.331356
40.11757
27.064575
38.63396
25.573654
39.74237
24.623137
31.361094
25.280882
38.068394
19.538212
38.833908
15.759788
37.93762
20.255701
28.543085
23.005991
20.3864
21.192791
31.768929
22.748734
16.80726
35.809227
39.410736
23.614304
16.344608
38.05279
37.02069
32.343483
17.26881
28.126999
40.619755
22.97691
18.817194
16.663872
16.02336
29.713213
25.047235
15.331887
21.867647
39.748394
24.616285
39.668922
16.302423
37.820816
18.083828
35.502346
19.404774
34.41479
19.326456
27.703127
21.76781
40.616695
27.962309
21.21814
36.431805
32.47109
21.300945
15.334535
28.350416
28.350346
21.266191
36.952415
34.92258
16.329775
19.983688
21.276726
38.771053
18.851276
37.281494
32.786606
33.91143
15.062045
40.22122
21.60015
40.73093
19.13089
36.958847
16.424833
17.784054
21.573221
24.728495
21.168663
39.312683
28.156818
16.549053
17.984241
40.610996
23.313921
39.372726
17.02787
38.88106
32.151325
35.826195
34.537952
35.062782
23.128557
38.439243
17.97179
32.272293
28.265306
25.312298
17.887114
36.945793
37.34275
19.543512
31.014444
35.56121
40.979473
23.417675
27.538656
34.897915
38.69116
26.353294
35.992905
31.195208
24.084259
18.910957
27.365278
39.283054
26.187368
35.785076
28.028383
26.784075
15.590041
36.63291
32.924267
34.823563
20.537317
32.83879
32.071903
27.33478
35.4192
18.868105
22.911682
34.00964
24.1979
36.734917
26.261147
37.220253
28.231627
23.288435
22.728483
38.82477
17.682255
30.518003
29.314999
32.671257
30.235193
16.882664
20.63515
36.826286
18.213314
38.790684
15.692391
34.080368
17.332785
33.785942
33.47139
34.120056
25.327208
32.74226
30.74199
23.907187
16.45744
15.423445
21.417433
30.26843
22.528028
24.135874
26.569275
34.473774
28.447155
35.88214
33.77355
28.670483
28.595572
40.418407
37.84761
34.439426
19.310942
35.924778
38.234303
26.45357
16.64759
17.617075
23.299833
29.24383
35.237656
15.560146
36.634117
38.415344
19.558115
18.186861
31.076935
17.307667
35.199223
29.583681
36.640724
34.055214
18.833426
17.4728
26.76041
22.27972
29.49974
39.00245
27.373053
37.234364
26.547234
16.9512
29.214827
38.119556
27.122116
15.758616
35.4201
20.50337
22.436619
26.913862
36.01716
16.304848
29.22371
28.665428
32.23739
38.636482
38.7603
39.75934
32.689487
30.952374
26.63261
18.969782
16.397545
38.411625
16.0208
17.555328
22.461597
36.141792
17.696089
20.455446
28.671545
36.175205
21.152052
28.036245
19.790035
40.231247
17.332762
25.50099
20.417248
35.230755
22.27405
19.700024
35.360226
20.453823
34.640083
31.00649
22.25171
23.590502
32.616043
33.16824
34.798153
25.583977
28.908669
24.603085
26.483896
35.128918
38.709908
40.4736
15.818223
36.96297
16.395065
16.059395
17.284311
29.677286
18.45518
40.438843
17.033821
22.672369
38.7045
17.29895
17.068153
30.098408
23.157406
30.811169
34.15718
28.144678
22.135155
36.942604
24.068508
24.880438
18.141281
30.316187
33.815075
23.000177
31.8356
31.790054
34.576195
35.288967
15.040197
18.295506
27.706919
36.399006
27.12684
24.154512
37.822777
24.616398
21.363745
30.091995
20.331858
27.697577
24.840652
28.464573
33.98333
35.567654
15.444722
28.846796
40.011356
37.698383
24.025677
35.04737
28.275543
38.32133
31.36724
38.872124
27.433922
28.28222
39.872894
19.507063
38.631657
18.305292
28.977451
18.263966
38.448444
20.711954
29.21203
30.61273
30.919884
33.22584
36.57849
20.918669
28.332792
31.396837
16.43041
26.10971
40.191795
27.389463
20.411186
34.61756
25.264164
38.40646
33.165905
16.368488
40.93229
29.856255
33.52209
32.34361
25.217796
36.523415
37.62547
16.28514
19.788683
17.464071
33.120422
26.494194
39.02058
37.123695
37.88083
40.347458
34.75549
30.262465
36.02542
26.154064
26.786148
31.673931
25.992947
18.280766
25.29144
15.395472
40.305775
38.09255
33.457977
22.134514
38.316765
35.187523
28.345333
25.97233
31.712584
24.649057
39.687107
20.057648
39.837795
32.594746
31.767262
29.965155
36.007477
24.170958
36.77102
26.669428
38.89216
37.323353
29.081753
20.67266
28.78744
22.167883
34.880196
38.724976
39.12158
15.593454
40.099434
34.788998
40.907906
25.84653
32.299023
27.42573
40.014965
16.27967
24.343761
28.616734
24.10568
21.190018
31.907473
26.187899
17.888062
25.730543
36.769352
37.463078
35.923233
18.245852
15.63025
27.551207
33.652805
29.06609
19.748533
35.758396
35.535984
32.78659
28.07987
20.016945
22.22789
25.367565
35.802628
39.936054
18.584066
15.0072365
33.120285
34.104404
20.942148
36.67352
36.054546
40.612717
29.610207
28.423435
19.577602
21.414755
40.782295
27.19615
33.87927
33.10809
39.20521
26.634556
32.824463
20.99145
38.836567
19.672113
25.72877
31.843216
17.462673
38.11568
23.464632
33.766174
40.785885
26.261742
21.60791
38.656372
21.844458
15.702614
34.844376
20.37945
26.794046
15.910814
34.17794
19.57563
20.05849
17.93392
35.61719
28.16493
32.648506
16.588913
37.964092
29.087152
33.050457
17.914103
36.088425
17.586445
40.50338
15.318418
20.643875
29.438269
19.71095
19.861942
15.566379
30.916878
20.07613
27.408226
20.89263
25.0144
23.399637
26.008099
26.446442
26.44792
19.649595
36.806236
27.76287
20.32892
40.887993
27.00601
15.25481
34.01978
30.730843
35.984673
39.07403
18.664967
16.822199
39.520145
25.378378
20.159885
32.71847
36.272305
36.789135
24.908316
35.30772
39.155724
22.707333
27.619677
32.42988
30.047646
33.854973
22.610344
32.717163
33.393883
21.917046
16.598518
23.840094
22.707153
15.482324
31.820164
26.32297
31.696434
27.6158
37.44381
33.88371
24.822523
20.342842
22.724981
39.85648
40.44423
39.08493
19.116365
36.671494
31.401148
15.65909
38.63775
31.594978
34.873207
35.83792
24.210102
18.973225
21.663763
32.664352
30.371159
33.07822
22.672169
23.72506
33.815113
18.318338
19.253387
21.40874
28.537075
37.05608
34.406384
19.810156
22.013205
39.56593
25.289593
34.3882
38.810417
37.768803
38.43104
16.745941
20.29491
22.295677
33.182167
28.972923
39.6966
35.161476
18.45866
25.87468
34.68711
37.87125
28.61825
15.111801
26.841576
29.134285
16.44445
18.780558
22.88026
17.527765
40.636993
33.2894
28.42352
36.430065
27.953772
35.52042
15.144327
35.334866
30.20579
26.212091
22.665277
39.260757
33.67569
32.25942
27.32248
18.386948
33.21218
38.19986
33.006584
15.274341
15.246709
35.538136
18.691608
25.072142
19.285448
38.76037
32.975124
22.96374
18.048765
32.8977
23.97871
28.77159
26.362
25.32182
27.295534
37.119354
18.14551
24.089575
23.32225
22.840576
19.40858
26.60122
32.27536
15.426686
33.02096
39.59641
30.467497
21.22309
20.217384
24.584557
23.007063
33.810722
38.284607
17.690695
27.984959
29.551357
21.687141
27.595497
25.425129
22.62853
39.006973
35.75764
34.800934
16.081944
38.504208
39.42914
17.75734
20.311726
26.849756
20.108932
25.829264
22.319946
28.637753
40.027374
40.40928
21.560303
28.654596
15.013883
27.993355
39.682873
24.563112
21.672483
35.821114
37.689438
16.654495
18.174547
21.427505
39.05575
39.627316
27.17543
38.335743
31.230803
28.972002
34.37139
35.14662
26.589024
23.470922
39.035507
40.61736
17.389946
23.568197
17.506025
26.973389
31.590834
16.920183
17.047838
39.659477
33.461338
35.306545
27.767622
28.011934
16.865206
39.263596
24.335323
17.92151
21.80261
16.295668
27.149542
24.45708
20.347715
27.326921
24.281588
37.632957
16.469538
20.17514
17.042732
18.028223
37.390224
22.260744
29.341492
34.804234
16.113401
19.508307
32.132492
36.8169
17.546207
26.454596
15.205773
23.983246
24.242193
29.946234
31.325129
30.837116
18.208258
25.491735
34.29636
27.296762
16.447302
25.326841
18.931084
35.067524
17.949331
26.558651
33.068962
35.815613
16.697205
18.37328
33.8311
27.274439
16.919287
23.223324
28.099445
31.782827
29.29975
38.15561
40.85198
32.404827
18.148287
36.996334
28.430605
28.743732
21.63456
27.97984
25.078493
17.838305
36.108616
28.588873
34.155872
15.117106
29.257166
31.868416
24.328024
40.2872
25.386496
24.281694
31.716515
31.246422
19.476387
30.296192
23.51447
19.63375
18.81543
29.319126
16.888906
18.470264
40.006546
40.345947
31.128017
29.493498
16.922686
34.74213
30.938421
21.250965
15.796074
35.947548
40.5573
24.79394
35.040424
40.574543
19.916513
29.900543
19.634083
30.364748
27.480553
39.15751
18.93307
24.776508
35.57756
31.94298
28.636435
19.59379
37.052254
19.377932
22.292498
27.879198
28.891998
40.651924
31.2129
37.837757
31.111923
30.779022
31.95255
35.714855
27.632357
31.80286
29.616957
36.720818
30.141518
39.745007
29.17451
25.156244
40.008713
38.17884
35.6798
34.40641
25.198086
20.21141
23.855022
24.27958
20.830153
33.86878
33.830097
25.2834
25.548195
19.405563
39.008095
18.864939
35.168808
26.897465
22.001108
31.384308
16.230688
32.625828
29.372704
37.6483
33.002995
31.226246
39.52665
33.19965
22.274374
37.348564
36.497543
27.239216
32.816063
37.66355
19.627565
18.052448
40.79716
23.451927
31.15456
18.118195
36.62749
31.724236
38.590168
26.697016
24.713242
18.845552
18.43274
23.627857
19.432777
34.976845
32.23829
33.306004
30.274866
38.29517
25.363775
30.371939
30.528738
22.917871
32.800457
20.509857
23.175268
19.731241
39.431168
28.936184
34.70071
20.912039
35.77379
19.652674
40.43932
26.830671
24.814281
40.3452
37.74829
36.237686
16.886126
22.928576
33.828453
15.160643
19.718983
22.169344
33.326107
36.776325
27.75804
18.562616
26.98646
25.673643
38.64636
38.695686
16.57622
37.385426
19.36619
16.700317
29.052645
37.842773
29.951136
20.07714
30.52875
23.493477
36.909653
18.1699
37.969
21.226358
15.541305
27.873775
35.747196
19.956425
32.180767
40.781223
31.207893
28.750935
26.070568
26.900434
24.195124
21.714502
28.042059
38.32557
30.146826
25.501709
23.475142
15.794677
24.800684
29.288551
24.1108
21.940256
18.816896
37.309513
35.206463
23.219107
18.6956
22.654873
27.252787
24.002224
24.251448
39.923313
29.011415
29.11219
22.60515
25.537699
24.986864
19.214577
22.1615
30.057396
25.611567
32.901577
33.3657
28.658304
38.4018
28.050201
40.164547
24.102194
17.133041
29.09401
27.046373
40.979862
33.687027
36.216496
31.293245
22.787924
19.638561
21.155895
30.651417
24.48709
23.878878
20.305288
33.010567
38.590004
22.613209
29.098577
30.879793
20.539742
22.923784
38.291985
15.458001
29.165388
20.755512
26.68239
36.918613
28.33902
40.6601
38.048023
25.163343
28.608824
33.92536
36.653534
22.74693
34.545956
27.820036
31.530731
40.93464
20.818129
27.600372
20.927877
26.926466
27.590845
24.653332
40.814545
31.166845
15.757534
16.692225
15.135694
18.355862
18.712774
19.274149
34.627796
32.28779
15.908167
18.074547
27.441439
26.96497
20.268312
16.332834
28.559
22.569939
34.694725
17.673916
34.05261
30.825777
16.348436
17.114058
34.59679
22.034636
23.177408
20.475525
20.331753
33.656525
19.242748
34.6629
20.167526
23.675232
35.79818
24.295092
22.925686
19.195568
25.79003
40.04046
17.334639
17.72581
36.47041
24.668564
30.825996
21.421562
32.15423
28.310553
35.32379
39.201973
26.800943
34.71118
25.774864
36.09651
38.064922
35.35903
34.037903
19.440302
40.73371
32.29746
32.930305
25.608261
30.061296
21.14733
40.7261
34.863026
24.403898
39.413666
33.20486
15.588992
17.778765
35.50175
30.470667
18.694473
16.491726
25.034342
37.191807
28.286287
21.817228
23.040108
29.656048
35.85588
36.864967
31.37443
29.092972
20.1633
22.23006
34.337242
24.083971
17.765102
33.799187
19.868576
15.562185
23.704638
39.1729
30.931
39.898754
18.267769
38.56483
31.729172
30.878445
23.90448
29.75128
38.27022
17.986835
30.426517
32.670174
16.434689
34.362854
16.413517
19.60618
29.206312
19.014648
22.394789
27.549232
39.999878
32.453403
24.82126
36.276554
19.129965
28.768822
25.10178
30.983683
31.379381
36.351654
17.050293
15.877901
28.354565
17.962833
32.97514
23.047838
25.85635
18.655352
31.339024
17.135927
15.84788
33.174164
31.427921
18.865776
24.767586
38.891125
22.789503
17.314394
24.913572
24.075985
29.336395
15.96965
27.416815
38.36121
39.95686
27.076166
33.924103
28.62748
33.23526
20.548273
17.527613
33.21836
21.456936
19.816578
25.70659
18.386839
36.45684
15.375005
31.087582
37.182953
17.068663
35.508137
15.683187
38.611004
24.940779
24.704035
22.935324
39.81638
32.307762
19.595627
19.367525
36.30622
33.940876
21.924109
35.94176
34.764774
27.948303
29.980738
24.318829
23.893438
36.35554
30.25877
39.137394
20.887115
40.468735
21.635176
38.1552
36.652664
21.908485
19.302156
29.637049
35.681835
31.898865
36.881416
30.727688
24.610304
34.9062
38.679447
37.71364
26.925915
20.044458
23.880108
37.056686
34.033554
22.798761
22.620998
18.872587
24.940577
32.565926
20.363209
18.132227
26.195915
30.270563
31.739237
39.278374
18.397642
32.887707
16.151903
19.179708
39.577877
32.087498
40.79738
23.38486
35.080574
24.41492
36.498386
27.49266
30.16687
30.427198
25.759027
29.120869
25.51432
26.033812
32.790543
30.434086
31.02049
34.91884
17.907726
20.482672
37.877975
34.37257
31.658627
26.70793
30.757126
18.11913
33.32551
37.884853
35.114346
16.799114
38.02297
36.50227
17.137985
23.651
26.519524
35.121193
37.65049
37.632343
26.12178
32.60576
40.404636
38.73158
23.485807
36.28708
33.64326
28.543474
21.058134
33.09891
27.5361
29.316034
23.999226
24.515038
15.163954
20.624004
19.90517
30.721764
21.089546
22.583778
23.418701
20.874945
37.236088
24.09685
27.908583
38.519512
40.788692
23.99369
16.796741
38.290447
21.140427
22.147236
23.825472
17.86764
20.52394
30.634838
36.58237
17.823202
17.901234
31.849926
38.938606
33.47814
19.928291
19.099302
21.706484
17.176489
16.367897
35.669285
20.785154
24.488388
32.193176
26.60368
24.338736
17.7697
24.805943
35.508823
17.138971
17.234186
16.288177
34.58576
19.104979
23.235365
17.411505
19.78671
26.285477
25.80862
34.24876
20.503036
16.05435
36.690197
19.663328
30.513863
36.1282
37.0082
16.696068
30.059528
15.165041
30.631748
40.926357
29.851166
27.166056
40.76793
38.252804
24.587515
22.677845
29.812254
37.22096
26.122372
32.88041
21.686794
15.019339
18.810755
18.046505
17.941195
15.571891
15.759258
19.570984
15.745305
30.774017
16.715712
26.793959
35.568165
33.851
32.15559
30.179712
30.81659
35.061806
39.757404
19.063524
36.997612
38.52781
26.906473
29.141523
26.072634
28.835287
28.126392
36.1541
16.586971
35.241943
17.409618
35.80121
21.88724
39.812088
26.303488
17.828426
37.279808
27.61157
31.305147
22.435358
28.337236
28.212809
30.62875
31.683496
34.725513
24.191845
34.73042
21.418491
32.903522
26.043509
27.111328
26.372145
30.837078
29.997437
37.866512
34.572395
34.4735
39.58679
26.206707
30.964907
19.138577
23.503204
31.752893
20.23776
39.246468
31.265589
37.787918
39.241196
38.753864
30.537102
40.846813
32.107162
18.643528
17.543695
40.03729
20.198872
24.388075
22.979336
36.304035
18.358467
17.823576
40.027077
28.485296
34.57123
40.15349
26.68187
33.45745
18.127716
37.906914
33.430077
29.923056
27.640549
29.591305
23.522337
27.470108
16.860538
23.508095
36.570545
24.415043
19.13714
40.740925
19.006392
25.639246
28.581173
33.679512
29.057955
37.138603
39.513107
19.608263
29.332615
25.327919
17.618158
30.86733
34.838573
18.276787
26.379732
39.88467
34.333977
27.000708
32.82575
28.981312
22.261763
19.691114
31.397676
23.268032
27.209972
22.340145
23.84011
22.180067
20.831453
39.6008
28.408964
39.23762
38.463455
33.920395
37.409393
32.47337
23.306856
30.994993
24.099867
17.63421
17.956255
29.414717
16.336689
22.743004
28.316492
30.004652
34.983738
27.89708
37.497616
33.81334
16.074987
26.28379
39.149582
28.960535
20.992842
23.309427
34.87956
15.628262
22.513163
18.46629
22.888863
31.363934
28.468267
35.10377
16.773186
39.56153
16.992073
24.622784
22.548914
30.496683
21.836966
39.778904
32.400013
40.613632
31.08981
28.758095
23.384018
23.897017
33.76499
29.479944
16.392399
37.10845
18.215185
34.186775
39.02965
26.427832
22.076002
15.793083
21.75711
20.611467
25.54851
35.698265
31.64166
25.163912
24.224068
15.806537
18.35611
15.217675
38.368717
33.351574
40.69717
33.824703
36.609882
23.789328
24.81861
25.18583
19.305906
16.501024
17.621296
20.97916
40.52941
30.339396
22.29847
38.395557
21.558361
35.154636
39.903744
38.749275
31.04404
27.352663
40.99099
25.603916
27.613115
40.266743
24.869322
27.238802
15.561313
21.664558
36.82317
37.97795
29.50911
39.066338
19.766441
24.413782
33.415287
34.715607
40.231483
17.87981
15.18202
26.022774
19.337698
35.661407
20.235601
20.092613
25.441254
36.380997
25.929815
40.550354
36.53655
19.753778
23.394283
27.297039
21.16166
39.482307
40.5381
33.053352
40.554176
38.44316
33.319393
36.592094
28.110476
37.516
20.104322
33.413082
32.8206
25.415245
27.964542
40.280148
17.282568
40.70681
38.09986
30.518534
18.144085
40.827023
28.22337
16.261969
29.376238
38.368317
36.709145
17.942137
24.652931
38.155796
20.578012
18.22943
38.29146
39.71126
30.984772
17.362244
20.703682
22.585934
25.770658
15.343163
28.114077
18.740364
28.857733
27.833885
25.419828
30.659897
26.787224
30.746769
37.500046
28.216185
33.541824
37.509335
40.025074
17.420103
21.94224
16.769163
35.873726
26.15865
33.371265
32.91008
31.635212
29.768204
33.35398
29.166552
22.354357
30.868729
20.610615
25.351742
25.672688
37.268337
37.598938
21.25568
16.824726
30.94488
35.276043
16.623518
31.567898
20.120913
25.834642
15.289862
35.05612
19.270817
28.507006
40.52369
26.911306
36.533463
17.17997
36.929367
16.30361
32.451126
22.527416
33.35279
23.720419
24.2152
37.641933
37.15774
16.285734
31.671356
36.735336
20.965965
38.985687
33.22176
31.378052
32.49561
22.962645
39.459064
35.96029
24.48609
32.159412
33.876728
15.583351
24.863508
33.026783
17.322483
33.42722
29.279242
34.75171
35.996525
16.79107
22.945366
19.520136
15.743255
19.466187
30.294048
27.697563
40.145187
34.87611
25.40412
25.492134
16.499899
17.506865
17.366484
38.659107
24.145636
27.550323
40.80109
27.112291
37.798508
29.396866
30.591692
27.927105
18.573938
18.638666
17.570635
22.151577
39.18726
28.583006
32.364395
22.085762
19.463217
23.925314
31.901691
26.246662
27.731304
36.194523
25.189419
25.1049
38.943672
40.85878
21.877708
29.86104
19.424608
35.56736
18.863949
23.023552
29.04535
16.905106
26.726585
27.357122
36.315266
33.24853
29.133041
40.889072
18.390179
29.838179
24.532154
28.093359
40.320908
35.01966
36.41996
35.11577
27.999855
35.756256
28.258774
17.960436
23.210709
23.978756
21.732918
34.927193
40.94614
29.11374
40.440586
28.270626
36.730606
34.21925
21.349743
17.046083
21.070126
35.557285
19.387022
33.414364
31.348246
30.14543
18.38211
18.296055
34.497017
40.855274
16.2561
29.198072
28.594269
35.963238
15.820802
35.279106
40.17304
17.709745
24.847073
26.27735
40.47645
30.385597
18.163641
20.792982
40.15097
36.73984
28.464027
37.59954
39.94329
38.091225
19.227615
33.152473
38.850914
38.425808
32.701935
15.269768
32.8736
23.976105
22.246777
29.078712
21.022856
19.302647
35.506763
36.754505
28.568651
34.736576
20.857462
19.320517
34.637543
40.192448
22.361223
32.836716
24.223457
24.823174
32.072407
38.671852
29.432299
16.764496
28.947638
20.236656
21.353733
32.304264
18.84532
38.549484
18.338282
39.21218
34.13959
40.31239
20.655125
24.678518
40.32746
24.79487
17.5158
24.33581
24.673855
25.754059
26.271221
15.175296
38.417816
15.864344
33.2242
31.820353
33.354176
31.686018
18.946978
16.582035
27.7084
27.071688
32.252934
34.997204
37.1385
26.090849
20.044046
30.137651
32.42626
33.047123
21.140306
22.879005
23.961155
26.969345
36.89463
39.53106
30.473768
23.076796
27.906572
16.756622
23.641613
28.150518
24.470394
38.54384
15.168712
36.486824
20.527807
33.147293
34.731335
20.165693
30.84299
23.376167
31.785805
19.735956
36.877228
31.383057
19.650309
29.10075
24.41279
17.194984
26.501133
29.380909
27.360464
20.628479
16.964811
24.840578
25.382355
18.943563
27.841124
37.57846
35.971386
39.616795
36.157974
24.619812
26.451223
34.951473
17.237598
33.288334
25.994993
40.893467
30.744698
22.293888
26.208584
20.384012
21.790453
26.840956
15.083979
29.856264
18.082516
30.244522
37.200363
32.070194
32.839558
40.03415
20.935522
35.38092
30.729908
33.33363
15.147335
16.748337
36.447426
40.422813
27.294847
15.32141
32.70369
24.819777
26.290796
17.268303
32.39418
18.965666
30.51213
40.673935
18.487005
40.651226
40.34235
25.789484
28.786457
26.69309
25.37932
16.69366
25.139473
37.04962
17.014385
19.513569
31.881731
18.560186
29.473427
25.753275
28.361105
34.798397
24.607813
18.991154
31.229666
35.149033
17.732834
17.232435
37.861496
24.149927
31.63362
15.541288
38.73205
37.38429
35.493214
20.22716
37.885868
40.76557
32.944775
36.82298
38.722862
15.926138
36.709606
33.368225
23.249563
23.602568
34.355095
28.097752
24.670055
15.404679
40.591198
26.53764
23.732508
34.161903
24.221619
39.222286
18.600595
32.1598
36.375397
27.77224
16.185215
19.01122
40.96701
17.910267
27.850336
36.650616
34.467762
15.143504
20.197916
19.996801
36.018623
24.3024
30.240276
40.198505
18.674307
15.902601
29.684353
27.058693
18.140741
24.38377
33.28079
28.227865
28.752815
15.679775
37.231808
27.063066
35.636555
38.28752
25.505344
30.668573
37.00965
15.027114
24.568932
28.565823
27.396486
22.023964
34.53533
34.68427
17.16869
31.093752
33.00294
30.921562
22.269344
37.674164
18.977514
23.390503
38.238895
30.722597
18.177723
16.651934
28.732962
25.58705
29.755678
40.72682
40.60711
21.75762
32.004425
26.48746
29.340807
32.619156
16.97807
33.146835
24.082651
15.850776
33.116116
18.99687
32.921165
40.956005
16.942152
31.290348
32.120216
24.557627
37.698036
29.21804
40.005447
30.554214
30.378237
19.301609
24.947739
23.010725
29.045015
29.204573
17.462193
30.743425
27.533604
15.957731
26.825663
29.95981
38.69765
17.902075
36.81331
27.027046
28.198603
40.27137
29.1643
17.467896
38.508766
16.268238
35.209137
37.620937
29.276356
30.731693
21.725754
20.052301
17.49172
40.050735
16.538895
30.769056
26.9976
27.847733
36.636993
39.559692
25.80217
25.137018
34.653038
36.37516
23.382223
26.158155
18.440681
24.564188
26.70479
24.890097
35.174152
31.98959
17.049074
26.371529
15.910234
27.577608
27.876549
17.384308
28.87288
21.690243
36.9756
18.801147
27.855783
25.860922
33.89811
18.955202
36.085503
30.89675
24.30888
25.758482
37.6475
16.125937
18.28487
36.97757
28.149681
32.656956
23.829603
25.06929
23.6829
37.916325
15.909287
25.285664
20.334969
35.444763
35.17057
25.376492
25.524704
20.957027
27.165945
38.14973
35.244625
23.008356
24.391277
24.393831
39.93576
34.261112
29.731024
31.222849
26.16532
15.307935
31.010128
29.774427
21.537645
39.283127
36.267677
38.37217
38.34126
32.081985
26.09587
16.758242
35.31947
23.908031
38.928886
29.808628
34.649323
33.08113
15.51977
15.262535
16.72348
22.564762
26.009384
37.429195
40.651764
19.508675
30.970154
31.579395
31.534008
28.253504
28.598162
21.785675
22.503025
19.706852
21.830807
36.344368
36.2963
16.775694
31.583176
27.594185
35.687263
26.627878
31.52484
22.94028
18.491844
23.95588
31.859764
37.199333
19.063107
39.128857
34.425575
17.000301
24.196733
15.144434
39.09439
29.907188
19.19223
27.629581
37.936012
28.174301
29.449585
20.790232
28.895214
33.60105
24.428312
15.172346
20.838423
19.8226
34.05566
30.37233
20.74111
39.55417
24.742924
29.422768
39.515667
30.801119
35.053677
27.479713
17.520664
21.85337
35.76492
25.650723
34.145763
18.002052
37.571926
35.328194
18.032717
23.347763
40.009903
17.230453
17.471289
34.814075
33.300205
22.503475
34.30001
16.536484
38.77629
32.698895
35.245182
15.166174
39.304176
19.219513
26.04753
34.309624
24.684603
18.911285
21.954487
25.319166
36.40871
20.881163
35.197044
31.956347
29.33647
24.33315
19.923622
32.06895
16.876713
16.240225
29.72949
40.35431
17.069975
15.007686
40.39872
36.525578
19.610107
15.933949
38.766674
32.75437
26.287863
34.23761
21.714617
25.132175
37.59943
15.695027
23.223927
26.074759
30.335186
19.520586
34.146046
28.087801
26.848654
17.022161
24.88522
34.118652
36.402958
26.77721
29.544594
35.838314
18.501816
26.600283
25.252356
16.629309
37.434372
32.410698
26.362978
24.799276
30.39796
40.259438
18.019747
26.596783
36.510128
24.237272
15.168237
37.97497
26.78101
23.761465
25.526377
36.730278
31.689472
32.826363
20.245354
38.637634
25.391096
39.20347
30.036495
24.510221
37.783474
21.289633
31.392912
15.730886
15.663925
22.327187
31.200607
17.734116
20.037115
26.057953
20.512314
20.161491
34.264736
22.523298
31.548334
16.970219
37.19676
37.685326
30.09216
25.6435
22.683428
33.81976
18.364683
29.833122
39.939564
27.218855
15.189312
34.25878
34.117382
33.643177
16.801311
16.495308
25.14138
36.173836
37.008244
21.398096
37.36859
20.642347
35.574337
20.348707
30.959732
20.65298
34.6802
23.246687
27.981623
31.362984
19.100246
36.230366
36.20841
30.648909
20.343761
26.478504
19.348993
18.062677
30.42151
33.126247
16.000257
38.06888
15.128366
28.32311
39.010498
22.455221
37.773388
34.767235
22.134708
33.520927
38.14233
17.669336
27.873104
20.673286
36.143566
38.03146
33.20664
30.400383
25.06696
24.369717
40.577892
17.238554
19.676144
23.566889
27.913088
37.31586
27.458311
26.409828
33.740707
36.32836
29.27153
33.548386
39.534435
40.39383
36.358143
31.106531
17.292986
29.127916
38.233856
37.98318
34.066547
17.50074
28.315628
28.999214
24.649399
34.557137
17.317406
19.4789
32.98053
38.92185
32.42143
19.598103
39.928806
27.161196
33.023666
36.88816
24.086561
21.535746
23.455614
28.653667
26.955154
36.45383
31.500563
34.743813
16.478453
36.023697
24.751081
17.111238
29.264807
36.502453
32.89541
29.898926
30.035437
19.15282
30.873951
30.414825
30.84694
21.044174
37.513172
39.2855
24.457773
37.672176
16.722572
33.324287
27.84351
35.921734
17.63159
29.20606
39.312737
20.86086
20.14665
25.909838
39.935394
25.128489
37.32471
17.072123
17.067537
17.267096
31.688093
28.887995
30.641241
29.251421
29.14643
21.003628
35.58575
35.677467
29.545107
26.96302
24.255598
33.601322
37.02554
27.203405
19.063795
18.855297
36.361145
17.337915
37.6529
17.819155
25.22395
21.520721
30.884052
37.087254
28.940216
31.059036
23.683853
37.24766
23.709513
34.11797
22.361166
15.077261
32.49018
27.358389
29.390793
16.857323
34.795143
22.654587
23.858095
28.226736
35.49554
35.657665
24.76857
37.01568
16.395687
23.90223
29.24848
26.840263
17.821318
16.398087
34.297543
24.889107
29.75419
22.2053
27.201881
37.295746
27.149563
36.360115
39.975204
33.76609
21.989067
29.700857
15.26847
23.718082
37.350098
34.6371
15.073056
37.091087
20.313755
21.71201
21.239697
30.195456
30.886976
21.926912
38.345245
16.498018
39.280426
27.228806
32.761547
34.077293
25.862328
28.305626
28.915546
37.63243
22.899313
30.890743
28.676903
39.392933
34.799046
31.14734
26.569273
40.051464
19.985186
25.384895
26.073612
35.930103
26.763971
23.354168
24.676626
35.9906
17.582588
39.673775
37.514793
28.01225
22.93305
24.56046
33.4741
15.286314
33.821354
26.966957
21.427956
31.513767
20.200111
26.47535
17.930462
30.243671
38.054
22.850552
19.129507
22.152208
15.930754
26.027664
36.923923
30.737925
26.62653
28.488558
28.461191
32.59655
23.462961
20.477251
32.95698
40.33919
17.134224
16.310196
28.51502
30.430548
26.455967
27.156824
28.135597
22.749258
16.513979
20.097261
30.423285
21.51026
34.688953
15.008332
32.639164
16.33959
24.824768
17.885551
35.690178
23.75479
20.411156
31.57798
18.407934
29.079588
39.067753
24.594465
24.041618
30.90934
40.844887
35.633904
31.274372
24.644176
27.897646
37.7988
21.26981
40.3196
26.943121
18.0706
27.265074
24.989767
36.576878
32.556812
18.049131
17.256536
25.003124
38.264168
39.299755
23.187681
16.0241
25.708649
37.19989
38.83072
20.237738
17.5424
39.013916
30.804056
16.30863
28.559137
29.376518
35.035103
37.905872
21.933826
34.931713
18.615362
39.44238
25.359072
37.656776
32.955482
28.103754
30.859732
18.715624
35.94851
22.820826
17.498997
38.008495
22.687586
34.818512
40.93324
27.719437
20.434689
15.164596
23.829607
39.110493
25.999876
38.34565
34.52952
26.571178
38.46594
15.31322
38.02276
17.50412
19.281181
36.671986
25.29115
19.01248
39.143562
16.72263
28.387236
24.552101
18.81215
27.925581
35.23277
27.720999
31.007412
27.017939
20.053247
28.181175
18.899626
30.494274
20.608982
28.342422
37.335125
20.453104
19.939804
20.885105
25.913015
23.914345
30.209661
34.458633
24.300356
21.628988
19.418955
21.964634
21.761673
38.130886
28.246685
16.718588
28.779112
31.321424
30.091019
24.48094
34.8524
27.231445
16.49615
21.858494
17.093178
31.770819
36.584816
21.899155
35.066124
28.254477
30.860151
31.837812
26.479778
29.284868
16.797003
21.898508
25.792757
20.174208
36.01218
19.81768
29.576473
20.505953
30.484547
39.32566
36.56342
22.663458
34.290195
16.208294
34.710384
35.194756
19.624413
40.767796
38.318935
18.735949
35.501442
30.511837
31.280802
24.881685
36.454536
27.72199
17.853804
19.86973
34.803085
19.187489
20.024239
23.237663
35.610115
35.83753
38.47462
26.713217
22.322691
18.265099
36.451
22.515825
37.269318
16.207575
16.412037
34.975445
28.68266
19.93408
30.242311
30.915716
18.72244
39.186916
15.025339
34.602093
35.092632
36.834084
15.897088
28.221525
16.27859
19.712215
19.338678
34.838833
25.173975
24.274006
32.417404
37.565937
15.923969
15.601435
31.948025
24.283564
20.18036
39.10594
28.321712
17.671152
23.645792
24.808907
37.83793
15.529108
23.778545
32.48055
28.774889
40.418648
36.835922
34.11269
16.147127
18.497929
17.05338
32.2105
38.124165
29.099232
34.68827
38.210716
27.422049
27.070414
20.901127
20.968487
21.630001
29.194954
34.00407
40.702328
21.39732
32.10831
15.475158
19.04642
30.680967
40.044453
29.318981
28.931744
30.842304
28.474854
32.848064
28.902311
22.281704
28.243273
32.76624
25.170027
19.512737
16.153187
17.554277
25.221464
22.103003
22.130737
19.58976
37.112125
36.74653
28.064568
18.177223
24.718502
38.883102
37.214935
33.721367
23.16553
37.742794
15.688018
31.645123
16.406796
28.469223
30.887365
38.336163
20.507118
35.063183
28.082878
24.399446
33.561874
30.288439
39.27884
38.800106
18.384758
31.394554
34.41592
37.100132
31.105352
33.536922
31.608166
23.92387
23.640223
22.112053
20.5945
26.031603
18.635971
20.876635
37.87519
31.937027
17.929976
24.681683
35.107395
36.87364
21.834278
19.928549
20.249779
30.096642
32.620396
20.441425
21.674807
39.001194
23.467539
25.3514
31.008265
31.344332
27.83402
38.79993
36.809147
28.97722
15.721425
24.795115
36.368965
19.925838
22.623312
22.391905
26.888165
30.40251
16.085049
30.517904
40.078274
18.38719
19.7486
28.229204
35.841934
39.786686
35.515903
24.956137
29.098984
36.861515
29.036674
26.386734
31.05533
26.60436
20.111286
21.036018
24.252272
16.06058
31.796648
20.262192
23.587498
24.200548
28.01272
28.516161
31.165045
37.88507
21.26962
22.948719
21.309908
16.709368
25.770012
36.150105
31.374117
18.06774
26.588736
28.75955
36.064556
35.65012
20.89144
21.957832
29.938805
25.763445
34.22616
21.443682
34.443863
28.36481
31.806667
36.39538
26.413527
15.500144
39.403564
15.131658
40.293842
28.961134
26.968948
19.711544
16.531933
25.404913
24.442688
26.550507
31.542109
24.925047
23.32316
35.280834
34.45416
30.119068
31.5325
39.54692
34.45224
37.066936
20.866259
21.201635
17.928747
21.31641
35.88957
29.457722
18.906155
26.965485
28.526697
40.948723
39.220787
37.238705
33.788177
17.366661
36.81594
32.573257
27.089376
18.36916
21.157896
25.162428
38.436756
26.786663
38.26681
29.148125
33.392696
28.810616
40.14551
25.210842
21.177177
29.806534
28.492685
33.174522
20.524244
40.67122
36.503128
26.425484
23.983511
28.241198
39.28596
37.438663
27.24174
36.159985
20.973042
22.511105
25.736755
31.824554
18.943077
21.921736
16.345724
16.556845
26.753094
21.16814
35.252155
39.983994
37.347385
31.675154
36.230618
27.761406
24.905067
27.426765
32.535625
36.235638
39.29093
33.341934
24.340673
36.419456
27.490234
27.896595
36.24589
36.739372
23.636665
22.488237
27.757406
39.41628
37.283646
35.346104
35.838837
33.052734
24.422707
28.409184
36.645054
16.025875
29.418715
25.525822
27.370703
39.622715
30.510141
33.57293
36.78062
40.50512
26.813677
20.64935
34.43666
21.054525
38.876
39.36716
35.895115
21.421913
25.731441
34.446293
28.22129
26.69643
27.152924
22.311974
33.05244
22.506435
28.32446
16.201157
31.137604
34.579655
27.51709
25.40328
36.792652
20.3145
29.516117
15.692246
19.031094
27.252485
22.525986
37.75075
36.265976
40.492134
20.070261
17.444677
23.425434
22.547562
40.007553
24.17439
18.084303
34.930393
22.200373
17.21152
35.786358
22.8215
24.602304
30.923773
24.116611
38.599514
24.570002
36.097164
24.280289
34.70584
32.059944
40.184036
17.954931
33.351444
28.035967
34.236958
16.004282
31.908411
24.892067
32.532696
36.277416
18.479813
29.985962
30.447166
22.163845
26.104187
36.48252
21.011276
15.83505
40.326424
15.622031
38.75936
32.175205
27.454674
21.256937
34.975945
19.288599
17.723312
31.041578
37.253254
23.16855
20.794899
15.013063
38.391064
29.622322
38.559425
29.467388
35.10203
15.868877
38.027065
40.013397
33.729866
23.361044
15.261018
20.478283
24.244335
32.330917
23.759935
27.941732
37.1462
25.317122
37.474796
18.591936
24.59683
25.504787
29.733011
40.325138
33.081463
36.093895
36.742886
22.051426
22.221527
39.108875
32.064545
32.522987
22.970825
16.072151
36.45868
25.16709
22.361853
30.78654
23.862503
25.884518
29.212679
38.10621
30.89263
22.065235
29.761574
20.023191
28.237455
25.17658
26.065525
25.656132
25.577066
18.195276
35.18062
32.80031
21.256563
38.88307
35.63625
33.58268
23.839067
20.446857
15.521849
23.462957
20.877617
20.477615
35.62392
33.331543
36.770462
35.228516
39.482864
38.77736
32.402275
23.271112
33.98312
16.733406
18.424055
32.359463
31.146904
37.65512
15.48752
35.935646
22.170897
17.146437
24.525076
21.12604
24.426868
34.520607
18.254387
38.306362
19.141417
17.167732
15.486971
27.354397
31.776592
18.798101
32.533077
17.562864
34.75234
30.640305
31.020582
26.850986
35.08335
19.495262
40.783455
29.39167
21.747
29.182158
40.12575
27.062403
15.155744
40.359455
29.730045
31.231337
21.976473
39.96402
24.754463
27.306156
20.72094
39.583534
38.250565
27.201769
17.025549
19.962297
29.934519
36.42392
24.345413
30.537607
27.557043
30.819304
39.906727
28.41382
23.64289
21.20883
21.19319
22.503384
18.208628
34.099117
18.98624
29.698912
40.217735
29.45841
27.03568
20.887638
34.995102
22.14654
27.806204
17.379383
21.598186
36.004642
28.427172
26.89136
31.230207
26.838795
34.966965
38.617992
25.180956
28.572794
22.460018
35.111153
22.4938
37.69879
22.733662
16.705936
17.582829
24.820532
30.01362
34.049473
16.361938
36.562458
23.531122
29.924929
40.098106
30.408905
24.911226
21.010193
33.16394
39.14125
19.991102
21.470448
30.140038
32.456738
39.898647
23.356155
25.305487
33.081352
24.715975
27.662699
19.455357
25.23003
40.858925
20.605206
29.196812
20.621122
38.4229
16.171862
32.400917
19.417873
25.177017
32.341274
32.325085
16.448408
33.63256
18.484175
28.071545
18.846514
26.668596
19.41711
32.509995
39.859222
39.5665
25.335428
28.56815
32.98305
27.98697
32.425194
18.881634
16.81938
20.417164
30.33844
36.195152
18.080408
21.922226
33.913387
26.61974
34.030666
25.654667
15.531049
24.87628
36.31507
27.506643
23.321924
33.993343
15.603053
31.534367
17.071209
37.577854
18.769209
29.34046
34.11825
22.739904
31.434599
17.469316
25.805735
38.028526
32.608692
23.052015
21.106321
35.32297
34.900513
21.431639
29.939281
29.524633
35.308628
18.306366
26.386885
17.107456
17.953005
29.046896
19.530087
24.110172
29.27792
39.276432
30.945341
17.991581
18.233475
25.545513
39.039078
23.920452
28.734447
38.99072
23.343725
34.53453
17.298565
26.235327
16.658863
26.978539
37.182415
40.4717
17.49337
28.118914
35.56169
37.659306
15.649221
24.233484
32.343437
18.078892
17.984829
37.187065
34.051582
38.102516
25.405596
39.129475
39.89292
26.97073
15.951611
22.090271
19.589394
20.612404
28.4872
33.494907
19.853317
29.099264
26.944284
23.589972
28.485975
18.196426
20.331278
30.04046
23.995771
40.651752
32.791534
26.549997
34.360825
37.361126
28.880077
28.255276
23.101795
36.353233
33.924694
18.858908
40.184326
40.656708
31.847113
24.990229
31.436451
40.54409
35.142384
40.12151
23.144812
21.391134
39.84927
15.517433
18.284668
35.446747
28.29172
21.158573
31.442003
38.177895
22.131313
39.354977
38.90223
25.535482
15.842761
27.853884
36.60842
31.4814
34.109383
29.646
35.732986
31.423452
21.832682
21.387594
35.460316
30.824163
28.459984
37.381134
15.243866
27.181007
17.156258
21.395027
18.279657
15.819759
33.981125
30.25342
38.229263
23.499342
30.67924
31.089952
24.328781
26.69566
40.952053
32.434692
39.936337
37.61353
22.151154
25.891384
18.299236
34.47001
30.218266
26.062572
22.862782
35.399025
35.39411
27.592999
29.796398
23.44637
17.72826
29.727083
27.578674
15.5557165
38.744183
32.61422
16.461416
17.190561
18.748661
21.745945
21.423914
22.293514
36.221878
37.372005
35.832035
19.653574
24.48423
32.517654
33.43284
35.433643
25.408348
20.312468
17.543898
31.604692
38.329353
34.74136
38.337566
31.339602
34.50382
32.641296
19.97384
23.038855
17.47758
20.79266
35.001656
20.591927
35.54483
36.292137
15.926779
34.722313
40.115715
39.04429
17.135618
30.820784
31.256863
18.17193
26.467735
16.540665
36.92911
19.420864
34.645836
35.610447
21.51891
32.222282
24.500568
30.813322
18.14466
30.976688
30.468487
18.889761
29.916536
35.33596
24.19497
25.238462
17.83806
34.785664
28.240017
32.72261
39.360004
39.66753
24.863281
24.632536
23.731941
21.932446
30.655706
34.912487
30.24403
18.377237
30.388725
37.128407
37.211395
28.893805
34.86792
27.3352
35.125725
22.347174
33.80657
16.996151
24.783468
23.099352
31.775593
34.41379
26.39729
35.90879
19.139809
24.75062
22.707195
21.960632
18.556519
39.649757
31.930021
16.120836
39.090942
29.709787
39.020725
35.15765
34.293976
30.624557
22.166195
20.636765
17.691372
28.667995
27.69209
24.471935
27.04931
23.385563
28.635386
23.700687
25.510025
16.848093
34.120224
29.955147
17.231974
21.630457
24.371786
40.31092
39.522724
29.796598
19.712742
19.722334
40.618626
28.604143
39.209103
15.0902195
26.243904
39.385902
23.767052
15.158884
36.872845
28.122269
27.429556
30.901701
23.222198
39.587597
27.381416
35.830227
37.917004
39.63537
25.74359
20.7496
30.501509
40.180977
34.622437
38.883373
29.007898
20.747742
28.07681
19.003845
24.149065
31.060783
34.675606
34.229313
31.867645
21.105093
24.140768
18.48757
20.45208
38.308273
35.20542
17.295391
29.721472
36.065018
31.26408
40.46659
21.884533
35.68963
25.651697
17.636665
36.593906
29.064379
33.46052
17.079924
20.445679
27.745817
21.688559
22.195347
21.71496
26.097641
34.210606
28.250414
32.471794
29.137934
36.57274
32.49738
30.387867
36.220253
19.933218
37.61453
15.522783
35.412106
39.60771
27.5752
17.169914
26.491089
27.623888
20.510355
18.445145
34.848015
20.450237
26.905773
31.717968
30.268059
22.636257
31.562927
38.212917
39.555088
24.485876
38.15294
26.150211
32.270916
27.083277
25.905874
25.648144
16.480457
31.00003
19.003145
15.2757
34.325348
35.834736
34.578495
20.622377
21.4927
20.371092
40.883633
27.543266
36.202408
17.587656
27.137312
39.840878
40.205452
37.012226
16.85212
19.061348
36.46734
18.986132
23.021154
22.810982
33.704975
35.288406
26.447056
33.540318
34.751854
32.267166
31.708866
18.096245
17.845667
30.135195
40.787525
39.508823
23.363953
21.409071
32.208656
18.457916
37.277695
40.6059
15.711829
26.655785
40.649323
40.259
26.91818
29.985313
31.87069
23.073626
27.243845
39.64953
27.018381
18.61615
29.39443
30.816628
15.697642
23.314783
26.176186
16.285675
37.053047
20.747253
34.07245
27.551767
33.24305
29.200655
17.059254
31.315315
15.607255
19.31083
22.471985
33.958775
39.999355
26.22354
17.385248
19.805054
16.31535
28.166859
40.93111
37.075382
17.115774
36.58405
17.25617
36.38047
31.422342
40.048374
27.405884
22.307262
38.26351
33.06615
36.3249
33.20458
38.350143
27.57155
33.375107
31.624573
39.38153
15.42645
17.298416
18.042803
16.913824
38.56087
37.389267
27.458303
36.466824
23.524364
29.7922
30.266104
35.601967
33.16591
35.302685
17.398024
35.073326
23.919676
16.824911
29.143751
17.835138
26.746304
32.727962
17.292585
25.683517
29.164051
38.74237
29.277338
27.616623
17.00148
39.75178
34.855343
23.616749
35.513107
25.859943
18.527594
22.489372
38.32169
18.45112
28.375458
40.638382
21.285582
33.612347
32.285564
30.213348
16.836927
26.248947
35.636826
37.933807
20.596117
24.499996
36.439697
22.077223
16.140278
24.648449
24.646223
20.611368
33.688316
27.620886
31.890432
36.25856
40.162273
25.384865
38.27223
24.398304
35.594555
25.07714
19.963829
19.146524
22.172813
30.53399
15.396447
37.69374
39.34912
39.045235
20.575802
29.041157
37.387196
35.6164
29.678656
38.642784
20.48132
15.7989855
29.498539
23.143332
29.152859
33.23647
29.537373
21.39582
36.014965
19.474367
15.580651
15.249392
35.193367
39.29524
15.4474745
22.217041
19.70098
32.865196
39.27261
20.064577
34.88619
40.316193
37.156364
32.606274
15.709554
21.038786
34.30906
38.549294
27.05089
26.923048
23.92031
31.09819
33.508453
36.06058
22.899544
33.21227
18.224228
25.008524
39.362442
33.902946
39.154076
17.61688
33.27923
30.764675
23.898773
16.633266
25.054085
19.052301
32.721756
16.824709
34.971146
28.049276
35.701576
39.193913
27.420847
27.215303
38.10195
17.017843
31.611593
33.65867
17.989473
29.899384
37.07515
20.847595
19.888807
39.79814
15.690149
38.15666
29.837572
29.094484
32.176693
25.838388
34.5877
35.141163
16.05598
24.31686
28.897497
36.469833
17.922443
20.319199
19.868309
22.845182
33.5419
31.292568
38.101936
16.697214
16.767687
29.798368
36.08981
23.112663
30.557825
33.13196
36.692078
37.529423
22.479746
36.28547
38.824673
22.55321
17.005121
22.552713
35.54447
35.903625
15.625879
17.569635
35.607735
20.397121
21.363462
21.390057
23.273905
40.087337
40.596966
23.315878
30.637016
24.208565
28.301722
31.632378
22.088825
18.406078
38.768505
19.143473
25.652905
26.887438
22.664473
25.4584
30.87591
39.591713
22.900515
16.350452
39.72223
29.24901
26.185678
27.190008
29.490307
32.290623
40.37788
23.448282
39.153824
22.970367
19.781094
34.574795
16.72813
23.770731
29.392729
38.170784
39.27209
37.192745
40.770985
27.312366
34.95778
28.366398
16.670364
19.121368
22.275213
20.568819
22.884693
31.23851
36.886623
36.700348
19.84036
16.72261
23.904455
39.04398
19.39864
31.081236
28.43962
17.221596
38.054363
25.632298
20.151241
28.160715
26.259302
25.20279
18.226452
30.098509
26.952126
37.289932
31.72849
35.175083
32.542736
28.2417
38.57371
40.006004
20.577425
23.757809
38.53279
20.774418
22.10222
16.068892
15.598722
34.84599
23.34532
32.520714
30.823997
38.685276
20.755568
21.971973
26.301535
23.940092
29.662392
32.40829
36.348793
31.960709
29.863668
27.481716
31.151695
15.733747
15.301495
15.304156
21.134779
25.235912
31.651836
25.754812
23.146297
29.550676
37.132587
32.805824
36.181656
16.741339
24.125515
17.926981
32.81595
20.436876
38.311195
35.499493
26.776073
24.362295
23.931902
21.350458
33.155136
18.633127
28.526098
39.013775
27.656694
18.534134
34.019062
19.129965
28.953615
37.715103
15.4077635
29.516397
17.756044
27.262068
31.444096
20.871178
23.505371
39.940163
31.699114
15.817976
40.745693
29.054676
37.181896
21.055813
30.17167
19.839846
37.2902
17.746908
34.111355
36.06018
24.286106
37.95734
16.774847
39.597183
27.718307
20.959435
37.984467
22.194532
25.253788
32.51141
15.2992935
30.24784
37.235092
38.848953
31.456774
33.550392
25.945414
33.05507
37.876305
37.24419
17.042297
38.718636
28.604534
18.876049
19.911684
18.348797
18.52928
35.42134
17.7976
15.8814125
32.948868
16.413355
31.478802
27.795454
32.655846
30.904238
19.992174
37.851387
27.578825
39.88372
26.44372
38.27018
38.723522
29.994844
36.30151
35.290752
28.663748
26.911255
25.730923
37.475327
31.155422
33.578487
24.511076
32.87624
28.581457
37.6721
15.862341
28.23447
17.882568
40.088432
40.11835
37.74922
25.388874
40.059017
36.591923
16.639587
22.539434
20.567774
24.212835
31.713457
29.86158
28.150301
26.556446
17.465416
31.779203
17.867628
32.73556
25.844612
25.828932
31.272072
28.294132
38.76512
22.685356
34.52079
29.71969
38.67556
22.03127
19.443024
34.482616
40.06127
29.756136
30.32984
37.613743
21.621574
28.225765
29.490675
37.747833
21.04624
35.43844
19.208792
40.289047
21.809431
28.76751
36.628185
20.895405
40.206043
20.687725
27.31736
28.832941
20.97451
33.39237
38.78081
20.916063
21.281725
24.530472
19.026875
40.729317
39.58997
31.428202
21.451073
16.61668
17.982302
16.10577
33.75693
23.528034
35.892006
20.160955
23.411642
20.228495
27.863396
39.162605
29.22183
36.604816
19.96533
24.582268
36.015095
31.844036
38.785538
29.48937
25.12587
37.113136
29.552853
32.245068
21.409521
16.034388
35.866272
38.252235
29.846548
36.72971
36.753704
33.453796
29.449076
40.49827
15.3400955
40.71884
19.144753
18.295101
17.273607
25.51577
35.58857
21.094584
32.24028
24.343967
34.440983
21.95105
30.391678
28.280264
38.5511
32.10991
29.316677
16.693695
32.69667
36.87607
34.30773
34.69189
27.057833
15.1125765
33.103527
32.184612
36.439686
17.220844
26.034136
34.584805
29.408962
40.244823
35.55138
27.114687
20.973042
35.345074
35.49629
22.444332
24.20496
18.304644
30.137138
36.962273
22.305906
19.957203
30.005756
36.362556
16.997118
30.468868
27.86633
26.429918
19.845976
15.258731
25.770193
21.914446
22.156488
31.009035
15.081651
29.209465
38.39224
31.694551
33.60403
23.181067
33.750263
24.851627
29.491846
16.945011
36.46723
21.41097
18.504047
39.64646
