15.198261
27.668646
40.761417
21.222815
24.411236
36.43518
22.745293
30.030228
40.004936
36.079033
35.48015
28.798988
28.956615
30.298496
16.45755
31.22251
33.643692
16.907248
25.158016
17.641544
33.024803
33.186317
28.929922
20.207668
32.22105
19.77385
30.079557
29.749271
35.242855
33.643253
25.516376
30.247078
17.133274
23.886353
31.729149
18.148518
25.636446
31.996683
38.612846
26.885014
30.650263
25.139032
17.722727
15.903537
26.185284
38.494953
15.901265
38.28352
28.327219
15.189871
17.90515
31.582518
19.788296
19.535994
39.653774
16.93874
33.033127
31.366257
35.02726
33.65586
23.677664
26.087973
17.761164
32.50528
17.885122
20.750982
39.916737
28.803268
23.820784
16.903519
33.649647
23.955177
17.877798
22.300085
25.556791
37.60622
39.3492
39.6291
26.74997
35.79801
40.496536
33.34414
16.986729
37.60238
20.553583
35.411087
29.682981
23.588736
28.103888
25.324503
18.438507
28.178488
18.4838
21.1001
36.825672
36.449814
27.38811
34.11614
15.623304
40.27836
30.693163
31.655174
15.421792
30.834167
25.662888
22.788519
27.582174
24.402456
26.16589
17.849323
30.901054
32.255558
38.307304
27.156237
27.014853
24.87569
34.96687
30.878054
22.57106
16.212917
24.135159
34.97082
22.500772
40.859955
38.65277
17.97239
20.345934
30.035238
17.982643
18.105362
30.526363
21.087969
27.98358
15.617993
39.67578
17.873524
18.303478
23.583506
35.732674
29.795015
28.973585
25.481913
16.341003
39.566425
32.060555
27.804354
18.297396
29.825098
34.82094
34.648537
19.275558
20.606083
35.703144
18.81486
29.865372
35.38811
21.754791
24.266315
24.083197
22.930752
33.51875
23.981277
19.941591
15.444561
25.339115
25.206821
18.410772
30.770777
37.14865
40.911205
31.160807
27.194433
26.27224
25.837685
20.842651
20.27447
30.556192
17.97782
36.347775
25.646729
25.221174
37.51099
17.480312
22.140463
17.236925
37.29782
22.782223
23.746262
16.7298
31.868704
34.871197
22.98308
18.959597
27.514715
25.58259
36.034267
20.739962
16.566643
28.450855
25.657328
31.82712
30.238905
26.622595
25.31938
24.764542
28.518637
26.16245
23.270012
29.94652
22.496258
31.894718
26.33557
34.25158
38.262344
37.417725
38.103603
35.49698
20.036613
22.734629
28.86355
19.178488
25.54838
24.063427
19.179369
20.484999
22.853868
28.820652
15.29228
19.415428
24.754227
28.51731
22.686348
35.975758
20.76916
31.36231
34.097065
27.89693
23.224579
40.737747
40.002743
35.08975
23.428719
35.39203
15.210865
31.140785
18.139618
24.191027
40.536274
32.553703
33.567974
32.574028
27.765347
21.153301
24.012804
33.480392
23.110075
28.094938
18.893429
24.444529
23.178247
33.25997
37.419758
24.800877
32.120667
37.46811
22.433928
22.49725
37.06362
36.90061
24.059784
32.884026
23.194603
35.40351
37.71282
26.028343
35.94151
32.928066
25.751574
16.596535
15.570336
37.265923
35.59262
37.154766
31.223642
15.449461
23.464714
33.856884
38.93185
32.713085
16.143726
22.920193
23.451658
34.74919
30.988495
35.034023
38.92066
37.142906
17.388725
26.9025
22.264494
32.33258
16.339617
26.4922
16.052685
39.21839
19.273886
15.236915
30.071438
35.629356
34.510365
36.44593
29.26665
19.259398
25.719397
36.468864
39.90744
32.395977
25.658768
23.789242
39.830444
37.790302
16.09987
33.15061
26.447233
21.355865
39.342384
33.063206
19.832134
36.03258
36.00675
27.595705
19.654842
40.11662
39.897186
21.225859
27.982113
36.631416
27.644096
32.705364
19.04501
29.903278
40.563156
36.388515
39.952953
35.40536
20.709394
33.28078
33.033142
27.146673
20.45818
31.182625
28.98358
25.408173
37.11089
25.7355
40.350323
34.465954
21.001732
29.92114
18.974243
29.091785
31.373034
32.62183
40.999912
22.084332
18.88997
23.218536
20.798939
20.85959
39.081615
40.885445
32.732403
23.217134
37.223785
36.23348
29.061771
18.799019
36.22012
27.262175
15.51495
33.471184
26.891361
17.198267
29.02386
32.882507
32.74887
32.7311
28.972284
28.794615
18.806814
31.399061
21.927347
31.425905
20.278578
20.43792
26.275448
33.01615
40.10648
30.270988
31.443033
16.093414
24.189743
38.002815
18.455008
16.512945
21.904396
31.77217
34.46828
16.238066
23.049604
15.6266775
19.615236
38.04599
36.70857
20.700752
26.00165
27.866858
24.67811
19.909925
32.025883
34.302227
40.09954
28.11899
18.320917
33.019577
22.714497
21.797882
30.568062
20.182354
39.772873
23.54844
15.190974
33.85038
32.036045
37.56681
16.510817
39.373447
35.547073
40.100353
34.32822
16.201204
17.880575
26.264654
35.094955
17.24542
16.438538
23.205275
23.847961
23.956045
34.02424
25.520561
31.900688
38.610397
21.405087
18.106005
18.921429
37.965202
33.866154
26.137234
27.47564
19.384079
16.85962
17.777874
33.36894
35.82851
20.771505
28.380188
30.19981
35.688126
26.555483
21.440481
19.415773
17.326664
40.524574
27.37797
23.864021
32.43268
19.945122
28.324907
27.337355
20.789663
19.243366
19.547394
34.938442
31.917986
33.613533
35.8605
27.22025
32.19146
28.60731
24.457878
31.007727
19.494339
18.888124
39.94527
31.56559
33.259846
32.749657
19.048912
32.349354
15.819217
33.226532
15.463959
19.961462
25.390707
23.666111
25.614758
19.131708
19.75084
21.48394
17.717863
31.550825
28.655598
28.491236
29.470402
29.208473
32.41711
25.661503
31.930458
17.521526
35.691826
24.494251
32.712868
15.985915
15.499042
30.237375
36.492893
40.34498
36.763996
38.14573
36.991913
30.339582
33.267723
34.681976
24.11341
34.990036
30.786152
35.106792
40.704178
23.057028
28.413895
15.259012
17.534767
17.838694
21.593546
20.49235
38.524902
26.783077
40.209167
16.713814
18.983706
23.530083
31.253098
21.259947
17.69117
26.94424
16.038002
22.950584
21.016542
18.459414
38.701626
19.07578
29.950842
33.628796
37.839443
16.300098
30.924938
20.15836
18.500893
38.509476
34.591198
40.89913
23.497742
17.4794
15.365919
34.283493
26.998524
29.909113
20.461338
34.512905
23.720856
34.845104
16.380192
25.439302
29.683887
24.808172
37.40243
33.52957
31.44596
40.04183
20.46283
40.562378
28.027987
34.21585
33.999863
27.778849
21.310974
15.647315
26.850395
38.09331
36.5964
24.642397
29.071339
17.667702
33.23121
22.915852
39.688557
22.662867
39.72439
27.210978
32.80502
31.30236
16.620173
36.221493
27.244242
25.519024
37.54316
25.707666
23.961744
26.40199
16.293587
25.302683
27.826437
23.421402
37.64642
29.92109
36.05539
32.980537
39.595722
18.909838
16.579653
25.229664
37.186256
19.123323
21.925451
15.273328
16.787077
19.957436
37.81412
15.912456
20.687357
19.043581
30.615911
29.884981
39.23245
38.782192
22.03683
26.203434
31.368729
36.186256
40.974415
15.6352005
26.428518
23.608871
39.34739
30.630955
16.261889
21.844904
24.885866
39.078995
33.409946
19.825308
31.362854
33.147987
35.914646
18.663687
39.554485
32.177917
24.573084
38.16819
20.335533
30.088785
31.969511
25.097885
24.748383
15.098843
26.456356
28.421179
32.627846
40.678947
16.405794
29.625011
27.420721
35.6169
18.516356
23.726906
20.208307
37.825344
18.734478
23.0581
22.621534
25.09908
19.438732
33.114437
18.332695
34.41252
17.9349
37.81272
40.11425
37.545067
27.022947
20.343758
30.074438
40.83216
40.42232
35.47932
38.610985
18.661936
22.179922
27.668812
18.868351
31.972115
39.835438
16.552374
16.040691
26.449196
20.081686
15.620716
32.73169
16.391594
38.932922
30.668016
18.764193
37.270767
28.002048
36.412647
22.326675
20.909086
32.38799
32.20162
31.150171
37.890465
35.88738
39.068024
39.528496
18.329557
39.770157
26.576923
19.426203
18.447565
16.196545
40.873486
27.662857
40.537495
28.503157
23.138304
20.218857
33.84896
20.0491
28.258305
33.077164
23.68235
31.08811
18.937674
40.696964
39.554535
21.220737
22.701712
36.20938
30.682962
33.381054
36.287643
37.73208
20.232286
24.025097
25.76976
36.818626
20.77751
23.213814
35.43248
15.990238
26.259737
21.621012
31.883265
20.541582
32.34556
23.147354
24.188423
31.369024
25.548248
21.784204
17.918383
38.438766
39.72876
15.646608
16.904907
22.69406
30.666769
25.682533
33.241398
39.694733
25.276781
39.465904
21.5983
25.088955
31.741568
33.69385
26.279272
40.136288
34.345
40.53401
32.60967
24.93276
26.108551
28.80552
38.227524
19.732721
39.47057
29.127884
38.63815
22.819036
26.194685
24.634636
22.997
40.742188
18.453367
35.624176
36.501514
19.430552
37.605133
37.60809
15.0011015
18.668264
33.568417
39.617554
21.475462
35.7437
31.89261
31.341429
20.885027
40.690735
27.636356
27.694918
35.563187
25.476679
22.985588
17.755674
31.798595
26.734707
21.178492
29.654549
23.546839
38.19555
24.751846
37.971085
39.314205
30.842064
23.383001
15.459277
33.172394
35.99213
37.67397
38.51698
22.591497
17.009375
16.10888
35.712727
28.31951
21.1479
37.113365
28.89667
36.89031
30.15629
38.654133
32.947674
20.507912
20.697908
20.139309
29.046526
20.033405
25.388483
17.514853
31.515615
34.591934
26.308784
18.399654
23.728298
31.920668
29.219221
31.86167
16.366598
28.994682
20.384872
17.009699
17.393728
36.69617
38.913612
21.960203
39.50837
27.33347
17.816605
37.935825
29.56049
33.669838
34.619602
34.26201
33.43389
22.788027
33.285133
28.850431
33.23857
23.595112
17.44976
23.392658
39.30634
29.06309
20.537298
36.934772
27.446114
31.404331
19.17795
31.763447
30.190565
34.296894
18.545012
35.606194
25.353811
23.003267
35.714928
40.033337
24.120169
36.767166
17.963081
26.646416
32.09689
28.226433
25.026922
36.14768
18.289188
35.74617
29.799572
32.707336
40.793774
34.554745
38.66129
25.180275
36.157475
39.356327
38.712753
17.670988
29.810453
28.69705
16.543272
20.70536
39.758854
27.778067
23.848698
38.840183
28.80968
23.637117
29.207933
38.926033
38.001076
24.661356
28.633574
31.43639
15.623977
19.247646
16.131355
19.285732
26.246681
20.092564
33.434746
36.381443
36.491577
33.07286
25.325127
17.78932
22.96379
40.96817
15.50468
24.839611
38.69436
32.381226
15.858202
37.760296
33.73591
21.126905
15.121761
39.49663
29.136782
21.089895
33.47019
39.260742
39.419807
40.09186
33.342083
27.052212
34.904972
21.662394
15.940143
24.900562
33.740524
23.774172
35.276245
16.90261
24.344929
36.581158
25.374895
28.26255
38.112587
34.989784
27.305235
33.48986
31.698988
28.496456
21.081015
19.66987
27.976467
26.140911
27.14949
20.29414
32.83956
16.653254
35.184452
36.522503
23.439371
38.913723
38.205128
33.945946
36.139236
29.697609
33.66191
19.929243
31.509407
22.343824
16.061487
37.43453
27.016285
25.464148
25.948048
15.861756
27.71221
33.101112
29.613985
31.889248
35.194653
24.846167
30.782513
27.557333
15.379059
28.345531
19.68638
24.91033
28.217487
37.349953
32.460945
34.39683
25.395582
28.005331
20.576502
15.925657
17.253275
38.43487
16.153954
22.984419
29.70008
25.829372
26.439493
29.5501
39.733627
31.240763
21.458147
38.65565
34.320564
23.065035
16.922653
26.423983
27.861813
23.804255
29.843288
38.140457
26.23953
19.1133
38.965916
21.507235
20.531069
19.365524
28.159628
32.607613
26.87557
34.012577
40.182053
18.305796
38.691765
19.867062
24.869482
28.817211
17.470871
36.102814
39.730648
24.006838
16.70649
23.246025
36.167114
36.607758
28.173641
18.721481
33.099895
26.999355
32.73211
27.621737
39.65099
27.444424
39.10456
34.28297
21.710318
32.756695
21.66786
35.97989
29.712454
21.254986
24.196308
26.59298
18.754436
26.557587
32.708557
35.454987
29.304897
17.280085
33.095192
36.749447
19.186457
24.022255
20.041962
35.81267
23.257507
37.164314
30.914017
38.481598
32.276062
38.940125
33.729366
24.23338
18.797596
35.014717
28.125183
17.278666
21.64033
38.36574
20.308489
37.999004
29.445642
33.653244
25.383112
30.159834
20.16789
39.459423
35.157707
17.184032
18.947062
20.789762
32.56506
15.436998
17.749334
15.0492525
37.160706
15.952798
30.404774
29.342142
37.81938
38.32187
32.227966
35.390915
28.710615
31.564344
30.276663
26.63001
16.91028
26.729012
26.484968
40.101994
36.592667
16.686516
17.401947
23.668718
27.648167
34.126358
17.072998
18.747253
33.784477
23.120798
17.720552
16.290098
24.694618
18.78478
24.312346
33.051514
38.712986
15.539503
33.84953
26.316551
24.531044
33.27827
40.263653
40.216602
37.007107
18.336826
25.180607
23.515064
34.880123
34.58628
15.491291
29.319044
27.285198
17.195385
26.662912
35.557674
27.369043
39.64982
28.031446
27.26498
31.016361
31.469738
26.934938
31.714975
30.723639
31.732819
24.478985
31.278887
16.99466
25.988522
38.96982
30.50923
38.28246
17.440405
37.60715
35.402702
35.46533
39.3767
22.897964
30.053612
28.119873
16.745539
23.43417
38.981857
31.44201
28.499535
29.171144
16.304192
36.567207
34.875683
27.150805
35.614838
35.254093
27.129805
26.73204
24.951202
24.42105
19.410994
15.822937
39.542793
30.863216
27.439877
31.353376
31.176132
35.62774
20.445637
22.283253
30.95577
30.988022
39.42016
37.810658
20.001247
36.733105
24.163769
29.126049
20.192144
36.576157
35.82549
20.052576
24.458069
27.886538
28.681755
16.219278
21.307793
32.662666
16.751083
36.033195
29.301388
34.68845
27.508184
29.647848
17.991594
23.153782
18.439507
38.3699
34.49537
38.67016
40.473244
32.502274
37.303783
35.575188
27.420341
38.491253
33.198326
40.695312
26.479033
32.426712
37.21377
33.323837
27.584019
30.438732
29.472706
16.071844
38.92232
25.340485
22.413937
17.462357
24.29144
22.98652
19.446846
20.663614
29.14141
29.247086
29.386003
34.595135
26.120914
15.243313
22.155098
37.79069
35.738556
20.544817
18.19654
21.86512
23.353996
17.40024
18.782846
20.207434
22.129593
33.75305
26.998144
24.610413
34.80177
16.788998
29.542992
15.947383
35.172283
16.068207
15.712863
28.719723
15.073158
29.914194
17.910482
39.32402
38.22497
22.663502
27.874462
34.225723
18.886806
23.624023
20.441418
30.8765
26.487083
19.146545
32.10604
15.175401
37.528103
15.083292
22.90334
22.549368
24.973066
20.088829
33.20959
15.316422
21.052916
16.71288
19.943205
32.895367
17.971306
25.041174
35.344074
37.63863
34.33958
18.759697
26.019682
29.59036
21.339586
25.949211
18.268538
16.309683
33.590733
26.661203
19.826256
17.049477
21.488676
28.38294
16.126875
36.043934
30.386528
20.868525
18.931765
27.43348
31.405561
35.494446
30.750763
34.4436
38.890797
25.292273
19.864893
33.834484
26.56795
28.117813
37.95736
23.351269
40.31175
35.0351
39.3692
18.930058
24.101534
32.925343
39.818314
25.752844
23.218733
28.57504
31.055256
22.894745
29.031645
39.054066
18.37663
23.26995
34.816647
36.06377
30.176403
26.858124
19.980814
24.1167
16.788021
33.780884
28.77955
33.903732
27.754772
28.698423
23.163818
19.01102
34.363197
29.209164
29.745039
40.268307
17.784065
24.460777
18.031794
17.44181
26.487772
34.01876
23.07096
38.729015
17.735678
31.189175
22.416922
36.569347
20.89627
23.455025
24.956003
39.65384
25.09474
33.46116
35.52933
17.698565
30.276827
27.07044
40.52577
23.540728
35.152615
28.41437
17.657701
16.422932
19.68313
17.574198
39.985817
36.95035
17.782444
38.55395
39.925186
20.137085
37.7302
29.544714
37.44334
16.20216
17.424278
20.129902
15.952184
37.332317
29.050526
23.044096
25.498941
38.497784
27.00636
17.373463
19.777533
17.588947
21.987133
27.673672
19.210123
16.635916
21.029137
35.38154
16.889704
25.679678
40.00017
17.109617
27.528067
17.982634
19.538559
20.93828
25.719519
33.69795
27.76357
36.657734
36.80921
28.861322
35.215206
35.062847
17.446005
27.625397
37.428288
20.866474
19.50324
20.026175
22.305834
31.572449
38.466896
39.25245
17.028774
18.737242
39.619015
31.383408
30.623892
40.44968
32.3854
32.86616
31.509192
16.571054
39.07003
26.624199
20.345558
27.303263
40.86472
24.61927
37.34593
36.990616
39.500946
28.93344
21.827892
32.711224
39.20199
38.994656
28.24299
29.176868
18.69677
15.43835
31.175621
31.735579
20.973087
33.27915
23.876856
33.859077
27.17621
16.56103
26.783163
26.397602
16.599958
31.46081
30.167295
21.097542
25.070854
40.939
30.578424
32.40271
23.191977
39.463764
28.050783
27.397932
17.891617
25.077797
40.194942
17.904057
37.512917
22.134583
28.233019
29.196388
36.284115
39.399693
28.798943
40.593884
26.425106
20.894337
27.897152
36.254402
31.374487
26.85259
33.79785
29.911678
39.662304
29.470352
23.844234
37.00253
23.80723
20.743162
24.156847
19.658249
26.282887
31.621758
35.042515
32.372047
19.07661
26.958294
22.550026
30.804703
40.65488
39.27284
16.062086
37.153576
40.253227
36.238895
29.072685
32.78547
22.324427
27.968317
17.371483
38.42173
37.707268
40.67015
27.741362
28.064371
30.61924
37.064587
18.972778
37.06489
39.93003
39.05226
25.508131
25.262848
27.338594
32.57096
40.35174
18.95914
32.055298
22.315714
28.015764
36.639355
23.38143
21.055033
18.21962
20.825401
17.182066
40.645218
18.820288
34.209045
33.664146
25.526148
16.023119
20.3089
20.100262
18.476286
15.3075075
39.292744
19.179596
34.711124
35.69912
36.31996
33.52095
30.028564
21.030071
32.784332
27.548922
17.636229
34.650726
26.175213
17.412643
38.539986
38.691624
29.925575
21.917711
23.929491
29.42117
30.578299
16.545227
32.865765
28.50463
19.877432
38.548103
32.75742
18.042164
35.979088
25.843117
19.60634
15.148385
22.876972
19.958364
25.810188
31.53326
18.350521
19.649158
37.42832
33.053852
30.268898
28.961523
38.249325
33.528767
40.92211
21.500877
28.742453
22.241812
15.20079
21.454603
26.03201
17.508783
24.909166
19.5206
34.402737
27.440924
26.27108
26.310047
18.526014
33.610943
40.77681
33.021046
39.59072
19.712275
18.918869
27.22085
17.829348
39.49939
24.07784
18.427921
27.549011
18.30694
21.844627
17.851017
22.708687
22.267567
36.403534
37.12111
24.328135
26.983149
20.250822
32.142868
15.57063
38.851402
40.486393
22.295994
28.210714
33.509605
36.19158
36.132755
17.37987
36.92941
36.99395
22.446468
35.977127
15.581526
34.820396
16.1268
35.938305
26.786299
39.05268
37.57125
20.676622
32.875965
19.825
32.58813
25.4392
37.11666
17.041058
26.704988
34.067993
23.472986
37.838398
15.5872755
33.710403
22.245255
30.690866
21.875786
15.393907
21.369226
26.115187
20.16719
18.060753
24.740507
18.035782
30.090664
38.652855
36.31045
16.262177
28.474554
39.143654
19.897749
17.24631
35.450546
21.032904
39.66962
17.312422
30.008842
40.751953
19.068768
17.890142
29.996326
27.67121
38.597073
25.93167
25.840765
15.958156
27.31424
22.65699
34.38756
26.403423
19.169344
20.046326
25.151625
40.514023
29.35559
23.08696
24.0154
32.667027
39.763214
32.68201
30.945177
24.923637
28.30288
15.341522
20.651243
31.222643
34.38155
19.301725
18.283512
31.104012
38.135216
32.556152
18.232754
29.857426
36.157463
18.432716
18.898565
30.047249
15.410324
20.813705
15.888755
34.734547
29.76341
19.871119
16.530798
37.398388
34.1798
16.277563
21.804579
29.552881
25.951729
27.253399
39.846603
36.36293
26.586582
21.523655
28.029434
21.180927
21.953236
28.28369
40.286034
39.858177
30.1213
25.610376
40.827354
38.92903
37.960396
34.40608
32.692352
26.322351
17.013931
20.925495
23.673285
33.123978
36.42166
20.21089
21.075043
36.09568
25.737442
32.34909
32.495872
15.150025
31.373533
15.364044
18.35778
19.787392
21.099907
24.771599
23.268524
33.620407
25.536892
36.348568
33.46297
24.542753
33.901703
29.506035
40.550304
29.843428
17.404184
19.807264
35.584377
36.624203
19.634333
30.633411
20.078201
38.247135
15.044012
29.775686
15.999435
27.220627
26.197412
16.820484
31.012367
33.92671
25.849693
29.594385
40.2728
26.89883
19.110441
38.64882
21.93587
35.978565
23.958357
23.789581
34.202698
34.61132
19.19587
39.994297
39.210514
15.785279
33.56712
29.711264
15.361614
15.674383
18.210033
18.496086
20.790325
23.915386
30.872946
21.217794
32.582935
15.630596
28.398554
36.65415
17.09421
19.802088
23.862694
19.196095
18.245054
33.409782
30.452711
27.594362
33.03941
38.864975
25.67998
16.206459
24.70454
31.702488
32.84339
22.0403
17.837269
38.238792
33.795353
27.041067
22.729897
26.960066
20.009169
25.53074
15.652884
16.773329
29.706402
17.485254
32.287518
25.935383
15.375064
29.421959
28.73024
23.468485
20.394321
16.070606
36.531357
24.17826
23.678558
21.713884
35.084328
39.00858
19.263514
18.10893
20.347912
28.399673
39.579414
26.239168
37.36187
33.55998
26.790777
25.796177
39.308064
19.118801
30.029892
23.254215
25.97216
16.496061
25.610668
28.675375
23.377323
36.506966
38.38188
26.971283
32.08963
30.21366
37.263557
21.24763
40.236095
32.842533
18.707542
30.07066
36.629665
20.704947
34.333008
31.02026
33.561466
25.490854
29.310019
25.732012
27.799278
18.048912
28.19894
32.78113
34.12209
24.823267
16.900766
38.22397
38.324127
26.486439
35.133274
21.388247
28.037798
23.989265
15.4200735
21.590994
25.95353
18.243076
19.96448
27.863653
25.055382
31.955885
29.97733
38.476593
39.344982
15.763535
27.03769
26.08075
18.19222
33.728344
26.887613
19.621965
25.929745
19.522007
38.69691
21.834013
26.599243
28.16604
15.281156
23.079111
22.861082
39.072342
18.015879
24.580263
29.994825
40.30793
30.262234
20.677483
22.64671
23.502163
27.004128
24.640482
25.521166
37.62138
16.094076
39.78324
33.566986
39.954964
32.01487
27.15126
28.374714
24.088558
30.386322
38.89019
29.480463
15.384277
28.581188
18.554966
26.062208
20.544367
26.761612
20.081402
36.11831
27.203945
32.407158
33.917637
32.63388
36.180077
39.97787
29.900679
35.469196
28.998583
35.740425
31.863731
31.745403
38.626633
17.98283
18.67283
26.35618
35.95828
34.85282
18.41673
19.900139
40.531765
33.877377
28.811886
39.807205
33.2016
32.855583
35.53471
29.723236
37.044918
31.264269
19.156279
18.320698
20.650976
32.575703
26.629906
19.619152
29.124075
30.95879
16.870066
20.627913
16.624495
40.720043
39.86136
16.664177
36.078568
17.53791
20.949259
24.053505
30.808208
33.053673
40.489685
22.08548
33.26188
30.704514
23.872318
33.07596
23.772987
18.819103
40.083065
27.178282
17.328566
30.943233
30.433865
39.18939
32.69999
37.12291
34.86346
26.012709
17.969313
25.444496
37.30069
33.668324
25.478828
28.51631
31.982164
21.78185
37.538185
36.773308
21.329132
21.33697
39.842445
25.4963
33.013752
30.142654
36.486187
23.259354
17.182827
15.94457
26.702843
20.153864
32.457455
37.40115
37.01514
22.584972
33.28999
30.248423
19.35163
17.695854
17.53505
33.893612
33.865944
16.547579
29.679192
28.406076
34.689533
37.06709
40.074326
15.415201
31.655338
35.473064
31.73276
22.7783
29.148903
34.399216
21.767185
34.047665
40.675163
39.256798
18.396845
35.744392
30.47324
17.512955
26.591427
22.237627
25.568195
28.50871
35.887207
17.631374
27.017887
28.20021
24.685303
30.477076
15.794671
39.779102
32.4298
26.35863
34.735867
39.512676
24.463896
17.437563
21.303486
23.34168
34.075184
18.899578
40.51297
29.783468
26.266369
27.909721
27.322184
24.510424
40.125908
15.161914
21.016172
33.60835
37.32317
40.399628
36.679787
29.96681
37.2158
23.387989
34.71938
28.513115
30.332247
20.7336
30.57651
17.073996
17.580355
32.67691
27.270634
16.53369
20.433329
22.522966
37.214462
22.654484
23.557188
20.729883
36.864803
16.435514
25.869343
25.840399
36.203335
28.207863
38.855675
35.420406
36.785835
26.798784
22.12403
17.95934
31.15522
37.04517
21.634808
25.290838
36.782608
26.696075
31.82481
20.508116
31.382545
23.31645
16.928345
36.576946
31.442474
35.188957
31.199987
33.890285
28.113237
37.40804
32.456318
22.861929
40.22657
23.370129
36.379314
32.322765
31.137148
30.686205
18.361948
27.961557
22.330881
25.177652
37.327023
19.343348
30.297829
35.063618
37.913033
27.141945
28.037222
19.707851
25.696356
30.139116
38.743706
39.365295
20.70689
18.271505
18.718122
22.253412
31.39467
25.547361
17.3527
28.970531
30.417896
25.008707
16.159718
21.79328
37.148174
19.080528
32.244385
37.70738
35.626682
18.627129
26.366682
33.160896
36.855354
30.826796
15.793738
15.47629
24.770065
31.579426
21.51329
18.61735
16.018183
40.57781
16.060524
23.579412
38.75078
40.40174
36.204666
38.05598
29.040117
15.035167
32.0484
28.232151
39.246025
34.060127
24.712252
31.565031
34.680008
38.447178
20.707794
25.233551
31.253992
40.340576
16.347607
22.574898
15.450928
36.52751
18.096622
39.272034
32.91729
19.384144
20.638565
28.31651
29.253046
20.00725
37.612904
15.843096
38.162468
33.968826
24.471815
36.817467
30.02953
38.67193
38.713333
20.255497
20.194628
20.639662
39.865986
26.16243
28.73462
31.23512
32.03188
20.702507
30.386192
26.288702
37.539284
34.24436
28.40287
22.900158
29.312483
20.87479
37.598904
39.286335
23.935743
33.733204
31.608673
36.961483
21.06989
40.091473
17.478115
32.7656
31.874172
23.488459
35.105083
29.29727
15.392692
17.425953
27.758436
38.160973
35.483814
26.142387
36.93104
31.104826
21.80266
34.803047
38.11979
21.603292
40.59085
26.080227
35.77604
15.730364
26.584404
38.543987
17.63294
18.272263
36.219734
18.544113
34.891285
25.944687
38.499424
39.33587
35.333588
24.308208
19.373493
35.087204
17.33645
38.516365
30.298645
35.102093
31.96403
36.384575
25.756985
17.104584
21.851057
37.433964
23.947449
25.750387
19.421505
37.54276
27.607246
39.667522
39.13954
19.628872
27.977322
27.27494
40.952274
20.390839
34.294933
16.387636
26.859095
27.550306
35.878124
25.18922
37.630474
15.267741
35.860954
24.537504
36.099304
23.444063
40.94509
21.766056
33.160835
19.474451
34.15235
30.154354
32.6427
24.686544
29.494604
26.061523
15.544298
16.173782
22.721457
35.3533
16.795256
16.025675
24.862791
24.199219
18.64564
18.060284
17.152472
38.576763
38.075848
19.080204
27.101034
25.891449
29.202103
25.401873
35.979424
37.006615
19.553843
29.949034
37.782433
29.673952
27.312147
28.554716
16.859642
20.865572
15.123794
36.282063
27.833305
15.83065
32.943375
35.552944
23.166786
19.834484
21.50633
19.66416
24.803753
30.48506
37.49865
33.87476
36.667496
34.31198
33.264313
37.66379
34.4914
40.83486
17.979553
35.986507
16.44571
28.743118
21.623306
18.397917
38.332336
28.00624
29.78615
26.766235
26.738735
40.74355
18.38544
24.964638
28.473307
36.504536
16.692196
27.408371
34.849125
24.245794
24.725718
37.595245
22.939293
35.73775
23.034807
28.911009
26.796429
39.394146
17.159817
23.877178
35.810444
27.589537
17.657684
22.74741
28.872847
30.414831
17.472486
33.89945
35.822502
34.518135
27.646925
24.823288
19.766914
25.187923
17.895563
37.672146
37.30472
25.157911
38.398514
21.321388
36.419216
36.747616
27.32468
34.671528
31.869413
22.900017
33.056526
31.534994
29.274233
19.437395
16.863749
35.8623
21.767103
25.42871
30.861137
21.291862
17.09235
30.946688
17.486246
19.048615
32.321423
19.689968
16.445469
31.070187
31.98614
29.955544
31.1024
16.905376
39.35777
19.268875
22.620367
31.408138
27.844913
19.613901
20.82131
35.541416
40.039795
31.652414
37.686142
38.70855
35.811676
31.58202
18.697083
27.946077
34.027817
25.354183
38.810352
17.040289
24.976482
23.858631
31.748034
23.17078
26.373161
25.377617
17.51071
34.037937
24.950306
32.12337
31.538034
24.597157
40.06255
29.994268
25.782108
27.501238
33.483456
36.820057
33.10904
25.143272
28.626568
20.313723
17.906927
27.796
18.792604
28.707367
15.553884
25.759537
27.726292
28.62169
23.487598
23.657906
20.760523
34.1035
15.018395
28.065844
33.132103
29.962864
23.74052
17.500858
23.672522
23.55136
25.4219
30.481504
35.00881
25.945076
27.590412
16.831411
33.65372
24.13083
24.685162
37.699554
20.92107
20.241333
18.604115
26.870829
20.471199
34.144726
34.754837
21.856966
26.473255
33.766308
22.302965
37.986355
39.86503
21.40493
26.213497
40.25236
32.997734
28.003805
29.892742
34.03324
27.072357
32.845352
30.764305
18.96276
38.205708
27.461807
40.950294
28.209133
32.708515
33.688213
25.379343
18.210958
34.21462
36.73164
26.105902
35.522297
40.669243
36.890217
16.400747
33.83505
23.866236
30.127836
33.2604
27.475351
22.218102
24.09523
30.383638
33.7117
30.749393
38.38523
17.376186
25.065985
28.92313
23.819975
36.96994
24.484735
38.84157
25.389898
20.381136
24.706268
29.606812
17.09931
17.582142
28.450558
38.183277
34.420433
34.224472
30.16209
34.973396
23.317682
36.226074
38.952
21.499313
23.876188
30.623709
28.114323
20.077656
23.453285
19.191765
29.132174
17.18105
40.969025
23.541666
37.44323
19.299152
34.461514
22.941402
17.399845
16.543686
36.3551
36.932682
30.837715
20.986027
31.024256
33.97352
17.457943
23.772606
33.18328
38.797016
27.830967
23.432444
15.391585
40.95243
19.246725
21.472897
18.53679
39.082584
40.864048
22.353685
22.542442
33.891987
23.653185
15.236063
23.744547
35.472996
30.479
18.523006
36.39082
33.6827
30.338253
15.138025
34.53885
17.601065
32.243042
36.73429
33.26408
27.751364
40.533363
26.58245
28.53593
38.726738
26.505386
23.754581
37.37989
32.142105
39.15794
25.403486
28.01596
32.41861
38.588295
19.430521
27.548397
38.80809
31.109365
28.641949
36.479027
20.278025
27.513855
39.61281
34.8262
29.402786
31.077013
40.90905
19.953693
37.244827
37.868126
26.062712
23.348623
35.359997
16.731863
26.751692
22.534698
17.523872
29.90416
17.004667
37.066956
22.55158
17.643312
39.933434
18.12631
20.671288
31.485466
22.489103
35.617096
35.312057
24.774714
23.045143
16.867954
39.879635
39.971516
31.229479
19.046286
27.11905
35.90921
19.359451
15.218658
19.00093
18.646809
36.077625
33.624405
33.71869
38.857433
37.343018
35.17685
35.346703
26.795084
23.801489
21.466425
24.98504
26.798624
36.74072
36.61212
39.80404
35.02024
37.32925
29.19261
26.30259
16.606737
17.645777
39.18548
34.306763
23.915518
35.123993
23.352957
40.76085
21.51309
18.46993
16.834639
39.200768
34.682514
32.852894
22.842524
37.950184
39.957138
17.227684
18.301003
15.542583
28.801584
31.015036
17.034126
21.647896
24.976889
23.048702
37.67476
17.870232
18.355204
18.691912
28.85504
39.1836
38.990597
27.332426
23.434778
27.485422
25.105839
38.084663
38.534206
27.773022
25.321224
36.458958
30.959799
40.78618
30.929905
15.002131
36.24655
23.609211
38.315266
24.470285
35.987507
31.68894
36.709362
28.963758
36.380947
18.000292
38.4075
40.635902
24.998034
37.67919
15.282506
39.08145
22.658403
25.342754
28.983246
37.31689
22.998474
27.529715
18.555553
38.384403
33.827045
24.219404
18.389624
30.042538
37.68496
21.225481
29.37652
29.751003
34.160423
37.410995
24.947464
38.21352
35.458843
29.134298
39.273018
29.11184
25.485733
25.110632
37.31538
15.345753
19.273615
33.962223
33.655487
22.087894
31.968517
26.129972
31.057566
36.26896
24.78901
37.532845
40.587463
40.727978
37.380383
26.386343
18.766893
27.193975
39.80898
18.929466
15.724414
39.509476
39.07632
28.45978
39.594887
21.062946
40.480015
21.039291
18.52271
36.266453
25.408188
22.509083
26.540108
29.096375
32.22641
17.03861
23.320318
28.209208
27.800903
33.335945
16.346508
29.951159
15.899035
20.858128
15.390739
31.699282
15.217922
34.88621
29.363373
38.403645
40.114162
28.167427
40.571793
28.944075
29.242563
23.977335
19.21833
39.971764
39.258926
30.917685
39.570793
27.275036
28.501741
31.541101
38.655064
26.390333
21.139961
16.981655
32.54766
27.17356
35.65866
38.170654
20.387245
35.353546
30.751814
28.930023
30.077568
39.70861
16.701056
27.26092
34.320274
26.43875
25.141638
24.483164
15.094667
40.550175
20.751514
25.53148
16.992367
29.625572
34.846786
15.677378
34.91844
40.22255
23.126465
39.22094
29.586575
21.324417
31.881832
34.28467
32.964275
40.76158
38.870377
34.741882
27.3653
29.328451
22.7516
23.525139
18.239786
19.439913
40.49175
15.085446
27.878824
38.6031
33.46675
22.611013
33.22848
34.724243
26.127449
15.764596
37.7995
30.327127
24.038494
29.161434
37.262314
36.128742
18.86194
32.58517
40.73305
25.099388
36.428997
23.02701
36.9847
32.128647
18.427994
30.033741
16.85868
33.725254
28.434032
17.563244
22.005526
28.79806
37.015434
29.571335
23.749403
33.496857
22.474455
36.891853
24.349752
16.336107
19.414463
23.62214
36.224293
16.381123
34.77303
28.189089
28.801176
27.145432
26.220171
39.5462
29.584131
32.02976
36.893238
36.54008
39.74286
35.627113
25.324728
34.385166
17.082045
25.025152
26.116531
40.39829
18.595848
22.356115
21.423895
35.670223
18.980682
26.27632
27.634703
22.189117
36.45773
37.80124
37.76435
40.081165
25.047518
16.978947
40.033848
23.096766
31.042547
29.253746
16.858454
20.245768
18.839811
38.053555
20.046528
15.573357
19.523712
33.12862
25.392935
32.468452
34.630814
32.475914
35.048676
31.609426
39.381393
15.3026
37.05817
34.677353
16.328775
32.413685
16.27784
29.304825
31.856005
26.653
29.52451
18.378836
34.24029
35.583443
34.24926
26.779095
19.109344
21.46141
20.29228
24.908493
18.029598
39.742077
22.346426
24.960394
22.694912
18.846323
36.642014
38.767754
16.725334
34.726654
39.062614
27.292017
35.439014
19.888754
21.41143
17.335087
27.12637
17.9568
33.869987
28.895576
27.334187
35.61491
20.82581
36.740932
24.458216
27.813692
38.192833
36.229923
24.546518
15.499996
19.108229
20.195368
29.631643
39.809673
19.46147
28.784851
21.13842
18.657177
39.09629
29.557615
27.955002
18.9626
20.723433
40.84865
35.608418
40.3758
16.591875
27.436422
28.651867
38.288948
18.788443
27.888584
32.84951
31.172926
28.67051
25.61038
15.035523
15.829758
32.383778
20.583336
36.627693
28.022202
32.676846
34.05727
35.69189
33.123497
30.296558
36.046497
36.182167
37.924202
21.132917
37.381477
17.522413
20.539856
27.979559
28.28016
25.048811
22.482227
22.28563
23.928509
31.99853
19.388597
39.59706
36.397686
22.708504
26.647696
32.520126
21.375763
36.47921
27.217468
26.987339
19.65467
40.16182
33.299107
25.365545
21.088503
16.943203
25.213274
19.518353
18.827232
35.03168
15.818736
32.319756
18.030188
34.987503
39.120163
39.313156
15.976642
38.295536
17.331026
37.219616
35.516167
26.443615
39.58918
18.821648
15.139351
17.24861
39.766823
30.383339
36.599834
37.46318
40.373177
34.215187
40.98153
33.79979
26.417444
29.251497
20.380281
30.424519
31.281078
40.580654
18.957108
15.701729
20.14272
34.753277
36.02053
36.511684
39.305668
17.390497
27.00846
24.816711
39.89698
29.124472
35.765396
34.317524
19.83885
35.225353
37.34871
15.0198345
30.737137
23.403873
40.74803
32.322388
40.38852
21.22581
15.364799
28.841105
40.97686
39.334515
33.874268
33.599983
29.711086
21.249813
27.180332
20.44797
32.650944
20.89643
40.57374
35.601986
35.773697
21.212376
39.917274
33.069874
37.953922
15.1974125
32.706894
16.372932
18.460243
34.58407
15.195552
35.46639
28.816967
32.94839
25.417
21.04698
29.435194
25.524895
18.909664
28.5405
17.287186
19.249947
15.216081
26.978092
26.079344
23.630096
24.821293
25.698576
26.873331
33.91656
38.093987
26.355204
28.911509
38.76448
32.00705
37.058617
23.521996
19.065144
34.93958
17.653936
38.41026
40.9618
30.700365
38.108326
31.388386
20.194387
24.063099
19.77643
17.649715
16.86573
33.566624
39.914593
15.065701
17.481573
21.108807
21.230827
19.663536
16.689098
31.950567
20.485893
26.437181
38.52329
37.14695
17.202026
24.951067
34.1678
29.13507
29.389238
28.814928
34.246735
24.234095
33.865196
23.039808
36.486065
23.15033
30.223188
39.5295
20.218075
34.230923
19.793682
20.518187
25.649593
26.172506
40.04852
16.634394
30.074484
31.166527
36.81281
28.45275
19.283121
32.050945
39.378067
39.889458
32.306393
25.938278
19.151188
36.603806
27.328993
32.002968
16.827372
16.687292
20.116528
38.63633
40.24107
40.353596
29.623299
29.015343
25.027637
22.08669
22.582275
24.281818
31.019293
36.761063
17.82614
33.991486
26.902569
22.617237
25.847984
34.267822
32.08042
16.657244
15.682569
33.183437
19.910685
28.019047
33.57371
34.292133
40.533604
38.19539
24.090801
26.94771
22.354635
31.581774
34.367012
28.070934
26.914759
31.769876
25.954224
38.364033
32.359104
16.246904
40.424316
24.622395
28.005571
32.71792
36.293785
22.756094
24.618843
24.137445
30.108477
17.40929
19.910963
36.718204
33.597332
31.653297
30.518427
33.679012
23.689028
20.129705
36.246513
31.300491
30.882427
29.232649
15.725262
18.976433
33.971718
28.44484
40.787445
35.38022
31.449251
39.779785
29.857418
26.609901
30.043907
17.433039
32.43072
37.23221
36.800117
37.20825
17.327875
33.514744
32.86235
39.05907
34.821793
39.817528
20.70219
34.176033
36.9667
32.108875
25.909962
22.447714
19.497614
38.877544
23.869928
28.838512
32.52275
15.331979
20.64812
30.250765
25.897438
25.709269
36.24387
19.776733
18.64647
34.76053
24.991053
40.896442
20.092972
35.036034
16.342266
20.140244
19.455288
17.462639
33.528873
23.010342
28.589447
30.887564
39.662193
34.543427
39.28327
21.75687
34.72586
34.79694
24.049208
27.903513
28.60661
20.75443
39.716507
32.53902
36.82051
35.67074
34.289307
19.974533
30.914034
20.7158
33.515823
15.340977
16.653921
39.9261
16.404732
22.634918
18.067303
27.935799
22.528421
18.785667
40.153088
26.734861
32.368813
22.120901
27.658047
22.789536
33.189922
17.60222
29.695696
15.260732
20.962347
20.508663
24.183407
15.7689495
15.718468
26.865355
38.0829
18.179613
27.383024
34.846127
29.25156
23.220701
29.602383
36.623062
23.346746
35.394844
16.386728
18.692562
38.672626
36.611042
26.482983
24.576681
23.118698
22.236462
39.312244
18.980124
30.41152
26.856731
30.034079
24.977394
21.785938
32.93352
23.840961
29.611322
35.879288
31.761045
36.939766
30.4032
32.161907
18.648582
21.843113
23.706537
19.539513
17.09396
35.572014
29.580471
35.89772
39.863342
15.162137
28.915607
20.306368
40.355553
25.46968
22.914106
31.360958
21.40457
23.688711
38.707577
26.710825
30.761702
31.22046
19.890373
28.208464
30.89935
18.576012
27.052645
26.311628
39.491146
32.847347
29.016499
16.379642
39.948692
33.947777
28.410408
26.327595
26.732927
27.301188
31.46105
21.736872
31.808619
18.950731
17.438414
30.96776
26.573353
26.16087
40.0592
29.079561
25.86773
18.502937
31.33513
19.436003
29.261465
35.14271
39.84692
27.758438
37.71036
29.589619
22.231382
27.086624
18.892132
15.520636
28.78815
25.61661
26.054361
30.458046
25.544289
22.707539
39.045795
16.058638
19.859047
39.483974
40.352585
36.56302
40.707813
35.407547
35.423943
20.557188
28.153334
24.95154
35.347115
17.614546
15.193957
29.084324
37.019386
24.615051
21.172846
26.652206
21.365341
36.579216
17.238642
16.949663
21.86037
29.708149
24.967302
30.774586
29.646893
15.98692
39.1864
31.088501
15.867612
39.18698
39.28739
22.03642
28.490526
25.394394
23.867887
36.528355
17.86331
17.294203
19.41524
25.844147
36.51004
40.357197
36.92428
15.795678
26.271204
38.803905
32.836266
26.865187
35.788227
27.76168
20.492662
40.43572
33.54672
31.384155
29.416595
25.739525
22.217993
22.868505
26.166418
22.472446
16.876299
27.28436
22.249964
34.157124
16.81965
25.919252
37.64472
15.285108
38.184937
27.449043
26.838285
23.027748
24.323479
20.657726
33.98515
15.877955
26.991028
17.659555
22.769878
26.969755
35.80661
33.61748
40.87357
21.019749
22.147547
32.805313
26.559444
16.84443
22.673286
29.527157
27.825212
30.229546
17.008667
15.886103
32.813843
16.5624
31.767572
16.685163
35.731163
33.085396
15.060827
30.84705
29.387747
36.888718
29.907585
40.65529
15.664207
24.83245
25.557367
16.847773
38.693222
29.473146
36.63027
37.13481
36.358143
22.767078
21.195744
20.0673
39.827293
18.832266
24.435827
15.346617
16.274632
36.373558
16.376429
25.646338
22.68159
30.50987
34.320854
35.806988
40.671627
28.68988
15.082518
26.86841
15.698061
38.142323
24.889198
24.820505
16.587452
16.87924
25.919146
39.18146
39.43494
28.655336
19.829668
20.55373
25.154593
24.483799
36.351746
33.16147
22.606895
31.318829
33.049625
22.039154
33.157265
20.33723
26.682219
27.019653
35.7635
40.886337
37.253506
22.961023
24.246807
37.61267
32.80209
39.754795
34.2701
31.545616
40.255367
38.574585
30.729
22.982584
39.26171
28.5523
24.755058
30.906929
27.814493
18.61032
21.337313
38.367146
36.69454
18.531483
15.687554
21.75565
32.283146
39.514713
22.906202
40.24768
38.1356
15.44273
29.249887
17.795687
20.855505
31.879156
28.358484
28.021732
37.273197
26.416014
16.168427
16.110332
31.706861
21.408484
29.920858
33.37631
28.172855
26.36238
15.66723
29.567062
30.81215
22.2808
28.98165
27.155901
30.512684
26.129944
25.208414
18.892883
34.73284
28.25005
36.504807
34.701794
18.869099
15.015982
39.183327
18.646772
37.161316
33.342983
32.414265
29.139261
25.09206
24.736635
20.218578
29.815767
37.511692
20.502039
40.862686
36.589203
39.30883
22.455849
15.261022
38.26128
34.346283
19.025686
16.798668
35.780777
17.595331
22.975056
37.105713
30.742195
34.92666
26.157864
25.746475
21.041607
24.854197
36.6852
40.530933
16.74131
34.6784
36.677975
35.212368
32.142082
27.938507
22.382645
16.704311
18.82168
30.858618
40.843105
20.631563
38.9704
30.560354
20.55055
28.024168
26.73944
37.215305
39.533928
29.269922
17.514814
26.023233
25.207243
38.060055
21.039656
20.927555
27.955952
33.994408
40.129704
30.31736
16.923185
21.756626
22.361763
27.615736
35.747593
39.32637
27.562046
22.61697
40.108074
15.564885
25.181173
38.71067
31.846703
24.691748
38.71479
16.718647
32.169662
33.66484
19.21359
21.970888
28.967041
18.282215
30.62376
25.459757
28.645807
16.943659
22.20863
18.43701
27.03634
29.44137
29.62461
24.656055
22.911404
39.893394
28.359241
37.61233
39.44745
15.989989
23.186401
29.597511
39.561657
19.092314
17.05359
33.15867
36.474155
17.404451
32.388374
39.641426
25.07334
19.433907
17.195871
29.896503
36.703262
19.262363
25.516472
28.94191
23.845562
24.767649
20.82266
37.398552
37.834435
30.86946
15.756173
37.85476
22.221613
22.11556
40.241383
15.965745
30.699429
32.48184
16.458204
36.05683
19.593441
33.12864
37.41741
37.274723
34.852226
27.037603
27.95369
40.918934
34.190353
18.947212
32.836395
34.48592
22.581673
21.81197
28.395298
19.171347
17.653471
33.129307
31.568378
25.101269
20.698147
31.909872
25.600958
16.400982
22.997509
15.811049
34.760254
32.36059
35.94585
22.010193
25.3767
29.41929
15.061463
32.76319
21.283127
29.46577
28.392267
21.27561
38.295185
27.039946
19.049738
27.507826
24.761145
29.421734
33.646355
28.842178
19.406475
37.305386
35.26529
33.159336
21.708366
33.783314
21.257048
35.80267
31.85764
17.701273
38.636368
29.153646
29.000227
28.097063
19.143597
28.097765
21.897713
37.397926
24.138367
38.529865
35.406143
36.327072
26.409351
23.229126
29.244606
33.057793
39.712418
27.92832
22.409863
19.05387
23.390526
18.208454
25.290518
18.24803
24.782211
36.969124
24.044075
30.73544
30.291502
18.656544
34.122395
20.997242
32.97068
34.175274
25.965883
17.819452
16.25825
39.466457
27.834042
18.535456
20.11805
17.104372
30.49967
23.99574
39.24142
25.944818
30.106405
40.75637
23.202862
22.853031
22.87394
15.378104
15.500673
40.845333
36.532604
22.440975
28.2675
33.59803
22.378695
26.904495
32.101807
29.208578
16.664284
30.78158
27.949799
28.33825
18.669899
37.744656
16.25824
39.42214
35.255844
19.24531
21.722303
22.501513
15.947608
30.004248
25.868416
17.415133
16.683107
33.31616
30.440718
21.580322
24.23431
15.514583
40.100704
39.4012
35.01297
32.154636
21.303135
29.460615
25.480057
29.996956
33.377342
35.084015
16.700653
30.714062
35.82158
24.60755
26.720934
22.390692
30.608988
35.7394
37.391037
25.352636
39.907455
31.772444
33.01744
15.633946
30.031433
38.088055
34.80072
30.480244
35.672455
33.384857
39.399334
37.686337
24.496082
37.373047
28.157307
40.279144
19.046453
17.293941
17.543522
30.082432
20.5657
35.55603
17.172518
22.037577
23.81401
22.023087
35.411526
25.805225
39.267033
19.046324
40.025673
28.135319
31.171013
21.201942
30.573122
36.768585
36.851852
36.876884
18.334116
26.220316
24.403002
15.339854
38.442696
33.697784
28.417969
22.74125
37.587135
15.615392
32.786785
29.604816
19.154865
17.697182
27.741833
24.805489
28.019955
16.494131
15.316871
34.77196
19.305977
33.29407
21.174194
31.709259
27.404345
18.864992
39.35829
23.005665
33.28798
31.247814
17.950476
19.669992
29.732424
36.902702
19.827387
34.639366
27.44129
15.91327
17.76736
20.104311
16.27021
30.666014
33.0021
16.617073
24.753178
34.44764
28.977184
39.68071
17.957493
35.74087
15.563355
23.76073
24.328247
39.649723
17.251686
35.21757
38.630566
15.848058
31.96907
32.527428
30.357586
28.72072
35.066685
22.340591
39.04442
25.954374
37.762386
21.420528
29.813116
34.73556
34.859234
39.313652
32.170906
31.92643
22.915648
16.718817
24.593744
22.113914
19.208845
31.95724
34.749504
39.2661
21.811726
16.687689
22.349846
29.879856
17.894278
18.06842
16.56717
19.966703
28.964226
25.936457
26.712664
28.999325
38.17756
38.2565
21.443916
17.028963
22.078154
22.085844
22.155165
32.58437
37.16669
30.608362
16.400608
32.675846
40.552586
21.409712
33.210945
16.253319
23.60868
33.09761
19.98559
40.805286
40.02694
26.615108
32.27772
18.435846
38.96443
32.151516
27.236692
28.71991
30.07237
36.424664
22.731972
16.912106
34.117035
30.289906
35.25516
31.672783
20.629868
17.125433
32.58131
16.374872
28.56508
28.249968
37.868103
26.268276
37.296642
28.748236
20.381144
34.303875
35.45248
39.51111
20.355984
23.257084
30.062307
29.041523
39.642147
16.941294
22.286432
27.633896
17.721767
30.764475
26.596495
28.903902
26.455194
35.657513
27.695038
27.32714
20.478214
33.490833
29.689373
31.43931
37.560207
28.496214
15.076162
40.6572
38.42997
35.923557
22.946733
25.29894
30.585567
22.187845
38.48909
34.313545
15.42693
16.09935
39.341118
23.473991
26.684624
34.42053
28.640543
32.344677
22.565516
32.956028
19.720612
15.20325
20.295837
32.65749
21.316622
19.278433
19.81435
34.81283
26.876818
17.15964
21.253164
20.290041
19.112234
25.040762
16.540968
15.018358
35.273624
26.579735
22.973215
15.415227
35.809555
15.587015
37.916077
23.305155
31.038288
23.500355
34.94575
32.027134
21.257132
25.659834
38.671936
15.890039
19.316393
19.766254
38.25411
23.910973
21.101116
40.58768
16.19144
27.85921
36.592293
28.973007
15.352056
18.029
22.220274
24.538086
35.404438
39.87721
38.07656
20.00913
29.823734
20.687283
33.216274
31.13966
40.46787
35.758804
30.761997
27.361511
26.353144
40.27245
19.810823
26.886955
36.7063
25.942844
23.249813
25.848213
15.629815
30.84743
23.501257
26.24222
36.789352
26.407145
19.947483
15.942689
15.417197
35.39526
18.326086
25.848112
29.622671
15.063503
33.739902
18.35352
35.51032
34.00005
29.092112
37.765446
28.92894
24.171852
19.735336
21.023678
36.809296
22.754107
26.91463
34.150017
30.995531
39.81265
29.187782
32.21343
35.23526
23.680351
34.422337
38.282578
29.56533
35.95657
31.19729
35.83091
33.715244
18.459038
21.478434
31.36604
34.347324
35.17052
26.289774
15.674438
17.962591
39.247868
36.76957
27.003914
20.123497
16.49911
16.477936
39.750652
24.279488
32.38453
39.114105
21.774137
25.928608
17.56056
26.904802
38.332485
34.10812
27.260788
16.841341
30.812258
32.279396
30.396183
16.671488
33.92111
28.557076
31.157095
28.093184
33.818104
30.929796
25.112436
16.950706
27.775831
22.62951
39.326866
35.399902
27.39996
32.12872
25.854673
34.98762
28.176085
35.379677
36.119453
38.38147
22.170359
20.856947
40.15159
23.089592
36.079506
36.724346
25.430853
26.92609
37.50749
36.01973
39.16948
36.20636
18.340212
22.135693
31.271267
37.69745
23.396334
33.07162
36.91535
32.202267
35.151318
34.94224
15.738519
31.322279
35.263588
29.050138
36.92793
23.42204
18.875744
40.464382
32.18644
16.109762
32.220394
21.494797
37.49566
20.65173
33.92942
30.711044
27.877237
18.654379
27.626991
37.228065
32.940746
23.076332
33.880894
16.864103
16.906973
28.17373
27.393328
23.474857
33.008286
28.33571
36.431454
15.277061
24.693125
21.932907
29.929686
28.297043
24.899578
17.280315
31.439775
35.214573
17.813393
29.606972
30.161407
31.819628
16.988651
30.528303
35.65523
31.059381
39.484737
18.933115
28.521757
18.22509
23.761093
18.425627
38.323845
22.213217
23.471733
15.5040455
26.337008
26.992485
40.014214
36.51062
30.331005
18.41824
39.71334
18.05418
21.517786
32.357853
32.857643
39.08467
30.044973
18.725567
15.457082
31.090187
24.970776
26.472523
38.55339
37.990547
25.525282
20.83746
36.18975
23.217463
20.644804
38.235813
15.734467
22.19989
19.26003
36.049732
23.15369
16.014086
32.62539
34.278786
23.041073
28.311535
30.096207
33.52094
34.7377
20.80382
27.191828
19.07553
21.71349
30.562092
17.527048
30.094917
27.531647
15.179735
34.25085
33.65857
40.180676
27.450472
38.000515
28.403217
25.333815
27.629988
21.060938
18.91498
40.183655
32.577843
39.412964
32.474026
38.900112
15.117347
19.661352
35.93975
26.472773
21.804604
32.452034
38.574097
21.724117
30.964016
27.919931
16.422941
38.61784
25.325941
31.952885
35.5103
23.637114
16.893316
16.613724
16.547241
33.970284
39.767525
25.931751
29.117317
34.517105
15.579784
17.45653
30.372444
15.3163185
39.902916
28.460966
34.158047
30.895916
20.559269
39.4874
37.183445
35.260223
38.094223
19.049458
35.363316
16.753407
38.850563
35.734158
27.77828
27.876793
16.057621
19.69281
29.837412
38.28792
38.14015
18.566
21.172808
22.672009
28.055212
21.256937
35.55603
28.951962
28.881634
38.649273
37.698574
28.390993
27.114885
23.359446
35.183212
23.542185
18.161385
34.920425
26.970425
24.71234
38.37968
16.412724
38.93377
38.632805
20.682001
37.490273
15.700432
38.36783
36.188206
26.992867
40.707855
15.141429
32.71511
15.893556
18.834705
26.726643
31.98775
16.198425
38.224144
17.316391
37.37513
23.597948
17.98963
26.383112
28.681532
25.16314
34.378284
30.93468
38.065456
22.18648
31.66411
16.787064
23.511776
32.38661
21.553072
35.99948
19.448765
23.127516
22.20438
21.455835
40.080082
34.047066
35.107025
21.726429
27.792881
21.546309
40.997936
39.807026
20.6067
32.960236
30.767832
34.1076
23.043823
34.912197
31.87316
33.15102
40.03026
18.348402
23.15727
40.84236
19.477606
20.055536
19.181185
38.882374
36.04949
25.083687
19.174181
28.924053
24.282318
20.428371
35.53659
25.40912
23.708586
29.569662
40.462017
28.671667
17.922071
18.022978
34.693466
16.859041
27.627619
17.925318
15.687553
24.495499
18.634373
36.86228
15.533396
35.10199
37.479744
22.635458
31.857313
31.18589
19.912476
37.476257
17.641985
37.12731
38.816616
34.3316
36.39829
23.0141
38.324287
32.27832
19.450403
32.315422
21.843649
39.86742
38.2295
33.43436
21.519379
26.25586
36.418594
24.642633
33.246685
28.352818
16.550951
21.676216
22.775671
17.888853
21.236633
29.35824
30.671587
21.31067
26.576578
19.016163
40.937355
15.710756
32.520885
30.172987
33.958378
33.62032
35.937702
34.01768
23.095621
32.42562
26.981422
35.49794
33.731438
34.41187
19.983604
34.528706
39.86372
24.99558
40.53737
34.77283
34.447346
35.575348
18.70573
18.725622
25.597992
15.612709
22.356632
26.422937
17.501934
26.048811
20.512148
37.992813
16.416323
36.969368
22.296694
35.483597
32.49811
22.549416
38.57875
40.926857
31.365705
19.74106
34.722908
19.431328
33.275997
19.911585
24.003832
38.254406
22.590376
32.695873
30.18096
35.260754
17.806963
20.696253
20.492558
28.952843
40.852135
18.34457
36.9
33.346237
23.55313
18.235315
35.79791
18.362736
15.25439
19.545414
36.603046
28.127438
30.393866
21.775318
21.644657
23.581196
34.52153
26.97773
17.601164
24.15773
37.72088
36.88444
22.36293
19.925175
21.685125
39.898335
40.64806
18.554636
16.80345
24.786865
38.957943
22.753769
40.528553
29.094843
23.531591
17.391275
18.025354
26.788563
19.842447
37.43859
34.64164
17.449963
22.87879
36.067932
17.095068
22.45858
31.958448
32.77129
16.436813
32.03079
30.150934
34.20278
26.830803
32.729877
22.514793
21.597256
39.97839
26.117197
21.305267
28.080835
19.621908
23.583778
18.067144
26.964575
25.976517
32.083378
18.099882
32.200195
18.168264
30.48213
28.16693
30.577335
33.79737
32.5466
29.518372
33.954636
16.599161
20.211157
19.305826
32.84228
21.841145
31.69723
34.290787
29.991638
24.573275
27.301172
19.382341
22.29794
16.139374
35.224094
15.987485
29.284857
39.461273
16.68612
29.41704
22.715242
27.523224
17.749247
16.66238
38.46016
18.212635
22.76706
23.743006
28.658728
26.214235
15.186194
25.52224
25.41425
31.008234
29.543657
40.398075
36.797363
29.189129
17.935638
19.598513
19.764978
31.300245
24.977707
31.945421
22.754082
24.17021
23.33282
37.8983
21.172358
35.340954
19.252796
37.449036
31.783064
32.592968
40.2605
21.011002
17.069368
28.802
31.09413
20.830692
38.063843
22.402374
27.341661
38.647224
27.84164
16.585672
26.812613
27.334944
39.901306
38.029522
38.62597
26.086504
25.99503
40.42974
37.237225
16.328691
32.62061
37.400093
25.184103
29.010386
24.350168
21.407467
34.199783
35.16194
27.446161
24.326258
21.523935
38.697468
36.803078
18.924288
38.73612
27.316265
31.153599
31.133568
22.242727
40.05694
37.690865
22.31279
29.667747
30.567532
37.783966
32.874382
30.829308
17.477156
26.301575
35.627506
33.7281
19.389517
38.209053
36.979424
15.030362
33.965885
23.567314
26.74109
30.897373
30.32488
33.83701
26.698978
29.69486
37.5587
16.47961
20.343468
17.110067
19.550146
21.247255
15.18537
20.510702
17.472155
28.266161
22.945484
26.99924
26.361195
25.043812
31.568197
24.547628
20.978254
30.867975
20.488646
29.8416
26.805855
28.716045
22.873941
34.02048
16.4768
20.75602
35.662495
34.367447
38.19016
23.795942
26.141512
18.186863
36.74219
39.62637
30.53119
16.599543
27.684803
40.10095
35.585255
32.793236
28.821207
32.012993
18.570858
19.384995
16.758419
26.351425
36.157032
40.98357
39.55836
36.357185
28.719265
24.784168
25.66415
28.95184
31.358883
38.084576
20.225395
16.572733
38.539383
38.98074
28.706163
31.224676
29.657888
39.181576
22.231422
25.645859
26.098427
29.876913
19.51263
17.886187
38.354748
40.899086
28.390375
21.309052
36.663876
40.037895
32.041725
30.053028
16.25767
23.300196
22.722218
38.327766
36.818108
24.149662
21.54722
34.568836
29.013107
38.31874
24.264568
24.439133
37.093136
32.654106
36.230267
35.93981
25.44493
21.638435
24.871237
31.481699
34.727108
17.725603
24.803844
33.668385
37.753574
37.432896
37.47428
29.755264
36.644
26.253082
35.696545
32.273994
28.92675
33.880764
25.786118
24.149895
39.2582
16.99164
36.122158
31.79009
21.213238
39.869846
38.91826
39.083157
30.205454
27.547789
15.741695
37.026375
28.01138
23.804457
22.89323
39.784637
31.601765
19.36237
32.144375
26.385368
20.0238
19.929943
35.526276
19.966822
28.93182
35.355213
17.874126
35.522366
33.029915
16.08849
37.65331
24.421396
26.168493
37.39562
33.2282
23.637829
37.12781
39.320274
26.181822
37.580006
32.224987
19.26268
17.554436
28.691303
25.797056
24.223999
32.941154
39.578568
24.341171
35.259556
22.273754
32.325893
35.63396
17.490908
39.808826
17.864191
18.50571
25.145735
17.354416
27.792362
22.110933
30.526308
23.08939
40.883743
19.515497
24.551342
33.464638
36.66196
17.211412
28.572697
34.62244
38.89316
19.773987
30.537588
30.530115
34.61698
39.29198
31.248518
25.596294
35.42655
40.429985
20.467367
33.923004
39.108154
38.023224
19.916649
35.543915
19.464127
32.958466
30.850132
20.008951
20.167908
33.760868
29.796648
23.49768
32.838078
37.784927
27.325039
27.278708
30.168604
19.198812
31.23485
28.779497
39.91541
15.054945
31.4465
39.7909
18.814753
29.655527
17.04635
29.40286
37.09682
17.150393
40.43613
28.152534
28.158316
40.8455
17.342962
16.563425
34.170692
27.05393
36.565212
19.76375
38.92614
35.487194
29.761187
30.194635
40.06123
15.163338
25.331701
24.553467
19.948591
40.599113
15.504281
37.06497
36.009842
19.657232
22.09586
38.932392
36.978424
21.835562
40.112465
33.39339
29.728804
36.013733
17.338566
19.19003
23.689013
21.713623
20.375347
32.459534
30.566273
27.783655
35.206364
34.062206
20.140928
25.082949
27.300629
20.185217
26.221733
39.219776
16.507338
32.69569
26.50599
29.689892
21.553131
20.163824
22.05089
32.863735
17.821814
22.73649
30.3378
26.187576
36.278233
26.114124
28.499134
17.69216
28.892038
29.768335
18.177872
40.443447
34.72377
34.235092
18.702589
25.923532
16.954823
21.827967
22.78638
33.49587
28.574457
24.438293
40.795826
23.087406
33.181248
15.223774
29.786617
33.01133
35.412888
31.934406
25.96532
24.457504
40.887497
38.384323
16.012182
18.593838
32.2212
15.150408
35.787674
21.450266
15.680845
26.963356
34.346027
25.798016
16.337439
38.454033
34.891716
30.090427
16.20493
15.927844
32.340374
30.197533
31.780712
20.662035
23.483494
34.145164
34.648285
38.855606
34.406555
37.36037
25.35916
22.80883
18.77327
18.028387
40.68028
35.1691
23.863894
31.082527
27.474834
27.152077
30.843525
31.076735
40.978462
20.531942
37.636642
36.731697
15.039552
37.89175
28.997095
23.298832
35.011406
28.134687
30.88806
17.052504
16.415747
40.579292
31.124458
31.199389
40.24112
37.096466
37.38067
26.284838
36.796436
39.69337
39.129242
24.779678
28.409054
32.709034
39.851795
40.946873
38.93832
36.35885
17.951038
33.31597
37.06982
37.749783
37.193413
36.134323
38.66208
22.685495
18.224558
30.017498
25.036621
38.590282
21.725378
24.68747
17.034
23.702991
29.114208
24.165466
34.902504
22.326921
28.351114
17.077599
33.642864
16.368845
38.36314
35.83475
36.30148
35.66021
33.88479
22.364304
21.88629
29.625715
29.095842
24.799757
26.073566
26.74929
37.339085
35.07532
27.680527
33.98476
39.41333
33.72608
31.997847
17.768238
34.462585
37.36038
21.507755
15.611537
27.320013
32.249474
37.257545
18.390709
22.315866
26.270689
32.21499
38.391018
18.021275
21.043697
31.301254
32.929485
20.175356
30.515575
31.47862
25.948326
29.13085
25.47887
35.26433
26.357498
21.553984
35.54787
18.348692
16.101677
29.827057
30.971779
34.614532
32.936886
32.62775
28.329584
31.786915
34.724182
40.496937
22.629807
18.185966
25.68263
20.857224
15.629459
33.61255
16.49099
17.907375
38.28998
17.265398
29.387377
20.093046
32.203922
26.77018
24.488388
35.442276
20.554743
18.894995
30.433949
20.954514
31.71303
26.333435
39.1614
26.444809
39.925972
24.055569
23.122152
35.770294
27.722984
27.158754
23.57643
29.203844
37.63884
33.89437
18.73644
31.870329
26.646719
40.60323
16.475569
32.623615
37.297062
39.661488
32.08096
31.518015
28.974192
19.220598
37.099056
36.115658
38.9111
20.518946
40.70858
33.271687
17.643892
40.84945
34.2525
33.752113
37.44087
37.886547
22.570473
40.06448
40.907166
38.007698
40.59543
29.219442
16.444557
27.488504
28.312738
17.791683
35.53687
29.007416
23.62769
38.611618
33.93505
40.764946
16.94674
30.694529
30.731989
19.704033
23.350313
18.601854
30.045582
29.81236
22.119629
26.32962
27.569706
25.294016
29.077364
28.031948
32.606133
18.517036
26.711662
23.412956
25.356533
18.075083
16.37535
27.458263
39.232185
27.045532
21.98686
32.327663
22.73005
29.582983
25.606777
27.69348
31.027342
33.3563
32.023567
32.58448
35.862816
18.018934
40.05437
30.88309
33.50142
27.896458
20.651505
26.024078
26.620035
28.381784
26.102566
20.155779
16.805548
16.147835
20.62182
35.050247
30.022469
35.218918
36.452793
26.38671
31.885845
38.186295
25.236767
25.683035
22.866274
34.41004
23.849161
21.112783
23.657251
20.918444
21.165514
27.72091
17.851213
20.89782
33.29106
15.138939
16.799042
39.159767
27.672691
28.800962
16.068882
15.779522
17.209278
20.87456
24.273632
34.21825
39.98621
31.646276
29.202456
26.673658
32.582165
36.93905
23.170193
21.147575
15.030938
20.28947
25.289577
39.775707
25.46845
38.07561
36.974667
28.33391
18.25476
29.56151
22.399897
18.51702
26.933216
37.912365
31.867733
33.58039
32.773632
24.63484
15.078845
20.240894
30.843645
38.609756
17.152296
37.353355
30.562159
31.909895
22.90923
28.80996
26.511076
25.933435
18.41205
30.35437
27.916258
33.034065
37.042152
17.558882
15.655927
18.791567
40.502678
35.082127
35.914494
24.342161
37.048897
35.506462
31.672068
32.775726
39.977264
17.54828
31.104628
26.507462
22.945248
38.241215
29.667187
31.744362
37.047478
17.811256
26.14194
17.69238
39.739906
23.39446
16.255728
25.987932
35.682056
22.492147
40.60591
29.987846
22.358492
23.114994
40.58094
40.014782
24.94423
18.936699
38.721806
31.430424
23.29471
32.45943
38.542637
17.496794
29.169552
27.187492
37.21372
28.386269
39.840282
37.112232
22.707182
23.413902
25.085775
16.43036
21.015669
23.590963
16.245142
24.349531
24.876308
17.936522
18.4763
35.079117
39.067265
17.634302
30.659521
23.660788
36.7913
17.084936
33.488747
32.16265
26.920559
40.17907
33.20943
21.942327
18.949127
31.70476
34.190273
24.178457
27.38458
21.702913
16.057152
20.676867
28.007061
40.797466
38.47111
20.076637
30.934195
25.052336
20.798256
15.01305
25.752377
27.745117
40.897964
33.538494
16.109777
36.59788
19.046753
19.15907
31.113655
36.468277
17.61879
24.213717
22.634304
