31.404018
29.14843
38.933285
40.068153
23.128468
40.243103
28.671911
40.86065
40.67043
26.634607
35.6369
30.030998
16.898186
24.508566
26.934566
34.2895
28.014956
27.210382
38.146454
30.33165
15.879217
37.793243
39.62603
38.388947
38.755745
21.392597
16.341452
20.112415
30.78525
30.688133
33.95568
18.898537
38.47028
23.73974
27.501114
38.698914
30.29736
31.821726
27.484545
16.599117
27.25002
23.53007
21.54919
19.008839
29.414692
16.40026
19.924097
27.174551
35.14124
28.548775
27.807182
26.907621
36.29206
32.439037
37.556793
29.914837
19.998571
38.77319
18.107552
29.925055
38.04107
34.72381
30.37987
19.924751
33.47781
27.245152
21.618496
15.246938
30.471283
27.041368
18.57396
35.002018
39.3946
37.91955
33.231815
35.39581
25.24802
27.718332
33.398106
18.84912
23.175495
22.778147
17.86545
26.514841
26.443356
30.007227
28.112728
18.782776
23.628014
34.997677
33.53228
30.668919
26.956852
31.358946
19.032122
26.605171
36.756203
23.461401
34.52668
30.077028
29.782614
30.120579
21.307995
25.800982
33.848328
40.40304
40.58048
37.68995
27.599222
24.69777
26.5457
34.724277
30.563177
16.472263
38.339813
29.027376
36.6591
30.72057
15.854628
19.93935
20.241636
32.010704
28.014471
34.68847
27.45387
34.251926
34.434383
28.379543
33.17
17.827662
36.551296
17.449959
17.132318
39.57781
22.298304
35.488117
18.021645
35.26446
29.183187
22.365833
23.147411
38.6181
38.23584
27.005262
28.203634
29.836578
21.705275
28.782648
26.109076
21.49722
38.61541
32.56526
32.334747
39.2426
26.329838
31.68458
18.319178
24.313667
17.129282
17.767916
26.581575
23.02905
16.47152
28.282244
38.96535
34.64743
18.081993
15.888281
15.079192
21.700182
24.31439
34.25934
25.45016
23.844389
36.323967
28.888748
29.163002
33.561756
23.512447
26.591204
18.832253
17.616762
31.43178
39.89757
24.638288
18.08791
35.8751
28.349329
19.855967
18.998652
30.23674
17.8179
22.814049
25.100151
23.389183
37.4059
20.546034
20.19575
38.303265
35.231323
35.527687
39.547546
17.429111
27.452417
40.843884
34.368282
33.458656
29.260101
22.887096
22.177176
33.506683
22.246473
32.26216
32.886234
34.975845
15.552001
34.956722
34.883904
28.41212
16.500734
37.033974
18.095926
40.51064
38.051937
19.114157
34.028526
33.09793
17.328215
35.73346
26.137022
19.395048
27.72438
29.303816
39.513382
29.157097
18.657856
40.844242
16.84899
27.388248
35.890656
19.914295
15.904464
27.247206
39.534542
38.252304
30.306116
20.486774
40.345158
25.505932
30.389091
32.312065
25.717543
35.139874
34.02013
17.895449
36.914566
26.115143
36.858234
28.95237
18.49151
37.256878
35.349476
22.760654
17.624113
26.362123
19.902514
22.796957
39.104046
19.046516
26.154324
25.767498
15.134973
25.08844
17.010992
24.22627
27.743912
34.601517
35.236374
33.202427
35.61683
26.751102
37.761745
23.299522
26.473978
25.927654
24.602499
15.582863
20.719688
18.299664
35.293346
37.237183
22.032913
35.491077
22.09131
17.455408
37.808994
23.762909
39.846283
32.310303
40.919743
28.526009
31.401709
25.464209
20.128107
17.271713
24.663406
22.488293
29.675274
19.079391
21.062462
30.291004
23.052237
27.744616
17.038404
29.69666
21.774519
30.269028
40.381893
22.568453
19.097834
20.962662
37.801456
39.036293
33.044117
23.731785
22.916733
33.368294
28.85156
35.260113
31.031065
36.815884
18.018835
17.73843
40.49919
24.365877
39.482876
39.55755
30.281136
17.748987
18.151262
21.951645
35.361336
37.282677
27.004303
28.96394
34.1124
36.167347
15.288663
21.303806
40.39581
30.708302
40.94342
21.674267
32.217213
18.602
24.331139
39.97106
32.091957
34.903587
30.590687
17.389204
31.926773
23.583736
29.485117
36.92029
23.186462
39.68633
34.487125
35.983494
19.38991
29.014515
25.02623
15.005519
20.567474
25.001242
35.315918
23.649525
30.212372
23.961323
37.985683
30.090296
26.471384
30.275642
36.86203
18.242685
16.845804
18.22411
16.674109
27.172674
33.511234
35.162502
16.20385
36.05508
38.515392
31.529324
21.457037
34.989296
22.575872
28.772366
34.800983
32.744133
31.975271
26.700619
16.696012
35.075165
31.138895
26.995745
18.642206
37.642685
39.880768
17.658306
25.269403
23.75569
28.01643
38.017498
24.117664
21.177092
38.066505
17.599089
35.58701
38.047512
39.112846
34.624832
18.779385
23.619947
17.519474
19.207666
19.512486
26.944723
39.193443
24.4104
32.654144
39.903954
21.3361
23.25177
36.10769
28.067045
15.223164
29.472134
34.27279
19.723492
25.452381
34.41216
38.61296
24.14646
15.310435
27.711336
36.08002
36.65051
26.43618
27.699194
22.577456
30.328949
29.795149
18.330597
30.388763
36.491222
30.130676
25.307499
15.553539
33.76783
25.519884
16.6331
39.54312
37.61024
31.438118
40.2603
39.269352
37.48531
18.823418
23.7249
24.454054
24.448671
30.032854
39.695015
25.693573
24.978743
27.295588
23.221687
26.171751
29.962713
29.292791
35.141624
38.90646
32.54826
32.832565
37.56166
37.658855
25.209406
24.238258
23.645391
17.19124
28.822237
17.03161
23.026028
19.42852
20.805984
16.767414
30.085552
24.25987
35.45719
32.464375
39.068707
37.211414
37.489487
24.977196
39.541428
29.027294
19.48873
19.867785
16.0568
38.315723
25.50312
33.858925
31.057644
33.848194
30.31
23.79161
38.0234
37.84419
27.035994
23.157604
18.65991
25.630358
20.754307
35.74176
35.534283
36.432293
24.442745
32.683952
37.97301
36.738663
20.258411
26.358355
26.270044
37.671585
15.46963
23.868294
23.292505
37.103798
34.583065
32.667652
19.425282
19.882296
31.213667
30.845308
20.461746
35.449757
15.067383
16.946913
32.52633
35.399227
27.041357
34.858738
17.405743
20.054153
38.893555
26.241207
25.769133
19.035015
25.193563
16.275093
32.673447
25.955444
16.338543
18.071291
33.47886
37.884834
36.30312
20.99544
16.840048
24.021128
15.489235
24.371565
24.792734
31.13658
21.551718
32.554314
38.120773
35.790936
39.397697
32.197216
20.167736
19.050617
33.692627
19.694843
34.047844
26.509146
21.153032
32.23957
34.81467
24.773153
31.665842
15.7091055
29.562069
19.260021
28.846422
16.688745
24.660202
25.147264
40.032185
40.332832
38.3707
21.62047
28.905945
26.48265
16.938393
19.185703
30.95294
19.483484
40.92307
38.743977
18.777681
16.481407
16.013342
23.369476
30.941599
20.63077
22.855577
37.28988
20.429708
15.606244
35.534447
17.436316
25.114243
36.088684
38.257645
17.112026
30.655537
25.48193
16.525866
26.823067
18.165152
35.01811
34.61009
16.120916
30.653528
17.621813
21.511776
40.42608
19.794205
23.429045
40.747616
36.233356
33.85891
31.694523
35.278927
40.84364
40.812614
39.971558
25.696863
40.82369
27.504873
19.9114
35.378098
40.76453
36.653564
21.804464
16.741648
24.590706
33.889404
25.073717
39.966026
25.666792
27.514345
27.33084
31.56695
33.254234
29.824327
38.318752
29.089315
21.49067
32.856472
35.08942
35.833176
16.995527
15.243195
33.10377
32.011967
18.449932
36.490448
26.590952
40.032295
32.05546
34.44452
28.46701
29.688013
34.645515
22.971655
27.38854
39.977413
37.40468
37.946976
15.104653
29.980879
37.64561
28.533974
21.171064
31.777285
21.89963
25.433088
26.302963
29.731005
20.696253
26.287683
22.168749
26.647427
33.838707
32.757977
18.26455
26.273293
16.726444
17.90821
25.65991
23.409317
29.332409
26.499739
36.86786
39.50595
21.811922
34.542274
30.867973
33.02926
34.40169
36.028023
36.39898
34.11229
40.26159
16.158018
25.037796
22.048492
30.218504
27.567343
22.294777
28.037035
27.990685
39.06566
31.980402
38.256115
17.402628
19.2317
26.436447
29.818712
37.34478
15.835231
22.87513
34.456326
19.788826
32.50711
28.032566
25.879696
15.038628
26.33801
39.618317
30.681631
28.578403
28.158527
17.63065
37.375427
37.37394
27.138126
29.50754
39.70352
24.289238
33.03781
18.296349
38.704437
31.400167
32.960968
40.55049
19.19218
38.418312
20.769228
40.499275
30.280663
39.182335
24.464947
29.187551
16.376837
15.23086
25.789085
31.744587
18.669685
34.83998
39.043156
20.717129
27.558256
20.590141
40.716064
18.489338
27.690403
26.521303
23.881498
17.212809
37.32499
25.24194
33.528786
20.382698
36.583725
37.97652
24.999846
16.221394
32.82491
30.467829
37.52721
25.36908
33.849842
38.894554
18.502798
16.030886
28.94362
36.52128
39.554398
34.693245
17.855665
29.66708
22.766603
19.797482
16.741264
36.760662
22.45521
37.346455
15.813914
24.744003
18.788786
31.320637
39.999344
18.893223
30.248522
39.992702
17.235525
23.244434
18.427065
15.755262
39.229073
39.244064
26.989485
24.914146
36.456863
35.987206
28.754114
39.05012
18.992836
26.46423
28.798424
27.014744
31.343319
36.60503
31.25473
26.401485
34.890343
17.591925
33.032913
33.421173
35.77089
22.906317
23.091976
16.511097
23.060997
27.880966
29.079628
39.720135
37.98724
17.148746
18.168839
26.937544
21.554054
36.310493
17.74247
31.371033
27.453873
22.388641
16.212011
30.33005
39.418175
29.190012
24.7036
29.333166
15.270911
36.570213
32.6043
27.833801
31.861876
24.773851
22.033907
33.446434
21.78612
24.518734
28.192278
30.45582
30.336456
34.29908
16.229464
15.604657
31.489666
40.5017
26.795698
25.680489
40.893013
25.360931
21.750546
17.260569
25.796215
24.522062
38.645275
39.123764
32.66501
38.039837
35.539803
22.301514
28.81593
24.007557
38.47534
17.515154
32.82807
38.6941
30.496077
36.83496
29.715906
39.060234
19.498026
19.796501
38.888485
38.832268
18.380516
33.922855
15.77364
21.930218
20.985395
39.62668
37.652004
24.979311
31.13146
25.803879
18.724062
21.877785
33.686253
37.081196
36.724514
31.950602
32.064735
38.642708
31.50173
31.087788
31.80405
35.83585
20.896118
22.447819
34.935867
31.34529
22.979698
29.800537
22.762562
18.623426
38.26022
22.390804
39.340805
40.479244
24.806688
33.32316
38.485786
36.252525
29.419136
31.899445
21.4317
33.838406
36.944054
28.085506
24.418749
15.97761
33.62783
18.339642
17.424324
27.690607
25.004166
28.404713
31.015669
35.5093
34.227325
18.347424
31.873663
15.247765
28.991735
24.122385
26.922123
15.453979
38.21933
18.245287
29.194262
40.39728
19.549656
37.778584
37.57773
25.471802
29.333694
16.764791
39.401897
29.233904
28.310932
22.486576
19.465916
39.942135
38.44019
30.489508
25.553112
38.43103
19.458237
40.172474
30.737383
39.425514
35.656246
16.932356
24.859188
25.990566
16.092684
22.343796
17.43374
34.71116
31.00215
34.661407
15.951134
24.410395
39.513363
34.051033
23.037956
38.739155
22.955297
30.388216
37.272217
16.808485
24.009201
18.206247
23.578135
18.18628
38.755066
27.432728
22.07464
19.04276
32.264732
31.922815
27.011213
19.00464
22.809845
40.47885
17.996893
19.365728
36.98128
17.040335
16.113127
16.702105
38.05782
36.03472
35.69836
31.65298
22.81522
25.498777
22.601997
36.653606
29.633024
30.511765
25.527739
30.744606
25.234749
32.72596
28.720917
30.232431
18.688295
34.336575
19.701845
38.93857
15.396859
38.702354
23.006903
39.050472
40.72661
25.009703
15.971339
15.175142
40.64598
18.867373
23.472565
16.096594
33.29242
34.525406
17.249968
36.95144
22.735895
21.531096
17.927036
31.062094
40.37457
27.066423
24.183857
23.505102
26.376493
38.955593
37.66279
33.64239
15.37225
29.387825
18.137447
23.306229
23.2069
39.769848
15.234811
19.103958
18.97571
20.804031
30.5726
15.396586
28.796581
36.882366
19.558794
16.905573
28.813135
32.193035
37.297466
26.615171
40.775944
19.555529
38.054825
31.66296
40.215363
25.931885
20.561668
21.249193
18.698027
26.805735
16.063185
20.245882
25.949947
19.17753
28.47434
40.149532
22.732838
21.79344
38.2588
21.296724
31.276138
35.407047
15.721643
32.84973
36.795876
39.367107
23.290916
39.959667
37.172363
21.631329
36.060238
28.727608
22.212439
19.425154
25.374563
25.109491
37.08774
31.196316
37.563362
25.748507
26.519257
19.259953
33.060337
22.869059
25.069212
16.585783
26.09599
21.829298
22.505005
22.547955
33.909126
24.704582
15.615847
39.139812
16.995728
22.362162
17.09129
25.15
28.298271
22.887697
40.11188
19.102942
33.435925
19.937218
40.15563
18.38585
20.085789
38.613415
19.190052
27.916122
26.447609
26.803085
19.898037
16.947052
18.359167
24.563032
40.8768
25.166483
40.076805
39.1044
25.852724
25.112143
38.995335
18.201061
20.870878
29.109016
15.653786
26.435387
15.146525
23.428318
23.258327
18.59519
15.806969
26.17421
39.65081
20.748531
18.105574
38.52356
39.161274
28.048422
22.855827
23.375715
26.10496
21.157413
15.811823
27.213343
19.819174
30.332382
29.512554
30.032097
15.08256
35.672775
16.710947
40.565952
15.519147
21.810902
17.924524
21.716732
39.161827
15.410861
39.873196
22.090477
18.73459
36.242905
24.61056
23.849922
24.410234
15.313141
31.008774
30.711554
39.80991
32.55369
24.922901
16.847273
16.833221
37.91642
29.8393
21.694914
25.542328
15.363672
16.103537
21.23843
17.770748
37.212433
29.92689
15.187797
25.387354
36.56359
29.286455
25.67019
18.218313
20.135996
18.562468
32.538296
28.51447
18.725338
15.29738
25.20809
22.548964
33.720737
40.814827
19.057701
19.439608
23.637394
23.602562
27.850513
40.612865
40.4615
34.342026
30.389883
26.460958
35.753963
34.25817
23.66939
33.690998
28.92249
20.066685
30.151815
21.624699
26.84686
31.21186
21.491535
40.27956
37.13018
18.316708
31.009268
31.447186
34.649246
27.808084
30.53471
38.181583
32.790104
28.533056
17.851732
18.120174
20.78021
21.848688
26.912455
15.882399
16.866537
27.146084
34.230675
33.425648
33.73933
20.060377
29.421751
30.685465
21.564161
22.722012
39.725147
36.08678
39.26022
18.320595
25.527596
37.58513
18.250788
31.981113
36.398815
17.781652
34.812157
38.4934
40.958527
33.3529
17.360153
28.78916
33.012505
23.546215
31.538849
17.226894
28.827177
26.813776
24.813904
28.723701
20.156288
22.793114
39.423386
24.563726
40.68992
28.789198
20.001799
36.316746
31.965189
35.67293
15.968457
22.716312
30.459652
27.683205
22.859201
30.575363
38.58257
16.004375
31.180887
19.858274
26.5858
27.188322
38.080925
40.881844
18.035275
38.500015
24.14956
24.283665
36.4156
21.08777
35.010494
33.874912
16.684547
18.514118
15.005783
16.785566
15.150705
20.630558
24.24389
40.41359
39.91686
19.039118
30.555164
35.605614
30.3132
22.456001
38.486824
22.22525
37.238625
22.177332
22.370058
32.805996
31.135078
19.54425
39.70461
24.339472
18.438946
24.814444
36.631653
25.415497
16.78524
34.169376
15.103726
21.909184
31.984385
24.721336
17.510738
31.201176
25.84808
28.331593
36.984085
20.520718
29.309877
15.810823
36.376247
39.417187
25.967716
21.645144
16.001093
39.594326
35.16981
39.77587
29.620613
39.382355
23.071949
25.158478
27.876564
30.976696
36.713356
35.835827
32.39101
32.238045
40.089973
30.0832
20.097563
25.327057
24.44809
16.817257
30.015545
35.73789
37.57794
36.90843
25.642204
25.398424
26.75601
40.295948
37.413445
20.420933
37.166424
38.877056
15.2715025
29.81554
38.125954
22.026602
35.278328
34.019775
39.243816
36.300564
34.42633
31.451105
33.76653
17.38685
22.323608
23.455261
34.789806
34.68884
29.26853
23.001802
35.76359
17.06208
33.379093
40.269257
27.772892
38.171665
20.905254
22.865751
20.446354
25.697685
31.62784
39.84713
17.026054
30.188368
19.335611
36.922886
35.126144
28.745277
31.772326
25.281462
23.014666
17.922249
37.15864
34.31986
40.871944
31.229448
37.419018
19.228523
17.41065
15.456289
23.581722
21.861044
18.486715
20.661592
32.47038
29.60916
35.88699
29.126766
39.76845
22.107141
23.34859
24.827429
38.813385
25.505556
33.046623
37.05128
15.0650625
26.783026
37.281002
25.6747
25.093607
24.105522
32.899822
39.307816
16.144445
29.596336
18.115805
17.027693
29.863943
32.045795
16.80406
27.74132
17.606836
15.068401
34.11344
32.355072
36.897026
33.00598
37.28052
16.874447
15.076234
20.479065
38.90426
27.317652
30.950405
37.90464
38.62119
23.898985
28.331598
30.526955
19.114948
28.322592
18.773548
38.549133
15.700721
22.224508
16.511917
16.806767
31.344297
28.81068
40.645714
24.090755
30.907032
29.560871
19.934166
24.705143
15.65219
31.503174
22.23379
18.13672
31.604763
30.011068
17.563267
34.816677
33.22601
17.334803
25.05912
22.87059
15.045616
34.151024
35.673077
34.48162
22.388456
18.299503
30.362421
23.032663
28.139679
15.572901
35.737476
39.546883
19.610863
35.935432
35.65582
27.111935
16.001745
40.868454
26.090633
20.951815
30.696064
21.67581
27.751091
25.601152
33.686756
32.529022
16.395477
35.240437
17.794891
37.79219
26.553162
38.666553
16.028343
40.73871
38.459484
32.601578
32.420334
22.156696
36.407917
16.08382
22.994646
34.537304
21.436806
18.538542
37.12346
16.549774
34.29341
34.791866
38.47534
23.32952
17.955795
29.769884
30.995132
34.74006
26.64352
23.915955
18.914057
26.217127
36.211052
15.462774
34.65759
27.062887
31.093086
21.611732
36.700153
37.130493
39.558956
33.400616
16.909975
40.724033
27.933651
24.581789
31.733986
36.236137
31.655853
33.186394
33.691833
31.555237
36.56883
31.616226
17.079685
26.59687
21.677868
39.08338
24.528687
37.448044
36.75835
31.008852
31.119524
29.561018
34.661465
17.59471
18.12372
26.1926
32.939888
26.20055
19.123932
30.857367
26.503786
21.383417
23.259636
36.947876
20.41769
18.501377
15.65123
31.872347
37.66187
37.6345
31.674772
19.069939
34.707108
28.24296
17.691126
29.086039
16.089731
15.460541
20.077513
26.52483
29.824064
34.212765
36.966057
37.14353
20.452484
33.4525
26.96307
28.612581
39.808525
29.721775
20.30444
17.538252
39.15645
28.977179
22.396694
34.228954
18.271055
36.157146
35.49985
23.38377
19.2344
25.322971
23.427385
37.39148
31.251497
25.37144
34.57027
19.25068
29.624952
31.29544
30.296148
26.256306
29.178854
20.759945
20.831388
37.54511
21.885197
16.364288
15.102879
18.352505
16.22142
29.377665
22.698069
39.40539
35.87561
32.96327
19.095917
39.260292
37.816246
35.947563
37.628017
24.593536
40.456318
18.044634
31.248358
20.459831
37.666977
36.1116
38.121746
31.35797
35.7338
34.489643
29.285154
40.577084
31.999153
40.776104
34.19283
37.744167
35.897015
29.476728
24.8251
40.75336
15.361986
15.903108
37.222622
16.329733
26.182138
39.408855
38.801727
23.365068
32.76575
40.59914
36.613384
36.860462
20.004837
35.50164
17.827227
33.82023
27.443775
36.85307
29.153963
31.76398
36.799255
40.633835
20.663383
37.658382
16.02814
16.774574
17.512043
16.017515
35.602703
36.56164
22.463663
19.680355
31.428143
31.684765
30.767061
25.346329
27.925138
19.09855
16.95047
40.334515
34.200573
27.910555
18.397821
31.229431
27.942518
19.362137
37.191635
17.086067
25.700876
28.634323
21.638885
19.689089
24.55304
19.689468
34.140236
18.995932
30.804262
27.650438
18.619818
37.34072
36.335377
37.322647
26.60175
23.235785
40.485825
27.380213
16.201294
40.67972
30.947947
31.46606
32.79267
38.765816
37.048733
35.996826
31.92221
15.081799
17.008293
23.816877
28.154612
26.901772
23.289545
27.01182
31.971798
30.493353
24.991613
23.170403
24.587933
16.997839
35.389748
27.174671
27.600817
37.288513
38.18753
27.201807
34.76904
15.971939
21.822504
37.037075
18.885916
18.269339
19.254156
17.025808
29.715313
18.899992
23.063787
15.033426
27.261198
27.285769
28.408478
22.635885
30.261814
18.405716
27.396841
32.42914
22.731058
15.45191
19.792204
31.824545
37.61378
21.072502
28.599113
36.988277
26.178356
28.435175
27.052063
15.686261
34.639
33.603985
37.8007
21.712168
23.681997
38.794872
25.673632
38.304592
36.064095
39.95979
16.303354
23.500431
38.25796
35.846794
40.107788
34.725086
16.238825
23.193087
40.649124
33.08612
34.93788
40.030365
30.22882
17.815489
17.63244
40.216496
29.7277
34.096443
17.59917
27.254923
34.163265
25.114876
21.726133
26.222866
34.211502
31.590649
32.460835
15.201685
37.028522
33.273212
28.465693
25.987572
15.107618
40.926662
33.658978
24.057959
29.620356
22.182945
16.938389
21.7788
20.71559
40.30802
40.81609
20.66018
25.58826
39.404156
38.43818
16.102446
39.780167
26.862665
37.018166
39.52231
20.137856
17.984882
23.58325
20.00818
37.12808
36.605145
24.11372
30.72619
35.799286
17.278122
35.65004
20.183214
34.577847
21.133823
34.74878
31.15038
17.300743
28.857113
18.787699
30.560364
28.411758
26.414625
37.05189
40.01407
20.086134
30.130436
20.277147
28.666943
35.199024
33.502888
38.3832
26.212608
25.515997
38.75851
26.498737
25.44108
18.259197
23.5549
25.061712
33.421246
22.290693
31.47306
40.77258
29.74199
25.554913
29.980652
31.48474
17.443584
38.134964
39.40107
23.735647
39.280796
18.303019
25.089417
40.55363
18.78138
20.282879
36.494827
25.419653
40.198418
20.093132
15.079665
21.819841
31.902205
15.802301
24.169641
38.693813
30.017159
26.802732
21.72491
30.265396
31.181545
17.297848
19.750698
20.236536
33.192463
34.097805
25.60704
35.131813
21.995913
16.031485
26.830748
37.700104
32.991493
25.80812
30.2487
38.711575
17.9435
30.999773
20.140087
40.232407
35.92504
32.966232
22.996279
37.516136
33.668987
19.006855
36.030434
30.019808
23.459349
15.799195
31.005075
34.734646
33.26901
19.272203
24.174274
15.015178
20.234373
29.46214
35.178196
33.397327
40.754898
34.61226
32.5812
39.515167
20.515135
22.802708
31.410744
24.157654
27.54923
15.734952
30.53285
23.750797
15.102606
29.945456
40.990887
40.107372
30.492735
35.686226
32.53798
34.15542
29.430798
38.985237
34.509327
19.538403
24.33817
19.987581
22.90924
26.474085
38.07654
24.578686
26.128769
30.065722
15.207671
16.503729
19.063213
34.378445
17.40857
39.72282
29.56493
36.02525
21.990185
19.579422
20.14529
40.751163
40.602417
34.509834
15.630671
35.560844
35.155518
33.48449
36.080933
23.303972
39.747772
38.147167
17.694777
22.314426
22.96157
26.706179
34.6549
22.693417
36.274742
21.03188
17.907
39.13334
35.531334
33.12785
40.719967
35.798313
35.4257
34.16842
33.540886
25.708948
21.776184
38.63308
30.136751
37.323048
34.9992
33.718826
23.305964
26.560621
20.642076
26.174229
21.546158
23.390705
33.092545
26.974474
19.98085
32.279068
16.655151
38.844593
21.576052
29.290167
30.069609
38.538326
18.218857
33.44317
30.243359
22.993101
31.58367
28.041178
26.480392
26.006891
36.87763
15.12431
31.810633
25.920721
18.535389
38.94147
25.158962
36.94083
27.724403
16.392317
29.040216
29.19757
19.12536
27.760014
26.226282
21.413336
36.86844
21.73704
33.40364
31.13983
32.73462
18.740448
36.22451
20.925337
17.772179
29.819633
34.351982
36.485497
15.332194
39.078747
15.109337
30.976587
27.192701
27.46763
38.165928
33.808067
32.919815
17.039194
29.326912
37.081688
33.905067
19.327845
26.9412
21.707184
15.621741
21.372732
27.701935
28.520134
32.559032
36.091167
37.685944
21.315327
16.021305
40.20174
15.363456
34.609425
17.52081
24.703333
22.006598
19.159618
35.845722
38.03529
29.434967
26.790306
28.051321
24.475716
37.358837
24.917776
25.600733
22.078985
28.715332
30.313215
40.672604
25.51019
27.34014
19.1073
18.256626
37.503387
24.077135
15.814978
37.073856
30.352167
15.000537
40.24696
26.587225
17.835161
28.808977
31.574833
36.40875
40.285828
31.648129
17.529608
16.263386
21.134912
38.628334
29.738836
17.335514
32.185635
20.12589
27.545446
39.30258
37.12588
23.591475
16.301712
25.651392
24.338175
36.036377
22.094736
20.976114
38.937477
24.627075
17.13521
15.873019
24.148413
36.890858
30.629063
25.77555
23.627737
37.92002
34.852047
21.614288
21.1444
37.65944
27.3602
40.53991
26.148811
26.872
21.79446
34.113255
39.1945
39.698776
37.575653
35.34517
19.919464
17.865452
30.936476
40.75967
34.351227
30.533892
24.1999
29.25771
39.668716
34.557415
36.98893
31.974653
29.235691
20.47069
38.14045
24.553148
36.714664
21.929838
18.496307
25.294144
23.376804
36.515713
30.457735
17.50224
23.342548
21.822935
40.21447
32.007618
31.41922
26.579727
30.89795
40.325333
29.446108
36.17813
29.558321
28.203674
35.614132
23.441675
25.82781
39.416973
25.096321
34.717155
39.408504
24.57405
35.506973
40.449562
19.110416
25.442219
21.201572
24.28388
28.06613
23.827612
20.23606
35.43485
37.96117
27.406204
20.923313
25.575403
39.644684
25.0659
33.35627
25.816914
34.322884
39.29855
21.011267
17.489016
36.688095
32.97179
38.601826
28.37413
28.799116
24.414152
34.722275
19.811543
21.304081
36.162807
29.502186
23.658134
18.68477
22.95194
36.486797
23.47768
21.601816
29.560696
26.265192
21.527853
36.13309
24.99314
20.987183
30.12385
20.722965
32.12878
25.841461
24.779835
20.998024
31.460606
37.81172
27.164145
16.255182
31.82868
29.584122
32.35146
37.3911
30.160828
17.348572
17.114946
40.317116
30.14796
19.417961
22.07359
17.49184
36.51011
16.083637
18.394754
29.103975
27.050255
19.932016
15.4492235
16.65074
17.04653
33.966404
39.325794
35.182735
27.699442
26.3097
21.434704
20.32396
40.32922
19.007856
33.563976
34.326042
28.809433
26.510517
26.700054
39.87872
18.326557
30.774513
33.68376
15.173878
26.971136
40.61742
24.345024
18.808489
19.894781
20.942625
16.144482
32.512035
19.808146
28.763887
27.547346
39.397022
38.448658
21.576633
19.364727
15.456488
29.31273
19.554758
21.119843
26.370327
26.425692
30.295921
29.131292
38.332703
27.213705
37.394928
18.452892
22.575584
27.645504
31.993948
36.06929
26.538963
38.727684
37.63993
33.818836
38.226128
37.165905
31.273796
26.400003
34.18276
31.545353
38.98248
20.51488
15.751531
30.737238
28.26423
37.712994
26.779306
35.404285
24.989037
39.821075
16.791828
40.456535
32.980297
27.979065
32.80129
34.09985
25.200472
22.249918
16.375006
29.723091
37.892548
40.530643
26.36882
36.28581
38.71087
23.064117
21.816746
29.096975
30.868944
36.23611
27.868757
35.91614
15.638543
34.539154
18.381542
39.16206
33.153507
18.59468
31.792381
21.67968
40.40333
35.947117
30.244234
18.995127
23.545763
17.97837
27.580534
19.279078
35.224224
32.738438
19.790998
25.342636
32.44508
27.747616
21.765259
26.905739
24.75139
24.898048
30.798906
28.106659
19.923897
17.467133
28.197016
22.762196
33.246674
32.952553
25.533058
26.241623
16.49399
24.948523
25.646519
21.98356
18.226599
30.604958
16.30041
28.663345
23.72976
23.346268
18.570293
36.809574
16.981987
29.473515
32.4993
17.271988
36.412655
20.033594
31.328968
34.358833
38.88819
21.911285
16.703777
15.690452
34.360775
18.484827
28.647394
18.856747
22.92007
40.382915
35.821804
29.81979
32.6077
26.890774
21.605669
33.668797
30.285723
26.37526
29.866327
22.813204
25.094654
17.733692
26.95007
40.99066
16.59306
40.318356
17.378368
15.570175
27.540016
35.04843
22.013027
33.54675
16.463284
24.493345
19.041138
20.352303
15.65026
28.596281
18.031157
37.14873
20.00532
27.403912
33.524242
15.6224165
29.336407
40.678112
17.150425
33.46561
23.065277
36.58775
16.097078
20.708504
18.100012
25.813343
40.907513
20.85692
37.664997
29.344694
25.050436
23.394041
23.252779
20.011347
34.47643
21.620564
37.54375
25.358007
31.4654
40.036266
25.133863
30.861786
29.469477
32.506916
28.21714
35.685444
38.368607
22.313993
37.9889
40.17052
18.581554
25.850727
21.467295
17.096605
17.812899
33.206463
27.674852
23.367584
15.866945
37.172348
38.67838
25.233198
38.922485
29.304886
39.85472
26.413816
28.937593
17.599928
39.931515
38.568695
30.441624
23.058142
22.846188
35.43274
39.87196
19.964062
20.273163
23.644033
31.825895
27.05429
31.788254
30.794193
20.123507
19.916504
27.071033
38.555847
25.415173
20.939365
25.289925
25.876318
37.217884
31.924484
40.87157
22.173847
34.72729
32.075108
32.22503
27.232462
23.527876
16.492199
32.673103
15.063874
36.411526
37.537106
16.83719
15.389531
31.915152
17.46103
23.028683
30.593216
19.900906
25.554993
24.819088
26.0044
15.5279255
38.740086
26.892733
23.194727
15.302458
40.996197
29.52997
27.604893
21.543545
34.318565
34.6255
17.266325
20.564423
19.994844
22.015572
26.641937
31.145094
27.911583
30.069418
24.682434
25.459503
31.327362
36.994457
31.079433
36.521065
21.090952
27.111443
35.39393
24.423235
40.636353
21.47484
30.248402
16.177176
31.252525
34.645397
34.093124
20.786495
36.104286
31.16598
25.19198
22.349358
35.27165
22.34841
28.420414
31.44126
34.67861
24.348173
20.227829
28.807032
17.198282
18.185501
28.689089
29.478647
40.449776
37.36546
22.954496
25.835688
38.84336
33.056385
29.604897
28.838305
33.283806
24.40503
28.428331
23.687847
24.60795
34.498543
24.95693
27.508224
20.31095
28.72747
21.737478
22.29149
24.40677
15.86063
40.756386
26.314018
33.371944
33.011864
39.699535
37.504967
35.03762
31.860289
22.799757
34.836754
40.023518
38.979824
26.909431
20.70749
26.848322
25.940418
19.133028
34.498375
28.204647
22.962517
33.864082
35.01428
23.052681
35.337975
38.393444
31.353806
37.165123
18.574747
37.390392
17.905361
33.547073
40.279346
37.505386
25.628756
17.758036
38.160156
22.10317
26.557177
15.579202
30.216394
30.706963
17.542343
35.697712
19.1716
32.11951
22.665964
40.120594
34.517193
32.38381
19.453556
37.88464
40.15078
38.7562
28.052067
17.29438
27.525549
20.68676
24.870626
20.399012
17.47117
22.436722
32.834152
30.709953
40.40336
37.409836
21.36239
39.264385
24.508305
23.534437
32.462456
23.056038
38.66986
26.105217
36.910683
31.58305
15.401521
27.378447
30.400114
25.803747
40.851852
30.911686
33.74283
19.144665
30.071175
23.148773
31.741589
26.371195
24.15894
33.073154
16.183329
25.109728
39.655415
36.88737
33.557323
28.601202
27.597853
34.623802
23.56372
28.86943
28.030577
23.351532
24.253643
36.903694
37.43993
17.216415
23.729784
30.68347
27.579273
27.936293
36.736988
38.91432
26.455812
34.57046
15.1850605
18.197378
15.870193
22.392334
20.67151
16.020895
30.831402
27.51649
28.409811
23.440931
28.413738
20.566017
33.619133
17.609138
25.17916
23.113419
35.394432
23.409191
17.157516
20.888037
35.351116
29.379427
38.558815
33.815228
16.92644
15.827766
30.88576
30.837328
32.120186
22.585962
24.921518
19.163677
27.670013
36.20383
26.18674
19.106731
24.18231
31.550013
21.891539
18.98359
27.577251
18.764465
28.152258
37.697014
22.357159
35.29876
20.29953
27.557247
34.670124
34.383907
40.473206
34.665794
15.916325
23.681334
39.38145
16.754482
16.732224
15.101243
21.095364
28.757952
40.58838
36.81355
25.05721
28.59502
37.949368
31.33011
38.0994
23.644028
33.969788
25.202986
27.20307
30.219637
39.038128
36.362003
24.969198
33.993275
30.130793
34.40588
26.33189
36.746685
39.901314
27.264688
16.912539
30.107819
29.7053
28.567478
34.59528
25.990564
26.349514
17.777353
40.398224
30.34457
32.253822
25.697357
36.521694
33.5187
36.92774
31.304
30.57369
31.051401
22.18858
28.031298
17.40459
17.023565
36.386223
16.60669
27.727167
16.244173
18.049784
17.331259
21.754614
21.48635
26.834457
37.300144
26.458477
35.751167
15.422169
31.475044
34.729992
39.108803
22.117504
26.74934
27.722488
35.05149
24.280874
33.18718
31.959108
30.489841
37.453682
18.471603
18.409334
36.534023
18.055685
16.262617
29.669344
34.02345
18.872648
26.644775
25.625423
30.403423
34.20273
21.134764
25.53629
36.994476
33.49297
31.823025
35.339325
31.95984
22.57267
24.139471
39.167324
16.348864
34.178223
39.461876
39.556583
40.47881
32.36451
35.32648
25.633675
17.614878
26.610718
29.353985
40.68753
31.417948
34.953964
18.169937
39.96498
16.951887
17.321854
36.577263
30.272131
16.176975
38.3856
31.02949
23.02048
19.803293
37.71823
39.056873
17.725988
28.13768
37.817677
34.713593
15.650794
24.130135
25.642553
35.3427
35.27149
30.210306
28.708832
38.99653
28.564486
28.701942
28.508348
26.703815
25.71821
31.613012
30.035675
19.44072
23.813335
39.421406
28.547647
40.141544
20.25664
32.11091
19.330273
30.375912
28.310486
33.15943
23.210617
23.422657
31.929243
16.44124
25.826694
36.386784
16.295479
27.077122
38.256233
21.734268
32.94298
20.151325
36.5056
31.16054
36.160255
17.911255
17.573063
38.062016
26.48731
34.575726
26.325964
31.046032
23.550175
30.199842
34.269215
25.893045
22.221737
19.179312
40.433014
31.176022
23.154125
24.924307
26.070494
27.345404
17.097002
35.992702
28.631403
18.504095
40.097786
24.544838
32.565887
34.325386
37.67393
33.36668
22.912727
38.60782
22.354088
36.905514
20.339367
40.814392
20.604036
34.772152
33.326405
33.60969
40.08498
16.985731
26.527119
32.88686
16.435926
38.87219
31.983015
33.06747
32.328484
33.9745
31.839247
33.560856
38.411575
35.59274
37.47915
38.18539
31.945204
37.64419
20.585035
40.08285
28.416536
29.418531
32.532814
38.197895
18.238245
28.500298
15.740787
35.748276
28.748123
19.640804
26.118502
32.27741
35.160698
38.683704
39.599335
30.8594
30.86568
23.783339
31.89091
40.81771
23.524693
39.102165
35.040302
15.9221
18.786947
28.933426
27.186468
18.444502
18.12609
24.767387
22.96011
28.683092
29.294613
22.204288
15.391653
29.604675
15.198912
16.81443
23.900888
23.109169
31.617111
24.055542
34.967205
40.08591
18.11353
38.17988
32.41726
40.910023
33.747715
28.698248
16.917278
36.31813
21.732681
22.415411
27.220123
22.706211
23.066027
22.311127
22.992607
20.808357
40.339413
37.613297
32.636467
32.443813
31.425848
22.29449
25.416746
36.56057
30.55096
17.920397
19.424297
37.157383
23.3736
35.288452
33.42444
15.8321085
35.13266
21.617239
37.48172
28.68269
40.661255
20.18198
26.401175
35.0782
22.125952
39.238693
17.489246
32.42089
28.71792
26.839378
17.913036
30.436121
18.204535
19.712866
37.02441
22.755632
25.244062
37.770702
35.41582
36.600636
23.672716
34.994724
33.18771
31.22467
19.592522
34.472744
40.93259
16.442215
35.020058
16.171038
30.27899
38.047585
20.100294
36.667076
32.488632
19.219606
39.44635
34.513203
33.563282
24.111116
15.035202
25.161783
26.592958
33.738342
34.270966
27.454504
20.665195
21.013721
39.32149
29.563406
18.555351
27.306734
26.640726
33.96837
26.630907
29.270885
19.708408
18.56564
23.92806
17.840897
27.450228
34.324184
39.19682
19.282776
39.545864
17.041426
24.861187
32.9704
33.88881
29.697264
25.30394
28.16577
32.831177
22.66491
15.660834
24.496094
27.52814
15.609469
26.39706
34.049446
29.691029
29.289883
36.33906
21.051647
21.36452
29.677109
32.547775
23.940607
27.962648
28.811268
37.44475
28.320414
39.72997
18.642632
27.940434
27.755846
28.038296
25.736183
23.96439
24.659142
25.486149
30.166712
34.760036
27.624287
20.637136
27.191164
22.581892
16.480106
39.41517
19.357258
15.021229
22.062017
35.668518
29.592117
21.086456
20.24323
31.221376
22.511944
16.377323
37.119785
28.85076
29.703548
35.21759
26.409756
28.058151
27.050772
18.448555
39.105526
39.2495
16.313633
22.73632
33.209023
32.993805
17.115295
34.708523
21.983292
17.399641
35.2517
21.011642
36.569916
24.33062
30.811003
17.467928
29.050108
30.174992
36.974678
32.91132
25.068556
37.191093
19.569471
29.994688
30.99238
21.069656
28.449085
24.286058
35.24379
29.285477
34.606823
38.309425
30.923359
27.055212
17.5551
38.836105
17.13202
19.274626
23.955065
33.69548
19.503246
17.67777
24.7393
26.649403
20.372997
30.642273
38.042854
33.46241
33.74352
36.55896
27.142612
29.200254
21.738047
30.490753
36.302284
34.00216
33.597008
31.964907
18.93006
18.097681
21.432388
33.174244
27.778221
22.676811
18.935308
17.607273
40.04883
17.372438
28.023043
25.183613
37.21676
31.577154
36.01508
15.340401
32.141262
27.591797
26.343918
24.19689
18.60938
40.690964
15.034808
17.918657
36.839336
30.591167
29.22962
19.709478
26.669367
38.520187
36.88358
34.478004
36.167114
22.111567
34.42959
17.158121
27.217009
34.686024
21.683428
27.905884
15.27787
26.13208
26.554056
23.952705
33.95019
33.560966
22.226835
27.763464
28.252304
25.186293
40.40346
30.329977
17.57695
36.466927
23.910925
32.924324
28.184519
33.45181
22.532831
18.44321
27.786474
16.478416
31.26993
26.593637
35.282257
25.90191
40.402718
39.6019
39.03523
24.36993
31.707485
16.871885
27.207994
15.308395
16.968233
16.075535
25.624664
18.746521
31.530313
22.527212
34.38744
29.384691
21.057783
22.375557
24.047127
33.8967
27.884867
34.140465
19.511988
32.85828
18.393007
39.429466
25.076529
31.406675
20.698479
39.286945
36.96173
27.76151
22.601534
27.561264
38.58032
36.07498
19.226608
24.919006
30.375555
25.729853
32.074093
26.6922
30.529324
19.166634
30.307707
32.61349
37.09487
34.59667
29.01754
24.675926
36.182064
38.545788
21.927303
36.848103
40.707603
26.073551
37.555393
17.182106
31.920015
33.72601
18.192856
20.970785
19.41893
39.80529
36.227383
39.04257
38.710484
32.377216
20.320927
34.026146
16.475395
39.588547
20.73964
31.474018
26.67358
23.328335
26.738241
18.102993
39.368893
28.043272
25.317038
40.091427
28.729881
31.604769
15.898231
34.36707
17.04716
22.525969
21.509289
23.126106
19.80536
27.539692
21.914549
40.443012
24.857267
21.573805
35.802315
37.762585
34.570118
36.498276
23.613207
16.309628
31.448732
19.668709
27.886505
19.008305
15.187482
16.253895
24.104826
20.372538
40.36277
30.610445
39.93337
36.01021
31.050072
37.555355
28.478601
23.878252
23.534273
34.28778
15.732192
19.232311
36.979336
35.924244
23.719536
28.33372
38.433075
28.136765
21.038248
38.408287
32.865158
21.221436
19.4505
15.095467
17.07105
33.075233
16.98409
33.683132
38.222115
26.021832
32.600677
36.792328
21.601627
40.20254
34.905552
40.857998
29.638885
16.336374
35.60197
38.745865
25.738274
21.053646
21.433943
34.15221
21.597437
20.720434
24.21494
19.052532
29.718504
26.696545
33.206093
24.396593
35.638508
38.307594
29.585777
24.491644
23.039995
17.462177
37.043705
17.0721
21.349989
20.807932
35.63597
31.923212
17.69535
33.59584
33.953674
39.10786
33.154716
22.009815
29.38614
31.339714
17.132086
23.619162
35.800854
33.852703
37.374283
16.824322
28.315657
35.23585
26.66439
31.691706
28.004896
28.134155
30.545408
16.41132
39.359577
31.46036
35.56325
21.761293
32.112705
19.81909
38.46543
20.42627
40.64449
33.213963
37.551468
26.79206
24.598036
28.789972
39.9435
29.926817
31.564789
22.357468
32.930134
17.859358
20.739857
32.75085
21.734007
38.978245
21.300997
30.694126
40.063175
38.400505
40.930992
35.777107
39.62883
33.496834
40.38163
38.390312
20.446455
37.41053
21.268635
30.023045
37.184967
32.37021
32.39024
25.198532
18.088045
37.87188
22.778284
33.501373
38.0641
30.3937
35.41912
22.64691
40.42623
35.20723
34.12265
29.348667
34.460636
21.061853
29.37134
21.859129
20.511776
15.044416
21.147127
28.490847
18.594875
23.754059
27.712526
40.168945
24.681057
18.082556
25.113375
16.122728
38.747734
20.353432
36.774117
32.193317
18.446571
30.348444
39.972553
16.915741
37.81369
24.837978
32.209507
39.52822
17.83145
29.632256
29.529823
26.367857
18.848494
21.883118
30.704752
17.731203
29.874481
31.391644
35.851612
30.20978
22.588156
37.014606
29.545326
33.75473
24.532238
35.913277
24.767267
28.281488
32.415836
35.350952
35.140533
25.494429
30.704857
19.020891
30.816616
37.793167
32.75317
28.474375
18.107117
37.616234
39.61204
37.118893
26.495018
31.384602
37.352585
21.469345
29.013649
34.326546
29.24584
29.860634
39.14746
31.897106
40.46719
36.667805
39.387222
34.249435
40.126785
28.230349
31.363276
20.272026
32.374775
15.140128
15.084061
19.074965
31.089922
26.32786
29.22301
21.489899
19.232533
27.470835
33.625572
36.1427
30.327307
29.645115
27.249046
37.964314
19.738993
35.858196
29.601423
37.624462
37.413563
19.123598
37.411526
26.304575
17.579792
16.076727
32.74117
19.470364
22.54099
18.781683
32.041107
15.861161
37.133812
32.341675
27.756073
15.782255
37.69088
19.20101
31.000185
31.968122
22.41626
20.614544
27.55258
30.77856
18.967495
35.66092
17.96405
39.29641
37.735256
30.388699
21.919086
23.014633
35.821392
40.210022
27.163641
23.232248
15.038462
17.494177
16.287535
37.02265
33.38853
33.46398
20.441372
21.694593
21.426363
28.960691
17.671387
38.03515
18.671833
34.418533
38.97165
30.305725
24.808718
15.4779415
39.38157
25.956205
35.791695
33.06683
28.497633
22.329067
40.18077
21.49227
20.621918
23.244389
36.032017
35.110184
17.435766
19.288279
37.49578
27.478733
31.565725
31.871517
40.90837
22.551245
33.699696
24.681677
38.6104
25.427662
23.014894
35.02127
40.98477
24.45868
36.5951
29.70606
31.279543
31.084743
24.243334
21.69174
15.665712
30.692444
16.637
20.404003
36.677185
28.98372
35.126095
18.865961
23.689945
33.878677
32.641125
26.148663
23.419792
34.81075
35.155838
18.414524
34.552647
23.423273
39.9409
21.880173
17.568844
24.139479
18.44822
30.394285
35.58245
21.85325
20.08157
23.007708
36.58904
29.075945
22.337688
32.907257
19.899984
26.274914
18.8431
16.391224
27.73877
34.85228
19.665335
37.18376
38.9844
36.237904
17.943346
27.317005
23.869402
16.90837
19.360302
25.053856
16.074558
17.794205
40.2731
30.881031
34.10993
23.500463
24.416344
16.47116
37.131287
24.041143
37.014565
20.69425
25.41356
33.37585
22.865086
37.2531
22.58745
22.937483
21.494768
34.323807
19.442837
26.552612
37.847546
23.70164
29.61222
29.681623
37.1256
19.384302
23.769764
36.743557
35.38551
19.268574
23.116259
29.44102
21.281889
28.693142
16.867619
38.46337
40.954254
36.929443
40.22425
40.721848
23.469206
17.404026
30.870909
22.35808
16.458267
33.43012
15.441447
26.167994
20.632866
29.532648
18.580103
20.795822
17.71146
32.070152
22.240728
40.078438
34.95974
33.788685
29.687672
34.258095
15.023465
21.186892
29.296745
20.432053
18.02443
27.128109
31.701994
23.570415
39.99358
16.004513
18.093748
17.70896
37.631374
16.939905
17.545715
35.51158
28.113909
28.01195
15.133609
21.29741
36.204422
19.281248
34.3051
15.840481
33.283264
30.533821
40.47064
32.775322
22.075455
35.0752
34.106945
40.279606
40.833424
15.65843
32.79975
27.855518
27.523642
24.685013
26.599632
36.494278
16.169243
36.18686
25.824528
27.283714
31.916845
37.779053
31.014843
26.60666
26.624254
28.76727
25.131742
35.478317
28.806767
37.90046
34.286556
28.283634
20.633265
26.878414
29.298952
28.20114
32.329395
33.65557
38.203835
32.937576
24.823528
26.826492
21.461641
21.048018
32.762314
16.935175
25.074009
18.079124
18.126081
24.41934
24.066557
23.048483
21.590427
21.08269
15.872767
35.360985
22.50876
18.48207
30.037733
24.163465
30.93168
20.423267
37.357784
32.351826
20.4325
17.878197
20.08183
15.970156
34.674316
23.067957
29.122395
34.579357
17.632454
17.200325
22.35929
25.323061
33.17725
39.40693
40.06588
20.881626
30.325504
16.794445
21.247917
17.2803
25.88511
31.205862
30.256971
27.605597
16.445734
39.281918
22.42542
24.084251
24.709534
30.719543
30.667088
35.692104
37.00941
23.243202
15.997494
31.485554
33.52823
27.736734
15.749883
33.186195
30.211054
27.22738
27.897976
18.199575
29.653418
34.970375
20.34368
28.211967
17.352129
39.751568
40.287697
30.784378
15.621205
20.707207
24.873339
27.950945
32.20397
23.454224
36.178505
26.729263
34.153423
28.130816
23.328127
31.663048
33.906452
22.066498
40.00912
31.042948
19.643524
27.232244
18.992147
40.289234
18.003983
35.365593
32.39929
40.13043
16.018082
39.722168
37.403904
39.67487
26.72042
23.774263
39.808876
23.247612
23.325478
17.858719
18.521536
24.95288
26.074408
20.770502
30.328424
40.32278
15.9033165
30.605036
28.570332
36.125774
39.936752
25.77145
33.32772
33.433903
31.476128
17.030571
16.549028
25.385544
27.631357
32.65563
23.188992
25.730938
29.034945
37.37025
36.871506
33.2106
38.181328
35.58753
23.851229
38.092113
25.850296
34.655514
20.12041
38.77869
36.801746
16.308647
39.392254
28.303288
16.470188
24.331347
26.389278
26.734951
27.740747
27.558992
20.375046
34.049446
15.054635
23.773306
24.189732
38.854126
38.070385
25.793167
30.184938
31.507395
22.89829
28.118643
38.40029
37.63599
27.528934
22.855051
28.084198
15.828709
15.4927635
33.325592
35.233383
39.373093
30.016111
40.77519
18.210588
36.302002
23.980165
35.87484
36.69709
18.729828
32.842823
36.35489
20.246462
29.483587
28.34945
23.027302
27.528233
29.37193
16.337008
20.701157
25.98495
28.08557
36.227123
26.052208
30.073296
29.685453
36.907093
33.376484
34.5198
29.910465
25.61387
29.339607
27.093828
27.124279
35.164673
27.32756
31.285442
39.621384
34.418663
28.811329
16.972822
17.225235
19.207958
39.256996
16.67385
22.63683
36.14193
19.544455
24.298658
31.829878
31.667543
38.60209
40.4547
36.93923
27.559313
37.0214
25.303183
19.551992
17.616058
24.784708
22.725498
35.086205
32.75763
18.920637
40.130474
16.029902
28.9433
38.896366
32.618137
31.213642
20.374537
40.86211
26.412846
28.00261
37.29836
22.482536
38.48849
34.319687
23.39352
30.02146
21.130684
23.748869
38.20032
34.59025
21.815622
39.61867
29.345724
17.027054
22.232641
38.928226
17.419147
18.7431
27.53712
38.254017
21.270206
17.053938
17.99279
23.36311
33.228203
34.007656
16.047184
38.159267
36.284206
15.528735
32.581257
22.801
24.630096
24.815357
38.58397
17.356209
37.114906
20.359577
36.82492
22.1958
28.157335
30.703999
16.23279
23.4792
22.444366
19.105124
21.634764
31.547403
36.34936
27.642797
21.271725
15.814773
28.41908
23.996716
18.07638
39.83856
37.50756
29.105162
16.08619
40.645535
18.1758
30.227766
36.560246
15.108102
28.829765
15.553201
39.379044
37.187473
26.735136
31.424406
34.128307
31.199589
35.525867
21.498032
15.902808
33.909687
25.114534
34.71147
25.313444
36.224403
19.016037
39.79996
36.4405
19.52565
40.01217
24.287893
16.548365
32.27842
31.813171
33.3726
37.261726
27.445026
31.913315
36.92555
22.600506
38.45125
21.191107
38.954967
24.780558
16.975124
28.970781
25.305634
40.009502
21.66717
16.240143
16.11564
21.641703
25.061056
32.51095
23.60662
15.003766
38.396774
35.41148
37.15305
34.961655
28.85364
22.516972
18.257877
31.87278
30.778404
20.152098
16.055918
15.951252
31.89414
33.940727
25.27298
18.271612
27.188444
28.731655
27.18798
20.646309
35.204884
21.195063
24.076818
38.434265
21.79953
20.862965
34.86099
33.972816
29.07481
40.67789
28.240528
15.772397
36.165733
26.217615
19.460068
17.87331
17.829062
39.679718
34.038315
20.83597
40.373775
40.438293
36.28555
22.720966
18.371613
28.52616
36.240265
31.11242
15.799374
38.74938
35.775257
25.747961
31.79005
15.306996
21.05515
25.640867
32.007717
35.76735
34.271362
24.714691
19.811544
25.043344
34.637344
35.917973
34.83718
22.612614
34.995853
37.54639
28.399086
37.644497
16.071873
15.071967
37.205368
34.92425
15.398709
29.163727
35.27703
23.506
26.251688
17.781445
32.676422
39.87932
17.542768
27.233923
40.67504
28.100534
28.561203
19.915457
24.328846
38.818184
20.689453
19.06897
17.07947
29.413147
21.780176
39.371494
21.96274
34.57755
35.749332
34.39751
16.281246
26.572409
32.121986
30.087894
23.18559
39.132652
35.761627
19.236933
36.50935
18.52906
23.820381
15.707268
26.415678
17.650232
19.066702
22.59224
38.93889
32.133705
28.178724
25.86747
26.342134
35.55384
40.33561
28.208277
15.362912
27.465117
17.49587
28.59671
26.880732
23.703024
25.120779
18.10187
15.316953
34.760696
18.782648
32.789345
35.164463
39.287987
22.09184
29.100409
21.4454
25.800705
32.683083
21.23891
32.60797
34.541237
19.620737
22.113483
36.398758
17.097757
31.51438
31.205013
29.584902
23.867844
19.880116
40.364117
23.050842
24.7432
30.839754
29.990522
30.757229
38.495823
30.119087
21.30614
22.32501
17.261892
27.488144
19.505777
30.595608
18.24821
27.280437
37.454304
25.41842
19.326998
19.434908
30.296242
35.12986
30.538435
36.623306
31.853647
15.713469
31.68629
17.457531
36.01025
34.468586
17.190496
29.515438
18.414753
30.165388
37.15161
16.980417
33.78336
39.127045
18.18554
28.059042
33.84136
18.455133
31.002958
35.022846
22.515919
39.70229
33.936382
30.714342
18.376976
38.69656
20.658838
37.664116
33.520355
15.934674
20.19158
29.58486
17.097038
34.98701
23.964407
31.939995
36.514797
23.694773
22.170523
32.528515
33.973114
34.590347
23.948973
30.584476
18.439575
30.934772
19.031229
35.758575
21.435812
23.041462
26.404417
20.530958
19.073128
38.143414
18.272306
29.098562
26.662893
35.96139
35.136105
20.586866
17.923962
37.343513
36.17069
18.555128
28.319153
24.872059
26.237846
34.195812
15.375124
20.17119
22.856707
31.373
17.97467
22.799706
35.24246
21.701334
33.557842
18.075775
31.128046
23.236036
28.927942
23.956076
35.49951
23.0263
28.930815
34.179543
24.60416
29.778471
29.66051
38.286438
20.6318
22.181995
27.041788
18.83627
27.322706
27.070395
21.649591
34.173477
34.422127
35.52101
16.44792
21.427746
23.37954
38.241543
37.76534
35.086147
27.981924
28.147951
29.271536
33.43722
35.71388
15.907456
29.979221
18.462513
28.553322
23.402058
36.36781
32.33892
39.640156
24.56206
31.610163
25.61568
18.796179
22.82578
19.580961
40.34264
23.22813
31.600756
23.834923
39.95185
23.911688
36.53338
18.065506
18.532528
19.132854
26.13805
34.689354
29.289581
26.454067
36.393604
30.14913
21.439096
16.975998
21.283813
17.28705
34.569286
37.181927
40.94055
22.713766
29.583488
35.880157
22.042213
22.481972
37.74208
32.800903
27.426695
20.5714
28.033138
19.257662
21.49739
17.7016
24.126999
23.949032
22.932217
20.811214
21.507826
26.45547
16.449947
36.17718
37.025646
29.276543
30.944662
29.594587
21.075205
32.357693
40.168304
21.297644
28.88339
23.97154
28.323011
31.374546
17.97489
30.547346
34.41897
37.313713
21.786087
15.583169
40.06019
19.016205
18.610128
24.128841
39.43982
16.11883
30.581474
16.493856
19.758116
37.794785
39.246143
40.812828
17.02045
36.333393
40.41423
26.89213
24.229343
20.747747
17.454205
29.364912
32.353596
31.41893
24.963827
18.597633
33.139328
31.357613
19.840496
21.019838
18.821781
40.048725
24.174158
20.58986
19.103441
28.042051
40.098816
35.962685
20.383184
38.461475
20.764101
23.592205
22.15272
39.427753
39.92622
27.478638
18.720827
39.024555
37.30799
25.56285
40.982483
33.884716
33.840614
32.872906
18.819109
27.73343
24.175116
26.444101
27.897835
21.297424
25.439415
30.762344
33.131798
21.873785
25.117271
21.021683
20.870136
21.549578
25.13828
24.840336
27.005495
15.572947
21.79348
19.245605
36.618484
34.698845
21.92904
22.716516
24.522661
29.46714
35.020863
25.864126
31.1303
24.318258
22.195827
26.932867
34.42827
19.211163
27.040812
21.72239
32.535057
35.980812
15.128511
31.757795
34.304115
28.057016
39.58945
21.577301
37.74522
33.363773
16.772484
25.859697
23.65491
39.228085
21.061499
29.780203
24.77845
28.94935
39.253853
33.461624
33.07013
30.315388
24.556578
33.6789
23.175165
26.798197
20.219128
25.07857
35.125774
36.422516
35.097023
25.090631
35.425495
29.372389
40.028423
29.438993
21.190044
35.285763
16.806265
20.697485
24.819675
28.884384
16.74129
30.692074
20.79699
20.096056
23.336855
32.71591
35.636005
40.148544
25.434189
21.502308
28.752247
34.249218
39.337177
25.691809
24.08036
30.411783
28.88871
17.133009
19.634878
26.751156
33.245914
31.772804
24.891365
24.139927
23.189573
24.120249
27.859383
17.50449
32.203358
31.309252
37.025276
17.236279
22.271475
15.638813
17.961979
28.203245
36.368576
18.135546
32.334656
17.669046
39.953865
24.161749
30.275156
21.062119
38.431534
25.383284
29.65485
15.98411
26.502691
26.515045
27.654623
16.106909
30.609247
24.177849
27.212393
33.67975
35.258183
30.929014
19.422676
18.25267
17.914963
30.069998
34.769367
39.919857
17.367748
28.187946
31.192057
15.896141
36.98952
30.55397
37.41778
27.562235
27.163015
21.479593
15.734374
33.24902
30.283865
29.52372
15.438043
25.978485
15.220126
18.046041
40.55714
17.13865
29.881865
17.018833
21.135565
16.642128
30.642302
28.237537
28.353481
21.502678
19.752407
17.111652
34.06962
35.96144
22.60377
20.07083
22.988607
15.304232
21.719904
35.287228
24.588413
28.33362
23.6941
17.893597
36.187065
24.094206
20.942244
19.16761
38.084557
32.89683
22.102026
20.256508
18.584888
21.9472
29.185234
30.932068
40.88489
19.956669
32.1778
16.594496
37.31064
36.997677
18.682636
30.284803
29.18879
25.56365
21.413153
24.818785
20.759487
30.30289
37.87082
25.321697
24.968985
17.218252
34.377914
26.421265
23.724312
24.259195
20.787117
29.147682
31.248997
22.180073
28.65237
20.192738
22.547935
27.298212
30.420944
20.596273
25.671179
16.357702
36.294407
32.156635
24.460533
36.089508
18.80673
35.90285
25.769505
40.255814
22.880499
29.81974
33.766293
38.976273
39.147736
30.683214
31.861113
26.95609
18.659616
33.341496
22.043367
28.87063
31.759825
16.069036
23.970697
29.608532
36.85913
20.72345
30.021217
40.33506
28.124231
17.351698
39.70179
34.409676
28.681713
36.62041
15.299357
24.076586
37.838417
33.986134
28.469015
33.54434
27.032394
36.874863
28.571613
28.580198
33.754032
30.306229
16.005354
25.067415
39.514736
21.376215
33.51993
21.10817
15.091109
18.803297
27.55851
29.20231
37.735268
26.34643
18.04181
38.79174
30.817492
18.319271
30.690416
35.032543
32.45519
21.653635
36.975388
15.041791
26.082584
40.006096
35.09396
32.063118
22.628443
25.255219
40.98632
37.00505
30.9945
26.402935
25.34097
27.628204
28.86519
25.372023
28.780418
28.29238
21.52964
39.482742
32.975555
35.621685
38.35977
35.49517
26.30618
15.70574
36.863796
38.01974
36.866837
28.527157
32.8222
15.827106
27.111235
39.19035
25.913807
21.129389
37.235138
33.22392
17.452267
25.25839
34.516808
18.738659
20.378868
21.33242
31.2657
37.545532
27.4953
38.481834
40.77421
28.47263
16.070518
34.994453
40.724
31.067503
17.418661
39.345516
18.86747
30.630955
16.820404
36.492813
36.486687
16.100657
38.248028
20.04626
35.12612
26.68774
25.754847
20.96205
27.402264
39.36676
23.102533
16.265135
25.312273
29.329199
35.22531
26.969795
15.39552
15.33295
15.467803
28.846512
31.345934
19.514967
21.1838
18.974447
19.229807
28.68156
17.246
27.12229
38.332752
33.350563
32.292286
35.916294
37.841225
15.891862
18.121878
27.482803
40.058147
35.997562
28.55518
30.793615
38.658752
20.410315
20.283962
39.296013
31.61198
26.348074
40.763966
28.575344
36.82441
38.38589
35.03988
40.77652
24.307722
16.69003
32.543007
40.30182
25.72752
38.447006
34.36492
23.905954
28.560293
32.089916
23.28563
35.72523
19.767096
17.496658
28.922897
24.006357
34.886547
20.719454
22.769508
23.34128
34.75646
39.002304
34.598347
30.06804
29.692522
40.85281
36.740456
33.163666
19.88412
24.757048
34.07915
16.433546
37.01148
30.760916
19.253653
38.092896
21.64501
39.588722
20.528631
30.939236
27.856829
34.22944
18.061367
38.23105
34.656097
20.993397
34.886196
21.1161
39.35396
18.926956
37.836273
18.994024
40.770466
18.16987
36.83557
22.55132
20.315084
17.349947
36.519398
20.372799
16.403936
35.43177
27.979713
40.012165
18.421148
26.571093
34.58174
15.195347
32.48826
37.473724
20.26144
24.433771
30.674818
19.517506
37.488678
28.740704
31.964943
30.468273
21.168854
17.372402
15.288691
37.00542
24.15618
28.55676
20.233839
35.469994
31.764616
21.025682
23.672722
24.257927
26.687916
29.833385
32.470448
37.10345
34.07814
16.421455
27.684973
18.13227
21.182293
36.18236
28.226105
23.01154
28.899761
38.87675
37.80972
23.78335
31.89851
40.1758
26.225037
28.04073
35.51594
18.32847
22.426992
17.989902
25.570698
28.49448
18.772394
25.639854
23.424583
34.637333
28.83761
28.869987
37.159164
21.037794
17.68731
35.44893
38.569504
32.466663
29.20777
40.212307
38.827866
23.846767
18.175034
16.554607
39.13314
22.837555
35.09725
21.149937
32.437107
16.191753
37.552227
32.388836
28.42654
36.96199
16.735315
24.40303
20.340591
20.676376
28.239464
35.747246
38.915714
40.45549
27.708324
16.817049
35.77584
25.70927
16.935005
32.903854
21.92339
22.530827
32.223186
22.423088
30.637056
30.195168
22.383917
40.298668
16.045258
39.274395
30.610653
20.746864
22.919497
18.79692
38.656578
33.77469
37.819744
22.606764
19.23257
37.59292
28.624426
20.620005
39.350662
18.840954
28.690392
31.029018
29.45709
40.03061
37.4137
20.671068
16.630623
18.938114
16.799913
38.75642
28.865969
33.808426
37.80303
19.942097
23.5188
19.183155
34.65496
30.340956
20.357962
39.923252
26.183035
26.471746
38.352142
39.569798
16.20069
30.38435
31.312408
23.571053
18.457088
26.235413
22.81865
24.101152
33.34417
16.443083
29.477068
37.205627
37.585064
15.2156
31.487612
18.831188
16.465733
33.726994
16.744238
39.931946
30.822023
24.50415
29.247656
26.291574
33.957264
30.693037
38.479267
31.960627
40.940907
24.787893
15.566705
22.280468
28.326563
33.135708
34.56548
31.350166
26.228302
19.06928
20.9879
29.489786
18.906784
32.875774
36.829597
24.763428
30.54236
40.97357
15.775549
18.947561
19.710068
39.648827
28.011738
30.464973
33.22187
16.494133
37.12515
40.751915
19.464375
23.295189
31.943983
28.28582
37.135635
25.527395
15.851576
30.07321
39.37262
25.85283
23.101688
37.782154
23.661139
24.049067
37.96947
40.90097
30.633163
27.65477
30.191483
34.31457
33.881603
18.283127
15.079909
28.51211
30.260714
16.032545
34.94011
23.274433
17.790518
24.715189
31.977413
24.137016
38.2467
35.72736
27.748116
27.183857
35.792625
40.30179
20.391336
17.800112
21.598198
32.6104
16.372482
32.895943
25.290539
19.727144
40.275753
15.811382
15.29445
36.813946
24.302244
30.621765
15.645944
19.058979
38.56183
17.885487
36.700054
15.8747835
17.991161
23.010735
17.304525
21.654955
15.7868
29.364979
30.47387
34.99153
20.611519
19.010845
39.373642
34.671257
29.513617
22.524242
15.512735
15.997414
26.493097
33.735394
20.441824
37.02494
15.955259
27.430641
39.969017
31.15005
38.91139
18.062738
35.929157
16.161568
15.717863
19.339518
24.881083
20.339815
40.389126
38.195663
33.757603
25.47969
18.076664
30.099546
25.455751
36.818363
23.17517
17.906862
20.630352
18.763771
22.69885
33.545033
15.541785
27.048826
32.06483
26.697186
15.709215
30.477089
40.22737
19.351706
23.333479
28.77931
22.22568
23.593145
30.979172
29.266184
19.639769
26.332592
22.843416
39.941193
17.192934
26.810266
32.089115
26.528425
34.79611
16.650494
32.183464
39.473824
18.698431
22.008852
21.957834
40.39423
29.090048
24.923672
18.19303
23.677198
36.497303
20.368717
31.934345
15.97555
35.61711
34.701267
19.453709
32.194103
40.856396
34.209446
19.801594
17.232119
28.774256
29.285048
22.22931
40.223392
36.868473
30.382757
18.412592
24.307096
25.704771
20.374022
40.370388
16.065853
24.256315
32.16352
27.248085
28.683603
22.502562
20.508497
24.7223
33.604336
28.83074
26.865982
29.68478
33.013767
32.58991
35.790134
40.075855
23.819584
34.266598
18.9118
31.263203
36.9718
33.18276
31.854567
36.19967
29.94345
39.36085
28.576391
20.744257
18.982689
22.257568
40.573147
27.993196
17.350977
30.436752
25.140205
22.243551
34.178066
30.933847
35.460384
24.299582
37.792915
29.05821
23.67147
23.232525
35.43081
20.686373
16.26363
39.417362
20.070312
17.718401
35.16696
37.695477
18.819937
17.301195
21.711565
33.850075
25.752615
20.666677
34.27736
24.231535
35.377377
33.989475
29.898092
27.332851
21.04096
25.537851
37.343792
35.390633
33.468143
18.573235
24.27814
35.67505
16.378157
35.947914
25.972055
19.03255
22.65549
40.15704
15.751974
35.45797
27.906921
31.72023
29.87116
24.998116
16.402658
27.199745
25.814585
37.126785
23.377966
35.906307
39.182693
16.881567
23.462671
39.400295
16.24668
15.5156355
21.609451
26.265175
21.027586
29.193193
26.30785
34.31169
17.323883
25.345057
27.099422
33.36544
35.496883
38.7013
21.45054
20.097158
37.020683
29.730751
33.892735
19.974096
36.813007
17.242544
21.006653
36.342606
16.185677
16.242767
27.304075
26.896128
17.88813
15.789729
25.353542
35.33941
23.164711
19.554155
22.59862
36.928993
19.006218
32.066097
35.233837
28.751581
29.84845
40.21818
30.231897
29.09603
21.85527
18.49521
22.156723
39.08144
21.620953
37.61311
25.75042
25.82285
16.636366
29.77543
16.44831
25.847761
30.185802
25.593699
34.954636
20.220806
16.476027
21.868147
36.80258
40.890553
22.746374
19.888369
35.425785
15.1415615
33.868515
16.68871
33.684517
15.716448
29.516773
34.781208
32.0182
22.166847
40.374584
27.289225
25.436981
20.298834
40.040054
21.117804
20.418623
31.197458
15.303261
28.822212
40.442867
19.246742
37.29022
34.17399
27.374111
19.805565
39.60324
33.07421
31.194126
29.75658
25.03462
16.42659
32.69008
26.014374
33.690414
18.858406
36.619232
32.26076
40.433277
16.765179
26.600039
28.66924
18.438137
23.055313
17.520588
31.187292
20.35172
36.18396
20.60861
36.064266
17.056757
27.590595
18.473532
19.7444
20.363869
22.492802
18.409369
35.988445
22.089018
38.139095
16.03841
25.144228
17.921566
23.086512
37.979073
38.855434
16.247837
28.844109
15.637354
27.179688
19.667274
17.311377
22.449852
36.081013
16.323082
31.840977
29.947271
17.568527
29.36654
22.468088
29.860914
40.37226
37.883854
32.87408
20.160645
31.97867
37.43677
33.99006
32.39132
17.092577
15.002886
16.796267
17.965698
19.148884
17.54887
16.836216
40.17541
16.366533
