27.729584
19.239779
28.597466
16.018871
26.278337
15.637364
23.30244
16.08868
26.538301
21.247778
23.811365
38.28279
40.28235
15.635104
22.101965
32.500336
17.47838
24.155481
28.13081
38.28033
29.979412
24.952457
36.316566
21.498434
40.25255
24.510004
22.22043
28.639349
21.208138
23.2352
18.26347
36.34049
31.950228
31.317951
17.736479
34.584175
32.841713
26.202988
15.586615
21.909746
39.66229
40.409847
40.505955
38.323627
18.834616
28.14933
21.700739
36.20456
29.703873
17.21043
25.386032
33.43278
27.678139
32.929497
34.529037
32.21611
29.671774
23.703917
22.655361
27.642601
18.741302
26.475376
24.635986
29.858437
20.063002
33.88324
30.288778
20.951468
29.4737
36.376396
40.356834
32.11496
38.681057
28.472395
20.966995
18.472643
15.9468355
40.56553
34.02539
34.06545
31.556482
30.210901
37.17286
39.931793
21.710545
39.649483
39.901634
37.957577
30.608278
33.489456
26.2257
16.22857
36.441017
15.9221
40.900703
19.987078
22.77269
22.625856
29.605366
15.976372
30.357033
28.600054
37.724846
34.95058
25.826004
19.570244
21.417484
29.434277
32.880924
25.319902
34.499912
27.43521
34.627857
30.328722
23.351532
25.745287
26.520868
22.435547
25.517864
16.708958
28.011627
25.894432
37.98325
17.894896
31.451057
39.15518
22.187
28.975956
25.048521
21.975124
24.772997
32.304043
34.766293
35.056767
35.791332
15.160661
29.911833
16.306322
19.611574
16.470558
22.887598
29.021118
16.160742
24.885035
23.068022
16.839092
37.26511
36.573093
18.09537
38.121662
38.85348
29.802784
33.021122
36.59153
26.570555
31.451689
26.666687
27.509897
25.952555
17.95472
17.337055
15.452999
24.733326
33.87893
20.593283
16.835678
34.077534
25.309284
16.174416
25.7302
39.578724
34.535877
29.356781
27.241323
17.713438
37.152344
34.048294
32.724094
27.108625
22.606724
34.73774
27.468657
36.45814
36.49027
22.05369
22.126823
26.215029
15.40631
18.135075
18.118017
35.28996
15.1303835
27.275078
38.527576
24.902042
25.954542
22.372417
35.59831
23.456917
29.602854
36.608704
23.816586
22.86785
27.911757
18.46798
19.807158
28.089298
26.588068
36.724155
26.776222
33.798214
35.789124
24.344473
16.080236
37.137016
27.013569
38.391773
35.648293
37.223114
34.848125
18.955667
18.448805
22.733376
16.4846
27.902489
17.96661
26.28802
21.603207
33.80612
15.744547
38.58679
40.212345
22.806608
30.44386
18.291445
32.3416
30.34068
28.590767
27.502012
19.103899
25.698141
34.201874
31.340263
17.574446
36.18027
35.81899
21.632465
32.178047
40.27122
19.134344
36.9744
24.833279
31.680592
33.350044
20.565178
22.970924
34.37519
33.691036
35.11244
40.72585
20.79022
33.07869
34.83995
26.09558
27.29489
34.872578
40.169735
19.665466
24.684742
23.800829
35.00429
40.619564
16.982742
25.724892
33.700542
35.187824
29.153425
26.722414
20.805647
35.424545
15.469182
18.122314
23.41578
28.269445
27.215033
20.589058
15.62258
32.212074
25.17798
15.128474
16.92795
37.56175
18.939322
37.975433
31.736343
36.319485
29.373053
31.72399
37.074818
34.954853
18.950783
38.773552
32.544514
34.01009
24.463291
23.19006
26.173359
30.38513
24.591211
31.41892
28.318182
21.401646
24.391993
38.936996
39.055588
24.300613
34.21764
34.893703
32.60429
36.697197
25.837448
16.066755
39.237797
16.698305
29.612217
27.045914
28.874674
17.882359
33.45124
37.458557
23.074797
28.14743
24.980574
31.263712
25.523378
16.55307
16.860851
39.66663
33.250683
16.71273
31.515282
32.04386
23.813782
31.037933
15.66307
16.419147
19.457735
23.19184
27.000906
40.493416
15.877143
28.47915
17.134851
28.007431
30.614965
25.580805
26.437262
39.303703
32.364067
30.036144
17.888119
35.354473
33.47793
30.181828
18.157427
37.23565
31.850517
35.875927
37.195107
26.051836
36.991302
23.267273
30.41705
27.655535
28.599894
15.114269
38.2108
22.154016
38.23586
37.714016
27.931557
16.1602
29.782743
36.371742
31.819023
34.01929
40.321323
23.522188
20.33778
28.830828
35.7557
23.108688
20.328762
30.98616
35.07676
23.632393
17.056585
19.154295
25.501165
28.403181
16.747253
32.1744
31.88995
18.955435
15.533087
40.151207
37.829334
32.33605
17.856426
37.199844
38.54745
35.028637
34.330956
40.749664
23.444105
39.647015
23.81925
17.09188
36.42676
17.212812
27.057436
29.943798
33.474445
39.826004
21.542559
36.20281
24.892265
27.84396
39.59562
32.776176
16.572779
22.30371
37.522892
36.398067
34.246452
25.253695
17.620506
22.68313
37.181942
37.905476
34.401947
17.316391
39.08801
25.072563
29.875471
21.242023
18.072294
18.232506
29.95817
26.989008
22.428326
20.730225
15.185643
16.859608
40.750515
33.13454
17.761091
33.60688
31.418
34.566612
39.68481
36.440453
33.84169
34.93803
29.214922
15.725096
20.034868
27.468102
29.232365
34.574547
26.046213
16.593819
33.218002
16.693447
34.58517
25.442793
28.496895
25.283115
40.773067
35.408512
26.164656
19.602272
30.369373
22.048914
16.682943
29.861757
16.051094
28.523458
21.516026
25.532621
18.364227
28.090446
32.377544
18.859907
35.819744
28.805534
18.666416
22.399797
25.272635
22.494034
40.493042
32.735718
21.200933
18.31368
37.33176
32.179348
32.792866
32.781223
20.782808
22.225428
38.853516
15.005354
24.186716
40.804573
16.458698
34.05009
35.906403
21.96627
24.011988
32.846874
16.977009
37.524586
28.902063
37.88035
17.520702
29.411972
36.310936
29.991787
21.833534
33.012035
18.889692
21.075972
29.37363
33.57993
40.996834
18.191267
28.014816
36.00949
19.985432
26.65941
30.876991
20.6691
34.6287
19.100649
18.804377
26.803617
23.189686
22.03144
17.134998
24.087704
40.869255
27.646143
25.789557
24.316145
24.407618
15.710744
39.905056
32.929752
28.468054
19.115772
20.248394
38.10075
16.097645
30.567255
36.467342
21.439516
18.038216
17.138645
39.871082
15.034855
36.951786
31.963345
23.879799
30.502949
26.728296
38.216568
19.542574
26.995455
35.95944
19.716902
26.595013
30.705168
26.39086
20.972116
23.412941
16.30801
15.7061405
31.300377
21.915642
30.99303
19.34932
36.77717
21.981976
34.257473
16.258888
18.189856
38.26488
19.48187
30.364607
18.926018
28.424662
16.450508
27.48954
31.778215
27.748558
31.445477
27.90323
22.017107
36.88405
17.317976
28.187923
17.766424
24.985422
22.028343
28.308296
27.70741
17.958084
38.546738
18.81615
32.447067
18.682178
33.719284
18.975029
35.5036
25.107
22.729834
25.255753
36.79414
34.929844
37.12546
19.132391
39.753986
30.207767
18.024128
31.399162
16.773163
27.697964
26.085894
31.332333
20.505346
22.98223
32.10444
38.937126
40.78573
36.50329
18.66349
33.248245
30.388674
31.52545
36.203255
17.193586
27.662483
37.72943
38.054707
35.884193
24.197922
39.66083
40.525093
32.359646
19.118633
40.5741
23.95585
32.79645
20.325806
17.348587
38.82452
19.978098
15.086068
23.100456
21.425129
35.428955
19.720722
26.874136
16.436972
23.03016
22.83609
38.36915
38.779472
32.164207
24.528847
36.04293
40.551373
34.475945
15.306894
21.127617
38.565216
27.191181
37.085472
38.108356
16.013636
19.600193
20.549791
28.033203
38.1417
35.791813
30.419672
18.659193
22.450123
24.014921
24.708294
38.886623
16.916847
23.147638
17.936295
18.193254
23.000105
19.670444
27.444086
38.8524
35.773766
40.268143
18.439432
25.603745
29.446293
31.726412
23.223953
16.142792
18.72748
37.142353
31.161345
16.30489
21.032507
29.634375
26.381758
36.141758
31.350807
35.71528
37.960964
39.223415
38.75754
34.283478
30.369467
39.44559
25.008465
25.79073
30.356003
29.382437
25.434277
15.560815
32.111366
31.796717
24.438477
19.462112
39.55276
17.304316
28.30314
19.178022
24.875454
40.387245
26.71992
30.172712
24.137644
34.95905
35.488922
32.115673
25.576136
23.508823
30.166092
35.00708
22.594524
38.48475
24.09004
38.537018
26.922237
31.025402
20.182165
37.31504
22.311941
18.406792
24.189348
22.522676
31.324427
35.645397
31.626356
15.26992
17.244255
32.582172
35.575462
18.477785
17.976091
31.469875
23.71373
16.462536
30.890766
33.59565
30.463766
30.563204
39.02175
40.793304
38.00164
15.132508
17.756922
18.834232
22.006083
39.002342
23.227043
40.63342
24.495914
39.138474
30.96162
23.966574
28.878124
31.615147
16.064367
34.966785
27.416822
40.268753
36.154694
33.05384
32.733753
31.430822
31.628239
37.146603
24.663904
27.994015
32.408653
15.018608
31.815136
19.730865
24.29442
19.479336
21.518702
31.263554
29.248716
16.698343
40.507824
24.373941
26.536879
23.436714
17.624477
31.446678
33.48523
15.210072
21.129862
25.754189
37.816658
32.47966
18.781965
16.02082
24.012482
18.852726
26.74397
15.244527
35.956703
21.970747
37.600235
23.107906
29.23806
28.27381
34.28184
27.476479
20.91671
35.15168
33.541714
27.460556
38.306725
22.126892
19.769646
26.308132
33.38206
36.66245
35.400433
18.999676
29.782907
33.946503
27.943798
24.831762
19.080912
29.578615
19.752567
33.505
17.955912
29.467009
21.046041
20.272684
40.2435
18.443415
35.41834
31.560165
23.43183
28.112024
26.086914
33.13092
16.117712
31.271114
30.474314
22.353838
37.176277
34.8809
40.366657
26.41721
26.954987
29.998274
40.85519
29.438507
27.672009
31.358896
19.54265
33.33495
38.380634
39.359455
28.084126
22.04847
21.35543
21.077534
19.032393
22.259623
15.56261
24.663902
38.170673
20.07858
32.99614
26.951773
20.04114
22.36727
25.0928
17.449814
34.215355
15.325343
19.183506
23.020514
18.003225
25.763573
32.99491
32.492725
35.760002
34.091877
34.584366
23.217
21.726143
20.46511
23.77301
28.144583
34.422855
22.75835
23.135908
36.395702
34.02645
21.084354
31.91475
38.480072
19.857538
24.419428
34.83779
19.342237
39.14656
22.56995
21.763401
40.226757
40.57492
29.190287
27.307587
17.992863
28.741474
16.853878
26.17271
33.955597
22.666983
31.282791
29.763556
17.59015
26.724518
36.75702
24.85865
19.508394
37.971718
26.45336
23.598898
17.001368
27.761171
16.004711
37.862133
20.138756
29.718117
27.924103
18.211458
16.926146
30.699999
40.703865
32.03676
30.343111
38.190346
29.378786
27.253016
34.219982
16.72981
40.13317
24.975636
28.85835
25.450125
32.135193
20.962164
27.06018
40.552055
25.197992
23.291372
22.80267
16.656418
26.09543
40.744904
38.18071
37.357544
39.40149
36.66325
17.436138
34.021465
28.57576
18.666954
37.90265
20.896566
33.68354
25.565697
20.517612
33.942226
31.61751
21.021873
21.186686
28.431442
38.97903
37.09209
40.734493
38.34631
26.880611
29.639053
35.4343
32.86058
28.84705
35.787952
20.181957
33.791447
23.721367
19.095655
30.264147
22.803118
15.022587
34.90761
37.36815
24.357546
34.55596
28.496508
24.990238
15.9331875
15.2422695
22.008394
31.72197
32.870438
34.11131
36.98609
30.028458
37.352886
33.195713
37.296394
23.079975
33.496334
35.6648
30.656631
22.957987
23.292988
40.954044
15.637902
38.12897
39.24607
17.874485
31.016354
26.464203
32.930508
38.72715
23.650532
28.280851
28.428234
40.301308
17.682016
29.889608
39.612103
39.301247
21.788134
17.95625
24.590149
34.224865
22.459723
22.619345
35.27248
39.008286
29.833546
26.753574
26.985903
35.854362
28.478106
24.027884
18.336754
17.578796
20.713228
17.47998
15.110366
23.536243
16.537954
27.213423
39.895912
15.729706
18.047886
24.52084
23.338335
35.06008
39.34232
40.246567
21.444403
33.838715
21.353086
25.524267
28.207842
25.66433
28.771189
25.159853
25.96892
21.556774
39.303986
35.877293
21.386677
25.843428
35.86476
35.404686
32.677452
26.71025
23.9782
27.950195
23.86122
20.557892
23.679428
27.002245
40.15764
32.344307
25.49088
37.58562
37.386604
17.948896
29.680466
21.114918
29.253523
31.259094
34.93606
20.80898
39.73732
28.158962
38.83557
28.264828
25.449749
35.890293
30.048376
18.236742
32.797264
17.360252
33.073223
34.926025
39.052265
39.885605
16.499117
21.159164
29.028358
38.59211
39.270023
21.716898
31.954603
32.228676
20.24081
31.774015
24.35676
19.509327
30.43097
40.919353
40.278774
15.262141
18.814287
36.547874
38.01573
19.642773
35.226852
23.551355
16.679888
36.461205
40.032345
34.18154
20.38424
34.273888
37.55272
32.719376
28.603512
16.309446
38.954067
32.156155
34.360355
40.52465
34.271534
22.477293
25.284859
19.12834
28.563839
36.336533
30.308495
25.764553
27.807085
39.91834
30.778852
34.212074
36.06916
38.608353
23.119577
30.936161
22.750208
20.726645
40.810146
31.119236
35.231274
40.025703
30.423168
39.900803
24.142344
24.914927
25.732147
19.472908
37.6427
23.445562
21.490646
20.40597
15.600565
23.974909
32.384106
32.12077
38.365746
30.12578
28.868494
38.776
31.948069
21.167017
20.13536
35.00672
37.84602
33.263138
35.28074
38.927563
31.514242
19.175922
34.905746
33.60564
30.515038
35.94802
34.83962
26.811539
33.76833
31.858486
31.451288
28.2728
38.99599
21.512278
24.103554
29.882887
32.4508
31.310694
38.70421
23.35953
19.326712
40.74684
23.02146
39.699986
32.866444
39.980083
17.45631
15.446653
15.113919
24.96565
24.302475
22.255075
22.503275
38.05032
40.17482
22.547325
35.032803
38.392464
36.250168
35.137344
28.641308
38.824368
25.239729
40.63075
18.586006
25.847097
26.600288
29.130201
33.115265
15.332939
32.391705
28.318409
27.536066
16.207666
23.401112
36.344345
40.89527
17.89469
26.679653
27.104338
26.925379
32.6254
37.47546
23.48812
33.649605
22.854769
26.696949
36.951
30.097767
32.968567
23.50344
21.376812
39.953583
21.228275
25.395456
27.612337
36.635666
28.4721
25.26498
30.282354
40.30859
30.475187
40.26634
30.535566
30.627062
15.069473
33.081215
39.225086
29.635405
31.133322
32.17679
28.693264
27.176159
34.383385
23.993778
35.809063
20.405767
18.53589
36.65166
18.197308
31.571926
37.851818
37.721096
19.702524
36.07638
28.340204
25.889156
24.046251
16.028513
39.966045
17.930683
39.36506
20.989285
27.094109
40.299553
40.857674
25.411644
39.097126
38.866585
18.123034
15.402767
33.566704
16.856073
31.937098
35.86503
22.887478
35.870956
26.194874
40.816807
37.069885
22.046947
22.53498
28.75086
17.684061
36.83886
23.767696
31.257133
39.497326
17.717747
17.643415
20.818478
17.989765
26.14539
30.726934
22.68199
34.307404
36.593025
27.184053
32.01521
28.409534
35.084118
21.14045
39.175613
28.176672
38.766357
19.93881
30.853518
15.067813
19.355965
17.098743
31.092533
35.550415
26.947794
24.074965
33.748478
37.97387
26.647545
31.01281
18.816734
34.816875
16.757875
26.61614
21.239641
36.311546
19.83806
31.971167
30.29976
37.331684
36.85717
32.71081
16.51137
19.130035
27.87379
40.25769
25.041792
37.01909
28.200472
28.049828
28.125704
16.412182
28.849245
18.63175
29.679802
30.77652
38.204678
36.28457
33.381794
35.996944
16.334051
15.472253
40.846806
20.409052
20.11945
27.797249
29.216007
18.332533
30.48462
33.38713
37.466312
17.320368
36.389664
40.67499
28.056732
21.536797
19.979683
39.389843
35.146015
25.686712
33.29877
23.239166
38.547955
17.74142
31.31872
19.244478
17.834768
38.34047
24.682098
31.981604
25.555683
40.19651
32.522392
37.08097
30.406963
34.0899
20.999142
21.259235
32.371258
23.112104
36.77399
33.882034
20.338308
23.70157
34.553947
27.598713
30.525642
34.713192
28.040995
40.943367
37.13712
16.272093
30.152634
23.962574
31.128714
24.484802
29.21581
34.908676
26.695158
18.215694
34.98708
25.828526
36.147663
32.083694
35.814713
19.481096
24.222084
27.594204
30.033907
23.43339
38.538532
17.893272
38.774094
15.41257
21.927603
19.015993
31.75776
23.033298
26.64497
15.698209
28.383064
36.87273
16.11534
24.83047
25.407972
18.531673
32.77825
40.45543
33.89145
34.79888
16.852528
34.844643
15.697694
33.32657
38.392647
22.637936
25.832293
28.328596
17.879572
15.288375
25.154509
40.72895
22.77018
21.128073
34.59788
27.916542
34.923523
16.254816
32.931637
19.803432
32.628864
37.13682
39.308372
36.23706
15.079562
31.342655
35.368767
19.983099
26.568438
32.12562
19.512096
29.47408
24.42454
33.726696
26.091576
36.3099
34.767708
31.207348
22.75657
36.09991
35.52662
21.383348
37.93902
23.652235
36.84753
18.002956
29.569328
20.744514
21.015127
40.697586
31.507442
20.751291
33.313522
35.430393
27.887571
15.256768
25.874603
34.17793
19.60057
23.447643
38.492508
29.402302
39.47576
35.559322
27.627214
40.506042
17.374437
32.939735
15.376856
18.909136
29.370165
31.39859
24.067482
33.647472
38.466343
35.425793
39.290665
38.464176
25.889475
18.591448
40.71347
20.250109
25.896868
39.980686
21.791952
33.387062
31.250494
29.870203
16.638472
33.056923
29.034021
22.01939
22.724827
24.9024
37.328007
20.92739
27.847214
28.559576
34.408585
16.198517
26.835796
36.529976
25.597876
30.76194
39.860733
15.619393
34.66974
37.10753
17.868174
33.743176
18.802422
17.928343
25.673882
20.282341
16.469961
32.6012
19.548742
31.372137
24.377167
22.79029
17.749622
18.514526
22.568363
29.12486
39.380653
35.72823
28.177979
38.380417
33.21409
27.08479
33.941437
36.884014
39.65669
40.926403
21.54771
18.967663
25.91653
29.32095
22.190317
17.209864
40.606922
19.381992
25.261354
19.933884
25.518208
16.966278
35.03363
38.972336
25.094826
34.95848
28.38883
27.061169
32.274242
19.862755
28.174965
29.39215
22.775902
15.742886
26.614412
27.831537
22.672552
27.687656
21.334026
39.103493
30.132929
29.925209
39.051895
25.840494
37.5939
26.470066
18.730576
23.81886
27.301826
16.75863
15.094558
17.926067
19.157095
15.11385
24.810179
23.447657
21.102245
37.076912
17.338953
38.11483
30.913496
29.653658
24.500828
40.020077
24.186924
34.34564
33.121643
40.98653
20.554754
27.470526
37.789536
40.267838
16.723902
27.723825
21.7079
27.558847
32.79797
36.193638
26.907902
21.213364
21.525606
27.112465
30.671434
17.29386
18.612253
16.514801
38.91579
31.618914
40.038918
32.666576
39.50425
22.327765
31.450808
38.6422
36.972107
22.647306
19.110256
19.747316
26.99564
30.525454
21.65253
26.620018
24.0818
31.585716
24.939749
24.79072
37.419434
36.46145
32.677265
21.240429
29.608097
38.984158
27.138556
38.069626
27.068512
35.92882
23.338717
20.774593
29.339077
16.060204
28.303404
39.825356
33.17569
36.0776
28.699114
25.249166
32.397625
35.72151
33.022392
28.745697
17.76
35.784286
26.789679
32.494907
28.783827
15.057686
32.726135
28.265785
19.437483
15.353984
28.820961
26.693953
17.838882
15.653083
33.298313
36.668392
30.73547
33.156757
33.04711
32.652287
32.41957
32.572098
28.85967
23.46025
38.94952
39.29974
34.94814
29.524025
28.072384
29.3685
39.639553
29.000908
25.081984
36.93657
32.894222
18.214018
32.99631
20.970366
26.34902
40.86073
33.90131
32.31574
26.956146
23.185371
25.083424
38.7922
19.96962
28.884584
18.661146
27.169363
15.025928
23.898441
22.826258
26.925793
32.371853
33.43778
28.518282
27.544006
22.911657
25.607851
25.381088
36.76136
21.677444
25.810804
39.18851
23.675053
29.570673
17.74411
15.576145
27.890558
36.779415
20.259466
33.87948
32.00623
19.145092
16.606384
38.153843
19.64291
21.93409
39.65694
38.039555
36.955845
33.963768
31.592995
34.036076
18.107235
16.839031
37.23435
25.961815
40.53128
31.174753
34.696194
27.901659
33.989597
38.111027
39.386368
39.782196
18.393322
28.172304
19.487774
24.864948
19.159397
26.578152
27.018507
35.91087
29.47186
40.482517
34.322113
18.544733
24.235111
17.299974
15.412533
20.435904
30.734583
24.271633
28.983162
25.312443
28.061277
19.729982
19.086666
27.538284
21.210146
16.141096
36.50197
40.00874
40.42828
37.934288
36.627094
21.457348
27.867453
19.373407
22.37132
22.917566
19.88649
17.280651
40.96735
17.045689
24.45255
24.292856
39.884003
34.286674
39.00633
30.511929
19.09213
18.452614
36.884754
36.905178
36.82132
15.183766
17.935816
34.617958
33.64212
31.975197
19.313519
22.480202
17.218369
19.97723
17.60718
18.419989
25.396387
25.615993
27.437643
15.241561
20.43267
22.2306
36.444054
15.281683
18.108871
26.386486
26.188381
27.827518
36.242702
34.29976
28.920856
33.860775
15.675611
32.89532
27.37799
24.686972
33.202908
39.421967
38.825924
18.315443
32.109177
25.260406
37.4153
22.074694
23.981728
21.585781
34.579906
33.87945
25.29694
22.883892
29.689857
19.8099
19.909245
20.970911
28.461052
22.220135
32.019714
17.129177
32.72623
22.462166
19.460958
19.24708
28.08891
37.493267
28.207342
28.438913
15.710001
24.128775
25.9043
37.52098
25.017998
34.50892
32.907757
23.933136
39.48701
19.467577
17.834429
30.220325
23.79305
28.922314
18.946138
36.02655
29.637466
32.149376
36.82586
22.704144
17.317352
25.863781
31.750687
23.104052
16.726427
28.393959
16.926512
36.888287
28.885748
29.921867
40.32157
33.79352
31.332226
31.753801
27.220724
31.675285
35.733902
39.893642
38.819637
20.874998
17.954433
33.809498
19.18779
39.47759
37.455334
16.216291
39.751442
35.365242
34.40289
29.941023
23.08261
36.62324
19.137846
23.494043
22.22714
29.816793
21.76937
21.838846
28.064981
27.933062
33.570827
29.034492
35.26782
40.370556
22.583473
16.918976
35.30412
26.258415
35.375095
40.80839
38.63885
15.601
15.25426
35.30601
25.78495
30.268604
16.406736
26.746952
32.185783
22.693012
21.399231
37.54823
33.042763
32.276955
36.286602
25.790756
17.149366
33.98949
31.162188
30.728807
23.552753
16.394663
34.40694
35.604298
15.436272
37.44871
26.121553
19.137213
22.001053
17.801474
18.266787
22.370247
15.322057
25.050566
21.890715
18.164852
15.16377
34.42223
33.48764
40.577477
30.562948
17.690704
33.011925
18.589
32.62065
30.798365
29.361002
15.216937
24.392996
31.601654
25.24537
28.90914
29.029879
20.443426
26.27935
19.299435
28.383167
27.839981
30.854935
17.899672
31.190596
37.471645
35.902073
40.109356
38.63894
22.878553
36.99221
28.043182
31.619713
22.788654
23.407976
28.108423
32.312973
24.842976
17.780373
35.008217
26.869564
20.633394
25.685886
40.903545
37.909374
38.43124
19.199417
18.835703
33.31296
21.760286
25.814936
15.192812
17.356186
24.055681
30.374365
16.998028
23.622223
18.050722
22.686068
32.103687
26.322607
15.246263
31.367985
39.994884
19.668741
33.842937
39.11636
23.8375
33.75753
32.8543
16.079586
22.649914
38.06963
35.76933
26.307688
34.03426
36.125957
39.095657
29.351461
16.772203
33.10804
19.390291
19.001335
18.77187
16.319845
24.972462
29.884527
31.346731
40.253696
31.413609
18.18006
27.613808
31.719969
19.112461
21.064741
24.917803
28.010202
22.788496
20.669233
24.61932
20.385332
20.565004
40.30183
15.32953
38.315716
32.463326
23.488577
19.730227
38.846714
20.592777
19.981932
18.487446
32.223495
38.096115
19.30608
17.448343
39.480892
24.99832
33.635674
28.305285
34.088955
38.506844
31.845636
24.217644
17.942139
21.024391
17.423283
22.501019
29.989725
29.16064
38.600006
24.425179
15.627503
21.367262
39.538254
37.40619
18.605312
32.47093
24.700602
23.43484
40.652493
38.341965
38.631176
23.452608
21.282928
39.21158
28.29574
28.568024
29.313683
29.738615
38.85527
31.5005
20.516022
35.82711
18.28884
27.445248
28.514812
20.40879
35.635166
38.672123
36.562107
38.93008
23.78819
29.602806
32.132984
38.121124
26.76054
28.854956
38.426434
38.774597
31.119823
35.798504
28.801443
28.725088
19.90611
39.5385
15.938053
19.995157
28.755062
39.92053
19.085583
26.16209
36.179626
23.14876
26.144867
26.399763
15.0042925
18.913563
26.528671
27.362904
31.799334
27.544466
33.754204
35.10644
23.828554
28.636148
29.543913
16.57053
30.502548
36.839108
21.845495
35.812202
22.62047
36.06339
33.629375
18.127527
37.786865
16.212841
23.58159
15.48351
36.306114
34.74906
15.882359
37.266888
16.585552
34.8783
18.14532
23.257328
26.619352
34.96119
26.289764
40.945503
28.478748
35.864437
30.627823
28.841785
23.90025
20.405117
34.771027
33.25932
27.041946
23.782396
28.09521
22.205555
27.26906
21.948215
29.450169
26.479195
18.433403
18.237503
16.560156
28.84498
27.527418
23.260195
20.13356
27.246552
36.821987
37.051453
22.084959
33.41803
19.638243
17.783146
23.469902
33.967903
38.75705
15.958726
35.74261
19.034122
34.13596
22.945368
34.76904
21.94726
35.081852
19.941309
34.66248
23.988924
15.318557
20.033003
23.956165
29.295555
31.49219
15.865804
15.887152
20.233122
30.573101
28.633606
25.63792
21.156065
31.341646
16.586935
38.266987
22.364302
27.686197
37.065647
35.757042
22.284966
22.795177
35.181583
40.118946
36.430927
27.491032
36.708057
31.812048
26.526045
34.932487
22.477346
38.87629
36.33754
33.7025
24.643843
24.118544
30.218636
15.902813
19.53975
25.455656
32.14021
40.292027
27.531872
26.088737
23.077845
20.732655
35.282093
16.56813
15.021305
29.253601
24.120857
20.005695
36.586136
32.88803
23.86209
32.70083
38.23265
40.112633
40.319614
27.268906
18.435322
24.192797
31.029278
35.99559
23.796118
35.029156
21.23766
34.587727
36.058044
32.20463
39.08731
24.751316
35.25075
17.846941
27.110214
28.099272
18.787773
40.650196
34.63518
19.77654
21.235443
39.94013
32.521656
29.887293
22.68644
27.02109
23.751429
22.318775
17.196241
18.20888
18.841501
37.878624
32.57871
27.932106
37.78541
29.797194
31.007376
25.075645
16.28699
36.593765
38.331978
27.343412
23.419699
20.065233
40.795017
26.833612
18.526281
18.728136
36.9212
25.248146
37.16763
29.429668
19.752874
29.19889
37.236412
16.040594
34.31751
26.927069
26.97014
40.152702
39.238667
35.417973
24.52999
40.52576
23.739796
37.371758
24.055855
23.663664
39.940548
34.782093
21.664724
25.346725
27.308256
21.977976
40.7286
24.206863
37.402542
37.89997
40.949898
17.50468
34.638973
35.11072
16.2463
18.152163
26.698032
25.58056
26.263748
22.722075
16.418589
22.642553
29.45539
18.69482
27.54041
22.677355
36.0959
27.515812
15.49818
33.066746
15.344791
18.171207
15.619896
20.745771
19.5289
27.937082
38.545315
18.286835
23.183477
16.716898
38.455643
25.865246
18.072844
30.95439
23.793434
23.68411
32.40575
28.493753
40.55214
20.477537
20.767296
26.956312
36.927567
39.564644
38.908245
15.212526
21.149
24.592833
32.464413
16.350597
21.64547
40.587368
38.922733
15.177561
36.353226
32.21523
37.707443
23.736116
23.933237
18.27483
38.128815
40.580162
31.942942
21.339117
17.118612
39.62427
21.594458
26.20812
38.17052
24.26716
19.631716
34.36806
23.710472
18.186378
31.071976
30.007584
37.240925
25.71129
24.08253
20.307735
21.034779
40.003654
26.101297
36.70085
35.898796
28.409883
40.460415
20.584442
23.582949
27.296293
15.234759
22.579779
19.781382
19.43849
40.812874
38.84084
20.352175
17.60824
33.77545
17.147818
27.377367
34.38596
22.067114
33.56038
26.991241
32.424232
20.160013
31.259418
27.524069
39.39755
16.933157
36.87204
20.44013
39.695637
21.329348
18.053009
39.792957
22.55265
21.501904
19.386953
36.477444
21.751661
34.126297
35.77911
27.427515
23.303644
33.827206
37.418404
15.089755
36.572525
18.259367
34.125164
34.997555
17.20249
40.28101
35.43686
25.076881
36.90111
24.87156
18.138624
35.43402
21.641596
26.970636
35.111523
23.80722
24.169683
27.253359
24.349867
23.60833
40.83554
22.007238
18.790003
30.53715
28.718239
34.73895
26.196507
16.120365
20.770176
24.914555
17.767654
38.208584
38.281044
37.324738
22.350668
39.45911
17.345743
23.96694
38.19816
35.13875
29.217916
37.049194
22.050753
39.20006
33.440475
22.745823
35.996895
20.516203
27.466837
38.673145
38.039314
39.403423
27.121323
29.703571
28.588688
34.117245
28.69441
34.699528
22.208548
29.877178
27.728336
23.023895
21.85145
19.156677
29.620794
26.27167
23.555006
27.469093
17.059248
39.567802
35.107338
19.68704
38.99561
23.989202
22.545067
36.051712
19.38086
23.194197
19.512941
24.46039
21.20141
31.180618
20.492737
26.364408
18.49376
36.24418
17.70008
23.666643
17.961311
18.671553
33.051342
37.376553
28.576954
40.478085
35.01879
19.462584
24.12726
36.58787
33.420685
39.335854
28.038965
20.254374
35.234024
23.705568
32.025593
17.232607
27.37119
37.165966
18.10196
31.239368
38.027664
30.806019
15.336394
25.57579
32.686665
15.377385
32.34548
24.436972
16.157389
38.112743
19.983221
30.39629
28.127184
34.1557
33.936337
29.827375
24.623968
36.74517
16.009785
17.614672
21.513666
38.7913
33.77117
16.403837
38.69854
32.28652
28.920124
25.856167
29.035734
17.114578
15.258401
25.896605
24.161427
31.25202
35.45884
28.782799
24.384409
28.100645
37.965897
39.973026
15.604083
39.74621
25.307951
37.233753
26.811176
21.307726
40.86115
35.202927
37.1457
23.223375
38.676968
20.713022
35.715015
23.313183
16.370367
36.578285
18.416037
16.76522
22.262672
34.2634
19.85896
25.811314
36.983116
38.87634
21.156084
35.789783
28.55524
33.26592
19.817701
34.53694
38.629055
35.655087
32.288044
15.605722
15.967242
35.203724
38.75788
16.678883
25.55332
38.17032
15.806268
40.72598
21.762062
19.929522
27.152546
36.947327
15.917144
25.003239
38.34066
39.354904
30.258337
32.47561
39.53139
20.959229
15.850245
29.687689
29.744139
22.962917
35.28695
22.945583
23.868334
21.105757
30.181568
34.126076
20.555702
33.36276
22.377146
30.526768
36.70796
20.565842
20.574919
18.083084
40.69067
32.201363
18.648352
25.162434
19.632444
33.62992
40.296093
27.546167
40.20966
26.281473
26.884226
26.922874
21.170485
18.997923
27.338013
27.241966
17.517864
26.627024
30.76554
37.614388
38.749805
39.215553
18.130476
37.097633
26.846174
17.706345
30.738422
27.665243
39.794807
39.912952
16.561049
18.936203
29.36575
15.7272835
24.494553
19.8277
25.570923
33.009785
33.533684
26.194998
26.787558
15.418278
34.53985
31.73509
33.877243
18.550817
38.791626
17.956203
38.79846
21.209457
31.828215
35.853115
35.188957
26.33606
15.231157
19.07861
38.18541
27.227835
26.936928
23.86433
21.351204
15.009515
26.432745
40.71963
15.999343
25.020638
34.760204
35.02495
20.425865
22.770617
32.636166
40.036633
17.610268
20.420862
15.197506
40.53297
37.792873
34.372406
28.886166
22.356659
23.005178
21.469091
28.81319
24.44675
34.107616
23.570522
19.575203
31.603588
19.180328
17.805662
20.944008
36.193035
31.215948
38.687042
26.109856
15.27181
20.979414
30.447222
32.231045
22.203524
27.628452
23.453278
18.927452
24.735466
37.229244
31.361744
28.052683
30.719069
35.655426
33.79554
35.589474
22.182337
37.524483
32.75609
27.83509
38.3005
38.80423
35.727978
25.178318
27.961403
33.512962
28.490118
25.716885
31.085205
38.540493
36.01653
31.723942
22.633186
31.0332
22.531498
32.54443
18.32849
28.01481
29.778044
35.88701
38.511906
31.955635
21.865175
29.674437
26.268787
22.856428
35.67867
28.62505
23.988506
37.079178
33.771656
21.560333
22.85579
25.635519
27.895512
39.068207
32.423656
33.934593
35.888107
16.599047
16.380556
15.095601
22.505709
27.331158
19.899729
37.846348
23.96637
32.21469
31.54665
31.757658
36.46688
27.487755
24.620872
27.104395
40.74191
18.655787
37.0214
21.997526
33.853127
22.43493
25.25021
35.597538
17.827826
18.482521
35.006306
19.198103
32.510532
26.872465
29.973227
22.7599
23.047922
27.220642
35.865677
25.077969
30.79633
29.125153
18.576433
31.182066
30.122932
15.158548
37.35257
26.797935
18.565706
21.03394
16.330334
30.738451
24.123964
30.764112
30.47107
19.94713
31.070396
39.642593
38.965782
24.582472
40.60721
26.697836
34.51399
18.010155
28.933035
20.906475
18.532793
36.861088
28.844
17.898876
40.315044
35.416878
17.861416
26.14995
34.430855
24.500246
34.060253
17.720493
33.254574
37.776447
22.266653
30.49904
36.399807
21.912832
30.09939
36.59153
40.057846
15.397055
27.449358
29.015839
20.760368
27.980652
40.422764
18.18043
19.925064
30.693027
37.517857
26.761288
15.693344
35.16204
21.861692
36.538383
25.032053
18.580835
38.70253
31.51285
17.846605
35.076614
32.035126
18.198183
21.940784
35.465515
28.230335
18.363655
29.058882
23.41881
37.847034
27.705301
19.95871
20.919155
15.423574
23.92968
36.489437
33.55165
28.977564
29.557808
40.986046
40.652912
38.18696
40.391518
19.942696
26.632454
40.782036
22.03164
17.890013
35.884205
36.547047
36.097305
24.676888
18.621881
35.511845
40.867825
26.94512
34.700603
29.408121
19.953392
32.48573
25.028042
39.27131
31.298208
18.378563
19.521973
33.188545
21.32924
20.342293
34.73709
28.624561
35.38623
35.559765
29.262459
25.501675
19.703232
30.39401
22.781984
29.26651
30.159332
21.873175
15.293861
29.545406
20.775833
29.597992
18.400864
37.671963
32.50957
36.81332
16.811964
37.364388
40.276756
19.785631
17.23671
33.136955
27.33895
19.341255
31.707369
16.648973
23.192644
33.445602
27.029774
16.126354
35.92609
37.041374
31.542433
18.234995
18.64185
21.014305
22.654377
15.3418045
23.990772
16.117743
29.735819
17.968397
27.122879
31.962831
34.85164
38.42406
31.43291
33.76896
40.55628
17.098797
35.36304
32.469475
31.509666
25.703804
28.222532
24.980604
33.027172
21.86604
32.493893
34.966892
36.84283
28.914951
21.417316
24.274364
16.343348
23.443819
15.78002
25.352976
30.321619
37.284588
34.784264
15.452895
35.901882
27.904404
26.627733
38.15444
31.704672
23.913519
31.00206
28.879456
21.548306
36.36855
30.100227
34.432285
31.024563
37.86155
34.920666
40.331398
34.13982
38.004654
29.665775
23.71809
26.87886
17.851538
20.85476
37.96659
33.027107
33.04122
35.405518
19.770304
26.87807
24.006273
17.387514
32.441795
35.556274
31.456682
30.4074
24.4395
26.60198
30.53227
31.661345
25.722094
38.19251
31.510664
34.57286
32.431732
15.916004
40.764515
25.632145
38.620426
37.366993
40.78074
33.562744
30.259012
15.999069
18.486238
27.263577
17.606276
26.64865
26.868723
15.109132
21.165981
26.93461
19.937777
24.138002
19.922602
35.342293
29.440626
23.419508
36.321854
32.216248
33.428574
21.460606
16.550041
20.114704
21.764233
18.899948
21.066658
31.019682
27.966406
28.933243
37.05748
25.750252
26.40847
38.92382
37.5009
23.59241
16.81789
33.47463
34.878033
23.63758
34.26856
17.872568
35.20762
37.612778
26.414293
21.263395
28.0495
39.088936
36.581028
35.175182
34.39601
29.869978
23.516777
15.080575
36.958363
15.093699
18.092691
24.572857
38.255573
24.116514
16.055094
21.428104
23.126385
36.607697
26.047573
38.33546
37.80992
20.444723
29.553799
22.399874
39.57888
37.97982
20.155926
34.656322
37.059265
24.038908
31.560055
23.781916
29.833702
20.617552
21.209347
34.951946
32.700684
27.654638
38.98709
21.358276
19.05003
20.492939
16.506079
22.293192
19.215193
22.67679
25.787367
39.899136
17.375996
33.59059
22.750563
24.694475
18.610699
16.107883
34.86951
15.807748
28.034248
35.899246
37.591278
27.48758
36.60992
37.338276
20.6731
28.902748
39.184467
33.04848
33.460976
15.506613
35.572285
21.049791
21.315342
17.31241
15.101943
29.192139
23.883316
36.31069
20.938932
31.10431
17.723701
39.957394
38.711235
19.240004
30.91002
26.1709
32.48982
22.76893
39.668575
25.598564
36.01401
37.039318
22.852568
31.048105
20.202053
37.129242
19.110039
33.926422
27.450127
38.607685
27.972504
31.288166
32.99845
38.04224
15.772744
32.66875
37.73095
30.018925
38.294456
15.261119
37.175438
38.48052
16.363031
21.192982
24.184086
24.043455
26.205862
17.670895
39.799347
25.619219
23.342318
37.5799
34.148495
40.144745
39.007515
26.762138
28.860119
32.51738
37.67082
34.645203
28.459082
30.933401
31.078985
35.15066
28.471552
34.745174
40.435665
32.885525
36.55985
40.680485
35.822964
21.504154
27.907106
32.80866
32.777504
28.825426
15.284628
23.991558
38.052597
20.799631
17.760344
37.72355
18.029589
27.741985
37.84448
33.2431
31.985886
31.384268
35.01907
21.589626
24.48348
30.243486
16.060835
33.88278
28.5112
33.566113
21.342218
31.517296
39.695393
16.678814
37.383423
17.195194
15.887962
36.96128
33.328575
21.757902
19.747261
31.854084
38.73204
20.634651
40.546593
28.324186
24.066381
31.389318
39.376553
37.0331
15.701237
36.326477
35.151745
36.08735
33.752872
15.408424
31.388945
34.69819
22.166996
28.838507
15.592926
40.33738
21.672844
21.581978
26.2679
16.047945
27.834436
29.824272
27.066525
35.453686
34.325268
33.907494
15.395185
15.708525
19.76562
23.639448
31.913351
39.136425
32.987057
32.035656
23.796427
18.634962
38.426537
20.533123
16.375729
30.050362
36.50303
16.505856
22.82576
16.679125
27.292305
18.515478
27.938202
36.81106
19.591112
16.146389
21.703602
24.800869
31.549658
29.503412
17.415916
35.54013
27.451889
22.490887
33.32168
29.398922
39.9358
39.845673
16.454763
21.715908
37.97151
36.562557
32.229275
29.73811
18.252663
15.829085
17.607306
30.546331
19.307081
29.877789
29.214872
27.949425
39.595642
19.267412
22.648588
16.590393
39.1435
18.020645
29.397139
37.579563
32.835884
36.774418
29.295876
29.854862
28.410954
35.639896
37.239426
31.166447
29.395163
16.8227
18.99638
40.09276
30.751951
16.220045
18.401752
39.817303
26.852419
17.189848
40.947044
15.5302
33.527138
28.47801
20.844395
26.265898
24.421045
33.893505
26.01044
36.74812
16.648813
27.736948
40.097126
17.385422
37.83595
25.216864
36.690872
24.945496
30.031292
29.128822
26.10816
26.63365
37.689457
26.9262
27.834677
22.310577
38.947144
29.977282
19.586874
31.406914
21.755163
27.281971
19.218878
18.726727
37.078384
29.212378
22.25437
16.77944
22.338726
30.945055
27.692173
15.539408
23.551672
30.168718
17.915926
25.604633
38.194725
19.37971
23.032372
35.610905
18.74657
23.61861
21.769424
31.454865
17.048609
15.854777
22.184319
29.38931
40.165955
32.391735
15.863792
29.376305
21.262808
27.644735
27.042377
23.218369
18.1576
19.432947
25.121536
17.935415
39.686085
34.53213
37.441517
30.61472
27.776058
39.649746
22.839415
20.53359
33.225174
17.212963
39.521107
33.739113
23.57381
34.40097
37.081345
40.466587
28.177748
25.706608
32.125427
36.788162
38.610847
25.978302
29.877552
32.70524
25.865845
34.37178
30.405003
17.533188
21.47167
19.932129
37.644093
33.874054
23.608728
38.63018
18.282797
25.73271
25.578806
21.593328
27.736746
26.404266
32.574318
22.99931
35.94934
33.645176
15.591895
33.642536
24.553383
29.337877
36.54821
34.536083
23.050842
34.368465
18.181417
38.07846
25.098854
30.759247
24.159353
30.292747
32.734383
32.23272
24.96611
24.436811
36.426468
33.330833
25.60148
31.886696
34.21419
17.97312
23.903135
28.611406
27.87012
22.909609
39.3893
34.785755
36.023125
27.909096
21.920092
23.128994
39.481125
40.720737
27.188562
36.410454
20.613394
28.856586
32.07789
26.2294
18.583832
26.06504
31.259024
33.654915
19.470572
26.999886
31.053568
23.602514
28.86408
39.03688
33.5494
28.927845
40.404995
25.449665
29.232159
31.133707
26.904537
23.228935
39.983364
38.31526
33.184586
33.713684
38.196568
35.50923
19.581017
16.900509
21.975616
23.966461
34.173164
26.806808
38.904633
24.033176
18.233809
37.58589
29.717167
17.304846
39.138317
18.22687
34.342354
35.507526
18.02811
15.619356
18.268806
30.165108
17.89289
27.522919
16.942394
40.52689
29.417583
28.553314
26.001886
33.458397
22.934164
15.682462
25.5569
38.039467
39.125156
28.946264
25.42544
29.466986
38.74475
24.064224
31.273699
33.525833
18.555065
32.49702
20.938732
16.370024
30.919327
31.10301
21.864946
38.647038
26.050257
24.001842
38.548275
40.101925
36.78121
35.513214
37.15729
30.713675
39.90918
15.11097
23.088394
15.144977
15.652897
23.217564
18.112598
24.82741
23.576046
18.361198
28.984379
16.357689
15.444537
27.727633
40.908314
28.04656
28.918604
20.460997
31.09732
34.440495
22.724533
32.2027
31.806513
15.427298
20.007513
18.304739
40.68967
40.140335
39.93621
39.913532
15.100738
22.292004
16.311352
31.692657
22.050571
38.79569
29.92468
22.337612
28.929617
37.576374
16.721357
39.233017
21.820066
37.323643
24.437958
32.61241
20.2464
39.606823
30.31992
24.40311
19.551208
34.250507
23.766363
24.573265
36.73342
28.159735
26.306925
39.24565
28.549152
19.887608
23.184315
16.102385
25.950575
17.154154
37.998
17.677065
20.526281
32.253754
40.358536
20.01561
40.50687
36.82944
38.3087
38.88432
34.112446
34.845985
24.386759
30.213432
16.544107
18.759506
16.638756
31.78679
27.759352
38.860157
27.630995
19.322863
15.321762
15.555116
17.570362
24.039782
32.078197
40.962902
40.009407
40.556713
30.192123
17.605902
38.29466
17.556198
19.149584
30.216545
35.910866
39.01684
27.754745
39.713596
26.180395
35.023006
30.844778
38.25855
36.39627
24.167933
40.479298
38.96806
16.398884
30.388973
22.697409
31.33702
21.850632
39.70837
30.585854
37.717674
40.01928
38.80032
30.36461
21.303892
30.750078
23.564775
31.471684
25.985655
37.48827
37.960773
24.21674
25.167253
32.707737
21.23675
39.473625
30.183859
18.908224
39.392654
20.094667
29.304504
28.462662
26.218412
19.255093
39.47563
17.027853
24.5755
32.773754
16.937801
29.975763
27.723276
28.60677
33.63925
35.359478
23.438833
37.173542
19.97341
22.2969
20.439041
32.950066
24.783585
18.33694
15.18561
30.85224
32.80651
15.367135
23.538837
26.332401
31.767433
32.928204
39.922924
37.825066
22.193012
40.420227
32.675526
16.20337
16.674208
25.616768
32.07651
30.245497
39.789967
30.147432
17.185566
33.76084
27.19345
33.16589
37.06566
36.988503
34.46609
22.289694
29.22907
26.156094
15.260784
16.079712
23.215012
38.674812
33.984028
40.821224
30.092552
39.34698
30.807846
24.175358
15.379922
35.175293
20.155846
29.388622
33.38097
40.88828
39.973766
32.180054
35.26183
28.13449
24.073391
36.169502
27.32562
38.448193
27.629759
37.767315
15.890289
31.552378
38.515015
23.814781
28.934422
38.34013
36.568394
32.946323
20.24817
21.96344
27.13025
36.63863
31.211178
18.85882
36.209084
38.21847
34.51663
32.25206
30.504044
33.720158
27.170383
21.709774
40.1714
31.415209
16.91636
27.643349
37.702
29.080917
40.874104
29.321232
40.5677
25.631216
31.621773
40.90845
26.398335
16.60227
24.217527
30.32759
35.36675
37.16699
17.72455
36.323383
35.187992
21.846691
30.689728
32.013424
15.679746
28.894863
23.723255
18.420471
34.184544
31.447052
17.836222
19.007109
20.320467
24.962587
28.515474
24.071474
16.505396
25.227978
40.64985
20.013187
33.490974
27.24846
36.369095
32.94141
37.745934
30.723303
18.616594
34.87245
27.944515
20.482141
21.849276
19.852177
15.044068
22.253727
33.642834
22.738861
20.477161
21.445148
35.177658
15.095049
39.836826
39.228695
16.590656
28.66236
39.09973
30.165155
31.000397
19.231056
40.910522
20.836596
26.647757
38.36661
37.74159
33.5181
30.041573
15.418361
32.84606
30.787333
20.258486
15.510768
34.83784
36.152218
33.618526
16.80567
33.460945
18.271307
40.842632
36.2243
30.651558
22.148006
27.495712
15.030748
40.349564
35.79891
25.028473
26.203947
18.682507
17.328259
28.053608
40.363094
21.123283
21.084562
39.62668
16.1619
23.014011
38.632133
26.249243
30.529858
34.451958
24.639383
28.071625
17.914202
21.949482
35.46741
29.344925
17.764023
33.50838
29.236519
23.556664
33.898495
40.79018
38.45494
16.881718
32.113968
27.917244
21.913239
24.589945
17.410145
27.105783
35.479385
23.874226
35.553417
38.810196
23.673822
35.19731
23.34581
38.349308
37.460266
24.703257
25.930906
16.088526
22.557318
24.498867
15.743521
30.167955
22.75745
25.682932
40.297733
23.49506
22.234224
34.885757
26.90833
22.26144
27.62506
26.778776
27.65357
15.596823
34.79619
24.523743
17.412598
21.139381
32.62794
39.453396
35.648697
19.280024
34.90273
24.41009
40.75997
21.629274
29.434689
16.116272
18.281979
30.858936
28.949102
26.71041
23.002123
25.486671
34.901352
21.15423
34.133644
38.400238
35.419334
15.601926
34.097313
21.959063
33.859818
18.019188
25.171898
39.36436
39.0885
38.349808
36.299835
37.65509
20.524996
31.34969
36.672447
34.165424
40.23831
38.84307
25.369404
31.57059
28.934828
19.60283
29.290035
34.751297
40.550076
40.316666
30.88955
15.623077
23.337196
22.173124
26.820967
29.805382
21.839067
22.486244
20.484104
33.54621
19.937807
33.474846
23.695784
36.67167
32.294422
40.82225
19.220793
27.495804
37.923077
24.964487
18.74108
38.604584
33.38855
24.189835
33.99103
18.218946
30.172117
22.57977
28.24954
28.445274
25.12021
19.581171
29.155005
17.137802
28.571884
23.571917
15.897289
22.325811
37.755226
21.16676
24.241026
31.199642
17.349503
37.207623
21.547575
17.502937
26.728966
35.39225
26.988317
33.844666
16.335903
20.31737
23.479872
30.922867
25.874626
26.34736
15.522207
15.943194
30.574772
31.166594
37.083473
23.618752
36.641376
16.133461
33.950863
29.05379
23.190907
21.626316
23.5546
16.542337
21.466446
23.456367
30.172579
35.85384
22.932041
20.119757
20.636137
33.93139
37.965183
24.170923
33.182693
39.094204
16.298182
34.321514
29.939018
36.81444
37.103203
20.00393
25.66921
30.92949
34.67254
23.085875
33.884346
15.754453
25.01462
22.181965
18.186197
38.975445
21.368114
33.580814
27.805296
28.432903
20.630476
23.190704
31.693962
31.945154
32.00398
34.104248
37.247883
26.175913
27.781422
36.39224
39.75515
26.215487
28.125347
19.559076
19.009626
22.023933
38.938683
29.727013
32.17578
39.175415
38.481476
37.06364
18.955217
15.44659
16.257406
28.226906
30.380278
35.707767
38.875477
19.674088
30.148201
31.304226
36.086437
16.566046
21.309578
20.655954
26.000061
24.695251
15.337772
39.157707
35.608593
33.37589
17.131392
20.627241
39.173344
23.556595
18.33974
19.528063
36.77547
23.551157
38.55163
16.98415
20.388712
34.729767
35.350716
34.207508
39.20091
35.273174
34.0161
28.375507
33.592854
19.664371
25.734587
34.22344
28.177094
28.977188
39.591564
27.658749
18.605988
34.21846
32.32035
29.556923
30.47744
27.990192
32.815086
34.56501
29.598385
16.560362
23.750357
29.217283
27.110249
21.065882
32.300934
29.95858
16.537207
29.018368
39.91804
24.774319
32.68726
21.543238
39.393906
20.042284
34.517754
35.85487
32.034176
36.949726
33.571106
18.355343
22.658293
39.360344
30.393179
21.441505
17.360735
17.369293
29.465801
28.614979
22.491411
17.950283
26.616722
37.811832
31.15144
28.077423
39.614235
26.003567
17.65089
16.495459
20.710524
37.06818
40.837997
35.915543
19.266819
19.690012
33.98468
39.829746
17.275105
26.619139
20.001171
17.365967
28.585316
19.00603
20.152897
23.645973
17.953535
25.724335
22.165659
35.962788
40.64588
15.604483
35.63055
23.759647
35.2644
36.32301
22.957928
38.871326
29.705446
17.32734
28.780205
19.779541
20.7176
39.622967
33.665993
35.737755
25.395447
18.50977
23.28368
25.536701
20.127022
36.426464
33.740265
29.410383
33.00699
31.946959
29.721785
35.12345
17.53421
25.669613
30.27447
36.634243
38.531506
28.25023
19.59121
15.893923
27.657045
30.151823
39.005768
23.320498
37.620975
24.818975
19.54761
36.277725
15.277501
24.931894
21.873066
27.492224
34.13176
27.155016
26.163946
24.758263
32.482567
20.36728
30.67265
21.508167
38.416103
25.745937
19.993145
40.86729
35.17238
38.273113
32.850147
33.666016
24.025398
24.243937
26.224144
21.547297
16.7496
38.17754
19.96791
15.786731
15.98925
29.166775
19.720388
26.733192
37.40419
39.14993
17.886894
15.881541
22.334402
15.847394
24.729824
38.504982
19.907522
39.178524
40.202045
25.503132
21.007599
21.858742
38.05548
38.662876
21.329985
16.574095
32.970318
21.882607
38.86644
31.640385
34.97567
30.076473
32.596115
18.376137
21.27034
29.453762
27.902288
24.553465
37.702885
37.659546
28.2913
35.23823
24.632814
31.86628
30.359306
19.090559
24.670471
27.322
33.634144
18.769068
16.880707
40.089344
38.91365
30.46702
37.436108
25.75057
34.028534
39.80571
30.418285
30.70731
30.576935
21.320333
16.491163
28.369812
27.109503
20.595705
17.508087
21.008904
35.487984
35.744087
21.765017
17.334955
29.696888
40.364544
23.574839
33.97162
30.256966
37.383083
18.113377
27.90818
40.570934
36.24507
38.075436
24.742775
24.02593
18.816175
24.57968
26.06988
18.483839
16.04539
38.974026
28.718857
35.909878
19.95339
28.718603
16.716465
19.321304
33.831833
25.361238
17.824692
32.98236
37.673885
35.7708
28.296293
18.82821
17.803576
21.256664
24.094002
34.469692
23.43134
30.97788
16.23525
19.81242
40.435394
40.13361
30.152927
22.317875
16.053267
29.826702
20.003582
35.240788
15.365222
32.20521
16.708052
32.796223
21.46091
33.51207
31.175524
39.141457
22.003
25.010958
17.640512
30.301832
37.5362
25.406864
24.333282
35.726486
21.337399
24.3427
39.807755
29.028894
30.86239
20.828682
37.166946
39.64889
20.916977
29.049189
23.154491
24.666952
16.564888
32.892048
36.621876
26.808115
37.48236
25.758232
23.234415
32.792137
34.97889
31.735262
16.445152
25.618053
18.225964
18.0555
24.744263
17.115482
33.370358
32.910954
23.982628
31.15166
18.155842
21.159061
23.17175
17.252325
31.436886
15.229357
28.578148
29.07619
27.540245
37.628723
30.158972
38.17692
19.815065
24.843466
18.42651
32.793167
19.909407
36.1492
28.682821
24.026283
35.320854
22.865017
17.231733
17.697124
17.59115
39.926228
40.653973
37.41732
31.149553
28.300453
30.522163
32.967167
30.256876
21.734617
34.036022
17.941364
24.761946
22.595882
15.974024
23.805464
40.454483
37.15739
27.086338
34.000114
24.68315
24.580114
30.594936
21.536669
34.604797
20.05498
25.820139
24.647072
23.940742
23.094822
38.119003
39.48238
32.438053
22.803627
35.299454
36.59855
16.368757
33.10091
36.46499
33.024708
22.347004
26.341976
27.84844
18.078272
24.504057
27.550138
27.60917
28.772938
28.633234
37.564987
17.79666
31.65967
30.301695
23.811054
34.72444
40.247475
23.123203
28.104185
34.85188
38.76993
18.395807
37.93833
39.937206
17.994999
24.130613
29.033318
28.703947
27.019835
36.132595
16.574543
34.553616
36.548996
30.241657
26.538517
29.961313
36.02346
25.101957
18.773434
16.106752
17.149677
40.89969
38.09197
15.021747
33.871838
17.394367
16.533783
33.076294
33.63736
32.26591
27.168211
20.978823
18.924578
22.309504
15.332889
20.632214
19.43337
23.33262
23.042082
23.165747
26.083563
27.743237
32.448753
35.254097
40.02254
35.76558
38.7074
30.438059
35.21276
26.979536
23.360018
20.577642
39.85135
17.452074
36.455437
27.796795
19.868216
40.113823
35.01274
37.319878
33.055763
40.231216
15.15224
26.453676
17.00227
27.83437
39.243027
24.634682
23.932886
22.78309
39.75386
19.939856
26.806112
17.788296
24.144642
38.750187
15.570414
30.153225
40.098587
15.359826
26.354689
16.258715
17.670595
23.239567
29.547995
23.889048
18.515186
29.392025
23.21803
38.379597
36.257824
17.776834
40.12456
23.264828
38.286263
23.137701
29.703087
24.614933
35.764004
28.729189
18.825682
32.571667
21.50579
16.419619
26.89012
15.728712
26.505539
39.43746
31.844994
31.949137
15.369854
30.632149
20.127699
28.972342
26.685844
20.536236
27.173796
23.73509
32.439693
35.744316
34.15039
20.71601
29.002913
15.165214
20.87284
28.810234
32.916092
31.557356
32.48319
15.250589
31.725294
16.42337
20.40042
37.91401
25.464201
35.818367
38.29674
17.986645
36.025497
36.917465
17.410755
33.40835
35.6278
18.291578
38.37747
39.777084
21.85993
22.756495
24.936832
21.465885
35.372143
34.38886
38.376568
19.590034
25.184374
24.843601
36.371655
21.15911
37.79438
38.460945
20.002079
37.2585
29.79413
32.817062
24.162043
15.427182
21.540642
33.35105
25.317924
18.533365
17.57783
27.491863
24.629023
31.396788
31.968878
23.312325
27.814144
39.166317
33.474022
34.153458
23.828857
30.03372
32.596455
23.89078
36.41225
27.249208
23.919584
17.555265
15.868786
19.601704
22.871622
24.875248
27.069872
35.536472
20.079
37.971447
39.59155
33.90504
34.80789
16.915897
31.148666
25.977146
21.643602
28.156565
32.042736
38.791622
17.520397
16.912899
40.20963
39.183014
35.489807
39.56366
19.635052
18.892876
15.203279
33.776802
17.399815
16.059511
27.98544
18.672297
30.423525
35.077232
36.587196
26.662167
26.094566
27.325869
24.233171
26.778183
27.40575
23.593636
34.415985
18.276028
24.959284
35.15115
22.040173
29.095875
39.261223
24.381697
29.981543
38.36276
29.094826
33.632637
18.903011
23.526175
21.443804
24.525011
34.256023
20.966873
17.430582
17.343262
40.79688
37.93975
27.041426
39.324257
21.660355
19.575367
39.029293
39.67448
16.058203
25.328558
25.317047
19.966587
37.008205
18.74112
15.467678
31.201317
20.14969
30.676632
38.34495
15.267902
28.664392
31.288933
16.95692
16.796032
19.596907
21.90178
24.656458
33.46456
21.456863
32.7058
28.3671
24.717007
17.885395
31.71978
37.309074
18.531096
27.381254
18.816916
21.819605
27.39942
30.60746
15.782621
20.29318
24.000488
34.637127
37.34903
15.011602
26.174273
25.647617
34.94235
17.69032
23.76357
32.034935
24.482683
34.936638
34.642307
22.69583
23.992083
16.4971
27.82412
32.31277
37.994904
17.165394
33.929405
32.87755
27.73579
28.52885
33.486195
38.401966
29.093922
15.350716
31.550022
19.789633
23.738325
35.31701
24.950287
33.18062
17.547453
36.120926
24.105196
17.731241
17.607347
24.414387
32.794865
27.754082
33.206135
17.025509
34.54174
29.418705
37.15867
40.022305
37.31984
27.801512
25.523659
29.697239
37.19914
33.97348
22.316566
21.353703
26.228525
18.02749
27.17518
16.894789
32.370728
26.472252
30.100666
40.64627
29.624681
19.257849
32.375546
16.589893
18.605722
16.848198
36.550915
25.239676
39.80117
19.218678
18.998905
38.763138
33.478657
26.432549
27.942234
30.630913
15.796816
26.53767
30.101316
15.072426
24.05277
22.925447
40.140423
31.921907
23.197983
36.00678
28.947807
40.05819
16.76397
27.085203
19.450832
27.57335
20.161509
37.64532
28.14557
37.049404
22.951836
32.924976
34.811424
33.878906
29.135483
26.602528
37.98477
16.43447
32.764324
39.70599
25.681732
23.073792
36.254475
29.438667
35.588566
20.461023
40.662666
32.51631
18.479332
20.49183
32.88577
38.823746
32.973885
25.228756
26.253073
40.724243
34.91533
36.68504
22.303143
15.192879
16.624552
25.039268
28.671747
20.095444
40.08049
36.91979
28.964802
16.397406
31.678288
36.767048
17.249844
38.862793
24.633518
26.9636
24.371975
28.890772
40.329166
28.415646
21.684872
32.538067
35.94308
28.576704
27.984776
16.488274
22.547104
16.523062
29.44514
36.75451
31.535137
36.62231
24.171867
33.23972
39.715897
37.58047
22.633804
19.929358
32.697105
30.20976
18.67052
19.454071
40.29143
17.128296
39.039043
30.035358
22.590475
38.78456
18.533587
24.415117
25.081589
34.693718
18.596996
24.270359
27.723404
36.57938
38.039993
19.82725
26.249395
33.23368
34.993946
30.914051
22.134838
17.340073
31.545288
34.530415
36.64104
30.247442
36.63436
25.160881
28.141773
35.740784
24.748816
21.523287
32.540253
22.222761
21.701363
25.218248
40.00117
34.40222
20.354088
18.833717
31.45065
28.579746
18.53612
37.459
27.338118
35.92711
40.598885
28.275568
29.007584
25.77646
29.062815
31.917328
21.691765
37.866943
25.631704
30.630928
29.621101
22.740326
21.485691
31.917097
36.030666
21.034084
15.211041
16.296827
27.95151
15.289399
38.984745
18.121704
15.588993
20.07321
33.704155
20.935482
38.819164
31.707573
29.63667
29.794476
24.87527
29.706285
40.861794
32.167145
19.650015
20.13778
23.287533
20.558733
24.205141
20.565022
31.345514
29.84462
30.0585
36.957237
39.60385
20.446527
25.609745
33.02493
34.484116
38.94851
17.6693
31.798828
28.028534
18.525152
20.471281
37.95502
32.235752
28.642235
29.779577
39.382652
16.868319
26.890469
39.73728
39.79724
27.832308
17.52594
18.963207
34.82181
31.23922
39.31611
38.065216
19.889633
36.0826
23.628275
29.218613
15.566529
22.096596
20.347643
27.748919
26.447392
32.810913
24.175186
21.761715
21.650602
29.076351
15.130733
36.778477
22.115772
37.40752
18.674723
36.06561
20.404308
26.37387
34.762375
17.885078
16.508986
40.96768
35.356964
36.248486
30.297804
25.38723
28.45427
23.922407
29.649117
18.995708
31.508112
21.411415
33.079067
26.35126
26.29739
35.43617
36.719116
40.15065
34.737785
23.027477
35.87047
15.689004
22.9168
28.773268
25.043957
21.010174
20.718637
34.98389
27.38801
30.307158
36.80581
21.582237
40.713985
35.329205
17.43731
32.378624
20.947329
30.562038
32.628498
21.05645
30.764578
38.769867
22.4958
33.673107
19.420488
32.122643
24.279692
40.7717
21.326086
34.57929
28.502308
37.302574
29.807642
17.45736
32.991455
20.469715
34.65823
22.191885
16.090631
34.345615
27.587626
38.170925
23.275137
35.63913
38.482933
39.2326
40.607147
19.354488
37.511555
15.918137
23.988077
20.245525
19.529657
15.897742
25.004473
31.947773
36.003464
30.120905
24.313972
26.462086
19.70738
25.189915
21.980854
34.266907
36.832066
15.215249
20.946041
23.752407
31.817167
36.983677
24.904327
33.89816
26.217697
32.654728
27.261976
40.15705
22.21949
32.39842
25.560751
36.36167
18.038515
27.396912
17.779802
25.135406
16.370298
15.455056
35.26475
15.76901
38.299965
39.09946
21.683676
15.814389
33.63995
37.493134
26.372633
20.750921
36.531673
24.75235
39.708683
24.995588
28.329021
18.324814
17.73634
19.256748
40.275703
15.972807
37.173717
37.77238
26.295084
38.60241
40.13752
28.327139
17.330364
40.689552
38.4515
16.108603
29.104513
16.375967
36.24075
15.441568
34.913544
25.44287
16.664774
25.230326
18.123383
27.317457
16.10498
26.542265
37.409664
31.027079
32.89778
30.182312
33.4615
38.588192
15.792292
40.336075
26.86432
36.702
19.712042
35.4007
23.18365
16.825949
37.112988
16.975872
32.89066
28.699928
40.255527
24.65349
22.702143
25.228455
23.046095
17.723
19.151577
37.25471
40.75428
23.200388
34.76466
35.2097
33.874374
18.692408
36.081764
32.879482
18.675539
38.52357
26.951519
16.605726
15.572822
36.281956
26.013695
15.119621
27.351433
32.480953
28.096407
18.906393
40.489826
18.387497
19.371609
35.50749
16.352312
32.233467
25.544626
40.489723
34.859947
28.00529
37.09754
32.9455
33.39878
25.797995
21.662924
35.33537
16.187449
30.3233
34.973484
16.244127
20.10148
22.577444
16.514984
23.193752
24.039608
30.90296
24.00371
17.041348
26.317696
15.719567
28.116625
15.687488
26.288885
19.05294
39.52135
22.83014
36.41385
31.656076
34.184772
23.321583
37.343006
34.996506
28.183289
28.320559
37.22293
16.673634
37.79426
24.879045
15.402015
35.934
40.5174
37.862995
27.985954
18.868235
23.856544
21.178406
22.28138
22.602057
31.186237
40.159122
17.066471
38.334614
21.834381
15.669756
17.840193
36.431057
31.631205
34.987152
30.72722
16.942165
28.60651
30.845842
19.553534
33.902428
36.261288
16.167913
35.757977
29.548988
19.896433
15.94479
38.26807
15.20732
15.850403
29.49836
22.243658
17.005611
25.17936
27.921017
39.679935
36.808254
36.307423
40.87903
31.26175
19.79994
39.481335
34.16089
31.573969
30.005281
25.482958
32.362038
22.798122
31.69501
19.98467
17.919699
19.363369
30.108206
37.176918
22.346188
31.670286
29.211096
39.853687
33.95652
20.968819
23.316473
22.010979
24.6457
25.747154
37.303745
28.19487
24.343498
26.576157
28.908245
19.329939
19.6592
31.254389
20.089302
39.56549
16.926128
29.311653
26.840256
26.796106
17.365458
30.454365
15.969466
26.944746
35.41113
25.373941
23.359978
32.840714
38.37249
27.48984
33.006477
22.581478
18.55841
18.661682
33.731697
27.636461
27.74657
34.680386
32.900463
25.632555
26.453741
19.436026
27.678034
22.755253
34.847694
24.060629
26.420519
20.005959
30.338676
33.056908
19.638483
38.175144
36.898087
25.449392
23.641106
32.32265
18.974289
15.332285
24.446533
21.80064
38.510303
38.83876
30.83528
16.411264
17.015274
37.51932
21.526918
37.160313
19.9015
33.39218
32.376366
33.24971
33.371002
26.516634
25.214594
21.44589
15.020392
25.840609
32.499603
31.767729
16.030066
38.28664
27.296963
34.556812
35.313526
29.565807
30.275356
24.424492
26.324886
27.04706
26.380932
28.314354
29.35738
36.159836
15.645418
27.975258
20.112965
29.270643
27.186367
17.50937
23.082884
15.749789
28.87399
30.341196
33.8513
24.032213
29.367495
32.94771
19.818888
32.87688
20.264906
16.996431
20.040558
37.742023
31.963829
23.157366
25.881187
35.218876
33.496647
18.786339
39.015587
27.804564
34.08217
33.92148
27.933626
22.945011
20.426718
19.591196
38.558758
22.24183
18.91124
39.301132
40.84787
38.99238
31.716944
36.749226
19.312786
36.82013
18.670551
26.312155
39.288376
25.052923
26.13126
17.653101
38.46954
25.71949
26.594992
31.919853
34.74918
36.56005
29.857542
34.433975
30.711391
24.284746
22.556787
19.51585
20.268997
16.463926
31.70505
17.147104
29.881739
24.89734
21.426327
34.541004
31.551249
24.084557
20.529037
40.373108
29.361168
17.50692
33.773457
19.418533
33.71554
27.831667
31.734114
26.648947
25.625904
34.86178
17.010782
26.461367
25.407206
15.080478
24.207888
24.642683
15.965048
22.977228
31.580544
39.91781
30.49139
34.992428
39.536476
16.486067
39.83321
39.88093
17.286657
28.819582
18.058357
30.569893
35.85343
35.179028
21.815073
18.174294
15.373438
26.796276
31.966465
24.733994
17.173677
27.480116
38.678448
23.448927
30.452589
15.52031
37.649445
35.714523
19.56395
22.196993
27.492414
23.097315
32.880035
18.946442
40.414524
39.541073
16.00139
26.290987
38.287064
32.556683
36.68414
16.009903
21.957949
17.924427
16.271786
39.709805
35.231445
30.525156
38.646873
39.9472
28.324488
32.31727
20.759062
40.362457
24.806263
29.189297
26.6395
32.903675
