12.36723508700093
13.712757333290138
12.411388595381673
9.965825020626248
13.848870050149085
11.487154978648878
12.407982024299745
11.505989940494386
13.160575843282171
10.764498193119291
9.71402543037311
11.513231848802459
11.723530876471786
12.991147833927993
9.952442762659613
12.86051681783146
9.973372913616469
8.144498419026242
13.82909308917744
11.39391136389049
8.91573960585316
10.928135176188153
12.865520007360985
9.561490826656083
11.448243220778721
10.873498819276696
9.202732531348882
9.933097248503142
10.551935158646428
9.216736480485904
11.982451091967654
8.73262421345488
8.578004565152689
12.930553221720098
12.63637281574989
9.63074453255901
11.436207399285216
11.602847447091303
11.735743839406535
11.509884777029917
13.690252074707004
12.355085293133682
12.027073080464689
12.430726177504532
8.438636641685516
10.552245857073512
11.25429283323607
12.475511351918684
12.41730552781186
9.046859079599951
12.36723508700093
13.712757333290138
12.411388595381673
9.965825020626248
13.848870050149085
11.487154978648878
12.407982024299745
11.505989940494386
13.160575843282171
10.764498193119291
9.71402543037311
11.513231848802459
11.723530876471786
12.991147833927993
9.952442762659613
12.86051681783146
9.973372913616469
8.144498419026242
13.82909308917744
11.39391136389049
8.91573960585316
10.928135176188153
12.865520007360985
9.561490826656083
11.448243220778721
10.873498819276696
9.202732531348882
9.933097248503142
10.551935158646428
9.216736480485904
11.982451091967654
8.73262421345488
8.578004565152689
12.930553221720098
12.63637281574989
9.63074453255901
11.436207399285216
11.602847447091303
11.735743839406535
11.509884777029917
13.690252074707004
12.355085293133682
12.027073080464689
12.430726177504532
8.438636641685516
10.552245857073512
11.25429283323607
12.475511351918684
12.41730552781186
9.046859079599951