15.053914778026115
18.551506330688202
16.21591362535033
21.29853297686875
23.86336494074348
27.8613973240054
27.27376536086829
26.0875090494675
20.208617323400972
27.713948759916722
29.053898854117158
23.91774487400642
18.72819946503947
23.266217295295647
21.802278873561143
23.186877069657424
24.197291612675606
19.136335009295582
16.14293520551942
26.34267011855275
14.542256961967178
20.762401719412203
15.835410562939337
24.8304478815583
27.53553679423584
27.74364795953532
26.03203859747625
19.942938499677716
28.41388508672184
18.101136462748386
29.52797544666855
15.544796356327115
28.700914695211758
25.4913539667109
19.653683379383274
15.572437251527896
15.658508724029518
16.095095657501297
25.146474365074436
29.215950177755115
16.770646640756176
19.68032265928185
18.16584771656476
26.00341004042094
17.829983052163573
17.49794609352631
15.655341338223803
29.03669155811618
26.11802996902675
17.174870297868978
15.053914778026115
18.551506330688202
16.21591362535033
21.29853297686875
23.86336494074348
27.8613973240054
27.27376536086829
26.0875090494675
20.208617323400972
27.713948759916722
29.053898854117158
23.91774487400642
18.72819946503947
23.266217295295647
21.802278873561143
23.186877069657424
24.197291612675606
19.136335009295582
16.14293520551942
26.34267011855275
14.542256961967178
20.762401719412203
15.835410562939337
24.8304478815583
27.53553679423584
27.74364795953532
26.03203859747625
19.942938499677716
28.41388508672184
18.101136462748386
29.52797544666855
15.544796356327115
28.700914695211758
25.4913539667109
19.653683379383274
15.572437251527896
15.658508724029518
16.095095657501297
25.146474365074436
29.215950177755115
16.770646640756176
19.68032265928185
18.16584771656476
26.00341004042094
17.829983052163573
17.49794609352631
15.655341338223803
29.03669155811618
26.11802996902675
17.174870297868978