2.5232837132899113
2.4524092972248877
2.6567627772385123
2.2010212841449164
3.4404584128241047
3.1707805333748
2.9787411342502734
3.0039145323256764
2.280736080867789
1.3206110101246071
2.5500003667264086
3.0587728945394987
1.0086777673684646
3.6904429229951514
1.4354945240788908
3.8788766032131288
3.6867661067682045
2.325793540059173
1.0245678441487969
2.0222883106041256
2.595427448291437
3.388301353456135
3.6912854795215795
3.5603575750803675
2.186260802022325
2.562493384814571
3.636893536116766
2.3577663346680744
2.0758545446666785
1.1647650087182246
2.1181009620270217
0.5548579500259325
0.6084344070259173
3.977022368677408
2.761504055394418
3.4444077871922056
2.9926555025515342
1.8634354845365726
1.8382658274521382
0.9792356838635934
3.4158253927341398
2.2300895867792496
1.416065618350793
2.6690352220072464
2.501723902271008
2.6695262155880823
3.044609628814969
2.146974733362357
3.5494532140876816
1.6843808333751542
2.5232837132899113
2.4524092972248877
2.6567627772385123
2.2010212841449164
3.4404584128241047
3.1707805333748
2.9787411342502734
3.0039145323256764
2.280736080867789
1.3206110101246071
2.5500003667264086
3.0587728945394987
1.0086777673684646
3.6904429229951514
1.4354945240788908
3.8788766032131288
3.6867661067682045
2.325793540059173
1.0245678441487969
2.0222883106041256
2.595427448291437
3.388301353456135
3.6912854795215795
3.5603575750803675
2.186260802022325
2.562493384814571
3.636893536116766
2.3577663346680744
2.0758545446666785
1.1647650087182246
2.1181009620270217
0.5548579500259325
0.6084344070259173
3.977022368677408
2.761504055394418
3.4444077871922056
2.9926555025515342
1.8634354845365726
1.8382658274521382
0.9792356838635934
3.4158253927341398
2.2300895867792496
1.416065618350793
2.6690352220072464
2.501723902271008
2.6695262155880823
3.044609628814969
2.146974733362357
3.5494532140876816
1.6843808333751542