49.66017143477955
47.19846473223786
49.88661326176755
39.193704765826574
48.41153687871168
41.30470053115569
48.834770238157596
33.766218482217
45.392787466135765
35.34701391667405
34.28571046071271
46.095053431164686
31.892570143182894
35.59360753222464
44.6723824362749
45.20015437974156
31.97543772243006
44.3632843093428
32.611389867761304
30.823177166033975
30.99797111586735
42.33332758185301
45.70735110821693
31.552890474194736
37.07653726983049
44.9246330355227
34.33634806868125
48.82718357306163
34.96905568852148
46.816013196910724
41.3160346190564
38.68998580806713
32.7096357329215
32.2789220133573
49.08993781846479
46.49267962177163
32.81198191106646
48.29926835422015
32.578247251120416
45.216426526177024
32.786574841991765
34.58746810403729
40.274486268166626
34.09459907229056
46.240735273847406
33.96951770426835
43.20100944816733
38.38018588276814
41.10889067370334
30.2903047274475
49.66017143477955
47.19846473223786
49.88661326176755
39.193704765826574
48.41153687871168
41.30470053115569
48.834770238157596
33.766218482217
45.392787466135765
35.34701391667405
34.28571046071271
46.095053431164686
31.892570143182894
35.59360753222464
44.6723824362749
45.20015437974156
31.97543772243006
44.3632843093428
32.611389867761304
30.823177166033975
30.99797111586735
42.33332758185301
45.70735110821693
31.552890474194736
37.07653726983049
44.9246330355227
34.33634806868125
48.82718357306163
34.96905568852148
46.816013196910724
41.3160346190564
38.68998580806713
32.7096357329215
32.2789220133573
49.08993781846479
46.49267962177163
32.81198191106646
48.29926835422015
32.578247251120416
45.216426526177024
32.786574841991765
34.58746810403729
40.274486268166626
34.09459907229056
46.240735273847406
33.96951770426835
43.20100944816733
38.38018588276814
41.10889067370334
30.2903047274475