5.329029960635332
4.619283470110583
5.564963832300966
6.6996800173928435
6.7877418560343745
5.870314084274359
6.908292503717471
5.307297624141236
4.644288234727887
6.44312976533884
5.2165993482312345
6.150573063784128
6.723005310493976
4.487786269990339
6.118843086024002
4.0085759946246355
4.111178614691705
4.050250058274867
6.840953752834682
5.569882148936946
5.165791933042248
6.188790717858067
6.9344241636977575
6.09001620667727
5.263084831372766
5.724012926550328
5.376508063257657
6.750966502928972
4.463727010057037
6.499179093446767
6.975807005189324
6.243410352910581
4.98012610027593
6.232856222291301
4.796906260051789
5.591205940674184
6.295542135165363
5.20902523555278
6.69840247529315
4.9958597958460125
5.751139363044749
6.0710130316108755
4.6687008798304115
4.58520463240623
5.931095078079741
5.055620173313637
5.293141825293932
4.361019854718036
5.456232754187826
5.579582419574607
6.445815842973527
5.43846638999124
4.455821698226515
5.448575865506447
6.722088331010274
6.404991371750926
6.389267210643432
6.279450838229411
4.02778575484102
5.372632086566887
5.072354822887701
5.816114945700169
6.17694565740735
4.203415168257059
6.934344758621748
4.702584651661299
5.2507686996517196
5.946736254009748
4.945792686438459
5.905662324292013
6.941665939069489
5.068132493961116
5.554262320590736
4.660191759546942
6.983599885112614
5.1903437679375
6.668648598652577
4.547670146925496
6.9020090500655416
5.712627852972463
4.910803210092258
4.447225990237424
6.969513904716423
5.124358882733395
6.178611595228016
6.6611484986397524
6.02876853667234
4.243314900304301
6.292968812111031
4.442316923947809
4.9828978521699145
6.317125058473264
5.130959202092186
6.410252152793015
5.744669912149109
4.12036289766331
4.656023226385336
5.086425757421092
6.324284064241143
4.794353269766093
6.908152815821493
4.067331877709606
5.67588983334732
6.055548974308855
6.773519452019972
5.9336239851145915
5.700800113876171
6.263183653120693
6.85024516972925
5.6434455697531565
6.257448862191222
4.288844437678385
4.371058369275674
4.72536046324371
6.046884656646611
6.339465457990782
6.558683374322912
5.77334431593707
6.481284643320482
6.737015920594992
5.112685869400124
6.708042910122759
5.6783513486080635
6.665514185345988
4.512699079701168
4.2518019422497915
5.785231273132353
5.858753282524265
4.144829004740921
4.843839925405897
6.695235678907282
4.568809854003115
6.916179164869009
6.550151598626492
5.059355066535381
6.594242379511375
6.09604237670928
6.0175385389013565
4.720988898619284
4.798030029713467
5.376583480401383
4.960412204846621
4.571033563358782
6.29683730874272
4.549552826429755
4.638327639865714
6.794734315548405
6.964520255492385
6.807403331878352
4.563505949326189
4.967342136433634
6.054437629324491
6.815693642898832
4.423527172737707
4.678058376993862
6.641001337704688
6.594022669941312
4.9601295546828315
5.394542179645833
4.273295325781891
6.9402160236573325
6.0266127167143395
6.65686454986638
5.739101094515629
5.886076468178359
4.430055838582948
5.462126354445201
6.691424916322013
5.925329446781703
4.523218526444353
4.836082475111695
5.466549678915952
5.416152793695083
5.354197220514666
5.426454998603846
5.849983300557897
6.379386063307028
4.642761378255331
6.364400910677748
6.9123238013731285
5.890950621014824
6.772607208369577
6.715792471504066
6.639326249589289
5.755874146654084
4.055839207541887
6.049944685058046
6.237565652431773
5.726434909797401
5.6778865695999166
6.828152640715215
6.94343907719447
4.136799199430862
4.996893060023353
4.35488437956316
6.179246548126555
5.165521212693798
6.213706111194268
4.175084476369035
6.895066896209677
4.95699878013871
5.047154892312101
6.431716172536939
4.699323975218269
5.644795980612203
6.685825920820243
5.74079477928378
4.786268873663724
5.659925174064316
6.414325574243354
4.0650063677418755
4.466261143982634
4.25960448441865
4.203839758568741
5.953584636757406
4.157338578158054
6.627888680486896
4.895444175604002
5.712763818715844
5.015045604310167
5.665198441073185
6.156102966628348
6.258742845734336
6.666214422124031
5.535675378823102
5.42918931051476
4.812321079063978
4.224604910998635
5.274333564665148
6.399553912718021
6.325447918839524
6.650523333884783
6.597949128071196
4.773556133119742
6.346117360709829
4.355938272264522
5.733332988444325
6.877044185366983
6.774211353111092
6.655992833524025
5.317990930614506
4.596770439755129
5.3664850655550245
4.3957644915671485
5.616972519036107
6.338231167380229
4.534919496692584
6.466778489137356
6.018065464751347
6.02750265501582
6.340446651399649
6.291016774070412
6.434703898844056
5.308617976890354
6.601164892489491
6.249707592554746
6.897351436245057
4.902681744223338
4.387543692312301
4.1761394501745865
5.166280214074794
6.705822914262422
6.857957292924495
5.933930030818962
4.270162080625917
5.5383325241226995
4.31692637453377
4.2609127557511215
5.7938935730136425
4.484683302541986
6.855998665951154
5.485894668540662
4.163543445565718
4.824590298732334
4.4362113574160995
5.176864724536025
4.680848704507892
5.648647520601568
5.949890056737969
6.1672970044298925
5.293435560150709
4.0654185737224635
6.994045404089858
6.469555190806199
6.462870702200105
6.590368598652862
5.493036778309772
5.084809342916038
6.145819716351531
5.493593201977234
6.5633176643318265
5.129188308552474
5.023486323707779
5.85385087451576
6.614762501098772
6.678850539427568
6.337719162001909
5.494601839492052
6.3309328178641415
4.719465020758344
6.427755669799202
6.708165227119297
5.94839652115278
5.743149319794535
6.714672989212453
4.454070247345822
5.503267904367537
5.277718777295328
6.187430471947044
6.686961504260834
4.861334309914045
6.057846699782914
5.366247371848475
5.630321599651517
4.955805512822767
4.930024775553804
6.435389275594687
4.022050249377563
6.139442766376215
5.933333205655425
5.2362312370984
6.103366132247028
5.334511344453043
5.0311174167015515
4.545612595584442
5.845063290534573
6.8454793094182635
6.825601111724777
5.156236488227739
4.411356145727457
6.775168210048538
4.136680641622681
5.459470623747794
4.2657906172025
5.337030181195425
4.714727385334277
6.050138496888975
5.328893742023369
6.958583633421613
4.87721302043112
5.646828839635526
5.059058382350512
5.230086602984887
6.196572390799696
5.671150279632274
6.242091222192068
6.335484762805385
6.431582615114394
4.890594793948556
6.107640879642279
6.384529866201582
4.225443800179177
4.31094673202397
6.33129819233973
4.114128574760105
4.785681396867485
4.276405522279906
5.6614693736358905
6.187849107165857
6.225823583276066
5.652605761869671
5.664550165417802
6.757476396414114
6.450257455442691
5.4493662190754435
4.00111857634659
5.154528491680699
6.761638024896355
6.101628403326364
5.2616183937993934
4.328364169324047
4.462797094910331
5.685478622853034
4.428611227487001
6.614906406894658
6.2740478419592565
6.443601645562765
4.916364861404074
5.684944182029607
4.391058457295648
5.807766851372005
5.445465424595415
6.3264101021029955
6.134314116427737
6.828916093847143
4.286989146336294
5.735526939461993
6.64434536373334
5.863095891553846
5.709837468803867
4.188577831489494
5.259738209291855
6.031191673693371
4.679888337347118
6.879954892278345
4.6472248568123735
4.4397269722592085
4.510167881157594
6.747271330909615
4.861325424209491
4.722958937280268
5.086957569145158
4.557168832681699
5.620142362525886
6.361286988775862
6.6751618716565755
6.336485153614435
6.100678605571652
6.9135043499881474
6.079896941796147
5.44807242893257
4.416803647324758
4.562798772236827
4.430989054744461
4.571651086459474
4.031710351664259
5.83189958292196
5.885333434511052
6.740264489164082
6.327680420537248
4.531101067362079
6.5000948511400995
6.760534065158474
6.477771319057631
5.84302708811121
5.8871857300854
4.343088041156129
6.9533124447776355
6.239567848405176
4.840944171900952
6.516733250192479
4.505755073718522
5.7646405351651255
4.354100589797668
5.507398367083013
4.061322592165078
5.968639972981149
4.244692201415763
6.4441397764671855
4.5452968561286085
6.942091487864676
6.064352341039216
5.9303171972281445
4.9138619534596355
5.641351290727032
5.77923138976429
5.54901129123245
5.657244087584246
6.57526610545764
5.08493402669184
5.335533078819367
4.637401614059433
6.966559331826113
5.070751686216031
5.57523893575912
5.365567040848484
4.864305013927973
6.251858122102824
6.298629240568845
5.865313184398619
4.282982100564512
6.827786999812199
6.5257382475311125
6.660407413626246
6.192112926306744
4.256486628516757
5.598112794286176
4.602670611759528
4.777018667547425
4.773467658136919
6.9677812208780825
4.466617841431889
4.887187913487204
5.820275383531843
6.880253615790013
4.985630476351021
6.80449836185658
6.998078212695894
5.136119453651796
6.1508250230353365
6.222346387581335
5.176481565208139
4.220971222921923
6.388896561166603
5.712860779543301
4.148041752841144
6.745508775624809
4.330680091270798
6.938797435794559
4.225446504535761
5.40851600629259
4.80248034303287
5.812559428407421
5.015140091203557
4.511367968963965
4.489021634110917
6.146668603843819
6.515407398708782
4.35740726343766
5.22227174390144
5.501191966100521
4.312664658805814
4.514883783429946
4.360258818912383
5.4195735111328265
6.327063993111384
5.48713446793304
6.520398500019182
6.657622060753215
4.875244246865502
4.476214767133257
4.863170974510108
6.560231702349158
5.23488692559272
4.747054799553407
6.123238795074679
5.743234128612598
4.358159798202271
5.102630253201863
6.716416732735467
5.432482561387596
5.223088761645381
5.7312417848608685
5.038158492050439
5.941659886543067
6.252219675323265
5.078356860211727
5.262284982925932
4.63823535641532
5.571365972527039
4.055723903775384
4.140186466990883
5.0719097464564
4.77909896802785
5.954091190468197
4.8632915438537365
6.151916276718731
4.492911592351102
4.534391653237986
4.7624384643787545
4.971835790566414
5.8576509637663365
5.571307888309725
4.600229397298452
5.544927396466679
4.134947648534424
4.83206314975782
6.359970560199462
6.921417011750302
4.3950151079309805
5.243524860713641
6.571849255760269
4.228179972393096
4.545173515015706
4.5323058764377935
4.317793187269206
4.236556565512667
5.498116116192365
4.5043722181104435
5.963594103246251
5.690663166199958
4.20321174857814
6.232235323833364
6.651666590473299
5.948603831577083
4.3619040922529395
5.0616888932713255
5.032010259260051
5.269634944864602
4.850373540596733
4.447683764962962
5.561282636654008
5.423615641371674
6.701484808968819
5.6045976466994265
5.214000825473564
4.889914600062182
5.485369273021743
5.845750389095842
4.355914879732517
5.953046547217405
6.716657809122746
4.441792150519453
4.02242285126336
5.0386785075459715
4.301776886349726
5.533675270298318
5.813154849246275
4.226728335611391
4.268713054566084
5.092138356179245
4.023087914600382
4.827460440393951
6.167209569318309
4.232918208659347
6.291958188252399
5.990194189506795
5.498698972925912
4.443837542842466
5.2334872117448725
6.047783340587424
5.80903004266312
4.671114320687629
4.562257331547574
6.439012000258792
5.930006516327852
4.430441195573481
4.303345353802983
4.405394374844049
6.278884547873703
6.2003820836986385
5.148475877656261
4.594791192746495
5.8479458538563085
6.694937190274434
6.089618607447844
5.783644144946737
6.381797165459314
5.8567548080727665
4.572288607532823
6.038286258605842
5.605776658662222
4.555741230848546
6.634843729083478
5.329128493769049
5.88353653690742
6.663710991434792
6.86942096005011
5.992264709638056
4.141397920534664
6.7607743553356485
4.80352267013293
6.4595323627591785
4.588161277903168
5.983631947963225
4.85614639234446
5.810280256569339
6.5843510952147755
4.075962667599296
6.764026305040283
5.622764652278587
4.3923396971644255
5.0056949121359535
6.382300551042926
5.965724746707088
5.092813416784746
5.136621548148737
6.422958696174483
5.867813662845776
4.002625043154125
5.713372496663644
5.566608805803789
6.738959663925003
6.641330285239885
6.554649206175389
5.821664487921759
4.79089591044572
5.811408701790159
5.872770911484744
5.936335022973498
6.523431849108361
6.4871503367139365
4.612096117552511
6.341699717523641
5.842795768270436
6.749096675740882
4.34710619415235
4.934299911500027
4.877057646310248
5.170447548689733
4.763848379972332
6.733358030426917
4.197607888598138
4.824857065784879
5.13567154574201
5.787904999917469
5.350210877289687
5.782681823813604
6.226427709047872
4.383420998060803
6.605769395790885
4.6007782392583545
5.481306064421567
4.201764119336112
5.990279773138727
5.09926124992094
4.834491573679703
5.005243583091616
5.157199967520987
6.764343596854619
5.24859735380502
5.174704627719523
5.667037931725227
5.5552736425328515
4.745290556203745
5.076203373071758
5.081127881319488
5.818976356863187
6.962723606455331
6.665510205061123
5.41823144998737
6.163954395054727
4.46939717112949
5.390644767037199
6.116146622223933
6.757839301227263
6.183513802893071
4.076244646157189
6.501529385322817
5.731706860810401
5.903164088204511
5.382990127077997
6.0703807716311395
4.354743988746257
5.946956127818557
4.345134182081219
6.53075821470083
6.8435339393932395
5.45498991468053
5.61819200450168
4.145899456119984
4.7310197406888035
5.165154397033533
5.559501889427465
6.934838572282848
4.377982624467294
4.663005190081268
5.472938903886355
5.427984204758538
5.332288208882156
4.821983728434199
6.420770850255116
4.8407241888966395
6.572418721206018
6.910980001383292
4.818033601006258
4.652742142162144
6.710450159915206
5.287933976830187
6.762218612108768
4.5434552442133995
5.089693333202058
4.511319630338473
4.178516168493154
6.918134985806433
4.7263745827414345
6.3470700069219905
6.728035006506657
4.650967209063607
6.230958307450418
4.2375072780972065
5.845749158143835
5.194844384544533
4.106351485995515
5.505634032546434
4.144665990561739
4.194370809776908
5.822051521016992
5.296332109755385
4.222414417812686
5.932853344337475
4.93595576187681
5.0019016581646145
4.5799505870380965
5.63053866566765
4.191357254713371
4.401767635965277
5.83987657896789
4.466420247811927
6.647079659315386
6.160051098304756
5.816225645169675
5.1924428200575585
4.878879627221346
4.618503853653719
5.318504292584913
5.1301158723067
5.460918182052687
6.468241046178536
6.153156909724
5.146937935690618
6.70169465087667
5.957408982858057
5.713156200980951
5.039241717098872
6.587950594593898
5.231481841823575
5.026613007657945
5.950222599880615
6.707910197102686
4.614860212182409
6.014759549307882
4.039612728987261
5.67576894130965
5.699034909237684
4.386385400813547
4.972387498836648
6.2665398724966535
4.120450915864801
5.375958073660701
6.088348252040172
6.222369908189534
6.8493648010942
6.619604970846291
5.457414627761832
4.974744575269318
6.121920280276482
6.1303062647823445
4.1588545767231775
4.455822002027081
6.318556328819922
4.968108790565758
4.647375736918343
6.907275262008461
6.780638443206644
5.406793614958446
6.5258399540459635
5.798694603639429
5.652272435613079
6.373957026476788
6.059302951359285
4.881551034102133
6.015615047552203
4.014702707623622
6.13993011320335
5.01009555450131
6.265154902709401
4.590606750960869
6.131250290427873
6.975818508787992
4.0820842498832555
6.135886838862671
4.35771913095242
5.751722787299496
4.689276547718078
5.55664092706864
6.638932019234041
6.076031661152539
5.796984310717384
6.054063220096948
4.721504625839735
4.07721743181385
4.025676598105799
6.019957478244433
4.152370082612656
4.437024280700642
6.12848942624459
5.529267728155501
5.1807928395381175
4.037535514925667
6.577213567031138
6.806927625883955
4.965071871933601
5.011156928499233
5.365787176993636
4.595855715217816
4.035660587325025
4.706048401223082
5.206397473212453
5.974372787782219
5.214547531215702
5.876585177686001
6.0140579559864555
5.725139343414611
6.1938955746212745
4.753086083167324
5.837246948513283
6.070430217677358
5.269152842980175
6.328124680291268
6.91517252308647
4.028548663456572
4.105446806888612
5.472824366791135
4.101129867526633
5.71358126946042
4.76963870612578
5.3372502871637
6.427790864178284
4.289060398910383
6.405148536829348
6.302545091491907
4.249642757779675
5.032062219842939
4.7389183461861295
4.432233413891084
4.570049646733913
5.025326484871227
6.523246216934562
4.151148709242844
4.503054295234527
4.483830128668448
6.965163711806763
5.703437647365095
6.526189301819878
4.1459622594165735
5.96746818958734
6.028065225290054
4.005203018434841
6.5457287361954695
6.295619480669124
4.805511939347082
4.127894362007972
5.333176155755727
5.4934531431656985
6.559599410900505
4.277982675672935
6.032763577997262
6.127192400254213
5.768091908502207
4.32815225362583
5.040598024921762
6.8334764164249755
6.792045541052716
6.0566523800234435
6.383620047968803
4.097358858939228
6.4259147497307385
6.480703525305902
5.1953062508501
4.776818456190942
6.654796900260566
5.207833252961077
4.071227434204104
4.861805912182496
6.181627852855357
4.136420518628237
6.0313192771298265
4.249069203052489
4.498121362537591
6.107805037454206
4.196995307091075
5.096089110217045
6.067411991994318
4.099632002587282
6.70559900993142
4.302519953709494
6.382858749478695
5.3315663181375275
4.877240792596694
4.846844892069006
4.748627656728735
4.89674862377376
5.10148996039155
4.3402398090284455
5.456861451690635
5.505080739728509
5.4186265943201875
4.832872808752054
4.192690321865461
4.198306684224165
5.654110260871381
5.827091561252112
4.8528788985112135
6.356817881559278
4.427599865214263
4.7981654852913485
4.031685376822128
6.033759774273974
6.02222538763216
6.609702366608836
5.474858427746058
6.381756690862655
4.49690536755968
5.339589857086108
4.6879370215009315
5.901282654484406
5.174672068669733
5.025092418489402
4.526564498973545
4.519750532958166
6.616442627453768
4.6415839031540385
4.433151264267351
4.465727900940161
5.877038526065725
6.751457776265893
6.75194178116465
4.767537104001343
6.2968436949382856
4.852456289823733
6.846396556576918
5.206846792519405
6.396843365910501
4.554485769886181
5.491225988930329
4.400695011562545
4.265943160994092
6.821805103802424
4.450230241696307
4.739117559942439
6.979477284705387
4.189007311952424
4.109719106261745
5.627343159584632
6.956923925335481
4.523538481864154
4.60680578157907
5.057467049484858
4.013216282734091
