23.419136
26.876053
35.488663
24.18656
29.919058
29.66599
37.692764
38.80326
17.263983
25.720522
23.824892
30.394709
24.359777
34.153656
37.326694
27.955568
15.956846
39.34133
25.603178
32.91048
31.545631
29.3484
20.821888
34.715675
38.555332
36.347412
38.859856
30.404703
26.58265
36.131573
34.17703
30.115173
25.059113
15.396445
18.482632
30.861992
23.759611
18.84986
33.46143
19.863493
27.861416
25.406605
24.539642
18.580502
36.88216
21.73438
39.6957
25.294256
29.756784
30.239649
40.658966
29.527752
26.55773
31.216877
19.489832
15.905975
32.919174
19.331848
17.497591
36.154102
40.09533
20.869553
23.727823
17.84869
29.76445
18.249378
26.83893
25.265429
28.184269
18.195139
31.087858
31.208067
19.111353
23.6447
28.357933
35.056557
25.015863
38.993744
15.687114
19.438576
29.554972
23.590506
31.592869
27.90704
33.012215
27.533033
36.64028
32.797245
40.466824
36.767807
38.162838
28.040817
25.826086
25.248346
23.82083
40.12962
35.535564
32.484673
39.77006
23.651337
21.775984
17.199244
32.6141
37.85943
40.262432
16.002272
16.026047
23.593678
30.380457
30.009119
30.951294
23.53357
27.325447
24.144672
38.640633
15.245271
19.15572
21.514395
30.413364
25.773949
22.22645
16.669064
23.013058
18.636751
28.34064
18.849867
27.693975
24.987728
20.135056
19.372894
26.764019
22.454512
21.71314
32.19678
35.210495
21.68759
33.343548
23.414507
25.247879
36.016533
30.16213
31.920185
18.152126
21.773514
23.246815
35.823853
24.584
29.823029
33.17895
23.322128
29.754244
26.627687
23.261362
32.679813
27.246338
37.7835
17.932465
25.73727
37.087982
18.374086
37.597477
40.930737
21.750298
24.721733
38.091824
29.197449
28.154156
15.154283
35.298607
35.334698
18.475962
39.260307
23.060968
34.391792
35.570538
17.771053
27.462015
19.496077
30.166725
34.68619
30.788942
28.148932
30.641626
39.55135
40.05476
16.475039
32.14241
20.898996
31.820076
39.167835
38.09987
27.780205
35.239094
38.94642
21.765915
21.043392
34.748093
35.22392
22.307507
37.557087
22.6213
37.38462
17.202477
40.927334
17.738216
27.57688
38.20802
37.42635
36.33808
39.2511
24.010592
31.827578
21.281334
26.806925
28.816282
32.63325
24.394514
22.66092
30.60366
15.784139
35.844265
20.80587
35.53647
28.357178
15.167653
36.505066
22.121426
28.985142
26.58023
22.149733
34.096794
37.77358
22.489866
19.504955
34.750275
39.34374
27.763544
30.57934
19.390131
34.29622
15.22592
25.175776
19.031431
26.868584
38.11263
22.815542
33.00956
39.85126
23.757923
32.175217
15.19615
31.929443
26.665392
36.435585
15.767947
27.534826
20.292152
34.01412
32.066936
35.01953
27.371023
31.037191
23.990599
25.505472
22.401854
16.60564
15.56388
32.116093
21.062305
22.416927
28.87002
35.46327
17.720055
36.629463
39.35513
26.240822
37.97246
29.989426
32.671894
35.566967
16.19648
22.187658
24.69063
26.32168
36.460632
34.174004
20.081318
32.14084
22.832596
15.728704
18.958126
20.95765
30.110025
16.975246
23.478348
27.02275
16.308893
25.716293
15.000521
31.188023
31.86282
35.484146
15.431943
33.905052
25.418413
38.019413
15.733653
40.867767
40.355865
24.526308
24.201342
23.519793
37.72064
16.500338
15.103556
25.75051
40.12125
19.183826
16.533957
22.019903
27.32977
40.777035
40.92225
22.880762
19.815813
38.417385
34.54884
21.407818
31.251457
33.63658
21.621134
32.39689
19.14362
21.515137
39.994774
17.363184
28.182081
19.07615
25.461058
18.346392
39.635532
33.59491
17.672071
28.321152
30.184587
38.448105
23.238102
21.615133
24.949873
26.886353
38.307117
34.15286
24.155
28.6858
22.024164
40.571964
18.858263
37.019535
39.668755
39.299633
30.493631
25.08663
19.981386
17.530388
17.580727
36.046562
27.21553
29.712507
32.89507
17.628874
18.789505
15.628812
27.634089
22.42282
24.062902
15.4485855
33.670998
18.298946
24.72518
27.230928
40.857735
24.674343
16.559452
19.275831
27.519926
19.405558
27.932343
31.447802
34.78081
39.97793
18.261171
34.13785
31.157875
23.357391
33.922688
40.883232
34.99492
39.380512
17.59287
30.83022
26.724081
18.880846
19.845284
40.203922
22.69635
21.884407
22.9858
25.7399
21.375803
19.154388
32.56445
37.63608
23.061964
28.124933
35.780518
16.999374
15.986257
23.836117
28.084888
40.98993
40.622723
30.867027
21.68408
19.906973
20.359783
33.461056
20.363207
36.313755
34.298985
16.047384
36.07063
22.965014
24.878279
17.184776
22.044817
27.779043
27.261591
28.588688
40.91441
30.387314
26.992964
27.34988
20.165342
21.898243
37.282837
15.712503
23.644293
25.42761
35.475548
36.85194
28.35555
27.676737
39.741352
34.977386
20.7089
33.380463
33.84287
17.781433
29.588888
20.800573
25.945004
22.768772
19.141321
27.606224
20.86905
32.318222
20.010681
34.46155
17.935814
15.467231
27.912556
26.431591
18.599226
35.355183
32.888073
25.92116
37.441044
32.021587
19.362709
33.277367
22.778954
30.827528
28.21974
32.415
33.134415
29.153551
19.498999
24.86492
33.113308
34.22434
34.044464
18.499228
36.871597
34.920364
34.449657
16.852962
21.269762
28.25897
21.987623
19.440533
20.064013
26.86204
26.862774
34.756187
39.03889
27.174772
20.08465
21.751314
19.854963
37.45975
32.539143
32.49733
25.567009
33.662804
36.420544
16.471529
19.262245
40.13196
20.088202
15.444194
23.074722
16.867998
23.624481
17.29881
33.951214
33.494835
38.89607
33.283264
34.975548
20.460436
16.758577
24.168413
32.802433
20.11345
37.19481
26.581387
40.808586
22.248215
37.639896
23.384571
27.937918
24.470486
38.521954
37.38716
38.899376
31.308514
15.134744
17.904778
26.370071
15.378826
19.35931
26.723537
20.162928
31.113417
29.464296
35.87861
35.93737
20.564716
33.24021
30.32322
16.96305
33.627045
25.060677
20.042604
38.69085
25.648016
15.114151
38.458447
39.44202
21.850561
15.012472
27.072813
33.395443
36.24611
32.257977
32.21667
30.23463
32.791615
38.63883
28.496521
21.310274
38.428013
38.52262
17.073742
26.980719
15.334794
24.231113
15.264761
23.911938
15.2453165
15.204489
31.116125
26.55021
39.98963
27.501268
22.587145
19.72482
27.566404
36.33053
33.76373
39.394756
39.99275
22.775873
36.13058
31.922554
35.94063
36.646057
29.344927
22.940006
37.740665
16.475012
33.18347
32.86466
30.718956
29.09443
32.375286
39.432617
23.029898
36.914986
28.88688
40.23239
30.157593
17.077568
33.891617
28.156008
34.080826
28.973936
30.134335
31.927952
32.731277
23.28644
30.692858
18.42897
36.821976
26.65946
40.241726
15.401013
16.382679
39.390564
29.839418
30.30118
36.411217
21.117247
29.988928
21.566706
31.934528
19.375568
25.26247
34.359653
29.470459
40.11983
31.1347
33.97909
28.391048
19.81789
27.834814
36.560246
36.01044
25.574509
21.006384
26.42418
16.355198
24.885666
28.754845
22.49823
40.522106
38.08947
27.266024
28.59659
38.288353
40.354893
16.595179
22.03202
16.211191
24.137243
30.454422
16.023863
18.838943
33.429893
18.867548
15.674115
30.852566
25.854462
28.414719
24.902536
16.966616
29.657187
15.455461
34.66331
23.24087
30.017078
35.19705
15.010017
30.088503
34.721783
19.76623
33.132248
15.714047
37.230038
27.545849
24.35633
40.974148
27.414991
31.953943
27.284369
26.7263
28.87048
40.571342
21.739782
16.615643
16.562826
17.06489
40.994328
19.94705
35.823578
22.706831
39.870636
16.799559
31.204004
15.45706
27.745932
24.862474
25.550018
28.553274
34.22683
30.607204
23.806673
31.345238
23.321646
24.356153
32.524193
34.712788
37.305824
23.569813
36.812878
27.823275
36.15779
17.245401
27.582224
22.212599
40.436604
34.70518
27.29985
25.215101
20.779417
20.249878
16.21881
39.620983
29.815975
39.162354
25.047209
20.106022
26.228956
40.368973
30.37199
19.456827
37.9331
26.70088
31.799059
20.905897
19.902735
29.144604
22.734898
36.994297
26.046463
24.731272
38.010143
34.295715
37.709354
18.785921
17.133543
17.064236
17.87722
35.14313
19.865042
25.409174
17.964062
22.632545
17.009703
32.953796
27.183075
16.647581
19.859505
37.100807
34.933113
16.932833
38.547974
34.00595
30.37669
24.860561
30.732996
36.1522
16.44227
15.413802
17.486055
29.020334
33.85272
30.853497
33.04149
22.76792
38.46339
20.61922
21.147327
17.057095
32.18753
37.397953
23.159573
36.21263
34.093277
32.492462
33.73476
29.745226
23.875668
26.630825
31.000952
33.941048
22.838774
15.180664
19.425266
31.696995
23.767105
33.366623
29.246403
18.07223
22.622211
15.536768
38.30352
30.13
17.869396
20.783398
32.368217
35.5598
35.42125
35.296
40.674294
23.298447
20.678719
21.708906
40.24023
22.909653
35.95717
19.403349
37.792442
21.835182
37.70395
27.233555
33.622482
18.796717
29.345715
17.468603
27.549517
19.606058
28.347775
20.876675
27.30957
26.432304
16.124502
35.82552
22.15611
31.17818
22.808905
17.03272
37.231766
36.03366
21.571081
40.171684
37.359013
33.50363
33.169514
20.92393
32.297943
22.247236
40.725708
29.265623
39.232193
19.920189
29.331863
15.7860155
26.269417
23.877247
17.0329
28.657707
33.08072
17.070631
22.968292
37.513454
29.453682
29.771126
31.01583
15.931466
17.496643
25.84219
23.14853
39.49094
28.50721
25.213352
23.897596
29.431814
27.105917
35.9277
23.80845
36.837532
39.13628
39.679314
25.583483
16.956789
26.045444
36.11001
33.724342
37.790123
22.984972
17.30068
16.918226
27.38935
18.709251
26.871237
36.156708
30.452717
38.499325
39.893906
18.632383
28.74581
22.802927
22.42841
31.82768
39.638134
40.056793
34.903397
17.891827
20.617437
24.245327
35.797054
39.39615
15.028682
20.149977
31.110918
25.86448
23.481833
39.95664
20.984295
38.0946
20.382353
25.913786
29.462807
20.218304
27.860605
31.07187
38.913067
25.69177
30.01112
29.785011
18.866518
26.96463
18.79992
39.618793
36.178925
33.445175
23.257896
30.583426
23.30813
30.560898
15.650498
18.199448
36.24109
24.20757
34.198704
39.803444
21.142302
31.68684
21.623611
24.714249
15.149231
22.351376
28.29663
30.40543
25.906301
32.60821
18.099634
30.667742
40.40763
24.675213
30.234123
35.895687
26.509638
22.542076
15.165733
28.0951
36.07817
27.956501
23.650211
21.984215
37.150856
15.937787
20.359232
34.648403
25.723831
21.314272
34.009167
17.609291
19.81309
21.087627
28.09324
18.88178
21.294165
32.046207
32.32722
36.61792
20.689875
30.981268
34.74109
34.274452
32.554386
34.104004
31.983877
29.891249
36.392876
30.818037
38.856144
25.030762
28.15957
28.871069
29.344349
36.203976
16.292978
23.091097
18.50355
21.196245
23.975584
16.406702
17.419767
30.60684
23.846415
25.657593
40.18049
17.1288
38.748253
23.820707
22.291628
15.6212435
40.257404
30.7088
36.301495
29.864017
27.722385
25.942617
40.527103
23.035067
18.32892
23.05439
16.725395
34.41375
15.312176
15.949494
22.311758
38.588737
20.853132
32.634815
30.300434
25.536964
30.424562
22.116434
25.526234
24.340631
24.393064
20.67594
30.904167
20.021944
26.5371
29.353807
22.493467
38.000862
15.807076
29.399902
16.954638
28.01891
27.131916
30.695305
17.623001
39.02249
27.367691
17.706356
39.86946
28.462122
15.587307
24.400852
22.678951
17.739273
22.82634
33.738087
21.449327
16.120514
31.128538
38.838455
40.898205
24.338957
21.275612
29.745094
28.662516
38.315937
28.939405
39.809044
35.68537
18.961237
20.160532
35.1612
22.80696
15.848065
31.036142
23.478352
22.111126
16.709377
39.290455
32.307255
30.526447
33.165024
35.005196
32.57995
35.940407
19.864609
16.203146
29.634966
26.657522
21.318817
38.206474
22.053421
27.417124
16.09236
17.732569
27.925463
21.383604
25.74461
21.543596
26.781807
19.53188
15.9293375
17.132002
23.356632
18.672949
21.402903
29.402742
24.592346
18.999285
31.340586
26.603994
15.85328
39.476982
38.323715
20.861626
38.184586
32.67144
33.63554
29.588753
23.634201
19.665552
15.091791
31.77017
38.149918
28.614136
39.532158
21.662512
33.37021
23.17571
26.311903
23.804468
21.746622
25.572319
38.65816
33.39745
29.867191
21.350536
28.593336
25.095552
24.594446
33.05143
28.278519
15.034726
21.68825
29.944593
18.092587
29.53457
36.95282
38.74112
37.538147
15.322171
37.628983
23.772581
17.153357
38.35591
36.746742
38.507973
30.008953
27.368235
23.460007
17.477718
16.082903
36.099834
20.004404
32.68371
21.830246
24.863714
16.85071
31.396471
28.603798
37.556202
19.870646
22.875538
31.231619
16.52285
22.888384
31.99612
36.02016
36.790836
33.86024
24.025133
27.72731
31.09535
33.106724
20.8618
17.637453
33.856087
19.515148
34.942833
29.771162
29.800884
39.437813
36.70951
37.47484
35.28715
21.129728
21.043634
38.161194
35.537643
31.001617
23.401724
25.809244
34.98576
28.708038
21.511518
18.982891
20.716496
20.14707
17.442081
18.590132
40.5927
34.817226
31.618692
26.38022
38.072327
20.658812
22.925806
38.26406
34.95085
33.501133
19.426298
15.94351
19.304102
37.543636
40.42235
28.048103
28.760181
23.91809
26.593155
24.003178
24.895245
30.310707
20.766878
24.191177
29.026375
35.867077
23.519087
16.618418
18.96585
26.159626
15.237086
29.262356
40.404556
18.866215
27.54942
18.549908
17.508358
19.990385
20.092009
18.00521
15.039757
40.947685
37.4672
21.005566
34.858162
32.64929
33.949284
19.79728
37.00561
27.833181
19.999683
31.448454
39.750813
29.3249
20.977509
20.253662
19.942913
21.65386
34.565666
37.25588
34.817314
30.50806
25.380209
29.01388
22.999552
20.878958
16.990244
25.51875
15.869072
26.430092
39.148003
17.251003
34.673397
29.617064
23.413525
25.770245
15.824116
40.393173
37.55551
32.94214
30.6597
40.954144
26.119879
18.932892
28.626091
16.907013
31.379583
28.439337
26.3046
23.49237
23.51427
30.273058
31.007624
23.045849
17.31539
33.37996
32.766224
38.753807
36.97228
28.651978
40.449596
35.93986
26.56698
38.475616
40.485035
25.61305
15.790292
40.86233
24.187931
25.81503
36.08881
28.218668
30.064932
16.422846
15.962537
38.339478
26.619387
36.495525
33.454853
35.04543
17.166662
21.996756
37.011406
18.036367
30.95801
23.78269
38.831818
15.99507
40.51515
25.112959
25.597723
29.751211
39.493713
24.62466
24.033094
35.403336
34.622272
34.703228
15.137457
38.69699
31.30463
40.490707
39.12989
21.670084
29.326637
29.391136
39.151485
38.601837
34.77473
38.86434
31.596233
36.63978
32.751965
15.543597
34.57495
31.129356
38.768326
15.2692795
19.464334
26.63392
26.785582
15.499738
35.752754
39.90796
18.812986
38.74227
38.466873
32.674553
16.678652
16.141235
30.347794
21.95829
23.142435
28.166931
17.642803
23.937841
30.869648
18.468122
24.888472
39.807747
35.951004
27.382559
30.38321
32.97684
25.632656
23.344166
16.18205
24.08123
17.711195
37.482067
22.393805
29.752472
19.652088
29.075848
39.32041
22.857143
34.905907
31.213049
22.550602
18.011799
36.12533
18.989042
27.504793
20.577703
34.026905
26.896074
29.125336
38.05266
34.494926
27.667425
31.416046
27.802643
17.191097
27.774231
18.357212
26.41372
20.411804
17.016691
26.357004
31.59537
31.226149
29.208027
34.847527
35.52895
35.031193
27.818644
23.893486
26.830606
38.577034
16.629688
17.75371
22.885744
17.24271
38.939213
15.220542
17.212637
30.885077
39.67091
37.25939
37.72554
32.936222
38.854454
33.980465
37.29316
24.59103
38.37813
36.29702
27.82616
19.905045
40.658634
34.759163
19.277836
26.413765
39.92943
24.999609
29.404871
23.488022
38.218403
17.987417
36.910637
37.05614
24.766989
17.858166
27.681227
32.55206
37.637157
32.473625
35.224945
37.98961
15.55938
24.061384
30.138754
39.916695
18.69366
31.294577
33.450615
16.669106
38.90753
17.99414
17.024588
21.822212
25.418938
31.27082
26.8659
40.02981
32.208588
31.371367
38.126045
31.542933
19.475576
18.75318
15.883472
28.617348
34.59162
20.983868
29.363253
36.747185
20.50343
38.94701
25.159441
34.202915
19.339375
30.53263
21.236897
20.705564
24.09582
28.500704
34.01455
36.235046
31.709951
27.528208
39.67011
15.948984
26.570309
23.585089
31.956547
20.979395
28.572645
24.731716
20.283588
31.478167
24.19807
30.190178
29.592834
21.698261
18.771902
36.114033
37.643032
23.126057
17.055952
19.865934
17.722412
38.721317
17.633484
21.809738
39.51788
37.17475
28.165281
26.633549
29.896236
24.759134
37.526928
35.04237
24.690529
39.828526
25.08147
15.293807
28.234997
23.311077
30.898335
36.497555
23.354961
17.644485
27.5985
29.859127
40.79342
34.519127
20.687536
18.120588
25.643972
30.52244
15.732315
19.33581
23.260138
21.31917
35.543762
18.814999
36.32395
35.355515
38.647243
18.583073
16.282188
33.241352
19.75379
37.01868
24.196371
32.943123
21.689438
16.475426
32.203217
15.711043
24.296732
33.634163
35.24496
31.267809
23.19146
20.094957
21.504438
23.201954
29.93941
17.289564
17.067717
26.737555
35.212025
24.180098
15.737405
27.093012
33.7865
28.406775
26.632715
29.495098
40.87502
17.557392
30.23768
23.580532
23.199415
27.05349
17.89689
35.395836
33.47178
34.78289
18.408445
35.497227
39.498035
34.05559
24.326746
35.755856
20.990791
33.719696
19.863115
24.389668
20.359339
23.346476
23.860138
32.471703
20.238775
36.278206
27.216026
21.70571
26.326998
32.029896
28.34814
32.61336
25.217289
40.045662
38.81027
40.443478
33.345997
25.132832
36.01609
29.09212
18.918879
21.031548
17.171696
37.113453
39.736324
20.525038
37.982853
32.50479
26.206846
16.255356
25.478209
18.365246
20.519835
23.981726
16.377373
17.75591
29.94271
21.40338
40.83335
29.130583
22.514313
32.86604
34.091583
19.559425
21.025389
17.280985
15.633297
25.634119
24.108812
35.407825
28.70874
19.421482
17.506205
29.287016
36.81628
33.12358
22.134329
17.055265
21.646212
27.205858
24.44375
26.636835
23.28353
32.67086
34.743877
17.875988
30.05182
38.88358
16.662693
20.560593
20.28078
15.895566
27.716034
31.484142
15.492798
26.56832
33.080555
25.203272
24.029419
28.962656
38.09599
36.470043
27.976381
19.439123
35.76658
19.453093
18.396322
33.705647
21.588198
15.808968
34.341156
28.652025
25.396671
28.424797
27.891455
18.227013
22.614685
34.2256
18.558176
17.84211
27.268566
33.824436
23.78229
15.827328
24.453054
33.99076
37.980957
23.317612
36.541206
26.922163
20.614115
35.614685
39.368263
30.126934
30.083353
40.54756
17.86244
30.359636
30.925276
18.645992
17.15225
40.499176
28.724443
28.04462
35.049088
25.51857
20.446444
17.951687
40.985462
28.76795
25.47943
22.244556
20.983425
40.67701
38.572937
27.295427
38.03432
40.680485
18.07566
25.484053
30.39019
37.6799
29.399199
34.02035
32.698753
18.677181
40.47281
37.678295
30.658102
21.350464
31.104433
19.833427
26.92376
34.289635
27.626276
36.79998
34.37004
22.369034
21.978548
29.879475
28.489176
20.306873
24.47289
31.761261
31.705877
26.845818
29.877386
20.95645
26.69162
15.186327
33.177956
31.80022
19.382067
36.31422
36.396343
38.223488
33.332726
40.686115
21.18272
16.97342
39.29203
32.37123
19.551449
28.253345
27.427708
40.19521
21.091305
26.856083
16.511423
16.691507
17.256939
32.78073
38.54833
25.73804
25.936205
23.051495
24.832312
17.641645
22.388407
31.99814
38.21432
16.130096
39.86136
19.611158
28.49037
39.22125
20.720592
38.750748
17.247355
31.261093
26.761906
19.967289
27.249105
38.55733
21.528852
37.481884
35.501556
23.982265
25.919655
33.479195
30.505222
24.678648
15.143412
18.280697
36.884712
27.574348
34.173367
35.1951
20.579159
39.796467
32.245415
24.883558
35.084164
23.27281
40.662857
24.931011
19.854862
24.818394
18.193874
37.98076
33.911488
26.826897
34.68604
36.268147
18.932878
19.321789
22.172562
15.680056
40.68
15.56906
21.707935
30.570501
23.460802
34.713333
37.445908
29.478662
17.529175
25.971306
37.060734
33.624126
15.805166
37.80132
31.512962
24.595207
38.11001
30.165066
23.37393
20.999674
24.228819
20.507227
35.44852
40.01325
39.54542
38.40112
16.273664
26.739765
30.73785
33.943134
38.2204
40.087887
22.07976
22.926136
23.390255
20.472765
27.262154
19.581554
36.272026
24.067087
21.331394
19.252434
28.213041
40.55448
16.333652
30.744211
23.159275
20.379175
16.562601
39.297447
36.831573
37.339424
18.926273
40.136383
22.53078
21.038193
22.880657
35.36955
40.102222
31.18309
28.62173
17.653318
40.24062
22.018572
23.784311
30.476711
30.279243
26.276945
39.76518
33.18531
25.882542
29.950754
30.969639
16.934647
35.64943
37.917564
23.774782
15.647998
18.534748
31.989286
18.809355
37.750908
39.20931
25.311571
20.269299
27.964447
34.004333
36.204964
33.419662
39.761574
17.924044
22.517881
22.177704
26.22558
37.360397
36.352592
28.728682
29.997068
33.607063
38.628857
16.494936
27.755493
39.04492
21.3659
28.460526
33.25365
26.95944
32.791904
28.847824
33.308277
21.350481
26.431225
23.449099
31.347155
38.808186
16.173092
26.535267
17.122845
32.553814
20.991459
34.195652
19.025566
29.082394
27.464348
35.20669
19.062347
38.494373
33.53187
21.0842
32.01695
30.566418
21.035797
24.842922
15.564783
37.886845
35.499367
33.168804
35.189327
28.969051
25.334799
37.203426
32.631287
18.156776
23.206694
30.946854
33.299057
33.34782
25.633268
19.404114
34.578728
37.088314
15.073244
21.032347
19.304268
27.427462
19.724796
30.789633
38.78313
20.073145
26.053926
29.143265
31.719936
18.851585
25.673195
40.76433
29.140535
39.2497
35.607735
16.3171
26.991129
19.906675
35.21397
23.745874
27.471783
27.321667
24.05754
31.768589
33.361015
33.757404
16.910334
23.905605
38.597878
17.34491
28.692696
18.303728
19.21019
22.732391
27.665266
24.859722
33.312412
30.271807
21.465975
18.704115
33.343853
23.699417
29.69125
37.97532
35.977673
38.54212
40.63646
29.9957
37.20347
36.069187
30.539192
23.455353
25.970938
24.509426
27.209908
33.016003
25.479374
16.466705
26.288115
18.866604
18.707584
28.99217
19.528145
29.19382
24.100992
34.609295
40.497173
24.274706
22.467531
39.738445
39.85911
26.955587
29.081156
27.43036
38.021572
31.650272
15.751579
18.093498
27.339031
30.67231
34.191113
24.987942
19.293928
20.710222
18.394232
30.659084
22.118362
39.561264
15.942792
38.197105
35.17266
35.858337
24.159544
17.233679
32.06301
18.456451
36.85489
26.925264
24.958944
23.389128
37.046577
32.82266
33.86242
16.86189
36.47931
35.489475
36.683815
24.619072
18.030983
40.007484
20.89609
21.20181
30.164558
17.094772
17.266983
27.109282
23.469337
24.462944
16.710054
15.681804
38.032646
19.252592
30.648901
30.643654
16.892746
16.911543
31.454948
31.675005
35.146027
30.718386
26.49767
33.1266
38.416283
27.304089
23.137142
24.047361
38.341194
18.987448
30.592337
38.064358
18.490854
33.515526
36.03458
17.33604
35.70545
17.888025
22.484137
35.79402
37.224022
17.3451
19.128838
35.195065
17.173414
27.3108
20.53727
21.124302
16.99636
21.109917
29.904982
35.02221
33.219875
39.61377
16.950731
38.552067
26.599913
22.620907
27.370789
24.18124
33.125492
19.741604
35.862816
18.718794
15.625292
30.830355
24.646898
20.733555
20.79194
36.598568
22.139788
34.270916
40.32402
30.93995
25.979425
22.093275
32.583076
21.71401
28.950356
23.788185
20.672638
38.258507
37.52665
21.519886
20.16863
15.73954
34.72745
40.944084
24.865154
32.598362
31.771303
40.86243
39.84707
27.81693
26.618908
38.56234
29.960417
19.499535
37.910015
24.469381
38.324104
17.3558
32.02859
23.733654
37.910946
29.070707
17.071522
17.678205
39.42349
20.260164
20.349545
22.656633
28.699793
25.7361
19.715153
19.79872
34.70659
32.14288
19.49073
28.36706
18.81201
20.67727
37.061188
26.004267
31.477377
21.567085
18.298885
33.019516
31.767262
35.258953
30.90463
25.044802
16.149319
36.85368
38.477097
18.885435
27.94016
38.227924
34.663967
38.195942
39.45079
38.49389
38.10165
22.73166
29.394896
37.974064
17.016476
31.358023
38.445553
31.70602
17.338684
30.74354
31.960684
23.642548
37.971657
32.719276
30.84484
40.175415
27.462269
39.656654
31.274656
27.386343
37.73431
40.89711
23.58765
40.516724
24.775404
28.26122
28.018684
40.548008
35.208874
16.971647
24.165789
35.497513
37.53556
31.943247
40.076763
17.059883
37.496544
26.32551
29.670208
34.56228
28.486292
25.426468
25.83948
21.851715
34.236763
30.703949
31.03524
28.695976
38.096474
27.379183
19.382128
16.554806
15.144625
33.40937
24.457256
27.166044
30.10878
15.050001
30.74307
29.291725
33.59578
39.04433
28.464346
22.182062
37.498886
23.596582
25.028852
31.84065
33.61036
23.717049
33.613525
40.012054
17.44703
31.271446
40.572678
23.963417
22.087547
40.123505
26.292116
27.594538
26.42346
18.128883
18.872786
25.18632
30.64229
16.4202
26.59977
32.185345
32.989323
20.417059
17.537312
18.822727
19.895767
36.301613
34.78777
20.078308
18.414583
35.319355
27.962149
29.526604
15.57114
22.196436
21.232147
38.93886
33.714516
27.209011
29.968443
28.165943
18.246181
37.996655
23.41715
30.78961
18.206348
33.081158
38.126213
40.305252
15.114312
16.233522
29.905684
39.186943
23.18758
33.326244
30.990711
35.086067
38.605625
35.114487
39.773212
26.627756
34.83761
40.508995
24.978052
35.79463
15.219461
15.335163
16.481771
32.725334
26.944155
33.316887
15.106702
15.905736
38.420105
27.08037
33.67056
32.193455
22.556087
19.342289
31.331352
34.891888
15.947122
38.128334
32.839752
28.177792
28.164213
22.86223
19.695791
34.586708
40.391975
20.47209
23.404053
38.97367
22.511559
34.279957
18.031279
23.391777
30.392397
39.372173
28.092554
32.66924
32.63476
16.392263
36.42704
30.11591
30.296156
33.25464
19.171482
26.753094
24.238081
17.146715
21.19941
21.735933
40.64572
39.368465
19.466381
30.225487
16.001616
29.052782
27.586176
37.868042
26.33542
40.61646
28.66029
32.252098
27.925303
21.910976
30.89274
21.23879
27.79266
19.47364
39.84449
39.899506
26.310225
36.024048
34.316597
25.944763
21.034735
31.407248
27.798374
17.991343
34.478825
21.554289
20.17673
35.79003
36.952816
38.71237
30.975006
32.624287
38.83557
26.191023
25.77448
35.49041
16.67468
32.177315
39.668934
22.38287
28.36963
39.792343
33.61244
22.033604
30.357742
38.49272
33.34281
31.792229
18.20113
33.165146
22.197935
39.984303
37.263924
33.81853
22.589397
32.04781
18.272562
32.647545
36.157696
19.023293
35.467968
24.42286
35.705498
20.561125
18.786884
26.6577
36.89021
30.50961
26.050741
15.806808
22.354397
31.36062
18.493889
26.873154
29.48236
26.354868
29.129055
40.22933
17.293373
32.886684
24.426409
15.204715
32.116962
27.998753
31.573633
29.046152
29.642815
34.219913
36.18791
34.22897
32.69762
23.774786
38.766727
24.776884
39.673542
25.281633
34.39302
35.24345
31.91763
35.455414
19.250978
38.314293
23.588882
33.045815
25.362625
40.608593
18.499367
15.265461
31.62107
33.189896
37.27804
36.30136
18.674976
39.540436
40.8308
21.153065
23.509752
31.309855
32.517365
34.00391
28.674498
31.018253
25.72563
32.607082
21.019775
29.0753
21.596039
22.756147
15.539755
35.97107
15.533687
23.81009
29.453318
17.301098
16.842777
35.455746
26.012226
37.40719
19.328074
33.41601
38.690464
40.84714
36.030094
35.64995
20.387375
21.65078
32.39567
28.741447
39.068275
32.376232
29.13268
40.635895
22.869629
40.34958
30.757557
18.659744
38.11206
19.152632
30.416487
20.84573
16.892805
37.417763
39.945877
17.986912
22.970364
34.29528
40.33504
39.55557
27.507559
23.578077
19.763756
18.648409
27.905247
32.399834
32.2096
37.45738
33.43741
17.667265
15.254819
25.41587
30.689447
37.94351
17.16965
25.132826
33.9049
38.368862
16.60884
38.50286
32.26195
33.386837
29.330372
22.96818
29.829475
20.537434
17.230137
27.808678
30.493542
36.386406
29.683598
30.549305
23.498613
30.778282
37.695232
28.099314
21.41392
16.032564
19.678814
28.07583
17.313793
19.446735
19.82636
22.914587
37.75191
32.52627
37.970825
18.833542
24.712852
16.731037
21.6074
19.490551
33.140358
29.209076
32.31057
24.264053
34.8703
22.98293
32.16875
21.486223
24.837242
38.3603
21.055723
27.670853
35.277138
19.959959
32.567753
28.803684
30.314606
34.6755
29.277573
25.100742
20.801785
16.143614
24.591206
18.290644
15.566844
28.840275
18.940807
36.439766
28.333605
19.79731
16.306545
21.614489
27.489899
38.11347
39.132725
40.26268
34.610672
21.928318
37.588223
33.096935
39.182957
19.333818
22.818443
36.47502
29.333288
25.817678
31.345896
32.798286
31.524187
38.264156
15.098678
31.28683
36.164833
36.282177
18.680933
26.640402
34.87209
19.687181
38.446644
31.557133
16.721502
32.332424
32.697845
37.85741
17.244013
15.166868
28.900642
38.048172
15.152501
31.391148
24.19718
16.56328
31.823425
33.88962
23.688917
33.628525
23.412258
21.735683
26.976458
30.725212
29.147453
22.499172
33.26329
20.964113
15.826213
40.32881
18.965683
16.33205
19.82631
40.33933
25.2182
40.736202
36.051754
29.70194
39.924034
35.04664
32.146122
33.018627
38.071686
29.92545
18.035841
24.05472
40.92425
18.131294
17.406769
17.710928
33.38483
36.20102
17.070925
25.23516
39.351334
35.935387
18.34624
18.106054
37.196316
36.95391
25.550667
27.7643
15.642056
32.73412
38.50312
29.424513
36.24858
22.013474
36.527065
34.569485
34.4919
27.207586
18.86876
40.410362
36.98216
17.586243
36.670536
15.590346
39.755974
17.34913
22.680634
15.716286
25.774782
21.4561
32.734497
27.921495
26.770426
31.09209
33.708565
34.59496
17.401808
33.98487
40.126053
20.656054
28.320993
16.443998
27.88524
34.310726
21.194487
37.952396
20.684301
24.094027
32.98518
25.417284
22.632715
17.185707
20.8727
20.775122
23.267859
25.47962
39.07467
34.54555
22.736336
26.694336
18.528688
35.142326
33.25314
35.931553
37.904514
25.274485
22.117773
36.52045
17.738346
40.60899
31.54497
27.730408
38.61567
18.016455
19.358616
32.990948
35.27663
29.184391
16.201097
25.627132
19.277428
20.15789
37.326176
31.8001
29.413677
34.4555
32.272156
18.33668
33.496346
36.80845
39.752995
36.438583
29.268154
20.284239
27.958626
38.880924
32.258167
39.581104
34.12168
30.241278
28.194427
15.617611
37.686413
40.944874
33.22939
29.192142
32.706573
22.4679
16.680117
36.449867
29.202522
36.910244
28.244934
22.170204
18.123867
19.330536
16.730576
18.475668
32.292477
33.730473
40.20857
32.46337
40.24168
31.382156
38.216877
16.473368
29.22098
37.311214
19.132614
21.233393
31.801706
27.180124
40.163868
22.957457
29.49741
38.560406
27.543476
28.626122
28.603958
35.638805
38.454834
39.139236
30.067709
30.77194
27.979597
31.807192
30.60619
33.985332
39.929382
23.734781
36.534233
36.507027
21.808384
16.052021
20.789543
18.732574
35.351036
27.659254
15.505107
24.637287
21.088646
24.179213
15.142018
39.58338
30.221178
23.146633
18.674656
20.713665
17.70515
34.116375
23.61127
34.68017
20.915846
34.333923
23.7365
18.325193
16.501825
40.887486
16.378363
40.113895
38.121983
38.8489
31.730824
33.61171
23.640179
23.81079
22.303972
27.10651
22.049677
26.440464
30.92744
27.59455
17.909506
32.196354
24.898674
30.780916
28.396967
35.190655
15.846165
25.489294
17.215443
31.332325
29.668816
18.932533
22.543781
18.347387
22.51608
40.66465
20.973417
15.048918
33.189568
21.716494
33.951557
25.316994
17.575277
15.4115
31.633585
39.649254
20.75672
35.664562
19.24511
16.855606
31.312586
23.1862
27.063776
22.49606
21.968761
27.945833
36.953327
18.998451
21.252895
21.49217
22.017063
39.04334
26.09083
35.285244
17.385225
26.766136
25.38763
37.063885
25.410463
38.60202
33.552082
20.45401
29.617952
37.186962
26.651901
33.517246
18.64137
37.628704
32.428047
39.74602
30.07329
25.674341
22.74995
18.130503
34.668274
35.826538
33.259533
33.354244
33.659218
24.298393
21.930408
40.919685
34.082306
24.84726
16.059635
39.06122
16.953108
24.990746
29.812954
31.672668
34.896225
23.88355
39.860424
24.157722
39.403095
35.22164
20.867914
25.105936
23.277327
30.940666
17.650871
19.003626
35.024223
22.188406
24.650396
30.808058
36.95093
19.076471
18.05756
20.145023
33.565876
34.054295
21.390495
33.13399
39.50094
35.39891
37.619778
21.401709
16.6271
39.276863
24.041126
40.71424
16.294035
25.110004
40.010498
17.839054
24.696371
19.564837
28.38509
33.742966
27.254162
23.385395
25.054895
16.038334
19.592342
26.50262
39.302876
27.709057
36.213703
38.378544
26.89786
38.57959
27.282179
22.381443
23.80282
36.734287
19.068073
21.138617
25.172153
39.151073
26.553999
34.276234
37.915134
38.182568
27.460184
38.73113
19.51872
15.19935
17.52001
38.90732
27.051397
20.7044
21.221384
19.350407
30.310757
39.53409
34.426907
16.325912
27.931068
22.380554
17.295439
30.71295
28.933043
16.801659
29.750063
18.9626
24.676567
20.12907
17.372093
31.520718
15.468172
17.241539
31.048119
31.07772
18.178513
32.039604
40.95681
18.28344
26.14118
18.639643
16.55449
24.152845
16.332644
20.799236
25.103205
40.288994
15.374163
25.89259
27.982384
22.262325
23.250025
24.873734
34.534786
30.010908
31.80245
36.097015
31.519892
23.964035
34.042076
40.608414
36.38251
26.742083
22.103882
25.57796
32.491684
23.748306
22.28199
16.91258
34.26479
25.743742
32.99276
37.77041
19.663914
18.58419
17.744108
18.691679
36.93642
17.698732
28.230036
15.368043
23.668852
21.602037
40.522808
23.69117
19.233074
35.758183
26.001299
40.65327
34.52586
33.45152
28.13248
19.916216
39.537872
33.970627
20.514112
16.42259
23.735224
32.37412
28.690126
37.291237
34.49663
25.382637
16.166292
36.42134
36.921413
24.529142
29.782194
39.7234
40.2083
30.600006
15.136654
22.701944
17.502382
20.612377
21.11714
26.234098
35.61721
18.09859
39.749817
21.819647
16.361383
19.306364
37.565353
20.322481
40.333652
24.073832
17.466618
36.279854
18.99795
32.601437
39.687954
23.225111
39.609364
22.118042
38.85169
16.151117
32.134537
38.526527
15.356055
39.235798
17.69449
29.51452
23.369783
18.257833
38.255432
39.32884
16.562023
27.749674
23.302572
33.43753
18.36239
26.866716
31.05448
19.641417
34.024345
33.19558
15.410135
28.84725
23.05622
28.281101
39.268158
21.677723
34.687622
22.520802
24.117428
24.36871
29.95509
28.25716
26.87062
40.99222
25.719248
32.392277
23.796888
34.943813
20.46683
19.656065
32.107235
24.846094
15.104405
38.77825
40.255886
34.545486
22.116697
18.246187
30.343168
27.717087
31.440832
34.07451
32.14031
30.743034
29.19894
31.06938
26.203617
38.992622
34.035027
23.439226
29.305563
39.407734
37.218
36.2854
28.982214
18.385178
18.90137
22.500504
29.381544
30.34777
31.970972
33.90857
39.794193
31.10902
34.7658
15.10063
18.258123
25.161547
40.622852
25.350664
29.450861
17.357363
37.675537
18.241167
18.71775
15.098442
20.626152
20.184198
22.53196
37.118984
39.31646
17.89289
25.941702
23.216078
18.83643
19.040056
19.632439
17.873419
22.63969
39.834667
33.116547
17.623152
25.675308
32.053623
16.26026
15.203699
40.89894
28.185337
18.867403
39.09692
21.692545
16.773409
19.361746
26.86582
38.70019
16.792616
34.744537
28.864357
18.37871
15.94629
20.951067
19.353886
32.165257
19.143156
17.489862
18.836077
31.580032
28.093378
24.820396
26.500076
17.81081
30.957767
23.309917
27.082096
36.36699
34.29061
20.807344
30.148445
26.244417
26.135885
27.881866
21.838455
36.708183
39.06811
15.596186
15.441645
15.279168
15.21334
28.31911
37.8338
25.8011
15.842386
27.529467
27.75963
31.568422
33.9975
19.823036
15.224965
35.411255
17.795435
37.406555
38.849396
36.36228
40.54385
24.247498
29.93064
37.071365
19.614798
23.745693
34.18481
19.487312
17.13804
16.302576
30.652147
36.492035
24.008652
35.4861
38.095642
18.151117
34.447525
15.624183
24.370451
33.035572
37.409973
27.60672
33.704777
27.673277
15.506795
21.436077
20.608385
16.60447
19.783863
23.638142
27.212748
31.74426
35.700294
19.030842
39.24723
24.796125
23.952085
31.544281
18.568617
22.313843
25.407084
33.796402
25.186665
29.67536
18.348871
29.950367
37.06626
15.71061
36.47131
33.01462
39.63716
28.016285
37.62206
36.193813
16.905153
26.0941
30.162554
28.158596
38.333904
39.365112
37.99364
40.174526
22.254656
15.841151
22.790071
34.915108
35.46125
34.775436
36.793785
36.4812
37.86095
30.968012
27.635082
22.658913
28.576853
33.567562
30.08233
29.7702
29.7356
34.189785
18.365065
17.605347
28.324472
39.963448
20.771944
24.87355
24.964867
20.71877
15.594209
36.367847
23.224533
17.948835
28.166862
19.612621
18.178802
20.403234
40.754013
27.146942
28.331524
31.214083
34.331375
24.794062
38.719193
38.30823
25.938152
28.277273
35.04726
31.52532
37.202084
38.364555
17.045425
18.339983
34.885643
32.359207
23.879116
33.37746
22.857988
37.200935
31.417326
25.0154
38.766376
38.701622
26.432234
15.280638
39.862476
30.512262
40.394047
38.978313
30.933067
29.30238
21.424835
38.53161
19.091278
17.330368
33.188034
16.36398
23.303724
26.093126
28.015654
40.821735
28.960432
35.065502
28.413193
36.613384
19.538662
29.674894
38.23256
16.53305
24.468365
24.603577
34.266254
31.838985
40.67612
36.271137
34.791447
28.074007
26.966084
23.921612
37.68044
27.343365
25.390577
24.12473
35.094444
19.106464
40.06962
38.69792
18.490479
35.392426
31.537813
15.065489
30.696518
31.015474
27.628706
36.893635
17.148056
24.844658
28.150757
37.474808
36.029488
26.473415
26.165836
26.782064
31.026695
31.738039
29.550217
31.373934
24.672592
38.45006
28.69968
28.402534
40.85524
40.436157
29.734543
28.862463
31.958609
17.520134
37.36699
40.915203
33.31888
25.43509
33.712276
39.63364
33.204594
30.819897
38.757015
36.833447
22.366886
30.432596
20.941849
39.792965
19.356346
16.504366
26.372519
20.610367
26.266054
37.76124
20.542421
26.706749
22.335606
20.056696
19.131432
39.556004
15.938936
37.78692
16.439878
31.107111
30.879084
25.301287
31.323217
15.561769
38.62593
38.374462
31.11208
36.180008
30.158382
33.472206
33.93402
26.608727
25.410286
21.021755
15.097418
19.862879
40.969845
36.188465
31.754646
35.536224
19.645084
38.76405
33.930737
31.078432
40.783432
28.687712
23.18544
20.047476
35.821255
33.449947
28.670689
35.131145
19.439655
34.169914
32.152134
34.42864
38.915703
22.490656
18.682575
23.99307
38.783657
38.602592
18.046703
25.957956
20.758608
37.684105
35.84076
35.70546
16.025469
27.839169
22.107332
15.481536
26.458918
37.2154
21.81467
19.62281
23.115553
39.401966
31.151505
36.132298
16.427172
18.435278
30.602526
36.725883
28.924644
17.781467
34.076332
36.668682
28.034653
19.518055
18.976751
16.73024
19.516985
22.603365
25.040125
40.409687
15.447966
16.600653
22.00525
16.216894
34.306004
19.514963
25.739342
25.242746
26.678083
15.504282
35.31251
30.511597
26.381502
24.142508
23.694891
36.68108
31.38294
19.640316
24.244663
30.539358
33.79743
23.971008
15.961937
38.447025
19.462627
30.201935
18.602509
18.38075
37.109245
19.498098
16.177198
25.557945
34.98625
33.2431
24.106627
31.756546
28.950043
38.51351
19.357857
21.391247
24.489513
38.746418
34.25859
34.167274
21.934381
35.85572
29.366098
28.705103
35.1821
35.281464
16.762358
23.914232
39.67895
39.497337
26.453375
37.09142
31.103897
16.355118
15.169918
25.728554
38.229137
26.310772
18.798447
39.83761
31.76915
33.05547
18.91523
25.234842
23.680517
31.36579
16.453236
19.673754
36.337563
26.09089
15.400536
16.975985
40.284367
39.110466
32.610615
25.381699
34.851486
28.825783
20.29911
31.225672
21.826244
17.28714
15.608134
25.742643
24.578163
39.41461
18.738497
37.31521
25.5667
18.934908
37.58177
39.79981
33.996162
36.635765
16.52829
17.701162
22.533188
24.33023
32.183784
34.91271
33.465034
22.52679
17.096561
19.500425
36.45224
33.217216
18.278702
26.579641
34.117264
33.422615
32.298943
22.719242
26.110943
40.17913
37.03153
40.504898
33.01157
15.498247
33.76446
16.90277
30.43683
26.502716
24.302223
19.887314
15.086608
39.417583
17.942183
34.431732
36.085186
30.386862
28.76052
27.406668
20.954172
35.18985
26.512712
25.192734
21.822887
25.847198
22.63514
31.884544
36.070923
28.835238
22.328651
35.8488
16.497795
23.168186
40.51147
32.09619
35.32773
22.961319
21.548004
19.43668
39.882793
30.254232
36.091763
28.709927
29.595655
21.85179
31.124693
37.51751
36.183514
40.731445
23.33194
37.830685
19.267698
32.169086
23.32014
37.60738
20.498835
39.151543
34.869007
34.124245
26.3353
32.872498
29.400076
33.114384
15.023184
20.14949
35.153225
29.998726
19.038723
18.45323
25.180553
37.50866
34.279736
24.906458
36.199024
35.819866
17.630323
18.088123
15.587288
20.952082
21.173557
22.769627
20.368776
16.63671
26.289822
25.813448
29.892366
34.114063
32.15374
18.380411
35.10344
19.394196
40.730606
17.32045
31.792377
26.400099
40.27364
17.162678
25.014193
27.109295
23.536137
27.474127
40.992035
36.319603
31.438221
34.522503
39.24909
38.98717
31.765507
35.156864
15.4573765
34.219555
35.627617
28.611061
28.548777
23.953976
37.86725
32.53844
38.002544
30.110584
27.385925
33.002144
38.905396
25.582853
31.440426
38.374004
31.37428
25.81202
26.364351
18.135965
29.238657
26.889671
33.882057
29.431541
26.498154
21.142458
33.207714
30.880728
29.003237
21.975067
28.459988
30.650461
39.05058
30.382435
40.57341
24.063564
32.141464
19.989395
22.850208
39.132782
20.020731
19.735762
27.571894
16.322401
18.295427
25.397081
25.677742
35.568558
40.426365
21.016066
34.417694
33.130306
30.692566
19.016996
37.1001
31.197037
18.847635
33.285122
30.580118
40.343876
38.618732
22.815388
29.972452
26.905176
22.94299
32.669533
24.222597
36.127254
20.89289
25.92794
34.633457
27.56504
24.611153
27.082306
35.21983
31.603304
37.257446
23.887522
30.850946
27.21165
22.963306
21.075905
28.54174
21.083515
35.09828
39.534176
32.966427
17.162842
25.769514
22.553343
15.293289
23.228224
29.408566
26.583944
32.777508
23.682726
36.54344
21.563847
15.19928
20.988688
26.410425
31.333044
17.1973
32.290268
18.92946
33.90971
22.823135
24.682568
29.748478
32.474
24.229862
26.314585
24.556164
22.790838
22.308762
21.05442
32.669357
29.500265
25.300743
35.798496
27.020384
38.213585
23.934544
19.672718
36.101246
20.67592
26.481693
21.35192
25.16578
36.39045
24.26854
24.514996
35.047504
38.04698
33.64861
22.056648
23.320013
17.85715
32.213924
25.092651
26.20844
23.47091
27.111753
15.024084
22.654629
37.533688
23.733765
29.967001
18.245304
38.14086
19.757332
32.707485
34.331673
36.45595
32.54418
16.008116
32.60054
30.581266
19.239502
24.5703
27.601114
23.40439
18.564936
37.24804
37.288395
32.591267
33.261837
22.212133
18.513123
23.15636
20.416552
15.679895
22.5699
21.112602
29.48734
29.553925
17.409304
20.588696
38.753
16.854525
17.926348
16.498493
28.116066
28.183887
27.856907
32.357044
39.718994
25.626123
38.245262
32.160088
17.66939
26.465786
36.190098
28.378572
32.321026
37.89853
31.632975
17.067047
15.020026
35.511086
15.322336
29.844543
24.001131
16.723661
37.76785
17.078789
25.206825
17.616575
24.993956
40.989407
29.202461
21.603695
18.208199
33.583015
27.073421
15.2690115
29.118969
24.342878
26.215784
20.348543
22.569014
26.41804
39.2698
25.31831
19.395184
31.691654
24.095892
17.340195
34.981483
20.55548
15.655835
21.420914
26.841696
37.477245
17.937038
20.555473
21.749453
22.519909
27.645891
40.354847
25.427792
15.85656
33.296432
26.198784
31.616823
31.021994
27.53349
20.308035
24.457369
29.151756
25.054886
24.296404
24.559975
16.781704
27.335163
21.741467
28.872898
23.915934
26.503635
35.10389
21.519297
39.018135
26.192547
37.92873
21.143
25.34125
40.946438
36.678154
29.983839
22.582542
39.87173
38.77352
20.897717
23.235987
32.605976
40.46578
38.843193
26.211102
20.398996
40.00665
24.975515
19.297167
16.123672
32.259113
18.420654
18.873999
32.371937
22.36414
27.046095
35.905243
16.44191
22.371763
24.101688
33.697388
18.985085
25.847967
36.47308
23.167475
15.35779
39.384975
40.47184
15.434791
31.30906
22.671
22.58061
23.436495
33.537464
38.316517
15.3780775
35.964504
32.86232
36.987698
28.987972
23.030676
35.28008
38.563587
19.827658
24.789557
36.0146
24.012156
33.176235
19.382837
25.820429
33.471386
34.138596
40.016792
33.261036
15.625037
16.951046
32.343857
15.459379
25.878794
37.25578
31.791666
24.906124
32.070942
17.965576
28.867756
25.311083
30.492832
16.64678
32.665257
35.196507
19.847815
16.967728
22.804815
29.956106
20.443401
16.691456
25.87012
15.441672
30.38992
15.935643
20.029282
24.789488
35.86989
37.97939
22.981499
33.16165
28.64596
18.765581
31.628242
22.352814
28.891182
22.429216
30.940487
34.800728
27.153904
22.676222
20.378204
22.439358
39.810696
35.64392
36.915688
36.046276
25.714071
30.99346
16.235971
33.261353
31.907927
36.41615
15.979928
40.291744
23.26205
26.479773
19.07035
19.468472
18.668112
33.797634
25.078615
32.28288
37.043015
32.87218
15.361281
23.306555
31.801586
34.646732
37.266262
36.48624
18.688986
34.79292
26.092924
35.705666
30.904354
23.068197
34.68779
28.21905
31.300611
26.696804
31.567278
32.586517
18.111462
37.659233
27.281113
38.07947
18.135033
26.019476
15.364909
26.174374
29.59474
28.975853
34.67762
16.716373
34.001373
22.190434
38.179317
39.60942
20.256456
18.133677
23.277092
21.47762
22.965462
21.675064
24.751535
23.642748
28.470463
17.957159
30.973621
18.975962
26.465298
17.709618
19.631508
26.706924
26.222391
16.591362
16.509083
34.111607
22.438845
31.893267
35.99281
26.150316
36.500443
17.990301
16.93074
30.590498
32.56574
17.30128
32.227272
30.924114
40.288387
36.195953
33.129547
32.477413
23.22443
17.283358
37.546097
32.51123
34.01224
24.821959
31.935682
40.822872
16.266338
18.61124
38.31396
37.38603
32.79231
15.65612
17.747921
33.903008
26.208612
36.13959
23.34278
30.794056
29.352024
18.795727
29.173351
34.111366
18.946999
36.644276
20.871548
40.140728
28.935263
23.229765
26.654064
23.041792
15.590446
18.002056
18.458977
30.778135
27.083605
27.282122
33.557316
38.80139
29.51895
20.375767
27.515362
23.478941
37.62517
34.82978
15.70577
16.092655
25.266237
34.569084
40.700314
23.386509
24.726545
37.71013
30.82436
28.103827
16.32885
39.214874
26.912907
32.730267
15.359394
37.231396
15.88034
35.74655
35.503174
40.96124
37.10077
36.0954
25.033306
34.20032
16.793089
24.279879
29.851974
24.319313
32.61473
35.53594
34.146427
27.381075
33.490223
35.85967
24.902044
36.336845
16.335566
37.320263
24.80548
40.79954
37.7866
29.052513
25.174448
39.76167
39.299362
28.598156
16.46666
24.806973
26.062717
22.85314
34.64901
32.85909
26.048157
40.778393
19.249073
28.317137
27.219196
27.244473
15.264543
30.547276
18.432304
38.905975
38.272175
32.13096
18.883724
22.839325
24.056423
28.014692
40.091232
32.82809
34.86885
35.762775
23.34721
24.64283
22.033047
22.483671
38.339085
32.437767
17.02565
34.682217
37.205578
37.47466
24.39274
19.284136
28.681828
21.784418
21.901758
25.385815
27.183836
29.090107
20.182693
32.901596
27.6924
29.34022
19.778282
26.212378
23.11894
27.539062
32.001465
22.16344
16.470457
40.21147
35.289375
30.316212
33.578053
39.801983
16.84664
17.227577
27.413273
22.583931
34.2868
21.712234
36.088734
15.241897
17.709175
26.537537
37.524345
35.191254
15.18947
35.80704
40.457615
31.911516
20.016027
20.408043
33.986317
25.095541
22.169537
18.330025
22.154167
32.25451
39.522602
34.40516
26.224703
23.569096
38.026592
23.078539
23.236078
27.23999
38.756596
26.185034
19.189049
24.36644
33.101543
21.39126
22.792809
30.469324
29.614786
35.95534
21.078056
31.175644
37.081722
32.763714
17.383924
30.29426
24.21435
37.223454
35.235237
39.53804
29.048792
18.520123
30.448717
28.485495
22.60026
40.995438
18.44166
37.0254
19.621012
26.955542
36.16372
24.490705
24.410307
35.089893
28.33236
33.963585
29.541431
18.862434
23.724646
38.82113
32.099346
22.730747
35.16296
39.49183
39.56356
30.85569
18.529345
15.605732
19.824299
15.083016
23.65309
34.246567
18.986101
40.41017
39.238304
22.852064
30.591478
20.895657
29.133123
23.459051
16.688265
21.024847
28.189295
31.452824
24.767826
30.915495
18.720856
26.755657
19.017303
32.427567
33.142685
16.477219
19.557587
27.23638
28.754623
23.450054
39.379726
15.234567
40.834026
38.786182
25.545996
28.247532
40.209465
34.616234
26.887857
31.978733
39.310444
23.510494
20.911568
30.345245
16.322893
35.731503
19.913227
38.92071
34.52739
24.430899
28.408503
26.071918
39.156788
24.178463
40.898396
21.5569
39.182358
27.799244
28.720806
24.846546
20.32205
26.395092
15.278769
33.238438
32.262085
19.639725
22.289684
34.95068
27.592503
17.961927
29.865938
20.815174
24.279829
33.06931
38.215748
23.933956
39.634663
22.415474
30.544165
29.718761
31.679243
28.676365
25.337631
37.103256
27.5799
37.076847
15.63151
35.39888
30.381474
39.496605
35.088547
36.259506
20.66559
38.684746
19.757208
32.52667
16.951992
30.625366
20.232367
15.346275
27.671768
16.121826
21.606844
31.879452
26.363739
22.005295
36.08078
20.174126
30.3799
36.02349
19.386883
37.320786
39.833153
15.428546
25.293085
17.88487
37.780308
15.558203
30.36013
29.78991
34.70562
27.292484
37.860207
36.31974
40.254814
27.168385
37.303665
17.71465
18.866957
15.148004
28.37445
37.955555
21.461153
16.56092
15.240837
37.761868
28.657415
38.57952
17.186613
39.572937
36.145752
31.736382
22.298859
22.339481
23.764849
39.455673
30.551964
33.32067
30.611406
39.345993
33.043583
28.764132
35.073547
37.089836
21.366697
25.340204
25.066414
23.165436
31.14301
31.508575
17.945333
32.349457
30.596388
20.614414
35.58177
25.974518
26.711086
19.44284
39.909462
39.253345
23.99803
23.204695
29.882933
36.63181
34.183384
28.483223
34.2379
19.095905
15.23723
23.540379
35.702744
20.633259
27.076166
32.563183
21.382559
18.637428
27.002077
28.924608
32.92209
34.94392
22.48049
38.340202
16.751
40.399475
20.215307
17.920706
21.224838
36.391773
38.642807
33.552666
19.797226
37.604443
31.94628
17.783081
37.4936
39.412777
39.4837
17.440834
17.90409
16.798336
15.124348
16.596777
33.67292
37.43614
38.406292
36.145958
23.0339
29.69584
23.655195
26.289677
26.32644
18.698954
20.245884
22.50161
35.62375
24.286753
15.04167
21.181473
25.614567
23.779192
22.712395
26.131285
18.702202
25.74281
31.110714
29.233423
37.919262
16.636147
23.177153
22.266352
23.703823
32.164017
15.9479265
35.66299
26.842491
23.447384
37.15563
28.198387
17.95815
30.703493
18.641327
15.087412
35.804855
38.031273
35.337635
40.779976
36.32968
26.109947
26.935898
24.860239
31.971056
31.14415
20.516575
16.88805
37.98541
32.22678
36.400448
38.764965
25.728668
17.441156
40.26932
21.263786
25.766495
35.48696
30.20836
38.72976
38.446827
36.389877
21.738245
22.643187
30.14062
23.942648
19.13382
30.727362
17.741405
39.92575
23.36699
21.592342
34.211597
25.868692
37.865017
21.52426
39.97319
24.13841
22.94154
29.961489
26.762789
30.479055
26.235973
25.443129
28.205683
20.777937
31.788158
26.371893
38.810905
33.79518
24.478476
20.802673
40.349037
38.87014
31.479742
18.649637
25.646734
17.205433
26.095736
16.198887
30.716732
27.229897
15.902145
38.62037
34.83939
36.754623
34.459305
29.291796
22.721514
39.161636
38.03209
31.179073
15.180596
35.702698
17.730824
21.261776
24.937193
33.13602
37.27814
22.048935
32.04563
39.39168
35.210155
18.599476
17.252834
23.73186
35.7364
19.143341
23.14742
19.959862
34.711483
36.39342
28.34594
29.632395
24.212389
18.94511
29.16042
24.942371
23.06892
21.779377
20.20114
25.964916
35.360767
27.81698
20.190784
26.297169
18.373198
16.715485
29.900993
36.772858
23.794397
40.657448
31.569427
18.895487
31.040993
17.7473
37.41544
15.909395
37.514317
29.815994
28.944508
20.015837
15.318463
30.926748
22.616482
29.141603
27.512232
29.681778
21.149933
17.880606
25.320553
20.549065
31.244621
34.75426
26.897017
18.859863
35.826405
27.774324
36.20761
28.871801
24.053675
22.442347
33.39686
36.34901
21.271618
30.782656
15.600934
22.479952
17.860477
28.781298
27.588554
38.635143
30.496117
18.69118
30.838715
15.461249
19.72606
22.064075
19.705557
25.114506
35.961426
37.08303
28.174057
38.055717
15.99486
19.794134
24.376295
29.760609
29.976988
21.174446
18.516533
19.943516
24.418516
28.62333
25.144392
25.449005
32.232475
31.427292
32.81891
27.835163
16.090845
27.023823
23.122269
27.853964
22.442036
20.477634
22.710545
29.528187
40.42051
35.483074
36.629757
16.331118
30.57705
37.419407
18.4791
27.094265
34.86799
39.51097
29.169245
23.700115
25.66394
39.982246
31.002022
30.360928
29.67338
31.24812
35.58895
25.341381
30.623627
25.642567
22.729475
24.351871
34.301624
25.96445
34.78586
18.521011
39.129135
29.206886
19.320179
38.84996
16.831684
20.237095
33.799873
39.357883
18.957996
34.906563
24.031794
18.746964
30.016256
21.096672
28.650806
27.347044
32.815933
39.542896
27.467375
32.344105
24.238594
21.931013
33.769707
25.853432
20.108429
15.721727
21.779465
35.26747
38.092968
15.435399
40.376102
17.49
37.636738
24.716585
38.93339
26.162373
33.81536
36.39837
30.652739
25.794302
21.694895
32.999424
31.131346
32.830666
29.290934
25.612148
25.06938
29.117596
38.544292
32.97802
15.998761
23.97515
40.864845
40.696808
16.707188
19.140545
20.74237
34.97912
31.634615
30.21509
33.682976
20.12714
16.935297
22.929558
21.302017
24.016352
25.12716
36.5369
30.789114
29.25138
27.291122
17.947851
22.15819
33.382008
38.63669
20.844086
18.705187
25.590815
18.915955
39.935272
29.918388
25.601736
23.646868
25.770475
21.721079
33.209316
33.39743
36.070984
28.37346
31.791199
24.486216
27.420847
21.620605
36.44191
31.370413
36.333
39.74539
18.953796
22.721289
21.202953
30.07022
27.771397
31.727861
26.468761
33.14855
27.258463
40.52313
23.415068
29.396978
27.14211
24.793253
30.490646
23.241032
33.836655
15.608536
31.753061
23.98237
26.499878
33.30611
33.110634
32.542618
20.137548
32.85775
20.401123
34.998554
27.847239
25.57221
29.028093
39.39591
24.380531
22.210068
25.870146
33.713543
37.60297
15.630003
24.48478
40.047234
19.144058
40.938984
22.247845
23.091959
16.555025
15.784866
31.001114
21.823856
32.629898
28.908407
19.024717
15.917841
25.195887
33.36269
19.707794
40.884052
28.64189
37.911533
15.159827
28.16614
30.729446
24.034399
19.186815
32.51664
28.8182
18.6939
21.550552
30.84942
18.538454
32.562954
26.235933
28.466513
31.156225
23.762222
32.570316
18.066349
17.401602
30.324406
29.470675
32.26272
39.369125
26.580557
15.838358
17.478523
18.249289
31.45455
36.177917
32.025673
30.113106
20.255348
21.885654
31.942211
32.747177
35.972775
25.335125
38.73007
29.624472
25.310944
27.880993
37.52156
24.496525
30.734613
16.209297
18.400032
35.805553
32.657112
20.081297
39.60984
24.140455
25.564632
32.449696
35.213078
22.29853
18.350142
20.170263
39.38527
18.165117
30.42114
34.08839
18.98947
33.586254
17.2491
27.149364
29.328024
39.684902
15.944351
26.362732
33.043488
22.659075
15.168762
34.945274
39.02493
38.000694
36.239513
40.77376
26.873217
25.286814
23.630844
32.397797
24.988476
20.220293
23.246605
28.294664
40.665398
23.434874
31.815035
28.792341
28.716637
28.729992
16.548113
23.143293
15.091901
26.863575
30.811436
24.601032
19.720135
18.806438
38.966515
32.032852
30.37437
24.4498
25.775951
35.596474
16.743645
19.157824
30.802965
20.314793
37.093655
35.26998
36.090195
25.002277
20.907547
28.68343
28.068817
34.927975
19.72053
27.983486
38.127472
20.8444
28.996773
19.240643
22.56147
16.568174
32.344288
29.55552
19.72641
26.167326
37.623295
30.708475
40.13615
29.99199
20.57579
22.85853
35.97379
38.279194
33.48886
39.136642
18.02519
35.8692
26.101503
19.19123
32.398144
31.68993
23.47449
39.269295
30.55634
24.09767
24.865103
22.254293
40.175682
25.906412
34.78331
35.23243
15.121695
34.9948
34.353207
22.621758
28.450102
27.748766
21.863337
29.674068
28.748798
17.279678
39.96179
38.24724
31.36788
34.35184
39.336666
30.146261
18.125471
24.25991
24.919855
15.043979
29.930542
29.515924
32.66176
20.017958
16.429956
34.137226
30.74692
32.07783
37.265545
16.570774
34.75527
29.707844
22.8179
38.845936
25.720875
40.412193
36.417274
33.416992
29.300066
34.526176
22.917778
38.338272
15.332775
35.144016
24.259777
23.908873
21.965967
35.91469
17.186289
25.730715
29.205147
32.669876
31.632717
18.242685
35.26973
39.37364
34.47531
29.225311
15.450346
37.72125
22.30221
15.514576
35.300915
38.86504
36.66197
23.2201
17.945545
35.207985
21.848001
34.112034
39.040157
19.981163
16.69334
21.522696
30.500916
22.409088
28.078644
22.103079
33.496387
26.66735
26.897457
22.081055
20.397547
25.549839
15.076151
28.287157
20.389593
30.788229
36.912052
25.145548
22.271696
25.304346
37.47176
27.071873
38.605694
26.326342
21.082685
15.276344
27.821898
34.262554
32.054317
18.839567
23.150034
22.502317
31.681805
38.110214
27.315525
29.90082
38.312885
19.967842
15.826144
32.6056
20.800274
15.300775
19.371342
25.095053
32.01509
31.168066
27.366238
31.824797
38.26295
39.546284
19.994629
18.715565
28.422832
27.305939
27.240082
19.866756
35.41989
26.119001
30.341421
17.34261
26.246853
18.368183
23.868769
18.653372
19.1647
21.810196
33.188454
39.641743
19.941788
29.7394
22.469957
23.885227
33.03165
34.70489
16.585327
21.437996
28.443209
38.453186
18.261139
39.761112
20.723074
22.70036
29.665537
40.028023
16.94827
38.581543
33.2475
20.6425
23.91861
35.18246
22.09282
34.769154
36.841476
25.426659
29.32097
17.952017
28.717903
40.773888
31.11948
27.48456
31.367159
32.67912
30.896929
31.094995
29.568268
20.568361
38.733204
32.723457
35.150234
25.206615
16.815258
29.693161
28.028898
28.76486
23.868937
24.41552
20.166763
28.63721
31.73221
22.9195
28.2232
33.115936
39.162384
19.95851
25.265936
25.401217
37.72967
32.223408
19.33078
30.104166
18.221706
37.278175
16.844976
37.395744
21.36843
38.235138
19.970694
26.260841
39.893963
24.899538
26.778591
15.936018
19.911928
31.138659
31.827467
29.5409
40.50286
27.568563
28.204481
24.157488
22.94717
40.301926
16.371489
19.168224
25.534403
24.463322
30.2665
33.532795
24.129227
25.453695
15.0253315
24.865318
18.746944
27.533699
21.417019
40.667686
36.275997
38.19588
19.627548
36.881462
33.182274
20.008688
21.380053
21.039917
19.539743
29.140564
38.54552
20.733374
17.054243
23.610367
40.37672
22.845205
16.881968
34.460693
30.288918
31.072474
19.991533
17.513586
36.714596
34.614307
17.578196
26.143532
32.97533
35.592793
25.611103
36.59046
22.342508
20.765272
37.979233
16.735956
18.499628
28.393585
20.898888
28.978703
30.472363
31.754942
31.255453
27.8706
20.758644
30.71073
21.37432
21.512884
29.869543
15.993754
24.350683
32.361977
27.782677
25.430956
37.51521
30.057657
32.913452
33.18792
28.872236
38.161587
18.125452
34.30298
26.419584
16.282032
27.029755
15.273016
33.143673
20.961119
34.36405
33.25958
35.181015
16.913748
15.595891
21.603098
25.146849
16.732763
37.060402
31.764734
20.954004
32.012814
18.921417
17.559338
28.57979
15.995739
17.035849
24.599821
35.186016
19.303267
22.40474
32.242294
36.756996
36.098064
18.310438
25.002954
35.992672
36.10224
21.467798
23.411882
21.5787
26.302664
16.558407
30.575565
29.152718
30.885374
33.37027
32.33904
19.295656
20.966846
20.431486
39.870235
22.699297
15.027613
30.50486
21.733246
15.296043
26.60424
15.601552
36.073868
40.58409
25.758537
16.275211
18.409887
32.641006
19.118223
27.874214
16.700277
31.39092
25.871193
29.158041
18.861553
29.575415
17.995941
16.224874
24.706213
34.57531
22.223532
23.051035
32.397324
23.740427
28.75195
15.108847
38.944923
37.20666
15.571526
20.508074
19.014122
35.314373
15.410546
15.897078
30.371313
26.689522
24.773
31.96334
31.664183
19.808563
19.315882
19.789043
28.912727
23.440552
18.901266
20.545895
21.082693
19.744547
27.058868
25.054388
26.419477
39.997734
39.307587
16.58626
15.839683
16.939434
28.809992
29.954844
15.609114
23.53842
20.171587
24.41659
18.78022
39.625774
38.847057
35.198032
29.418549
27.282713
18.578613
20.565966
33.516975
19.132627
38.566944
36.274666
25.678083
30.758839
37.66315
36.95242
17.139217
15.354328
16.77045
28.530764
40.521385
31.40697
36.857338
17.173206
29.802294
32.733547
28.509241
28.32638
26.445494
22.498142
27.783642
24.494907
26.36168
32.98519
18.28401
16.132473
19.43492
24.844799
30.830767
34.64493
15.715637
29.287712
17.882914
25.91743
38.063885
34.2795
37.951855
35.00597
20.020555
23.16839
35.649292
39.67484
33.990784
39.3784
29.724028
40.31496
26.443035
19.80914
26.46781
28.44404
37.758896
36.406044
23.208359
31.468136
26.612785
25.999413
26.258007
19.67506
26.317476
26.958023
29.649311
38.533722
37.440372
19.46277
21.2644
25.28945
33.177204
16.278084
15.552715
23.573818
29.463911
40.783657
38.932117
35.288628
40.614117
36.726223
19.181364
31.377066
33.38876
19.66097
17.657188
28.261242
31.836067
19.374361
35.00725
16.703636
25.984234
19.714968
33.200523
34.641186
15.525747
19.206135
39.15956
37.14411
35.00149
32.57409
36.05465
35.067726
23.674398
31.897373
15.407422
25.193819
25.276543
18.46823
28.55228
28.699436
38.120193
24.653837
29.71653
23.644184
18.68255
39.055077
31.005753
40.833366
