15.705425
30.082762
17.918692
32.89266
23.095402
22.70601
24.666416
27.681116
32.466507
28.574774
23.533327
29.272799
28.036676
34.97818
39.79304
32.6533
27.770891
27.172762
17.280027
18.006033
19.15801
35.499287
17.61828
19.004028
39.814945
21.404226
22.321205
16.876713
22.230999
32.99167
17.502275
32.1869
36.396835
27.053717
27.773918
29.231983
37.80661
22.66221
21.062462
25.774143
37.378536
37.351868
37.52991
19.408045
20.208242
32.684666
21.568626
17.290398
35.75093
27.55765
35.922966
40.18437
35.02246
15.000961
27.392286
24.812756
36.71619
31.410355
22.282578
18.367441
33.75147
24.16801
30.799454
21.688583
20.70137
34.427902
38.91306
37.105564
16.791386
16.476643
25.87585
23.222712
32.717384
33.528015
19.53714
36.036324
36.400406
38.069183
35.873627
35.685555
34.97735
20.948835
19.74307
40.868237
17.820871
17.282246
38.768642
20.493694
24.188408
20.945557
19.474358
38.498184
33.219345
20.941319
24.317413
32.91454
37.431072
28.23959
28.101152
24.266169
31.608734
20.833683
32.40271
25.146566
15.0401535
15.696881
33.112366
26.448954
36.416553
17.086252
28.956947
32.126766
15.401343
29.211908
15.967578
23.594168
34.86334
19.674871
28.252392
34.91679
35.0775
30.273928
31.1478
40.796425
37.81532
19.79165
18.84723
25.01942
20.17872
37.19203
38.94415
15.517014
15.2754
37.296894
36.97662
19.47689
37.39024
30.455591
21.023495
18.048742
17.176498
24.982187
35.677715
17.102633
33.572224
30.206635
30.31016
40.227478
15.641327
40.871204
36.437782
22.698
23.345556
32.300713
15.222716
28.491955
25.372654
40.284798
16.654446
38.605556
16.577606
15.932852
18.804937
37.893414
25.338137
23.896917
32.697132
33.45045
18.18211
34.30511
33.789993
26.156628
17.413755
36.507977
18.858765
34.42149
23.147196
16.312347
23.136929
35.39389
18.149939
37.76214
34.98679
27.943432
40.20562
31.722702
24.078485
33.573517
20.324432
36.535168
26.082579
36.09208
28.061285
36.829445
26.219358
20.344416
19.445967
29.219368
35.65828
40.603725
24.586075
22.050652
22.723913
20.318316
24.872799
16.632177
27.140179
30.830557
27.90111
33.453342
16.132452
35.411186
33.710186
16.774975
34.107635
16.493484
26.756454
40.67862
26.845076
34.345444
30.150837
23.168686
40.656647
34.584076
38.123352
20.244358
28.812216
37.914444
27.422451
20.992716
39.677094
30.26707
16.413044
31.702042
29.470898
27.11092
20.006336
23.753803
21.332788
18.135075
25.23624
18.624266
23.465778
31.720842
32.291245
21.71133
40.5333
26.666986
29.117304
34.8995
24.19406
35.48429
40.326412
25.785683
24.686672
37.241726
21.077198
17.31068
19.713299
16.424932
17.837954
33.176186
29.522121
31.55883
38.49929
25.874136
18.051197
31.449612
26.17257
33.415215
19.271692
33.817444
16.192045
33.915504
15.456439
26.819666
40.332733
24.085009
22.000021
40.50534
30.062666
20.359116
39.62963
24.595499
15.767336
37.923775
35.371216
23.149443
35.315784
31.207445
36.473392
15.65598
31.081911
33.547646
26.641947
39.879494
29.591228
39.6872
25.400694
40.39425
36.33246
28.51502
39.16978
30.156372
17.95493
39.03858
18.740475
34.69145
17.066969
27.959908
34.225845
17.51666
21.157055
28.424322
39.27961
39.270008
38.778667
36.52077
39.40087
21.685007
37.071407
26.935007
30.480293
25.027977
32.93509
31.791487
37.393692
27.905836
27.730165
23.167286
32.411915
23.456018
24.246992
18.020947
23.471237
29.846004
36.86802
34.351532
40.936447
35.73859
23.341238
25.2879
16.38911
38.919918
29.389769
39.505478
40.186474
32.640915
37.501637
29.877554
22.061794
37.388718
38.675457
25.59044
28.87483
25.78325
34.641853
38.086533
33.771545
15.085059
18.137074
28.146656
23.475035
15.404087
40.174446
36.18275
29.205065
28.115076
21.94091
28.384315
27.811455
16.213758
32.940056
35.746727
35.106983
16.389074
20.309649
17.206827
17.098362
31.440111
40.86089
34.120968
24.83921
33.332527
39.31819
23.142927
16.966875
33.66771
37.482445
28.193922
18.63527
39.62892
21.597359
37.664143
26.518911
17.572231
27.067656
18.245092
34.8386
31.346043
32.85946
37.86419
34.947147
40.151516
36.407444
23.077887
40.913956
31.297228
15.659851
26.97689
23.760096
40.55492
24.011765
30.166718
33.520943
24.989182
40.308495
19.709152
35.15136
18.112482
35.845222
19.044987
19.438726
33.007893
33.34562
35.865547
29.552088
35.66548
33.271282
20.660442
39.63102
24.194227
24.495527
16.241104
15.905739
15.799959
21.369175
25.924528
21.24038
30.46075
35.51261
23.25886
34.704197
32.08474
20.287558
31.182253
28.800913
24.601366
40.833645
29.328686
22.324291
35.91555
26.798952
20.82916
36.45838
38.94529
20.450417
32.404037
33.703808
20.066765
15.7190695
31.801954
39.486866
21.206959
27.91675
22.713102
32.896034
40.552372
37.355064
35.169342
29.89097
22.383434
20.904007
33.140972
27.541893
18.897684
31.646786
26.549665
17.382662
18.050838
40.219086
18.23938
29.798769
33.4234
26.165058
21.581865
23.521828
22.911406
29.69904
15.340537
34.76505
20.64354
39.631123
23.176374
35.30957
20.94271
25.896317
33.751694
31.939434
24.378853
33.12122
33.77245
15.023323
20.000622
22.968727
34.50693
19.754145
30.68722
23.620447
36.328568
17.582872
26.227575
20.688183
31.652758
25.721
19.212658
39.089893
30.272394
31.236298
26.117674
15.982268
40.54411
37.229504
36.054443
16.711157
33.136913
21.85494
18.590246
16.922714
21.127262
40.535954
21.757963
38.472305
17.109291
17.626434
15.92336
34.574837
22.68626
33.982655
18.528814
30.759302
16.219
25.434875
16.898909
40.621998
15.029402
17.986311
35.271732
37.117004
22.391806
18.717178
40.010788
15.179144
15.592351
22.834635
25.55593
21.843784
23.096153
35.08471
25.087753
33.709515
36.43444
33.830235
24.10837
40.583817
19.80852
38.499218
16.182528
36.458546
31.604727
17.820883
25.936565
34.58112
29.024305
39.29217
31.07867
22.319044
31.854351
27.65517
30.682451
19.7594
22.040821
35.816532
17.266848
37.54173
36.171787
29.602663
31.308907
18.291758
26.238928
24.020023
40.741993
38.205124
16.117516
15.277576
18.720476
22.824339
19.08989
15.729005
28.472984
23.85896
31.434711
30.10507
28.419853
30.017962
32.61403
38.931942
29.896332
40.255066
19.912485
16.8692
27.801708
30.571812
34.517708
21.851599
19.285507
19.579876
26.978256
29.381594
21.185385
31.393253
16.735216
15.094978
35.347435
31.102554
34.995808
25.809927
28.18807
36.077816
26.602154
16.670084
30.89771
39.652866
40.745605
17.705242
39.539978
20.36343
38.38681
23.15857
33.96614
17.842789
22.063917
31.267187
34.943096
23.722961
37.406166
26.833334
32.18411
16.445993
39.117302
19.88623
24.075108
16.759125
19.453037
23.010122
38.80539
37.849194
20.289072
29.501919
26.339964
16.565817
30.760944
20.422197
25.211946
31.989489
37.15421
40.816235
15.46679
18.719948
16.233267
27.90715
35.256268
28.691698
33.519382
36.901108
17.55856
23.06783
30.163235
23.194904
23.29182
36.81981
34.00457
19.239193
37.6922
20.970177
18.17133
20.085978
30.243166
23.156565
18.142876
39.736877
16.671635
26.169798
23.586668
18.809065
18.567327
30.425255
30.475103
36.7487
26.035347
29.946016
39.998886
20.84701
19.457945
32.367798
37.615635
23.652142
31.920015
27.719915
38.207165
36.02021
30.14379
40.293144
37.766182
15.011926
20.88181
36.774426
26.292858
16.116552
15.633206
20.010092
24.654
17.872833
39.276863
31.25337
34.042397
19.856901
37.75604
16.55856
38.37106
32.22013
16.302542
39.103485
23.446924
36.485218
20.854603
32.653374
22.09083
37.14668
27.301016
28.123508
19.50532
19.772402
21.975267
19.25466
16.139153
23.765724
22.426739
20.784367
34.057087
40.722862
33.912216
31.178871
31.395826
38.408543
28.279375
25.984566
37.87176
31.77292
19.954939
35.164536
16.503418
24.14588
16.603752
32.404816
34.721287
31.770111
27.691011
34.30677
27.85992
35.17234
18.658375
28.625952
37.662067
27.522398
27.71576
35.274643
15.871755
27.09274
30.354094
21.674242
40.25309
28.206436
39.600323
15.225428
25.443727
18.649502
39.764484
32.158108
29.936832
27.42387
21.969713
25.82981
29.18249
22.930157
21.109474
24.660343
19.309425
34.194798
24.042429
32.322144
22.29005
36.594
31.81381
24.549908
25.506662
22.677395
36.483166
27.989765
26.623922
18.157005
35.74192
28.877302
38.432415
20.902842
25.920195
35.01549
21.90046
26.873964
18.210728
27.517658
25.056025
19.314528
19.97901
25.087284
36.517933
24.257061
28.881964
15.225549
23.505224
36.400677
38.183735
33.68923
38.975933
16.769802
29.135592
37.765617
23.181147
35.209385
34.57791
20.487843
31.367641
28.73544
25.025852
35.783073
35.622005
15.035194
24.416203
22.727755
24.921547
24.998951
37.421513
36.57811
39.34198
37.06623
27.77858
37.050884
26.06915
39.381596
39.43188
28.448324
34.37189
27.280964
15.458573
33.653126
38.01525
17.46715
23.720175
28.763184
32.72823
38.383675
22.977112
19.192608
37.287334
32.758877
30.805738
31.43463
25.537064
21.06768
33.073547
19.363644
21.24068
33.746273
27.95675
19.947834
26.03945
33.395382
39.525417
40.550343
20.995691
27.92067
28.774935
30.61623
34.204857
29.58419
35.648487
24.474024
32.784054
29.278755
18.073843
23.224812
35.179188
39.987396
15.328681
24.248474
35.180264
38.35307
33.152294
24.725838
20.29396
26.559063
28.93741
30.75708
32.195107
18.308542
31.064508
30.150948
25.863205
30.591976
30.981903
28.765944
16.707619
19.144135
35.988506
35.40377
35.49465
40.01773
16.842072
36.68701
15.212127
36.53864
27.294346
37.097095
40.141754
24.05803
16.445496
20.405298
17.356901
30.379707
23.413738
23.098652
36.623116
17.516203
39.232082
20.084244
16.25101
40.515186
17.112635
35.949585
37.83591
39.4981
19.259943
29.363308
28.01592
31.765781
22.26831
33.81966
18.389807
27.851316
23.804102
30.861816
17.558407
16.738142
30.752546
34.163277
37.887997
29.111906
33.299526
26.40315
28.04134
23.47744
22.522436
17.740358
36.58189
32.247578
36.980106
36.87335
38.028915
27.498472
22.52041
39.166157
26.626024
36.98646
25.06511
27.128149
38.78289
26.234364
22.485022
34.65407
30.659739
18.020542
36.844685
29.862572
24.686356
24.441954
34.274055
20.115507
35.94223
24.87274
40.51598
20.85708
38.27167
17.602884
27.801535
27.280846
30.767483
39.716785
25.121431
40.5144
27.829075
40.85951
33.19019
16.005625
40.385677
27.938908
15.440777
23.10104
36.072517
19.524618
17.240925
33.425934
34.157642
24.730398
39.18839
23.607594
22.839354
21.704115
34.820873
39.127117
24.16889
29.500128
30.367443
30.641876
35.30039
38.071644
18.271612
17.98988
32.029808
32.396076
23.132538
16.26896
15.656849
32.334274
30.439034
20.877758
23.088583
35.724922
35.012276
22.212177
24.800882
24.42827
19.426544
39.830154
17.783386
17.558767
32.84339
36.329136
28.9161
26.984043
17.67304
20.924885
24.36043
25.318079
17.268015
17.776834
40.49476
26.099325
18.457308
38.47435
15.684405
21.61986
34.145588
19.779919
33.74811
21.959627
17.430359
36.719402
23.367908
21.180159
31.731014
27.416153
22.886547
21.345057
37.277298
33.684933
38.946392
24.05996
34.97062
18.333164
22.245989
36.562542
38.110256
24.361292
16.325207
37.04352
22.767456
32.81053
29.737225
21.842548
38.69397
22.875559
16.225307
39.438213
18.567556
20.081255
25.594635
22.739323
26.105568
39.816742
19.85418
16.08495
27.118639
40.32671
36.90094
40.57374
17.930126
31.378983
37.528538
30.86821
28.752888
30.259113
38.86451
30.457817
23.593538
19.486797
26.47538
34.514816
15.045328
36.705574
16.325804
15.939968
21.934296
16.56647
22.537952
16.970417
30.199383
35.1078
21.469473
23.810024
26.615705
19.127583
39.013157
29.14282
33.01116
16.351519
18.218752
17.103119
31.48014
28.818829
20.347034
21.301208
24.764042
17.839659
38.28864
36.8415
24.446861
40.1221
40.9148
23.920284
36.90513
15.223383
36.374462
15.553289
31.054968
18.348974
35.612057
33.258446
20.855103
39.705017
34.452362
32.107323
25.253078
28.103588
19.483746
36.45901
26.803099
34.32694
33.668327
15.903055
19.53726
28.876059
18.117334
19.463604
24.838097
35.16048
36.792225
20.954645
29.038788
30.930414
29.026884
15.5267105
28.268433
21.808945
36.713512
38.908276
26.663303
37.15117
28.754522
24.620499
15.480992
36.13875
40.955112
16.53176
38.88292
35.01257
20.915869
30.518982
37.191628
30.652775
26.682047
21.715479
18.282852
23.334587
22.916002
36.850533
18.438375
32.42003
39.181374
40.523773
19.464117
38.989708
25.562534
23.907864
19.169044
18.975584
29.290007
38.33578
15.403881
25.22461
18.302309
20.504522
33.77471
27.104988
19.746988
40.614822
23.875008
39.760742
23.308361
23.666939
28.420706
33.927063
26.946732
21.345406
24.026375
33.33793
36.143627
25.451113
37.526653
40.189285
29.069857
17.67686
33.725525
21.865007
37.228004
22.673014
17.247124
38.189728
18.068129
37.81274
22.7652
25.841585
36.835342
21.841707
18.304438
21.239653
23.480106
37.684986
19.53532
15.214992
18.846874
32.084343
25.02523
16.080812
28.554022
40.451958
21.262018
26.336462
18.987686
19.351994
35.932304
22.171541
17.654488
37.359367
26.415203
26.180626
33.7728
35.695442
31.743334
34.255672
36.429573
17.00321
20.386297
15.4923725
34.889393
15.900017
29.128014
19.128342
22.714823
34.533707
38.037674
37.025135
32.241745
40.268433
35.07517
36.01279
30.650768
30.839375
17.225342
21.534683
31.385466
22.840834
35.22142
20.46215
20.990515
28.250257
21.896496
34.692455
23.577572
26.840973
25.99298
32.20034
35.073948
35.79937
15.863415
38.582516
23.168972
23.637697
28.912085
31.816107
16.445127
17.581444
38.85535
29.9462
17.565903
24.010733
31.919697
25.72428
32.58943
24.24803
30.949915
19.838493
39.486927
35.009842
17.065979
21.308296
17.767017
22.177998
39.985546
27.860216
31.742
30.196459
32.420147
20.65806
36.419163
27.362541
19.056618
36.630077
39.26022
23.556799
38.55124
27.81721
19.124037
39.543686
39.69277
40.66067
21.592754
31.875568
20.43135
24.953842
35.57847
32.645447
36.823967
18.302444
15.617609
28.859287
30.112968
35.368763
17.58229
30.036592
28.132935
25.919733
32.672688
26.798326
40.031857
33.755325
35.501816
39.664204
40.896446
21.962923
16.843794
38.056683
39.287144
16.624897
28.188972
20.596956
25.917082
23.100777
15.634072
39.17859
31.75016
32.312088
24.832712
33.01731
18.647007
31.077015
18.741518
40.90101
17.35353
28.473705
31.719238
28.201586
34.10532
33.455196
19.171055
35.86108
18.412178
31.495552
37.377586
15.527008
20.690554
23.915962
25.40777
18.287542
37.3277
34.72116
24.087164
24.044827
22.48986
20.270737
19.877892
16.465275
20.527782
18.916445
36.223785
36.6585
30.186491
38.855877
21.424017
33.261936
39.992104
40.88439
24.42076
29.446085
21.167086
16.471424
26.021217
30.50581
26.216396
20.643866
23.021622
21.1658
19.93035
15.528439
22.460524
21.503923
30.966173
34.08651
28.801037
18.483936
16.398705
40.569035
26.226393
30.489466
28.671658
26.52591
21.43047
34.96408
28.234446
22.823153
29.294714
22.2876
39.81555
27.053003
26.665152
30.35677
27.761963
15.966135
30.077896
15.988723
40.165142
26.11184
25.728937
39.228626
32.597633
28.741175
28.243618
30.918232
36.200325
37.20972
40.8736
36.470013
15.588899
18.610687
31.6338
39.691864
17.58914
38.17583
31.589104
29.720327
24.164106
31.100689
25.010357
31.64566
24.062334
39.88237
22.441483
17.249914
21.694693
34.00221
38.85429
36.429646
24.538525
16.84228
32.0148
28.33775
35.97125
16.093855
20.944706
16.05425
40.85157
38.597622
28.933834
27.683882
36.395046
16.549507
25.944267
34.178547
18.93164
37.312668
17.44398
17.89575
33.986572
17.695316
22.717718
25.929407
22.791609
31.48575
23.525
30.587399
20.81265
30.279957
29.60998
32.04055
33.17029
20.193987
19.015123
15.130675
21.9337
30.922277
20.410408
25.600657
17.184113
16.78485
35.722095
30.59748
19.472706
15.900366
38.229767
26.199505
31.838766
21.428745
25.997725
34.932102
34.90743
25.946123
25.016495
32.761284
26.752401
24.4466
20.752506
27.892723
38.187496
29.20938
24.938808
40.854057
31.941946
34.826515
24.386845
36.80116
34.77783
24.05563
22.359213
26.764536
19.02408
30.843613
28.615484
38.63988
38.230045
27.861462
33.627987
21.127129
30.68246
22.197046
39.661697
22.535393
32.383415
40.471714
38.422188
37.396397
35.75273
29.578325
19.797762
39.16703
33.796814
25.482437
18.856775
16.951963
39.77691
28.08495
40.708336
38.14022
33.51341
37.01375
17.094364
37.124905
25.378672
37.39346
16.653263
28.863295
19.759476
28.136587
24.680214
20.934744
31.311152
28.105944
29.906374
40.96691
29.679026
27.61747
17.329004
39.82605
35.528763
22.18406
31.446865
16.805115
28.705746
26.145317
39.38993
19.193752
16.13465
17.884657
20.379784
35.077164
20.673834
37.704388
40.716747
28.986217
24.555294
26.111052
18.06222
23.109102
18.269283
28.25739
33.169235
34.17512
33.79388
17.593994
17.411745
19.834229
29.923191
34.402832
22.472736
40.381226
33.11393
28.816423
16.37365
30.01144
17.74864
21.1707
35.662266
16.44511
15.004817
31.096066
17.023575
24.720592
21.622725
22.620485
24.837791
22.231882
26.780704
31.739914
34.28208
25.673859
27.015284
23.405642
32.457214
40.45899
23.664452
24.684687
34.7177
35.38223
18.665892
33.968548
21.893663
31.836138
20.708094
38.537296
18.415073
23.716158
18.710686
38.530018
31.483597
37.30644
33.4014
16.429422
21.384699
31.899422
18.360584
21.53742
16.792343
27.677784
31.320147
22.600212
30.490883
19.47531
30.732456
24.735508
26.323593
39.433556
31.66557
29.121214
17.37442
22.284122
30.934809
37.523956
36.39943
24.011723
24.046673
24.67757
18.34661
25.991114
24.00956
23.765726
25.437458
40.341377
22.356861
23.819557
37.731133
32.2039
19.831432
30.710295
16.351572
22.92579
26.0965
29.598513
26.63038
20.718412
38.56658
20.195805
30.302977
28.261019
17.992977
35.001244
39.59277
37.932446
16.791967
30.794231
31.527952
22.879162
27.269789
25.096931
28.157635
23.965878
36.87706
38.063572
27.468998
24.805315
34.41626
26.31066
36.754227
37.52662
34.72945
30.571178
26.935856
38.71728
19.809414
21.737556
38.931427
36.061348
19.505888
19.852268
33.523026
37.597084
23.039602
25.911669
36.39469
39.230095
25.390364
20.967663
24.010292
16.163399
34.291405
20.943607
35.826824
28.243746
36.040756
20.824848
23.972866
17.873901
39.63142
34.44103
18.969099
32.10353
24.805624
35.9264
35.32767
17.786642
28.554451
22.126009
27.93936
26.281536
26.31269
29.709824
19.042349
18.069479
38.639694
30.563393
26.263584
29.881332
31.530626
38.14292
38.73356
17.446657
32.66847
29.914154
34.597538
39.817764
24.90562
26.738676
27.381102
16.371572
34.055058
35.127853
32.615036
19.054962
20.674374
22.653782
23.88448
18.214808
16.942225
22.488245
35.03941
32.44165
39.955032
32.034843
16.68839
19.256474
15.8129635
38.92608
28.294704
32.18281
28.717638
39.276314
20.203793
38.77195
15.970042
24.013199
32.753212
23.486744
35.23567
27.354254
28.251028
39.000057
24.734913
15.0519705
16.055866
21.426638
36.12021
16.899939
15.251626
33.282753
27.71754
34.1741
39.48207
22.555641
28.538317
24.177423
32.395325
37.165386
35.008728
28.862925
37.845554
39.314575
24.717186
26.629063
36.50887
17.746595
38.64646
35.813225
17.892756
17.771273
33.335613
31.15313
31.85314
29.066895
21.207909
16.542627
36.68036
37.730682
40.904354
34.777515
19.57523
25.825022
31.878544
15.668639
29.908508
30.75474
38.73696
37.893635
36.041943
24.211111
40.850044
25.265425
34.68627
26.131088
17.612602
16.714561
21.781366
37.145744
17.398464
37.21433
31.70593
17.329731
40.732483
28.121475
23.258995
23.713959
33.494278
17.962254
16.302618
29.986654
18.07141
28.56247
40.21506
21.083242
19.295847
40.60193
30.375933
16.953482
33.726036
35.16781
33.789543
35.694622
25.377857
35.688137
23.650023
18.452246
30.3614
15.7456455
19.161478
31.01588
33.04633
32.703983
17.248749
17.874313
27.357288
18.822334
16.92911
17.645962
24.591715
28.591227
35.062466
22.262539
27.755964
21.391329
33.957455
24.059635
17.831684
30.258791
28.883005
19.015722
23.612885
18.534775
16.919825
18.7815
35.79514
18.483444
29.783386
38.854393
21.85192
27.581852
40.25989
17.278343
40.899025
29.116804
36.718864
15.587037
19.226637
23.967905
34.80084
15.3589735
25.4695
34.012634
17.825842
23.715786
17.48926
40.458458
33.728176
21.370539
40.95904
38.58858
16.39522
25.420645
20.368797
17.902157
21.172777
23.980438
32.711025
39.436333
21.996752
32.96133
38.45996
16.176691
35.12068
24.832844
29.623343
37.894325
27.730959
39.035763
30.624395
22.491793
38.876274
37.868942
22.562656
25.997044
25.08518
36.13431
29.005827
30.713333
17.805332
15.599917
15.880807
23.71495
32.370296
36.42879
25.260628
31.87262
36.584568
33.121765
40.884956
18.899137
25.214705
36.23534
34.105434
30.524916
24.684208
27.160978
30.613045
31.844751
34.09214
31.590208
28.783318
26.121284
26.31014
31.940205
33.766087
38.887257
30.359818
15.977516
21.550112
35.057793
19.532248
40.152878
30.148897
15.9456005
34.783566
27.748056
22.782438
27.566133
27.825443
27.835953
20.470825
31.426327
31.026424
35.2682
34.808994
24.10977
31.749989
38.42975
29.857998
38.40273
27.077318
26.33796
35.06669
30.449612
26.99767
19.814003
34.9287
36.483093
16.09637
24.917305
39.683136
17.04331
35.53037
24.609192
38.783413
32.282066
36.65338
24.699726
33.087147
24.942251
39.0376
38.532143
30.76111
39.909256
18.836063
17.572193
23.748686
18.850277
18.439606
34.095066
16.31332
31.38912
19.204617
15.500499
24.649965
24.508211
29.662504
21.437002
22.847576
39.426144
24.06913
22.879097
23.589127
28.068266
18.412136
30.5768
19.891771
23.429464
15.066473
26.884478
40.91816
31.62237
19.173101
17.876654
36.431015
26.210943
35.51315
27.871132
40.816578
15.548486
38.159595
34.005283
36.768513
37.27075
28.51074
34.349205
40.70242
32.838997
18.444588
35.1898
32.762085
25.084532
30.280453
31.58285
15.8821535
17.075203
31.993896
26.045336
32.78785
35.30628
34.703377
17.348398
35.04102
36.211987
17.831741
32.771496
32.282616
24.300821
21.54297
22.891367
28.675402
40.83675
30.064331
36.004704
23.216608
39.92018
23.326387
17.621376
29.068771
34.06663
15.9880495
25.115456
32.348045
15.937698
34.361153
18.58406
36.912777
36.748096
23.008776
30.239643
22.611124
39.054104
39.863792
30.249008
28.175043
34.122982
23.598953
20.832897
18.488998
29.889515
33.67696
18.652807
23.315208
18.624985
36.01892
34.03708
16.723314
21.875492
29.551626
26.436255
17.45084
15.970766
29.029099
18.647985
30.211847
18.461147
25.470892
21.814798
18.574694
40.20962
15.319582
30.973286
21.44581
27.547428
16.992006
17.021263
31.424957
33.895863
16.883696
21.369802
34.3384
20.563602
32.083103
36.259926
39.109993
38.04794
34.062084
16.749163
33.796143
38.100025
36.431286
39.711025
15.089176
37.058342
26.483912
28.8409
34.884605
20.511219
32.698566
20.62471
30.611359
22.218414
24.631685
38.502064
17.940006
40.403393
33.702248
31.043583
35.212547
18.022057
29.25634
22.862406
16.478348
34.420383
37.99631
28.192797
38.37434
29.912453
38.369072
24.594189
17.253563
36.242157
38.83036
38.076836
22.944706
34.635826
28.036528
35.095703
20.316294
21.209858
25.962702
21.322033
19.422644
36.86634
31.705917
15.877533
15.42483
39.49155
24.304108
28.803862
22.70829
40.26615
27.286566
24.940655
27.6598
21.202637
37.868816
19.098085
37.420063
21.644735
23.714518
31.435408
27.594128
21.395065
34.009377
16.29483
24.380373
29.381498
17.22674
22.390413
27.86989
15.329377
31.411842
19.214622
21.37147
39.77576
40.07146
23.800516
18.533566
24.94365
23.827911
15.565477
15.763003
17.48817
36.88125
28.862772
23.981287
37.933395
24.020573
19.080078
37.112854
34.737617
38.435368
40.649597
24.86563
19.356499
24.899813
28.172134
34.342773
24.4177
17.037977
27.008087
40.815514
36.17722
19.324944
19.150955
18.590448
22.796797
36.238728
33.97462
26.320795
27.663378
18.550123
15.533321
23.339478
21.965843
40.122345
34.493767
18.633055
35.050713
15.789635
21.491703
37.928905
40.697826
37.89374
31.730574
21.03423
20.388535
29.879463
29.9779
25.043806
40.883106
15.985204
32.76532
21.324572
22.980734
32.511753
36.561153
35.288525
25.204596
34.41227
34.95976
31.881544
30.336145
37.018726
22.5198
22.444124
34.21686
34.6048
17.783955
18.1412
39.04241
35.182552
33.22553
35.51157
27.493244
36.439835
17.392717
30.853605
33.477352
21.047842
16.359297
40.1423
30.005001
30.702808
29.74077
31.963886
32.771923
35.213223
26.997993
32.55762
21.396597
23.703661
40.525658
28.470425
24.938839
39.578613
35.11086
23.558607
40.32116
21.274418
18.74747
17.111813
29.580877
37.024757
33.50479
22.727997
20.500183
31.874813
29.17448
29.23409
17.09299
25.001577
32.75755
29.425669
25.671524
19.03249
27.503677
25.689854
16.772232
28.501871
30.177927
17.67926
23.089796
25.844376
26.505365
22.120775
24.749594
22.396984
20.331997
38.57149
31.743162
24.765766
27.940784
25.475122
31.157799
27.610966
17.174416
24.225758
31.95064
40.413696
31.5419
19.111809
24.449121
22.109789
38.323933
27.99154
17.503952
33.611153
22.842375
32.342567
19.277292
16.182196
34.5221
29.93123
32.018013
29.398699
30.148792
24.763796
30.857557
23.988737
39.814278
29.209885
37.654057
16.240059
35.441216
24.22963
29.218946
33.855556
18.492016
33.489506
16.87957
34.14825
24.492126
27.817822
17.262808
34.289494
35.335804
29.929407
38.42896
17.9588
25.9928
39.639973
19.041698
29.19106
30.197348
28.894213
25.129148
34.476604
21.976204
27.847694
31.172655
34.24185
18.460352
17.97107
33.754066
24.723053
34.325455
31.686255
22.798933
26.942965
37.41892
34.39761
17.57215
15.009885
22.656923
31.947268
24.01428
37.280983
23.112612
24.502254
24.75088
25.06641
15.367018
36.671993
37.16378
26.49807
16.657246
23.25842
24.282473
25.946651
18.131742
34.45682
31.935354
39.942776
39.610466
23.554152
39.594707
20.942936
30.648071
20.212471
31.655985
34.478073
24.411182
29.27879
28.51104
17.232527
40.906193
18.728502
18.706686
35.423218
36.431908
38.828217
20.723976
26.483849
28.781734
37.894695
17.470346
36.505985
16.683092
24.130243
16.44586
31.14887
17.236952
19.930824
17.726435
24.801842
22.708487
28.791695
40.40106
15.668215
33.920033
21.47645
31.906698
25.136612
27.710606
21.468763
23.823658
38.315533
34.451492
27.892237
40.125874
38.92923
34.445366
31.062202
25.624708
39.90774
27.18681
35.624393
25.401476
18.951096
18.924938
30.838888
36.393078
28.107656
21.74428
28.983765
21.976746
27.978619
31.467903
33.081367
19.394022
34.54561
28.087221
30.191204
28.160818
33.81553
35.135754
30.36689
17.229439
28.486563
27.449541
18.040684
31.600145
21.661497
30.094805
24.077545
29.32399
29.269373
24.893774
37.031822
37.395267
19.303616
30.942606
23.243021
21.901049
16.244663
39.7906
19.323284
21.976984
27.107336
16.537857
33.31758
22.612593
21.437939
27.008947
18.358719
28.15599
33.2834
30.372953
34.9928
24.487097
16.664478
40.105747
25.51669
25.260023
15.407336
18.028193
37.647644
28.359467
19.322577
18.30435
29.636261
22.772606
17.668074
34.7467
38.5374
39.447098
15.591684
15.550725
23.76973
22.387445
35.822258
32.669147
37.323124
22.236128
34.262024
32.43647
34.014107
23.892534
20.33081
29.767336
28.043047
32.3419
34.922237
22.277714
17.772884
20.798021
28.654305
39.015667
27.127592
22.507767
34.731625
25.13896
31.299683
32.121937
18.183706
26.839619
20.559528
22.406248
20.503553
26.09093
32.875294
15.247804
25.783075
20.380259
31.780815
20.406603
31.326561
24.491503
20.46973
31.26821
30.420746
21.61383
24.447735
25.972929
23.449768
27.578758
39.240818
26.728413
23.86558
16.865547
36.635838
17.856787
19.659117
26.16524
16.720888
32.18403
40.92485
38.75658
39.596283
35.74846
37.87103
16.72246
40.043163
24.486864
37.200302
36.123356
34.665134
29.550886
28.170027
36.64474
32.05936
32.212975
28.838982
15.948192
24.427177
22.940346
28.01688
29.981432
25.700094
30.14698
31.255354
17.840363
20.735807
36.37793
23.853872
17.426567
32.429646
33.236725
16.30132
34.10663
24.690563
27.235909
27.833689
36.855045
15.14666
26.932339
35.86066
20.950323
24.173864
33.203003
26.898558
29.194368
40.38231
27.323767
16.34448
22.83801
35.04852
35.63266
39.936146
32.921024
15.14753
24.990803
35.064228
22.57285
36.61755
27.998402
31.238823
16.970564
32.28084
40.979733
23.958818
20.113657
22.447927
27.120255
32.992817
40.350418
40.648365
35.820606
36.65247
17.67876
30.159739
31.326387
30.02385
29.244576
33.047565
16.999247
37.31978
37.17373
20.282393
40.213993
24.525784
28.899097
27.166271
20.798004
22.334595
16.481983
26.779388
23.173452
28.9989
26.077621
31.448606
40.919373
18.179312
35.65741
20.343235
16.339895
28.1243
30.375841
38.219288
34.80648
25.59105
30.558016
24.06207
40.136177
34.801044
17.184078
40.91794
15.074584
38.421368
29.959661
39.559544
30.071339
34.072563
17.586979
26.79496
31.967527
38.18604
34.68898
24.209543
31.95865
31.168926
22.989407
32.92047
15.2533455
27.781427
15.814523
36.52729
35.217243
36.391506
28.757597
21.857975
22.472975
18.344091
21.435188
23.338404
20.421446
34.066616
27.66463
15.854212
16.95621
19.730106
24.105003
28.827492
23.76184
15.294683
30.429296
24.896847
21.518898
39.590714
31.433325
26.06779
27.582155
30.721508
15.137388
38.491493
18.255507
24.520838
26.899511
34.133472
38.655987
18.058191
25.834526
19.509676
37.34107
21.257065
16.421146
20.396149
20.367495
23.576279
23.07954
26.95926
26.256588
36.40159
20.714853
30.107143
27.46005
39.304676
31.74748
29.028957
33.35199
15.6487465
15.988778
29.867083
40.51697
36.154922
19.871344
40.25841
24.160625
31.990664
40.005802
24.084387
17.838354
25.701378
40.81154
27.18547
33.379467
24.878603
37.05655
22.024223
38.878105
15.842849
33.542183
21.32221
35.92898
24.816551
35.881226
37.54946
29.90519
18.072277
34.34329
26.811216
19.006784
36.363625
39.0794
24.15521
25.05322
36.581017
25.687878
18.61377
15.549147
33.02185
23.046753
18.398506
24.42238
27.924252
32.613117
21.581419
22.014383
29.98589
37.977856
17.324696
25.397802
34.474163
17.364527
33.26257
15.902218
25.23125
39.974056
31.992085
29.848423
25.38734
39.60232
27.795595
34.923157
21.91758
29.795553
37.69643
18.370405
25.313078
37.958942
24.740074
26.231966
39.58357
39.296646
15.996802
19.239174
25.569048
25.236847
31.19769
38.639282
28.110054
33.08334
30.144417
16.234133
37.010952
40.03563
36.074375
37.215446
20.927864
33.432247
22.01598
18.00012
26.322712
36.097527
33.83525
30.200615
38.446987
29.009932
39.153107
20.109676
29.953756
27.160343
35.603924
34.63519
39.1836
40.431732
21.009392
39.490185
18.429945
31.606926
31.957706
37.62466
40.56156
20.19912
22.006676
17.37992
26.264736
17.700178
34.27032
38.65292
17.864878
25.054642
39.502075
17.477121
29.197124
30.692726
15.953665
30.858082
28.317747
39.293568
25.267355
34.4461
18.982922
39.600266
23.450157
19.684893
25.768728
30.071224
15.582181
34.444458
30.465956
35.92768
31.327297
27.827805
33.955605
16.245148
35.542828
23.83553
38.155724
39.136986
32.325924
15.878741
26.827473
16.791077
37.68791
26.750006
36.03809
34.14613
27.713787
18.593655
40.90069
37.331852
37.542683
40.660908
22.845581
28.64778
31.795986
23.19191
37.125134
25.818323
17.183495
19.635921
37.513817
34.53708
28.933823
32.60257
24.237486
20.901257
32.42394
19.431145
32.050686
18.237507
35.92363
35.071648
26.077923
21.033375
29.72426
21.090353
25.544792
27.213846
39.087173
24.044376
27.846941
18.840551
29.425625
22.213795
27.53975
30.461367
23.925142
36.73657
16.778778
27.801231
38.410732
29.560627
31.500874
31.260254
35.685318
30.309126
31.208021
38.773144
23.792425
35.14902
21.600857
28.984375
33.696983
19.059761
34.505978
32.40637
25.731802
38.518013
20.55097
37.253407
36.82313
18.545994
34.863354
23.981812
25.98739
28.31515
30.704357
34.217426
23.882013
25.053478
20.3958
19.714169
27.29699
24.874033
39.157986
39.26301
21.389643
31.32374
39.548923
30.058418
25.1937
31.945759
30.079832
22.92989
37.474762
33.955368
35.27926
32.05892
28.357727
38.248363
31.987818
39.327267
27.317854
20.39273
35.987846
39.280193
30.105505
33.998344
26.207127
40.838795
29.965788
33.916283
38.682903
28.358389
22.117723
40.088264
17.232405
37.40534
24.873613
31.548529
18.348188
23.712587
18.007809
24.07456
26.221437
21.174553
25.025097
36.289665
35.993652
24.454931
34.8324
25.639593
35.346863
19.806343
19.983564
25.597044
34.364845
36.03867
39.14544
40.69199
21.23247
24.223265
38.724594
18.522442
34.787743
33.683193
26.69737
25.769375
40.200665
37.094948
36.602142
24.421238
25.125496
29.115095
21.381063
26.90751
22.557644
26.845573
19.29964
16.647549
31.323687
28.664352
19.525997
27.639942
31.642874
20.473505
17.117655
23.1494
39.52063
15.254647
16.142265
27.292202
33.86938
28.972092
23.44964
16.377972
40.199326
15.3269415
22.215998
35.23462
26.481476
25.640759
17.79739
19.424994
30.357594
32.235325
40.6577
37.257828
24.25644
22.075386
18.177698
19.802364
24.17294
24.154215
27.005135
22.734993
36.87673
33.127106
36.27183
16.778036
25.138756
33.03599
23.482286
37.73487
19.19932
40.618523
23.169353
40.68223
23.1484
31.658085
37.51594
27.749718
17.148624
20.106436
30.05789
15.098078
34.50369
24.298615
22.311499
20.202135
36.45973
23.480171
34.710358
15.350676
27.324419
33.07963
37.58953
33.394913
25.998343
30.684502
35.121246
27.20872
23.335436
24.517027
25.084679
15.06792
35.88411
18.356293
30.143522
32.21269
23.507833
19.31616
17.908451
16.22611
19.143848
23.663895
33.477703
30.543695
35.530838
36.952286
23.377445
32.40273
26.121227
40.138363
39.86464
34.847034
19.59096
27.074823
21.408623
17.021746
39.3695
30.78555
24.833647
22.924524
17.434923
24.274563
33.083138
32.023582
29.253824
38.268166
39.85744
25.70967
34.193016
15.252817
38.48032
39.418243
36.989735
40.446823
29.265545
39.439724
28.939344
27.931639
23.383354
39.929844
20.34434
38.069164
15.767645
29.438738
38.465603
22.544127
24.958227
23.396646
35.726807
35.896137
33.938515
39.425587
23.244907
29.243908
27.007515
34.090656
36.894676
27.054424
29.516045
36.761135
19.062248
21.272837
29.900545
36.620815
33.00261
18.904186
26.863945
40.548508
40.288136
33.22599
28.78152
28.583906
29.220058
15.211081
15.45068
20.000607
19.272003
26.453012
30.157171
20.627176
37.64454
31.911695
26.696201
18.988882
20.83191
24.134878
35.465458
31.086771
36.736916
22.261406
21.03805
33.187447
15.317127
31.075134
30.726942
40.866055
24.005428
35.653755
17.568367
30.726585
34.220165
39.744667
27.880356
16.71782
27.164862
30.900408
21.093407
19.769735
30.814804
40.619102
27.903929
39.594547
23.497553
19.260715
35.96707
20.927979
22.796665
39.347828
16.324045
35.230667
35.64271
23.010006
20.550097
16.926136
34.402943
37.79379
30.212807
40.620975
28.540672
17.835623
32.646362
36.434498
37.987804
20.483046
30.27603
22.559216
18.758587
33.849766
16.76798
15.480271
23.530035
20.50318
20.133274
38.900898
33.92417
24.508257
16.58065
22.352808
19.049519
33.389645
29.391447
31.714437
34.49405
29.2242
16.380894
34.416653
21.409067
22.039051
25.613546
29.984663
20.58323
17.965698
25.956707
21.746515
37.478218
28.188541
34.784107
38.03273
33.082333
34.626617
15.683194
32.998173
26.135508
22.50022
28.37291
36.31656
24.789074
40.459473
17.204748
37.429436
32.085815
15.789784
25.598543
33.775818
25.780613
35.359554
35.55535
37.485157
28.969343
24.438362
33.993324
39.385506
19.75329
27.289253
23.068542
36.86043
35.738777
35.526646
29.871193
35.082253
20.556349
24.631762
15.928614
27.45598
36.781193
19.730383
30.800116
38.727314
38.646187
24.763123
20.714619
35.139816
22.761286
20.516277
32.680576
40.27043
23.687687
30.631744
24.788727
36.729256
33.66247
16.677362
32.531696
16.778502
32.029236
29.634413
16.880512
35.10731
40.002426
15.746931
26.586578
30.493214
16.277925
31.577877
40.718723
39.887573
24.699625
36.330048
35.798386
30.581673
18.701569
35.015083
25.062088
19.541573
36.567448
33.891743
35.358784
25.744072
22.68404
31.745073
23.980762
27.402794
18.912415
39.04092
35.330254
27.342484
22.960533
35.765682
25.739914
34.461273
29.213095
29.849072
19.993868
27.214832
23.85928
25.468021
29.137058
22.36294
16.356283
28.24282
32.01407
20.838125
19.276314
32.361866
26.644703
38.52775
18.406986
33.009407
18.022053
15.004956
40.609818
18.120981
34.20983
25.800604
38.38877
32.454136
20.719265
17.677414
27.380621
20.237465
28.061825
25.549227
32.051075
34.24885
35.102627
40.182392
35.765457
39.074146
19.38036
33.622955
32.09999
30.510548
22.91301
18.412416
32.769436
29.60414
36.174862
17.08658
23.869146
30.649124
39.908543
34.196
38.264423
29.626566
22.22707
34.14328
25.907177
15.023357
21.064312
28.501642
31.619806
20.74757
33.448254
16.160675
29.458412
32.944187
23.30003
24.639503
34.152203
34.915623
26.502699
25.21412
29.313293
25.064342
15.8371935
40.12481
31.120749
37.800236
23.04897
39.061264
21.005127
22.69338
30.787338
16.367067
27.494434
36.803097
35.450523
37.961937
27.829695
31.077208
37.072937
23.849161
18.218147
35.990734
30.307278
30.25745
19.664305
28.181147
25.282484
18.960365
24.203882
38.73775
30.659632
24.123354
34.062862
23.015585
17.561377
21.147352
39.773777
19.369673
22.216558
37.409714
36.60347
20.043316
35.14009
25.547264
29.781462
25.594524
37.45929
35.98298
25.965197
28.707588
36.601276
38.766888
17.138346
34.01213
17.972183
35.483494
37.71049
29.61995
28.487286
33.97204
21.971336
19.490265
23.852331
35.912746
19.249876
23.446949
36.34974
17.951143
36.13863
29.696667
39.54945
36.96434
22.965452
35.034744
20.842651
19.317173
15.330062
36.57601
35.987648
24.512867
26.969767
29.8107
37.96071
21.511919
33.478645
19.060898
19.320604
33.17462
25.476627
18.001003
39.02425
26.776705
22.709803
35.805874
37.171726
32.354317
23.260416
30.703417
38.512516
27.753592
36.5549
27.233644
15.710883
39.691803
17.180471
22.354164
32.34671
33.88114
30.655617
28.682436
35.419224
40.322884
28.247086
20.628054
17.724491
20.248796
33.68571
26.943638
21.893667
24.86828
20.205702
19.3109
30.107365
37.073936
27.716785
24.978756
18.542652
23.5648
15.115859
26.18329
15.462643
22.465693
33.75456
28.10477
30.524656
20.452784
20.901442
34.45477
38.361454
37.639534
20.67223
35.436905
21.781092
28.033901
16.348816
30.787497
33.034397
38.246777
16.26753
22.877943
29.51513
37.313328
37.529408
29.448444
26.98641
17.982964
25.66996
40.44308
28.967981
32.640392
26.123259
24.62921
31.272396
15.13928
18.824825
33.209446
19.844265
33.26175
16.620182
19.472479
20.035181
25.261007
21.280617
15.67928
32.237957
26.001135
23.875004
36.844215
38.407364
25.577099
37.006294
39.845913
16.410517
23.979782
38.993534
23.390663
16.378622
37.36493
32.465054
27.75153
29.27277
24.791529
28.025745
32.919167
16.73003
28.914309
35.671085
39.82584
18.922056
38.046715
16.442806
15.641933
39.636963
40.25477
20.45599
22.794687
23.086262
20.698927
36.874462
28.321766
21.042126
33.31024
32.6713
37.447662
17.826273
33.0686
36.083366
22.858828
18.400318
17.645172
33.553738
23.0538
37.348396
24.977642
25.652912
15.357523
37.896423
20.466105
33.979763
33.714397
22.27835
19.909021
39.36512
40.21253
29.738276
22.04284
33.835957
16.44203
30.248354
15.6054945
38.745163
28.253067
38.625862
36.213196
15.23182
27.254843
19.148888
18.02144
18.749077
40.48446
34.998543
28.135473
36.781525
20.075134
31.8967
34.041935
26.071209
21.466024
25.161718
17.95264
40.681217
39.72135
32.0706
36.883083
17.048
36.86442
30.894644
23.532333
30.808409
18.782513
24.266605
28.587711
34.63463
16.221445
29.640837
21.94673
38.570023
22.664152
33.52405
18.530418
20.431099
30.47535
30.882706
37.856335
27.725655
25.594824
18.674128
29.346134
40.234325
34.274815
28.80195
31.461794
25.912632
22.882248
34.962505
40.196167
18.092793
37.62455
19.827278
19.187714
23.099403
17.20815
31.797564
17.785862
30.340319
39.901623
20.171028
34.762653
15.693833
21.250862
29.97578
36.047894
33.585537
27.781582
24.956232
38.85925
35.532986
17.424736
25.235865
23.905275
39.133595
33.11346
39.035706
21.958618
35.48091
30.025457
37.493195
39.028152
36.816704
19.282642
30.104717
31.603054
29.861069
29.570286
29.606096
21.998411
17.71003
21.100748
25.208782
17.701078
36.44985
19.622318
24.025572
19.796207
35.709545
33.761543
32.248184
20.04894
23.257881
38.88782
24.179987
28.02245
20.44837
36.90195
20.580755
32.732613
17.825563
25.875685
29.94632
37.771297
22.528189
26.307238
19.324469
30.574316
23.259483
19.908102
27.059519
21.56677
18.542276
36.29941
34.46145
25.287699
15.736216
34.771465
18.811537
15.277476
21.866726
38.347927
38.344925
25.505667
18.700108
39.796623
18.891592
17.423576
29.696424
23.941725
31.710688
15.344972
21.481588
21.657495
34.719227
31.790009
19.302341
40.261703
28.79465
20.671602
36.56257
28.677147
25.121746
39.760063
30.986685
31.692661
30.658028
26.73104
24.215517
27.930367
30.707542
33.283337
17.712515
22.713776
32.32174
37.30745
17.742723
35.931816
31.786945
37.892174
31.884338
40.206684
37.81156
26.075869
35.04238
28.19882
31.192095
35.6806
26.256285
37.72025
37.71563
31.31143
18.727991
23.477837
33.847427
16.65989
34.444386
38.731007
40.355793
27.619732
27.527674
16.923704
17.442348
29.404722
21.019571
20.438469
20.174484
20.852367
24.18996
15.0206995
21.05762
30.404114
23.657892
28.134212
17.438543
38.87171
15.622613
15.534481
17.097055
40.031063
20.324566
28.683933
31.861662
35.329
33.49103
16.283983
18.376095
27.54509
26.968405
32.16145
35.246956
16.119776
22.00283
39.022312
20.71876
20.041626
27.703175
29.173756
18.751228
28.680803
18.10513
31.21572
37.91463
26.7624
21.95245
25.91618
22.872538
24.79241
27.821121
35.009697
24.38736
26.680832
37.534542
23.496698
26.76254
30.050444
22.952492
31.1713
33.42629
39.776516
17.164051
28.56849
21.965282
19.67181
20.874247
16.296682
29.33275
22.91286
38.346607
32.809765
30.183893
24.797718
34.6485
20.072985
26.332588
39.731926
33.14336
35.28997
39.176838
37.958645
25.183807
35.883614
37.6065
16.480545
26.781769
32.261368
19.385225
20.865118
19.666584
26.545927
26.289717
40.181797
22.589306
35.415146
34.392757
38.18837
20.991182
17.470478
30.792618
30.065836
19.226555
30.141026
22.819891
27.494917
15.415192
36.030792
19.293827
37.674236
28.696339
25.829489
31.753777
21.999125
28.16652
26.432793
22.75736
19.551819
22.105402
18.75567
24.31549
37.297844
27.228813
31.872932
36.32538
38.94009
22.655218
32.583973
28.466204
35.75116
28.031797
32.27406
17.438118
39.386314
25.838482
18.032473
22.653767
24.673311
30.273073
28.38812
29.53255
29.682306
31.317867
23.73619
26.401335
38.997864
22.597948
33.554764
40.671352
18.047007
35.463577
16.848255
38.439564
25.581192
37.363876
30.904846
36.953716
27.966871
22.026293
38.418064
17.48394
16.80832
36.216038
38.297985
25.059605
40.608177
20.92204
33.08547
29.258839
25.665188
37.70064
39.783173
24.778976
27.215296
25.605572
25.130075
39.86982
36.94144
20.642517
16.871511
28.87756
33.408962
34.008804
19.414707
38.125763
33.72773
27.513552
33.410164
18.150755
23.798677
16.520884
26.262089
31.912409
30.871674
40.518524
22.346548
22.017176
33.8232
36.98645
17.803822
16.218842
15.556469
15.624921
21.171865
39.503468
38.233315
31.198626
19.840721
16.918474
39.666256
24.26327
23.332998
31.971876
18.13082
27.863354
29.75356
34.906143
39.102303
16.92458
23.401861
23.442234
38.977886
17.511578
29.503288
33.692825
27.71403
29.381449
34.29127
38.859806
28.490807
33.335884
31.259798
16.05956
20.008986
20.759352
17.306368
33.16068
15.832198
26.428133
21.698292
33.872143
31.30582
21.18476
36.320686
22.486147
40.015736
34.394657
15.502314
33.65814
16.494291
25.236568
17.86592
37.39776
33.93748
30.825592
19.112501
19.047815
31.066406
35.927452
39.424427
18.444494
22.94784
19.594873
24.260138
29.680481
20.582739
20.441677
20.713596
40.933697
21.378262
34.46752
27.324556
40.67789
29.237997
39.35595
39.25105
40.257305
30.936678
22.990692
25.053453
23.286196
38.68988
37.569874
27.989828
35.624935
31.385801
16.145163
21.685177
23.78805
32.815327
39.672535
37.31257
36.5554
16.418327
29.73369
37.01207
20.28642
32.558163
16.971838
40.173748
18.978186
30.143076
33.98293
33.423897
25.46166
33.532276
25.913097
33.67909
26.296524
36.096176
22.335371
24.470457
25.903412
19.544327
28.113495
26.891117
15.263516
29.191334
34.907936
35.98239
31.118898
23.700075
30.738934
31.15002
35.022984
27.523247
24.593735
39.28933
17.819176
33.258396
22.449863
19.698807
34.16652
29.438223
32.283607
34.57434
29.584908
34.89705
18.642635
37.90184
27.15834
27.786097
26.18393
26.903818
22.51319
35.55422
16.21296
27.845852
31.979528
23.767458
40.70735
33.971867
15.947057
30.509956
28.56801
29.61242
29.343155
15.290288
34.912933
37.098175
21.88916
26.871548
40.113758
24.011057
18.331919
19.250069
40.97229
27.518549
39.201233
29.126856
37.94408
40.061913
15.809814
37.6474
35.63833
20.507063
15.1908655
29.929737
24.958223
39.01717
35.45943
39.95721
40.19305
20.368973
21.687199
29.781569
29.13315
29.210213
36.796406
40.663628
24.85112
29.843397
15.207044
37.77295
26.177395
40.52161
23.012608
19.374527
32.095615
21.954863
39.313034
38.049667
37.292915
35.750973
30.999655
35.429913
29.92263
32.852757
17.765354
17.166946
20.271551
24.683777
23.404245
37.418076
26.471247
20.677763
35.56861
23.996069
36.652653
29.142178
37.066944
18.513681
22.015438
25.994343
35.515396
32.347443
40.168407
21.808905
38.695942
31.051826
30.794476
31.828297
22.328146
32.974144
16.203472
20.113287
37.127365
22.252092
21.658401
19.848524
27.00079
34.120026
38.495415
28.96848
20.023693
31.506716
23.005129
23.731976
26.441826
20.276436
23.802616
26.648941
17.361856
22.146887
19.985723
39.250923
20.020325
29.311626
37.766083
38.597237
28.562553
31.101269
32.454445
21.121569
29.116472
20.6369
35.691837
38.449223
24.612389
26.360786
40.6401
21.15307
26.278166
19.57356
34.48038
20.06669
35.03035
38.663765
30.015247
34.736053
15.085282
15.584738
28.429829
18.866493
24.030226
22.315453
17.3399
39.209637
20.32312
34.536133
34.139233
23.235264
20.730488
24.556004
30.356155
38.1461
40.566635
31.64977
32.238728
35.31877
38.76324
27.391008
20.11045
36.092194
21.776976
38.314796
22.173004
26.974947
29.133774
28.298584
29.379904
30.806156
21.011946
40.419395
22.76467
37.1797
38.682285
22.72713
37.179356
38.529575
33.85189
34.367886
39.78412
39.674534
24.999348
25.797792
23.825678
18.33305
31.642607
37.44708
28.252401
22.145056
33.146652
17.125694
27.535872
36.074787
33.156853
17.705906
39.703705
22.719427
16.034647
37.174023
22.035547
27.011189
15.775962
27.012447
23.133982
32.075825
16.80856
20.054985
23.154362
30.598457
23.793201
21.452377
28.86231
39.947987
34.094437
20.191769
32.884933
35.52431
31.940365
29.7329
37.03152
17.317854
15.456721
40.755474
33.88182
35.50888
38.739212
36.756256
16.97468
22.084463
40.918922
30.291187
19.877157
18.9138
38.779293
22.026823
24.17398
24.498041
36.89899
22.447155
27.989435
37.698616
23.52373
27.055918
18.038597
17.148474
31.410894
36.221207
15.40206
39.763546
36.744514
28.428331
26.228065
18.797112
17.884031
36.638435
27.388224
39.217636
31.18889
23.694677
39.74778
29.841059
35.45196
28.274216
18.158644
35.61141
33.57835
15.753599
17.543135
29.698944
40.062096
22.536615
18.508741
35.673046
39.541885
29.887913
21.818865
34.907284
31.257837
16.122293
24.741827
17.587185
28.584948
18.118744
17.810213
35.216457
21.984814
20.55989
29.84484
22.355368
27.69579
32.041718
22.232409
21.475409
17.272676
33.25503
26.393225
17.27721
28.690657
37.80927
17.135052
39.59407
18.1441
28.950954
25.161488
15.091389
38.899464
27.423132
40.387997
29.372639
21.6025
31.018883
35.916008
28.81545
31.293463
21.00107
38.525238
19.486715
20.050074
16.492136
15.366665
20.82356
34.65651
29.181925
36.173397
34.417404
35.987663
39.25811
27.753828
37.20121
38.901463
25.33301
38.791386
37.615417
26.34808
26.322124
38.047306
22.915976
21.13329
35.723957
27.947762
33.688232
17.314384
34.557266
38.233784
15.843373
40.56043
20.331049
24.862385
16.89943
30.974741
19.854227
17.669321
20.186888
18.856003
29.436094
22.438915
31.769163
21.665352
23.085253
22.97348
36.33122
25.070404
35.683945
34.51471
20.064949
20.353098
19.79622
39.441654
28.667824
18.696842
17.76267
23.554695
18.971733
15.909384
39.040943
30.452122
35.4318
38.9914
20.370502
20.515781
33.73037
18.6268
19.271736
35.84444
33.089222
15.149195
25.633549
29.108349
32.533527
29.830145
19.700346
28.745691
32.31388
16.43813
23.638409
15.181416
23.96812
37.933353
34.043236
16.821192
31.09266
25.891912
26.243702
28.458006
27.793293
37.793938
38.065376
22.426174
28.998428
17.663792
34.8346
16.347311
16.343054
24.716444
24.836525
24.635063
27.169645
32.642643
31.184397
40.060196
40.342598
24.95655
22.114128
30.624853
23.035685
31.432955
15.08722
23.754608
31.427393
23.077312
40.766838
34.389183
15.32694
38.300236
40.925907
19.937454
28.15408
17.009165
39.652767
17.259666
15.408791
30.183475
29.839123
30.849514
18.79226
22.165201
24.8665
21.21103
15.478481
19.376173
24.651804
18.059956
30.686234
34.463333
17.768953
20.426622
26.663975
30.977491
27.23294
36.996986
36.47574
20.606855
22.714127
25.100885
20.56385
20.715128
20.444818
23.641247
33.96478
36.47501
27.886824
25.955286
30.267302
19.24146
29.347727
15.108476
38.92754
34.975086
27.165396
18.444355
23.3933
15.504511
30.824247
32.348015
22.640575
23.20765
31.423561
40.12832
24.187983
34.295296
21.287142
29.683739
40.430176
39.296413
18.185394
31.188934
32.21934
37.57314
38.634933
36.42393
24.024115
23.734375
35.04751
36.56508
19.708254
39.670513
19.119217
24.26671
16.996746
30.597738
28.782516
26.684645
36.034924
26.978931
26.287796
28.727547
27.096563
34.47919
18.537842
24.269306
38.45982
33.217503
17.667671
19.315434
27.745262
25.492113
16.043911
35.18874
36.598133
25.885681
37.351955
33.684277
23.497374
25.197271
38.245823
15.840835
26.686844
20.001799
39.154797
31.486063
22.749533
26.803553
18.272522
38.034466
30.183472
35.728897
33.498367
22.1524
27.488451
25.494316
25.157595
38.851395
37.735516
16.989471
35.695915
39.330914
26.366627
25.230913
39.225666
31.463877
30.059725
16.67068
27.795074
35.20317
35.8949
18.88495
18.558561
21.384476
19.770182
24.521532
22.645359
34.41059
33.040882
23.050838
36.45519
23.12474
38.694344
16.343699
39.35399
35.814976
19.022314
21.390207
16.299305
32.739227
27.71602
29.57743
39.79407
40.82018
18.58448
40.859753
26.749157
26.23147
34.684425
24.8842
38.32923
21.48152
33.550636
19.674053
26.663086
34.298454
40.428307
27.827606
31.41872
38.129467
27.934607
16.354942
35.675163
38.39015
39.414253
37.254097
24.267075
20.73414
28.404577
15.718995
22.8349
37.560658
20.08822
25.475101
22.182407
34.737278
40.38713
24.154678
34.225132
18.087591
16.439365
23.852106
16.807383
38.57812
32.600613
35.04074
20.972088
32.33614
18.82521
33.886242
29.886915
18.639843
15.306886
23.657402
31.561745
27.844501
32.59724
30.413961
23.736687
15.843102
36.07052
33.44191
34.876522
36.107166
33.565956
18.01036
40.076534
32.613213
27.314495
31.939995
24.866377
37.032646
17.844498
30.201683
25.39276
23.447557
18.461487
27.304838
24.268347
17.552206
38.109844
19.58862
29.493443
22.809776
35.94976
32.69508
27.288641
21.356146
20.820686
35.48191
40.4208
28.577303
34.912796
18.423416
31.661287
19.234224
23.431042
26.151861
25.384659
19.768808
30.811625
24.207407
30.997463
33.99677
37.13863
39.293293
25.88114
25.778103
33.809044
38.37399
26.839508
24.45303
33.20713
40.807533
31.660542
40.841095
19.17467
37.3693
22.333735
27.423347
21.40133
34.502956
40.708557
25.962313
17.50995
39.425354
17.936056
23.261703
25.574276
27.815687
16.904865
39.027615
25.08221
32.735153
36.064526
36.865208
17.945438
19.152008
35.523113
20.3296
39.056717
34.987774
26.11284
30.647072
16.108997
32.954018
29.236452
15.232295
34.915936
27.615002
27.738855
36.449684
33.311283
27.090136
35.792564
36.201717
21.85494
34.601086
40.842197
17.874258
21.03646
23.671988
35.02237
20.928802
32.442104
24.207153
19.145027
27.003712
27.439474
40.899246
29.34635
37.771347
39.334106
20.461863
20.790003
29.995277
21.665375
34.033997
40.44268
38.241436
32.334316
37.76987
35.869534
30.519436
36.594044
34.106167
39.241123
22.765005
27.583635
30.48963
31.300352
34.521717
15.049412
29.45162
40.906784
36.44004
21.172838
29.83214
31.957512
30.283937
25.012186
25.684425
30.977856
16.020002
35.96549
22.932158
37.48181
34.26146
33.875217
24.204916
19.321276
35.849026
26.920494
19.443476
22.674774
25.672977
24.280516
29.845074
31.070507
24.975471
40.703346
29.509802
15.8952055
15.319474
18.576979
22.752787
32.2094
36.1704
17.875126
21.462809
22.371387
32.608826
27.437935
18.11659
27.966248
22.077463
36.448334
38.098927
33.843006
29.262686
22.67753
31.8324
32.68207
30.22091
34.0986
32.88642
34.446827
16.682161
40.805023
36.713833
32.317245
19.098095
28.821333
33.954357
23.260242
32.44888
36.35606
26.347681
15.260432
38.083225
18.322393
28.214956
28.416683
31.937998
20.540009
24.196062
23.604017
38.368763
18.931826
30.470945
16.207012
15.51969
39.24236
38.04687
27.549982
18.67117
35.32973
28.85948
21.080938
32.325718
18.921318
18.41402
30.110357
19.927433
18.873331
24.484137
22.96252
20.057634
35.437622
15.989124
35.76629
35.70905
34.81429
25.586615
40.793808
18.81314
33.35664
37.74608
17.249796
15.579961
33.195374
19.10965
33.72071
29.407234
31.761833
17.800205
21.112242
15.1250105
28.715466
27.002731
39.835133
15.164647
39.11861
39.623444
39.24365
32.875515
19.35205
23.122192
26.887438
32.660168
24.227701
16.717207
34.006855
16.858475
20.030201
39.0772
27.883335
15.383401
36.80702
21.344427
17.150616
35.996025
22.127127
39.873257
22.979206
40.80452
31.741163
39.42237
37.16568
20.081644
34.101376
40.704712
23.58996
19.817595
23.53758
16.177782
40.24795
38.559727
27.035711
32.747948
15.123487
16.038048
34.02844
23.665932
18.532732
40.835052
31.382763
20.306654
19.255747
16.93078
30.857306
23.755095
33.764183
15.338736
39.70249
36.160915
23.16058
39.245567
34.789665
32.678062
23.064
23.077192
26.680544
34.47155
23.608282
27.736258
34.38638
17.752235
27.963408
35.890713
40.21654
35.09132
24.347036
26.640352
29.079084
33.36985
38.362522
36.14819
37.871387
15.634571
39.681213
17.895521
34.186657
17.859898
27.581139
35.104565
33.462654
16.156857
33.660667
22.56962
17.91178
31.323349
33.16502
37.647564
33.097084
17.796099
16.795023
28.48077
32.856667
31.04316
40.611725
39.660248
26.429296
21.226873
34.70708
15.484074
31.097008
29.570704
31.680086
20.726025
19.435762
29.279356
23.639357
18.401493
28.353228
31.09014
19.447327
31.402576
23.493076
34.574516
34.22782
18.071514
15.298068
32.16231
28.777954
38.791355
26.049646
15.527093
31.456936
29.495092
34.539604
15.449703
39.36845
32.62915
26.67979
28.567955
19.21002
34.5545
16.318731
27.524069
19.031813
16.628336
20.809383
22.937353
22.329008
37.281593
38.460205
22.358232
25.386055
36.29231
27.902039
24.90068
37.59767
32.15209
18.616253
16.603676
22.610683
36.932743
33.394943
18.738277
19.562378
20.3824
37.34189
17.255455
28.435223
28.115158
32.17339
28.360836
25.604414
33.705616
27.040928
20.805994
17.02388
23.259413
29.87306
25.901993
27.177986
27.603128
38.3218
25.489347
23.92037
35.621666
20.79913
28.139639
18.627905
32.468563
39.80222
30.717474
21.717003
28.384361
19.75126
20.09755
21.501066
21.680483
33.901768
30.310083
25.612055
35.08082
23.543541
27.678852
30.765755
28.060478
29.661446
38.61964
36.519524
23.080965
18.508432
17.68293
33.85285
32.693214
18.129282
39.15306
33.895313
15.364817
26.77378
38.057312
31.933014
40.58494
24.35103
37.79166
28.943903
30.31021
34.601974
29.736107
25.343853
36.137123
30.505033
19.210974
39.369587
29.721384
16.580286
21.91654
35.58123
37.911625
39.22032
27.601929
35.336304
19.824997
15.951488
25.125183
34.768684
36.66415
32.616993
27.294977
16.800188
40.460075
39.87377
34.925392
24.019068
23.122389
31.107952
37.388767
24.87883
18.188524
28.89906
19.617577
40.602474
32.485497
20.50107
26.984873
26.421354
37.552708
36.45877
31.78379
36.334488
35.121452
16.440798
26.130161
33.443367
31.206707
32.646076
18.028278
18.09883
29.438835
21.728346
30.06839
19.590834
28.147799
27.083748
25.765495
15.918487
23.409626
28.559458
34.902546
34.296947
25.774687
16.166622
30.407167
22.489342
39.719563
16.218842
29.269522
37.79606
39.99912
20.467772
16.799973
28.590406
26.022608
31.270336
33.12869
26.658714
36.137383
16.59743
19.26539
25.284689
26.276133
27.781866
21.265911
38.01188
21.80827
16.303743
39.093285
32.324795
39.633327
35.624252
17.614597
17.10841
17.564108
32.104397
24.840801
36.67728
39.869442
35.382927
28.99531
33.409832
17.481335
39.2382
29.288086
17.579853
36.818382
16.921637
39.375526
36.846466
32.43727
24.225668
39.402473
33.045467
15.796277
29.137188
32.25111
16.419016
29.299599
34.82768
22.162632
37.227398
39.488506
34.94428
15.251021
25.805624
27.75511
22.691273
33.59426
40.559315
23.276827
16.029518
27.566904
15.138494
25.004328
30.47163
36.8689
35.084454
27.483109
24.413647
39.30902
38.614132
23.048502
33.719326
17.81742
23.887945
18.506258
40.361073
22.390158
36.10127
23.795603
28.321901
30.709736
32.04634
33.3289
22.675749
37.03905
31.410511
19.711834
24.788805
21.65232
35.008427
24.370356
23.922457
28.544893
36.389828
40.24523
33.168797
37.455086
32.821365
20.162533
15.612584
23.334461
22.509867
34.747944
24.888863
30.319181
37.11624
21.825214
36.893436
15.983475
16.103243
29.123707
20.303679
35.197277
30.267067
23.817366
38.78014
15.263707
15.921781
37.927113
15.244733
21.177902
40.637314
33.941013
24.469229
21.82743
36.17584
26.141233
38.358135
24.74537
16.328022
26.074226
26.77295
28.63074
38.719746
39.360123
39.520176
35.266926
18.341583
25.609821
16.213346
37.697353
18.547413
29.602825
18.119724
19.558563
38.575207
40.076283
21.815224
15.324415
19.262188
28.48538
26.496496
36.8812
28.55817
21.917511
25.136997
26.331867
17.685028
25.97745
28.32427
38.21867
29.346926
30.907959
26.578539
40.45699
39.265026
37.470093
40.228123
16.189165
39.49207
16.179684
39.50506
28.495623
40.456367
16.381254
29.424717
34.44165
18.491314
22.33792
34.22608
36.291668
36.725803
30.025537
34.674744
35.888832
39.642445
18.641697
16.368605
35.176403
25.354649
30.974833
22.336554
37.628223
40.71039
38.726105
40.683464
29.959219
38.699406
18.636341
35.810028
26.902905
31.322437
24.842728
19.824009
28.071264
20.075092
40.27457
33.159805
22.953505
36.50566
25.094843
26.136108
25.963654
26.925285
33.203873
36.206863
22.112976
24.2806
20.64392
22.998594
19.361727
24.442976
36.37805
24.87757
17.995747
19.725317
18.364017
22.75317
24.476957
21.306309
32.103664
31.099213
35.13278
16.423824
36.920586
36.762856
25.778069
31.693224
37.10351
35.031136
16.904123
30.712975
36.750298
21.638046
32.4229
30.239126
28.656925
26.92048
39.12051
26.64189
32.918446
32.16923
15.95264
21.101578
26.043386
32.37165
27.105568
18.057966
38.330437
18.00544
28.349895
36.796127
30.016077
35.318493
32.6302
36.733536
37.27399
33.61747
26.062271
18.967321
23.531876
25.488356
27.550694
25.947227
39.76861
25.584984
24.092924
33.75894
35.464394
39.646988
23.502155
37.434116
39.69883
31.74651
40.75972
32.94757
15.526618
20.413391
33.498764
24.11871
18.20786
21.251425
28.224524
16.503506
29.129683
24.933708
21.792479
35.544815
36.32817
15.052969
16.394196
28.743124
39.404396
22.203142
20.841722
17.416388
25.325562
40.88138
28.29485
24.736713
32.112022
32.325047
28.741615
35.163403
33.733315
29.236168
33.520947
40.135887
23.67092
15.496174
34.967304
31.946804
32.55296
23.436646
30.860773
38.084595
19.025581
17.00723
34.781994
32.016598
24.598234
17.269724
19.69989
35.37783
18.584658
15.0477085
29.16118
16.83719
40.45879
40.27408
16.304073
24.532078
23.954487
16.604116
39.584713
33.89395
26.060219
25.199713
17.583344
20.931551
24.694748
17.240675
17.548193
38.595154
23.296942
38.682022
29.438658
24.71432
32.82275
19.051487
29.145306
16.1833
37.71456
32.669376
23.292772
31.562355
30.292961
21.573318
35.57264
27.069906
33.718185
22.643322
28.906887
25.059574
39.178284
36.947968
26.908543
33.507812
36.283333
19.170425
32.084633
19.781935
36.779728
31.123377
25.01761
22.015081
38.645966
33.824875
28.364916
22.783651
16.39094
37.382465
23.93232
