40.683266
31.13668
15.211298
16.502197
16.909262
23.06155
30.430103
18.444775
32.81561
15.798925
37.39949
29.354174
18.651627
18.633083
39.030834
26.752472
33.467743
37.472435
21.059633
35.53277
38.513016
21.11122
30.311543
22.82609
28.417143
39.12809
39.337273
21.880844
26.824223
25.769106
29.432287
33.408752
38.170998
38.828575
28.988836
19.673443
28.640135
36.019806
40.372093
21.232626
36.969524
21.618706
18.068705
24.692112
17.761438
17.266878
37.725235
18.089617
24.210827
18.736649
25.87571
36.598625
21.759865
29.18917
23.651428
31.127304
33.086304
32.99766
32.573067
34.08475
40.04604
16.561363
30.644037
36.096638
23.715704
21.701857
32.39585
20.774534
17.519003
19.211847
35.280323
39.777992
30.570871
24.917574
34.860046
23.355751
38.83645
34.219498
40.617825
18.312128
30.477245
39.491943
40.88725
33.91702
30.844755
17.950903
19.400894
38.662605
17.982191
25.640173
27.259089
24.967176
35.207874
28.039604
40.741512
18.936258
27.379213
23.465132
31.315414
16.11346
39.77413
17.908916
25.438381
19.788242
29.177105
25.258797
18.310326
21.875078
27.719997
24.939894
37.59838
15.638242
25.303114
35.937126
26.340103
28.608704
26.00992
17.885992
24.7245
24.924412
23.829185
32.45991
24.257084
25.02248
19.211226
27.63601
30.934195
29.12158
22.51032
33.58718
16.483591
39.255085
17.20322
21.926842
16.472363
26.75031
32.924156
29.823719
25.139921
37.99642
25.819498
31.107643
35.1829
29.10337
27.50078
23.903236
28.400503
17.626497
39.962536
24.556932
20.102945
18.916159
36.231888
22.663813
18.492256
25.84906
29.229666
31.854214
19.843887
29.707684
28.348293
35.6661
37.24922
40.796535
22.58943
21.30769
18.92314
16.01861
26.75493
38.405903
27.637545
31.082846
15.147434
16.9396
15.710818
23.272993
25.512323
20.4727
22.164839
32.78068
24.540741
31.530771
24.155338
28.490206
15.153643
37.505608
25.588024
33.799747
32.99985
23.825943
35.951996
25.57367
37.126404
36.29842
21.833685
34.642593
25.617374
16.5014
38.31862
25.402912
39.147842
34.90528
21.545015
37.01455
29.862389
23.996517
33.04232
37.455547
37.763077
24.098461
21.169415
30.264393
15.87964
17.810753
34.961452
28.18571
34.895058
29.029951
37.000793
26.132204
17.612547
33.36765
34.546787
39.88554
25.675426
22.448286
20.090656
16.781088
35.289158
35.04743
19.746008
36.25624
25.345314
37.322277
36.442017
23.589249
40.31006
20.489708
28.755571
35.41532
23.515142
27.22313
37.400223
20.679
20.077332
19.767954
29.883997
31.56653
40.572506
17.31658
33.65472
17.659294
32.803627
15.537159
29.17065
19.059088
25.527172
29.316559
36.76588
20.558289
40.84038
24.756384
32.924088
23.06276
17.082302
24.25196
22.630869
38.42256
25.56426
17.087673
18.844007
21.585344
34.220913
35.39811
21.8027
23.559513
35.360924
27.572931
23.890888
40.05911
27.096651
20.22444
32.076477
29.899496
32.745113
21.69031
21.567377
30.222794
17.517986
32.709976
27.256935
22.454285
37.156155
39.39168
21.775475
35.525665
18.81481
23.878191
30.52129
25.348417
26.467958
33.222748
26.913586
33.780266
33.37657
40.90276
19.291504
28.399956
28.75254
18.127357
30.377506
24.29037
16.650965
15.635827
33.030018
40.727276
36.336163
39.03759
16.129412
23.180714
40.892277
29.910294
29.872995
36.35839
30.687122
40.851162
28.49888
27.155075
40.448402
27.467743
32.51516
37.319424
23.174273
17.897734
23.880053
38.409267
34.87562
28.863516
18.260271
40.178772
23.235344
20.495663
28.488964
15.925604
16.670235
40.200535
28.651344
18.52349
33.99411
18.700783
40.845123
40.87537
22.906027
23.043419
18.5946
32.34452
25.865469
19.848753
34.141384
28.355923
32.56672
39.364464
37.39129
39.80728
27.187496
36.992554
30.166218
40.18894
39.862404
15.873042
40.591385
27.384207
35.419548
31.836676
40.942375
24.006355
36.319088
34.579994
16.08327
40.82577
30.945467
40.269604
18.746067
20.350636
30.930304
34.94855
22.333418
17.946594
18.020943
19.0961
39.670696
40.015846
36.159996
29.483397
29.190187
32.70315
23.904112
25.070877
16.39921
16.356163
32.0856
17.109364
30.165737
32.5397
19.708433
17.835266
36.349113
35.788322
31.470493
33.191402
17.610186
29.478922
19.016935
40.85835
35.854263
16.214638
37.054783
27.547333
16.692013
21.933924
18.796864
32.984203
23.54743
37.59308
26.853579
22.304935
16.598825
22.718067
25.653807
37.68678
18.607746
39.381027
31.751757
19.955013
33.872505
29.22927
26.964369
23.633982
20.03709
24.079248
38.1843
22.451887
29.292831
38.285294
32.92644
18.662516
17.62945
40.602642
27.19126
34.712975
30.223606
32.586594
36.066147
17.765064
35.797348
33.704334
25.636436
36.368965
36.835396
28.283308
27.240488
16.191357
25.919397
16.179695
25.878796
16.116173
25.118906
19.622923
31.674818
31.264688
27.373001
39.076797
26.685728
39.522617
28.103054
27.15519
31.074135
35.01547
35.916344
39.639935
38.677166
15.639407
23.191853
20.470861
34.347313
38.23333
38.583656
17.212708
34.089676
30.26899
36.034096
38.9508
19.983303
27.03939
30.757856
31.827307
35.14954
40.24181
19.839962
34.502026
25.61836
31.58022
19.584612
20.706463
21.843903
17.552969
37.558575
32.75726
16.8334
40.94507
24.391928
32.404724
22.37909
26.710423
32.83059
19.714554
31.720505
30.907927
39.279247
28.81556
28.115068
37.146282
16.129864
33.293503
38.25764
39.595978
33.5402
23.770864
31.265211
33.04282
17.008274
35.784695
40.03071
24.686005
20.083012
33.459446
22.15036
27.424656
17.85776
33.668877
36.3419
22.230303
20.512691
22.391037
23.296276
35.868805
39.103622
33.78244
21.243502
15.713697
22.038969
35.13241
36.163544
19.68403
32.243176
29.305803
30.536167
22.443169
27.874151
34.542126
16.798967
22.911161
23.643785
33.55121
18.270714
26.871714
23.284883
39.73055
29.197563
31.995863
22.51438
30.02653
26.79255
20.957947
23.961914
19.471586
29.664164
29.485477
18.964474
25.751635
28.86774
28.163054
15.871902
17.292814
15.963726
17.601463
40.564793
37.303898
22.929825
20.186617
18.255362
28.970495
33.549404
28.039013
34.323544
27.569372
32.9864
32.042908
39.93477
17.656073
31.657427
36.845406
23.492376
25.676224
35.22457
33.57919
17.596922
16.360685
36.557884
21.72865
33.116154
19.08699
21.854328
32.03761
39.213615
40.024284
23.750446
15.648003
38.740532
19.326197
29.228859
28.762207
18.264652
29.895914
21.394068
17.037893
17.191465
33.319923
15.780959
31.652662
18.927324
33.4517
21.759817
39.516846
28.84063
16.82387
27.814491
19.46628
20.896358
23.577126
37.99579
18.432943
33.270927
22.91648
31.69005
20.56982
24.998432
15.240151
25.993244
26.097399
30.756031
37.0337
19.443827
33.24271
29.2653
26.381748
21.642986
32.057816
36.468105
36.52192
39.37878
15.1332245
35.62961
34.250385
18.271084
37.262657
24.827728
39.18566
17.667152
19.969164
19.907446
32.90707
25.542953
39.468544
39.910084
15.80659
23.5034
20.124626
38.2317
18.127468
29.6249
21.741877
24.321512
16.1104
24.846615
26.144411
25.600294
18.427681
22.89217
32.406425
17.460426
32.158127
34.29146
28.82764
18.70333
37.44025
17.972567
15.288352
28.576723
39.638477
17.106735
23.97213
33.693253
39.36695
19.4147
17.610338
40.543697
40.037716
31.980585
22.381094
32.062057
37.734898
36.769943
31.38627
34.75655
37.163662
15.511455
32.23376
24.289597
16.182604
21.377134
30.668133
38.071552
18.000414
31.98382
33.421406
29.42711
40.502476
31.63911
19.49662
17.199903
40.370277
22.467777
21.950443
31.27996
17.666342
28.080114
15.907055
24.470387
16.379545
17.781542
27.014055
26.353685
20.060602
31.973166
33.842163
17.374842
35.124626
18.35594
35.834
31.227423
19.65751
35.826412
27.323267
28.810547
20.63514
24.53992
27.874098
27.518772
15.349178
22.517584
27.731474
19.433561
23.530476
31.38618
40.526993
37.10413
35.170868
40.36556
35.550404
24.037096
33.366455
16.45596
38.875748
32.758595
21.64014
27.92814
40.422035
40.36896
25.148588
33.68204
18.631826
19.879492
30.938381
24.815071
29.86721
25.302168
23.988544
38.82908
23.851027
33.457573
39.161324
33.305393
35.522396
31.77275
30.380344
40.59024
27.528934
34.959957
33.365093
24.05819
38.24422
32.39885
19.072899
33.859283
19.67746
38.288876
31.63435
39.70574
27.933397
22.195137
23.015394
36.21712
29.98401
20.480303
20.899075
18.61823
26.429533
37.296646
34.352142
35.171883
26.654863
37.306503
15.726599
33.62901
18.32846
19.10606
32.9434
24.191639
29.544315
34.446552
31.8154
35.009468
27.073603
31.778515
17.388796
26.06875
28.171162
21.38897
34.41724
39.482647
34.172935
21.458008
24.02983
34.65494
29.724043
33.730396
32.414223
23.564577
17.893143
28.17944
21.908108
20.5062
22.65729
18.034523
27.27731
34.022453
30.2825
25.850374
20.155802
22.476484
37.978737
39.915207
26.632885
20.738676
29.87405
28.22658
28.79493
15.799376
28.831152
26.507933
26.663883
21.769869
25.920649
39.295395
40.422012
33.69671
23.468784
28.993616
30.072113
36.889877
30.513422
30.980997
24.754673
38.053215
25.230637
21.33885
16.828272
24.405848
23.43522
33.58564
38.516724
29.196308
23.611975
25.916641
25.436256
20.536444
37.100613
40.88091
39.638325
33.319996
19.035702
37.171707
40.938313
23.141262
33.433994
36.263065
15.247784
28.592043
22.425098
26.994383
16.387596
16.090492
31.037369
36.88654
25.431513
33.483418
23.179522
35.967213
23.014702
23.06391
37.49936
33.189636
31.238762
15.359098
29.654634
23.148285
36.81472
34.068253
24.197021
19.726513
31.907652
37.86927
32.74869
37.555378
19.7814
18.46204
31.442024
33.7195
28.789095
32.18004
35.696487
33.014954
24.514956
36.7769
30.322737
20.245811
15.945137
39.582638
39.672497
32.54012
31.430101
28.124477
32.093815
25.472733
21.898325
37.520294
37.304783
28.901543
40.290867
26.477953
32.464836
29.85531
25.50861
27.5717
20.701248
28.555439
34.298756
31.617287
34.639523
39.710648
17.454397
30.430246
17.089745
28.592691
39.46081
15.027208
37.457172
22.082851
17.29428
29.418053
15.673678
34.873127
40.464157
27.537016
37.4878
28.312662
18.586014
40.573826
19.8046
28.009048
40.783566
17.99128
22.432579
26.225899
23.039316
25.85364
23.073393
24.362072
15.24861
18.740482
17.681154
33.354713
19.179045
22.483713
26.421589
21.717327
29.797005
34.24066
20.377365
32.10575
27.495293
36.0042
37.874397
15.799099
29.640627
15.551143
25.844967
38.289276
28.557018
31.0431
28.997004
20.291946
25.570854
24.019377
19.724888
24.923317
39.065704
22.35932
36.67568
29.531395
36.62972
17.942009
23.675604
33.726902
35.325665
15.193983
33.325302
25.528227
37.873493
28.491175
28.98818
33.21644
28.107536
18.469007
27.12484
33.49048
38.455227
15.695136
22.967562
24.819328
27.381514
22.872051
28.3823
28.507145
31.752832
27.762299
33.431644
20.918812
31.896906
24.366863
18.630823
22.557737
33.769238
19.53767
19.179708
19.244188
29.084568
24.168118
39.55738
17.51166
16.53124
18.380825
38.7818
26.520426
23.258764
20.71979
31.365673
36.281544
17.713533
32.254456
18.540556
34.79122
38.59504
15.716126
18.674824
34.794586
38.21455
37.31254
32.97711
16.329603
23.86065
36.704285
26.555367
23.945908
21.910627
24.777208
15.692611
35.5501
34.374126
29.30771
25.804155
35.19806
36.315105
15.393393
34.956867
36.83658
33.17052
24.609278
31.05971
37.990696
25.368858
34.250256
38.87579
17.699781
37.848896
31.733318
39.859577
27.624514
20.088894
19.258532
35.489098
29.178648
20.078642
22.165533
27.241295
40.783447
35.301533
33.07282
15.649887
23.899456
37.24117
40.849903
34.98846
18.35929
31.18673
36.74786
25.03762
20.706884
16.18353
17.60163
37.123528
39.7427
38.86015
23.917896
18.156115
21.281023
19.560537
28.875174
23.748877
29.244734
35.71949
20.788183
17.668068
30.65441
37.74197
24.426481
23.837694
17.812914
20.781673
35.727665
16.917698
20.043156
19.761375
15.908404
28.076246
21.705917
18.737434
22.751926
31.993046
40.906227
31.283085
40.938442
39.359123
36.290955
33.94988
33.68547
40.179535
29.646915
18.063963
28.677814
17.03898
25.627884
34.123577
38.292377
16.156303
18.870623
37.88648
37.460957
33.53238
29.004128
23.870747
16.16439
23.78692
21.612932
36.43965
15.5145
32.38324
18.08447
40.901108
20.655537
15.856004
31.452131
17.124435
36.30478
39.385544
28.839777
18.061937
25.652315
40.603336
15.920148
31.260098
16.552944
20.866737
32.918697
32.95491
22.468494
26.407034
21.126053
19.668175
37.456753
19.73354
33.626453
17.35631
34.653645
38.467297
18.00612
37.110546
30.158072
36.381584
20.174706
33.1671
37.004387
35.84238
37.114548
19.558187
36.99517
38.070534
18.366642
18.119518
31.56751
35.68825
27.36889
28.767195
30.578876
18.86623
40.38127
16.966656
19.923923
38.05358
24.664274
17.138609
21.23165
38.75139
28.821054
22.381664
33.542583
33.081573
26.77042
34.338615
19.828611
21.006454
26.686874
38.293102
26.493443
28.970222
17.42561
35.65568
27.579638
29.462177
31.444471
22.88301
39.308426
19.542574
17.04157
18.571218
22.791538
37.72541
37.84633
24.97426
35.27958
24.778505
17.933418
24.520264
25.149416
28.979784
26.673166
28.033758
38.98341
32.15963
32.48867
17.318825
38.55624
23.462738
27.058989
36.51805
17.320452
37.17888
21.189398
20.234398
18.06971
27.22053
22.563879
35.78789
15.859208
23.866314
19.901625
16.176243
38.975494
32.242744
23.65849
35.318363
29.773428
18.682732
38.345963
31.981956
20.535841
22.57789
37.784355
21.431074
31.16185
19.632639
36.1636
28.276949
27.452715
25.531641
38.654083
16.275007
35.039463
24.948143
29.491713
28.883333
20.58444
19.549267
16.955454
30.282618
40.789314
28.195333
23.462275
20.254827
40.954956
36.883846
19.123524
39.827682
30.363983
35.154705
18.538465
15.914216
23.594738
25.651808
35.344795
24.311512
29.025713
34.327194
33.10262
37.369946
30.252459
30.377348
20.457493
25.404058
32.91434
15.417393
39.20983
29.4884
32.51641
34.62732
25.912012
15.666511
30.232021
32.645493
26.92129
20.798428
21.3848
37.838127
37.45563
20.28189
37.33384
30.23952
29.131365
39.704685
29.82397
34.93621
29.705519
32.12029
25.513376
37.95945
23.302547
32.086357
25.353563
15.853654
27.2741
20.865202
36.77229
25.004728
23.02228
32.257812
26.197758
30.54052
20.610874
31.427652
39.362938
33.156776
28.795752
39.76777
21.041592
33.57543
33.22471
35.37453
16.393173
20.508068
33.98872
23.013498
32.931458
34.975994
19.450691
37.597824
33.282307
23.62927
28.334414
35.14669
24.358809
24.310612
32.425613
36.951233
36.35734
30.526115
25.918596
18.247484
23.06619
25.713238
16.43612
18.080772
25.378523
29.237463
21.05682
22.243248
22.614586
23.902674
40.303593
28.175877
27.283278
27.426178
15.977986
37.548687
24.251192
27.807915
26.969875
34.86763
32.93759
26.814363
36.728207
24.903826
21.116682
24.901163
16.947836
22.000647
39.183918
20.814531
34.209095
30.386406
18.331001
27.840025
33.800858
32.505146
32.97461
38.20823
15.764503
20.075315
32.99675
31.520489
30.315353
30.095856
20.880054
28.223753
31.22978
37.341564
24.659264
17.142227
36.5303
30.024216
31.760435
38.864426
33.85764
18.24339
25.26239
16.38779
39.287914
19.61051
26.890293
28.839092
33.034637
37.00205
16.139072
21.31725
39.469498
27.782475
22.32491
37.94632
26.202412
18.03487
16.075783
26.079865
37.580547
33.346916
32.79755
17.263912
35.897648
37.522102
18.989868
25.044327
16.849115
32.22095
24.936678
30.995275
38.324917
29.98415
24.258875
32.44915
25.50162
18.349375
22.092154
40.324203
18.376392
35.845753
19.240913
39.174744
24.38001
29.534777
15.559528
20.12967
28.512539
26.463657
40.025127
36.73878
30.564474
25.906923
19.49146
21.912138
31.417822
39.594345
26.95132
37.11639
28.165672
25.257978
15.285325
36.783005
40.845505
38.778416
29.93783
23.486712
33.95061
15.970149
31.736086
38.868702
15.5656
34.61811
25.156654
33.50744
35.966187
32.762295
15.743489
23.981056
33.830013
24.42464
15.094979
37.21887
23.824463
32.982056
38.862648
20.905401
34.268993
15.211792
24.542078
32.17902
23.813778
23.670101
39.48705
33.158108
27.632896
37.512413
27.540714
30.931408
32.4997
38.123
22.953106
31.564993
26.293346
37.99436
28.842077
38.407013
34.97991
35.181362
36.355247
20.512232
36.917877
39.352413
35.903316
19.362015
40.45712
34.969692
21.360655
25.22132
26.232084
26.452772
27.966747
18.452871
22.293964
31.314667
18.81271
35.899635
36.283367
38.206696
35.259773
30.050262
20.214102
33.568245
35.41217
29.118183
34.12032
15.149787
31.854626
27.39352
18.813435
25.062311
33.265194
37.268074
23.301838
25.203571
28.226908
21.187042
29.0456
21.921303
15.587229
35.447285
15.149993
40.59586
28.052107
24.240313
25.845755
32.45946
32.351868
19.62932
36.16075
31.416508
40.279053
39.253048
25.55673
35.889225
40.17369
32.465237
16.486584
29.785095
32.019417
37.347046
21.321623
27.567358
25.21419
29.57071
34.905045
33.10712
26.29232
31.446325
21.106882
28.505335
24.39983
31.649616
24.187382
37.39525
35.163124
17.107052
23.519932
15.370603
24.741308
26.305729
23.281202
30.132204
19.315403
27.8989
33.085438
19.705221
39.043053
25.894106
15.221333
38.651814
19.595259
38.939335
15.144234
27.588491
38.79207
18.26368
34.182854
24.51485
40.56695
30.682438
35.039013
19.470114
29.515148
21.742682
35.590427
18.856148
26.618958
37.56378
26.750793
28.400425
40.393543
20.218401
17.697966
16.179615
17.659513
38.60299
20.65029
23.384321
40.424126
28.66287
31.552671
34.577682
31.94068
21.565437
28.52818
29.085367
33.916153
25.956055
34.757584
28.851742
36.05003
38.784794
38.568394
15.606721
22.612614
18.358063
18.9466
25.51017
30.608994
27.247824
33.428432
34.575375
22.225334
35.48198
15.38613
23.120459
26.716913
30.043137
29.090836
18.256327
15.672792
23.118889
31.617369
39.992035
32.67992
32.77535
34.64979
16.923195
17.809776
19.766596
30.553288
21.66634
21.063646
39.046288
21.697033
18.211897
16.937927
22.213673
17.94441
29.190727
34.60884
27.604757
24.470991
32.683903
32.886215
18.03037
24.62741
17.652716
24.048994
38.266468
30.433367
18.325636
17.950441
19.317926
36.47063
28.951202
31.368965
16.20565
29.437096
29.21063
35.480797
16.567877
35.43053
17.28116
38.543747
38.719933
24.149822
18.050924
39.40656
37.982918
35.633194
40.308414
30.296364
21.070074
18.89693
28.864342
40.486996
38.110863
30.8949
21.51103
19.914026
32.496056
36.588184
40.484142
21.577507
22.143301
36.595856
37.6639
27.661556
20.011152
37.892056
28.137669
36.700108
38.730442
25.321129
37.94307
33.83117
32.075512
39.321793
36.820522
25.20728
18.663815
30.182865
39.626404
38.96768
38.75081
31.397297
40.692818
22.828283
15.278286
20.237843
31.86709
32.30817
37.43754
32.546867
19.224108
27.886969
30.925026
16.91442
21.516605
39.975204
21.79653
22.91286
37.31353
35.480156
24.366938
16.862942
37.473686
40.962658
21.956205
28.725384
19.111729
30.905657
24.448154
21.14369
20.535845
39.4532
40.60719
36.40799
29.77112
26.128996
21.889137
35.166397
26.230032
16.506493
28.085796
20.07953
39.851074
21.57787
19.558949
40.295418
30.598972
36.657204
20.047964
34.616188
25.604555
16.05346
30.07625
22.53462
39.41975
37.46186
21.835232
20.93771
16.872807
38.047592
24.090628
20.206047
37.83123
32.533615
36.13427
16.682016
22.814613
22.254879
21.095732
29.0364
25.846817
35.103985
39.03156
15.932107
32.196743
37.56884
27.125889
25.565449
27.729198
29.65066
28.06479
28.159449
31.472094
27.351124
24.18766
38.290382
21.703545
39.630363
38.3725
35.04783
16.372116
23.26282
40.77797
20.46019
28.985811
33.855934
29.543566
18.361774
31.240105
32.44702
27.34034
38.934135
35.60263
18.556583
20.268068
30.523592
16.831867
26.351608
21.010784
26.018372
24.97943
18.660486
22.391129
26.063084
33.81039
23.981352
24.504963
37.69477
15.77326
22.338697
34.47124
36.603996
31.661024
34.868435
18.498106
18.156025
31.926977
21.349487
23.444712
30.551302
29.25375
23.550379
39.349327
27.061104
16.42127
26.222168
37.497707
27.143326
19.779137
37.844505
26.521828
20.425076
18.701145
19.819439
27.747528
27.032803
37.284485
25.70797
34.550625
24.55742
30.253395
27.317356
28.834652
30.060946
22.536776
15.972399
32.909283
40.962864
19.31165
19.141954
29.027088
27.388556
16.438944
18.742268
31.627293
40.61877
20.165539
19.901596
36.93864
17.648247
19.726084
21.746004
29.00961
22.543238
35.050552
22.854115
26.462612
25.281868
34.1681
23.428926
38.30992
40.067837
33.095146
17.947811
20.022532
27.727148
27.005402
24.077059
40.709213
26.729195
25.301664
31.975363
30.741468
16.617664
34.844204
32.760906
30.45122
40.19336
19.037626
33.879707
32.63147
34.66017
31.737957
24.388212
38.486256
15.127099
26.013975
32.75098
30.404713
36.353348
24.681517
21.654827
27.475069
20.43014
18.226809
26.553528
21.00793
25.21207
40.2446
15.18267
25.504225
20.74245
18.839178
38.122116
35.481655
16.661205
36.571064
39.633907
40.3646
20.640589
27.479513
39.46635
40.24585
32.26304
15.470623
28.090399
30.744568
20.437223
31.93324
39.922382
29.413513
25.442392
17.829494
35.48744
35.189377
24.997847
26.704142
22.19098
22.233782
35.373455
30.066626
24.390898
20.178383
15.48877
17.42204
40.80101
24.266119
40.192463
17.861969
24.90682
29.171595
34.47046
22.573353
24.037382
17.387152
27.200207
23.883451
31.012512
24.97717
21.250269
38.531075
22.872564
24.23169
24.218487
38.739136
16.0982
20.291386
28.908628
18.360786
18.940672
39.169548
24.764574
36.881184
15.008344
31.762651
30.912764
25.379204
22.093235
40.419655
32.2077
29.688154
18.37162
23.431152
39.732006
26.941864
24.575693
18.40309
38.571682
20.452208
29.508688
37.895645
18.368742
22.436493
35.363678
39.936554
20.147732
38.497787
16.706758
18.058996
34.219078
35.958637
34.69814
36.367855
38.581497
20.158327
20.150059
24.804016
19.177284
30.646093
33.35841
24.254995
22.598412
38.83755
29.295235
28.451168
40.398075
16.14872
37.71223
17.690369
34.031414
40.881947
32.980766
18.349674
16.63078
29.210192
40.081802
15.871683
34.315098
18.490932
27.059462
37.453625
31.53948
37.83825
30.46498
40.02115
20.110367
23.39133
30.84306
15.234638
35.923187
34.040016
32.150585
18.254482
25.223612
29.502668
40.148067
32.782616
25.250078
40.598946
40.266994
25.501322
38.484547
23.319897
33.23182
22.446177
17.419897
23.86993
34.802967
40.07858
23.746696
31.240078
22.407885
16.864342
20.168571
23.069208
38.139862
23.01831
26.674644
33.559597
20.629839
40.740986
28.029099
33.035545
37.634266
40.75168
21.482075
33.36848
32.832497
19.213686
17.262766
15.939295
16.290075
28.250553
15.284686
35.06835
32.319645
31.168457
17.67477
33.91593
29.059149
18.228289
24.23204
31.740643
18.987347
20.352
34.728306
33.10054
34.809544
30.50132
36.0824
29.091543
28.671888
33.63298
17.87118
38.039894
32.500412
18.113033
28.384623
36.200325
21.41141
34.26394
25.488989
39.95866
16.60265
39.32157
39.93117
37.79757
24.9103
34.49534
15.398988
38.856274
27.30431
25.053062
39.646317
21.299856
31.995424
24.393389
22.298626
29.911095
31.53988
25.921886
19.573555
34.327484
15.353209
38.213135
34.08289
17.168344
27.382477
35.419506
17.126371
20.931793
39.3367
30.178429
29.444471
39.988445
16.83801
26.373446
38.266335
23.258654
39.131615
18.020308
21.670828
22.23227
18.580393
38.277985
15.772646
15.87464
40.070465
23.12537
38.05222
40.65993
38.66685
29.598087
21.267166
24.482529
36.38383
18.645693
22.814762
29.5196
27.77241
21.648207
20.159014
17.252617
29.1778
25.421856
21.992561
24.802961
15.982574
27.147427
25.172768
25.496443
27.926693
34.070652
27.153013
30.143864
24.68335
17.052607
28.624353
20.909506
34.270107
36.08902
31.389297
22.836716
37.58757
29.771017
36.10868
19.10948
33.403324
37.32577
25.494158
26.951193
33.43667
39.354053
36.763073
27.696554
24.85018
37.672707
32.729015
31.019827
37.416904
37.773605
37.770584
35.562412
26.907452
19.326609
27.102486
28.275028
24.829157
38.882614
37.267227
38.67444
21.549793
18.473763
28.572346
21.912107
37.0513
30.161417
24.317198
26.061705
21.084318
23.748507
25.085035
26.354876
18.332243
34.851395
23.120173
38.229294
28.343882
23.317385
27.86675
24.000347
32.456715
37.577538
23.1147
26.727558
32.708115
34.940487
26.880167
25.419144
16.81982
27.061438
33.141796
30.1028
34.741283
37.861523
35.8609
23.488157
31.950462
26.026323
36.332756
17.956041
20.736017
17.878181
32.84772
28.43201
21.022667
36.89566
18.885302
35.336338
22.952019
31.444365
24.620611
39.249905
24.393898
20.3869
18.392076
38.19528
17.838743
19.155834
27.960726
21.504396
32.709404
30.601908
39.885574
39.1292
19.031172
15.470857
27.146317
19.948685
20.611671
38.715706
32.26357
19.135685
26.407713
30.017378
25.59867
20.968958
33.594036
23.865
20.259083
29.610884
18.999298
26.338322
30.092142
18.318363
25.037537
32.33812
25.619005
31.314283
30.03874
40.426556
20.44234
40.11917
30.97004
16.667902
15.655356
37.52741
36.93941
19.901096
16.086515
31.609684
28.586731
26.729113
19.833311
17.133074
29.492306
37.176113
19.470226
40.612465
27.07102
31.441917
15.560034
33.841732
28.070538
28.474277
38.654346
15.2004385
35.754913
34.183014
22.838364
38.29147
38.130375
37.03606
34.05647
37.53743
29.157936
33.505966
21.949455
36.248222
37.797817
21.37649
30.740772
30.3697
34.94366
37.2723
16.828384
36.63279
23.829811
37.94098
20.170403
33.14506
35.33288
32.794918
27.296835
21.60117
17.73918
28.011744
35.83646
19.236107
29.012533
30.095448
33.816883
31.404821
18.372297
31.21641
39.677616
26.244112
35.07941
15.87698
34.92998
21.257385
23.728582
16.490343
16.70447
25.86023
35.057705
26.31388
20.04517
37.93444
17.310884
35.844288
31.742632
32.260452
37.52948
33.260155
30.740597
22.332853
28.795805
34.788857
34.708702
18.510983
40.417137
20.97795
22.242418
32.716293
21.313046
37.76745
39.33309
22.96053
36.456886
38.98777
23.245113
25.873447
40.122807
29.449156
32.743866
28.096107
31.902351
23.141972
32.737305
29.915548
23.980331
29.233204
19.825546
32.838894
28.997316
15.523053
34.99712
40.93971
38.97665
30.816517
40.767056
17.756718
33.25672
16.268368
26.421202
22.284702
37.14457
31.175955
32.712784
29.169746
23.094927
32.922775
32.351345
27.605682
16.618996
15.816772
36.93086
16.6259
33.840355
15.420817
20.562939
33.494453
36.64063
33.638897
37.412727
26.722603
20.675516
21.299965
40.579174
35.871822
15.192128
33.27254
23.318033
36.75139
29.54154
26.246511
40.47512
34.878624
23.55575
23.234766
16.178911
18.141973
15.546231
23.57567
15.33577
33.49196
30.581587
32.758507
17.277756
20.182293
32.914734
22.747444
30.032015
25.593185
31.955433
32.645664
19.112486
18.991137
19.02186
31.519802
29.478737
33.71432
24.255331
33.995785
23.363426
37.21989
39.54514
34.840782
32.038986
29.189283
18.0859
17.161934
40.275814
32.45996
22.277668
16.081018
34.23834
15.936639
31.079468
25.785303
24.872034
20.83248
15.63981
20.708294
27.453518
19.600378
34.0531
39.260098
23.907618
24.736788
38.428802
35.005684
39.739296
16.27528
38.11056
23.4803
33.98509
38.234314
23.845358
30.934826
18.457779
23.54343
22.978294
20.219862
39.739693
28.044388
29.336277
40.7459
25.874126
37.048473
37.36448
37.997852
31.511108
20.62856
32.2922
27.43587
30.382751
22.334139
28.6302
33.780193
16.415174
20.33997
16.139484
25.65657
38.52808
22.173595
31.561832
21.36947
17.229689
30.114357
17.865355
20.174162
19.483934
30.116251
26.533682
36.834442
34.008385
36.679253
22.515299
23.481562
16.155594
15.478489
31.849941
35.83076
27.837103
36.75792
38.701843
40.66537
37.568596
23.504944
39.55503
38.164524
18.646229
31.24461
19.663738
32.128902
35.708347
20.926888
34.501396
35.450146
31.493492
24.827702
28.91461
17.272833
16.474602
21.644247
30.963793
16.214191
22.231142
23.037266
16.020174
26.735058
28.91486
19.757868
15.589164
27.296661
23.971603
25.193634
30.543026
33.291344
17.400785
17.678541
29.971146
40.901344
34.265636
18.233547
18.69412
24.018257
21.911648
27.539385
34.638256
27.146788
27.407104
34.890408
17.729956
18.820038
22.088905
34.638126
34.744865
40.46941
40.778374
34.20523
35.63457
28.920889
27.225962
22.135855
18.25397
30.730377
30.650436
18.844847
28.12538
33.424305
32.857155
32.738827
17.900845
32.377773
31.35181
30.20391
27.521917
32.540966
17.110073
15.589818
16.726677
39.51561
40.220257
32.767303
16.516582
34.58678
26.485222
19.095692
21.471159
25.231298
19.251423
17.709455
30.386402
22.352634
17.227125
22.917643
36.613197
24.03305
20.858425
38.20717
15.684906
28.947397
34.950928
34.85074
16.348719
20.74889
35.65647
25.442518
19.953165
17.715769
21.688543
18.819311
34.294704
19.738724
24.686562
20.772379
19.48906
21.332504
28.018427
32.71475
33.20846
24.771118
32.99234
36.041115
24.713829
39.674606
28.443024
25.302256
31.511227
30.41629
27.96416
34.513058
17.174992
34.57303
26.677963
21.923155
31.90514
28.306913
22.364431
37.401264
32.72466
28.045458
26.01706
31.219265
27.872683
38.118267
34.44828
29.469166
35.912342
31.111734
18.437183
25.605967
16.347618
23.619322
16.093636
19.681671
17.131287
30.793482
22.607052
16.72045
35.346497
28.646307
16.354767
21.38223
22.557423
35.399506
25.464031
19.571774
17.849794
16.350319
22.353346
34.97251
15.419978
28.69851
26.522972
17.61926
39.721767
19.570555
17.921085
18.571148
19.6428
28.08072
26.581188
21.505796
37.958035
20.684694
26.908052
20.628235
15.395495
32.309948
16.983587
34.672596
32.050007
25.788052
18.570663
30.972029
24.593403
40.967674
32.11208
31.582014
15.755193
24.552988
26.953484
23.264477
24.88549
22.19073
22.26325
34.774937
19.062439
27.620214
36.678837
18.34213
39.169224
23.804073
38.57845
19.489346
40.641197
15.873498
26.058329
30.418983
26.17148
31.450336
32.190254
31.066578
25.563852
32.449364
18.940334
24.627823
36.134563
15.8175745
32.24949
22.871899
17.590181
30.833345
29.207499
20.876637
36.146378
19.566887
17.996742
20.95589
23.803026
34.894333
22.338335
17.496645
38.153843
37.06141
28.542542
32.183273
19.884195
29.208609
24.94697
38.65853
25.198586
18.498272
20.520191
29.055676
36.81972
18.525112
25.71509
18.033403
35.913986
24.54506
30.275352
38.954945
16.323467
25.723503
19.630182
17.675098
19.822649
18.082369
33.756443
34.033558
38.768215
38.11659
33.944096
39.600338
18.473343
34.153988
21.76989
26.478685
25.913229
22.448656
32.766003
20.043325
37.956482
19.726307
34.764317
26.376461
29.217422
31.44132
19.703836
30.861362
24.83721
19.358454
37.80773
19.903065
37.02712
15.2384
40.468243
17.068
26.045149
37.384808
16.921762
28.06912
34.427563
23.601397
27.853104
17.97035
21.759876
31.711359
34.43701
26.744015
16.047127
35.207172
36.00675
31.887049
18.831198
32.827564
39.533596
35.186687
22.603395
34.899334
39.40784
16.923496
36.77326
24.135187
16.630926
36.80944
18.480103
30.244938
38.460056
32.780907
40.871582
32.195724
20.790787
26.401373
32.12402
17.248053
24.119596
15.0757265
39.442085
23.997988
19.7978
16.537922
25.550856
15.571719
36.469593
32.14599
22.781122
20.84738
15.0813055
24.403173
31.749231
40.119926
38.6555
34.821186
25.845648
38.97843
36.142735
40.751434
39.27178
38.331135
36.095455
40.132187
31.202532
19.492176
25.652546
15.234636
19.802444
37.034866
19.379814
32.437786
33.28611
20.719915
28.880783
28.82218
32.98905
21.223043
17.773745
15.944451
19.503023
16.614939
15.625296
24.53971
37.33018
35.587482
36.737083
35.095802
20.223396
29.273748
21.301725
34.253452
30.405422
18.175243
23.375467
37.80842
22.197458
30.188389
26.35928
25.726635
30.238111
26.01331
36.236774
35.030537
40.43661
39.331387
39.686386
34.67457
40.07952
37.054207
22.366995
28.60013
26.098068
25.674917
26.170263
31.04493
15.403673
27.294094
15.039543
17.879066
22.412058
25.24573
27.074505
15.249864
40.401752
40.414917
38.072094
38.13977
25.190733
15.317404
22.398706
40.576393
17.765236
25.802147
23.145031
34.18103
24.957783
25.841494
26.884203
20.501759
28.04676
33.28973
27.035503
29.14951
38.237835
39.719128
33.830006
18.140217
25.387838
33.483738
28.181236
15.043479
20.044718
20.01463
25.382975
31.547874
38.90243
17.016333
18.488085
37.87539
24.107647
18.712713
40.466278
37.11212
27.505486
18.581587
20.795443
20.969797
21.874361
16.120817
38.010265
19.752216
24.475475
30.104733
32.91354
20.373257
19.830326
30.518156
27.649708
37.157585
18.54001
33.89639
35.646713
26.852684
29.173025
30.153013
36.5516
33.790424
38.77358
29.14334
26.716684
21.4588
20.380423
18.189901
33.537464
36.879112
33.096497
35.587418
22.999943
36.1312
27.712652
17.708069
16.164291
21.129076
20.664093
38.744076
31.993273
29.321604
29.185991
28.352997
30.928179
35.377575
16.935253
29.51218
25.92148
17.111868
40.058193
32.742397
33.25468
20.919067
16.709307
37.526596
36.401413
22.803297
32.364235
33.22829
20.43999
31.727625
40.920383
38.10515
26.0763
38.453846
27.54154
28.116726
19.206972
39.303043
25.478277
35.141506
32.13451
16.339746
39.683735
24.946709
36.04014
19.367144
38.944874
30.795534
17.126757
18.818151
21.46203
38.929886
32.96361
36.136883
22.335215
15.332711
38.99582
37.56732
23.253227
31.152578
23.926134
20.400782
18.832272
38.96415
32.732883
39.680965
28.513506
33.64168
29.457226
36.12528
21.704445
18.03878
36.574493
24.593227
26.936943
38.896038
23.75848
16.817545
31.214928
26.439302
38.15425
38.310978
35.437943
17.984814
40.894146
39.37134
33.811916
35.53339
26.523264
19.92987
17.496523
21.814474
15.24497
25.622452
39.38879
22.53179
36.453426
37.91081
21.905636
40.665874
29.889462
30.340296
32.903286
21.604828
29.937635
24.09333
36.45948
31.603065
15.07653
18.88224
15.144756
36.608913
38.300926
17.9225
20.621954
35.85539
25.453669
20.237215
27.938553
26.774565
32.836666
15.865866
15.714241
28.774347
21.214643
39.685154
39.576607
27.207586
38.381805
35.49704
29.66065
35.466934
34.830853
31.798843
40.76327
30.554876
22.745304
22.222479
23.831726
37.70686
25.530317
33.01477
31.86548
16.6865
37.403755
39.127987
24.023731
36.225323
30.188456
39.49946
30.756306
29.745543
25.378283
16.921564
20.113518
40.98286
29.794632
28.537928
29.040932
26.417337
18.706789
37.44912
27.427906
28.52383
23.158596
34.170807
38.95417
31.769598
24.425585
24.759607
39.366577
16.015095
26.020838
38.30666
15.71853
27.51506
22.474491
38.19619
23.31758
18.070496
32.230946
17.036102
18.651917
18.048147
37.439465
28.48994
40.404514
22.96262
32.158016
20.374247
18.81404
24.107264
18.546812
30.332695
30.104422
27.323496
33.99718
40.15808
15.4805765
20.41425
22.82304
29.405571
29.275461
18.935709
40.13632
25.325294
38.23415
22.142578
32.83444
22.33975
15.63348
37.715565
15.246995
20.301138
33.961197
37.565853
20.92043
40.586075
28.216444
35.489803
19.26374
18.719893
34.54378
26.738152
20.334738
19.67
27.875885
15.667482
34.915657
15.207486
19.535406
38.557808
22.20848
25.808529
33.33437
30.408537
39.974487
16.451824
38.60993
29.066175
17.74922
32.365593
34.848087
35.39063
22.883156
39.287422
21.072556
40.332928
17.590025
31.122543
26.013567
24.775812
36.92888
26.020851
32.2221
21.779491
16.702627
21.840239
32.757675
17.478594
30.624891
29.723629
26.853428
38.29212
35.78873
28.089329
25.049858
18.33695
30.464836
40.719048
28.689293
29.976248
38.563526
33.825302
19.375755
32.28786
36.713932
27.989552
33.0305
36.903584
24.84549
27.684824
36.51123
34.148903
39.40091
21.731205
28.413548
40.703625
33.866505
36.479977
27.63588
37.10753
22.17484
17.781822
19.56477
37.351048
32.71639
35.86691
18.32506
19.519508
36.190887
37.1493
18.44005
26.00061
35.3359
22.665516
24.459555
22.118143
16.68905
30.366764
28.639158
21.2211
23.972227
19.806662
28.591873
32.235836
35.429966
24.901022
28.983807
20.479868
31.511114
25.383532
25.8083
32.139523
24.65182
36.34095
20.548443
21.229574
21.599602
27.783682
24.625711
23.08158
16.71246
24.592354
25.93288
32.44863
15.973486
33.378334
24.962276
25.16772
26.080727
26.805826
40.065796
31.986975
40.903564
33.74548
27.721031
33.64351
32.84111
33.26424
16.328192
35.56868
17.174704
27.903368
33.025475
22.700987
39.37576
36.956383
30.285849
33.802994
36.51182
39.530926
16.646168
16.407001
22.387926
18.063295
15.819869
28.055376
17.866816
23.651684
36.65746
18.854832
24.930925
21.08392
34.944336
38.530067
31.480522
31.757761
30.86337
18.140608
15.606604
20.826574
21.100178
16.41577
37.133774
22.850483
16.031696
25.266142
32.597473
33.992844
22.214298
40.446014
25.50158
40.374176
28.475407
37.56971
18.696495
29.580427
26.313007
40.72575
24.024553
25.519726
36.020405
30.78635
33.99863
29.831541
18.978857
15.175731
33.21158
25.874441
31.898697
38.33923
31.418163
19.95339
18.439913
20.446272
17.787842
30.894796
33.60602
18.963676
24.695932
19.337315
22.580532
31.651926
31.602242
24.178614
28.263058
26.265388
29.060465
23.503155
16.662724
31.778639
15.708272
17.01324
16.519186
30.31443
19.20711
26.495382
15.047133
22.11496
37.532436
16.176296
27.537964
21.876545
25.759232
27.9576
38.702724
15.558857
29.544228
15.465548
36.1033
22.383371
29.875523
39.611927
40.794224
29.151712
16.341782
28.934462
31.38541
19.243093
24.167486
34.369877
33.136383
20.691042
31.567219
34.31002
25.405663
34.59314
16.59118
21.801231
22.80413
32.773525
24.565783
39.56934
29.7393
22.096418
20.477242
24.18756
24.687653
34.119892
37.2028
24.15168
35.49516
20.882742
28.363308
19.886847
32.281513
20.533216
27.752548
32.782368
38.11143
40.236916
25.792843
31.23587
17.49682
34.342224
25.273077
30.385258
25.006506
39.13511
29.744476
20.716852
36.78553
27.681126
30.381063
17.060207
32.624016
33.231064
38.855885
19.614948
33.365948
21.457571
20.840748
24.602232
21.911062
30.393692
23.106302
35.893158
23.838509
30.360268
36.881023
38.538807
29.76878
22.397598
35.1217
22.511196
37.98084
36.757847
15.654734
26.161938
20.51421
32.868164
37.76671
37.914886
19.011242
16.84051
38.754242
23.531548
37.89262
20.08268
37.187374
34.922672
28.109598
28.85606
25.197348
32.92673
16.679289
37.729137
24.968737
20.735779
37.4848
15.79183
40.797596
34.721447
23.409824
23.2242
19.571379
37.298573
32.777737
21.354113
35.333046
34.16123
38.278103
19.691975
35.710938
15.735731
34.08893
16.596634
35.427567
18.017418
34.74085
32.205086
24.844707
33.092743
15.419842
23.049637
33.558727
40.595585
27.867968
25.389654
18.429317
24.106321
20.81699
28.701136
16.10632
15.074579
28.97766
29.99572
36.113625
35.231277
28.007818
31.68191
33.855606
40.65287
32.595364
20.53469
29.530836
34.650444
26.817503
33.005795
16.869347
22.478668
38.275654
38.585373
34.85394
40.494175
32.15568
40.216827
30.142637
25.840466
38.32609
28.870125
37.778496
35.996002
17.862196
20.294828
34.954685
30.59447
38.972115
31.702742
23.096867
30.811037
24.200912
32.670944
21.331509
20.305567
33.002045
29.90958
37.52795
36.22363
22.290665
25.704771
31.533691
21.078339
30.431248
28.82553
22.96644
40.470867
35.262398
34.47456
16.983202
23.554707
26.224522
18.46637
15.81573
24.908524
34.43157
16.23211
23.543377
40.05477
24.61578
19.479082
40.56849
16.245907
19.274887
22.37389
36.56611
35.33738
38.064087
30.971676
20.298973
20.57631
20.500402
34.27997
19.620306
21.957043
37.3851
16.8241
33.231167
29.429518
32.00007
18.872284
37.315704
19.693693
18.09702
21.58179
29.046762
34.57297
39.973816
38.243866
21.136055
27.031908
16.520012
19.533417
23.097082
20.788176
38.014164
20.210518
17.695797
29.166113
19.668318
17.074411
25.183004
16.348852
27.44051
25.136545
23.334238
21.508364
31.473969
24.957815
32.06693
27.427479
34.672092
30.886131
23.461332
34.175247
18.38125
17.534012
29.380873
27.156706
27.9287
32.25183
29.5691
19.430471
35.850956
28.580935
33.094734
20.57225
38.04823
35.711845
17.322762
16.559708
37.81349
19.826263
25.208818
31.163828
40.71011
30.86758
39.645653
27.154243
21.609886
22.763226
34.834644
17.26068
21.853683
26.413042
15.2119665
28.280024
23.459803
20.861525
24.328144
18.97824
30.580576
36.987698
25.261398
37.508602
31.995564
33.77497
26.639275
36.952545
30.330164
17.764282
34.149757
20.286629
23.901289
39.647392
24.542131
34.58892
15.617164
36.123184
35.54959
34.620377
20.196215
28.118362
30.90962
20.051495
36.120407
40.26492
20.714922
26.551899
16.201208
15.130319
29.69674
40.72014
36.41189
21.112284
29.72409
22.403387
34.727596
39.13865
15.796545
33.341377
24.115145
18.353752
33.114857
40.266262
38.527344
34.826283
40.432865
25.599808
19.78198
25.97966
21.82574
37.711586
16.543634
32.924355
19.253807
21.336649
28.27668
15.162754
39.85773
37.198364
19.000946
23.240534
28.790155
26.14192
17.956703
38.834663
30.57035
31.15625
26.873655
20.49653
29.44267
26.546846
30.438967
24.80985
24.026237
29.219297
15.77224
21.076387
39.662407
28.543053
30.240751
40.808636
29.2982
18.58724
34.786163
39.287094
24.488068
33.6551
20.084303
27.230778
16.1529
30.990906
23.322474
28.233093
16.104494
19.292923
18.154205
28.0313
39.025146
22.238335
31.479187
16.906233
28.58632
22.61074
20.096556
32.549984
16.696934
30.818127
33.99255
21.592758
37.490887
17.599005
23.049044
29.6462
39.595245
22.536615
16.297184
24.198853
15.464443
35.635933
39.490963
23.9906
29.122683
30.665417
29.738226
30.596342
21.525726
24.225216
35.20223
30.865202
23.934998
37.57591
23.474508
20.590097
36.19098
37.146416
18.120485
20.323494
34.579605
38.337227
21.111841
23.6087
21.10444
29.744673
17.385334
22.062061
26.40909
31.254307
20.605448
40.719936
38.33842
21.586252
36.358746
36.855343
25.183834
24.82256
16.470648
34.072697
37.02696
17.206484
17.910765
30.905052
34.277756
27.07574
29.84081
29.36681
39.497196
18.17669
22.759497
35.955822
30.901299
15.803558
38.411682
19.452396
35.56246
24.216633
22.15451
20.528666
29.255661
24.615612
16.811092
39.660328
18.141195
31.57906
38.692673
36.123795
23.032393
18.328184
18.433195
37.965282
27.865704
17.432909
23.555483
30.744352
16.172365
17.650497
28.276186
27.583048
28.844877
35.471737
34.957005
28.592632
19.298225
29.646948
24.822668
28.103567
16.244888
34.473907
15.091401
29.290352
25.734354
22.951916
19.501663
35.761314
34.851936
32.041164
29.36919
26.474535
39.528427
37.2137
30.771358
35.944565
28.28113
34.242077
18.231245
32.120564
26.388617
28.744139
34.361633
25.54513
16.99553
34.386967
16.329624
25.44396
28.950514
22.850487
15.71544
19.250095
17.79945
40.660862
32.364277
37.732487
18.287806
31.826092
23.168123
20.37714
33.97006
36.841064
37.364704
18.960087
22.080816
36.07647
22.903679
21.355
35.69135
20.825857
21.705614
22.534243
36.35693
20.357298
39.227077
27.450638
38.954533
38.200928
35.64568
29.02835
40.21698
37.600914
30.191692
25.844673
33.588943
30.570087
30.678375
36.250614
23.461655
19.307886
21.12087
36.656647
37.587475
26.876831
27.484083
35.50105
21.532011
19.980211
37.06276
25.02168
15.39066
16.443293
24.77238
20.368193
28.678112
29.572678
31.7174
31.820074
28.293407
18.953197
31.803715
24.916998
30.769897
28.43901
16.87519
29.161442
29.638496
15.105309
15.8794155
38.61957
15.664314
29.74931
30.905752
27.224909
23.960878
32.164005
30.589184
15.880251
33.542793
16.855371
33.33628
29.556961
15.746836
35.1335
17.105066
22.506596
22.133116
27.580444
27.058422
38.428493
37.97208
34.782257
25.311024
21.977888
28.229755
19.909996
40.20279
32.352634
37.082836
24.244251
22.05711
32.86267
33.42673
18.060028
22.220087
26.364868
21.583996
38.423496
20.327362
17.236872
28.477053
30.399529
27.208021
20.167107
29.89837
38.928543
21.610456
36.45415
25.192822
17.203613
24.022955
35.73715
25.661144
35.76341
24.262156
21.119942
39.300034
36.71391
31.215443
36.505207
17.113546
31.501553
19.14868
16.620792
32.16215
28.482752
33.32867
20.698994
27.759857
30.169458
30.35999
30.0606
39.786545
25.477781
25.598871
15.958936
19.95176
21.566349
31.282093
40.95523
22.02779
32.92344
20.596786
20.825123
35.564133
40.24663
40.817432
16.537144
37.40195
40.356
38.849228
23.197502
18.42634
40.89164
35.04238
39.02157
29.42589
15.868631
33.979797
24.370903
37.67306
40.297188
18.090965
34.685764
24.895658
24.023136
21.407846
29.746458
25.67875
20.703573
30.553814
31.112995
17.018028
17.404814
36.144722
25.820982
22.739782
31.694511
36.18146
29.452702
34.809254
28.297123
19.726355
21.55586
29.168327
24.391623
24.181007
15.04849
22.675095
37.45264
28.821276
30.727013
27.962042
24.171013
20.895239
38.285477
18.58618
25.436897
20.553104
34.357513
19.713623
32.628506
23.153254
18.00856
33.762764
16.521645
36.076576
20.834406
21.92429
18.020098
28.08166
18.36317
31.282969
35.604137
24.44618
25.811277
17.385271
21.904192
28.66541
40.410072
17.528511
35.12898
37.31644
22.498178
24.791336
26.212187
32.847317
40.365772
32.88206
37.489063
23.51296
39.44042
29.250446
37.473957
40.455357
34.820118
16.590204
16.882256
19.013214
31.387833
36.853592
19.424814
22.74676
29.7826
21.206161
39.10028
26.376234
23.356047
29.968863
39.7205
33.858013
36.908978
36.52625
40.226437
28.160181
40.48133
22.423841
40.986774
17.949791
30.759756
15.434183
35.718708
39.3669
18.770597
30.240347
30.930145
26.335909
19.442095
24.5673
23.854776
32.45254
28.3481
40.085617
36.736343
31.385332
17.48668
33.218723
24.015562
16.94322
29.30039
38.10398
33.483063
38.486332
28.311167
30.389545
20.783827
16.194931
24.721123
38.29309
36.793545
33.86184
20.12173
22.405128
33.334385
28.33661
26.057234
30.088778
36.457596
40.525036
15.604268
16.009521
16.092527
38.93553
32.35808
31.322567
26.246513
15.164296
32.256866
20.352112
31.137169
29.424042
23.529108
23.21596
27.648628
27.246492
32.71504
29.780535
21.325335
35.82671
26.191566
18.575512
37.75187
24.127752
24.921347
33.85393
27.614506
32.826965
31.249903
26.852772
20.00002
26.460732
16.490934
29.490608
36.559418
22.712252
16.768337
24.233166
37.0492
18.68744
28.124537
16.664137
28.459839
39.236816
24.258213
17.41786
33.451096
27.906729
39.42056
17.562012
23.135931
16.94113
34.97767
36.262695
30.389587
32.905445
32.937744
35.620865
30.807734
28.967072
23.345215
26.938225
19.19722
27.642363
22.86003
33.35235
30.055328
24.907862
25.06874
39.774937
16.878199
23.973936
39.115128
40.37372
23.336258
26.731884
38.091576
20.457724
25.364393
18.910923
18.298422
15.557199
19.03676
31.319405
22.957087
27.733662
32.73093
36.19497
27.253687
29.712185
29.533379
18.651266
15.693456
17.297146
19.097965
20.484196
29.66228
15.714338
25.24151
29.188633
34.82013
28.01646
40.445137
18.93685
24.492273
29.495646
25.127455
20.482836
16.577557
27.165846
28.06536
25.482103
39.659172
21.809507
16.660522
25.55437
18.98175
29.827124
39.884396
39.56704
16.749708
25.18491
28.68178
24.08014
31.805231
22.124933
16.37289
39.668903
19.160334
28.983747
37.165966
35.927975
36.08594
30.459648
24.27735
20.361662
32.501938
17.975353
40.353184
17.077518
27.265661
35.402042
27.896645
40.225964
36.622353
32.342308
22.226877
28.466507
34.559513
33.413754
28.130625
26.391535
21.09825
35.53158
23.814707
36.801548
19.6581
36.057636
38.02739
24.001083
38.54792
32.86509
28.288855
38.872437
38.363857
36.862003
20.055775
25.384785
32.61657
32.323685
22.342323
37.40905
15.263168
34.50291
20.829603
28.234386
15.985648
17.418694
30.817822
27.019941
22.035793
25.468452
17.51032
16.566023
36.257797
30.565033
32.065742
25.251638
32.503223
15.869217
36.614502
32.760777
24.068962
29.869982
32.007862
34.307735
32.017445
30.558886
20.45284
21.472075
40.279236
20.751652
35.383263
33.46685
39.291775
26.229095
40.92718
16.688951
15.594022
34.301247
23.15309
30.738478
21.275213
37.642605
36.912117
27.744278
32.467037
24.803148
25.540678
26.795841
26.171991
34.668823
25.947792
26.556982
21.636744
25.32691
22.68361
36.724754
34.20779
40.285778
31.470364
28.897346
40.147762
22.805206
35.374283
35.62763
20.244236
26.212563
39.306797
34.96445
16.208855
34.511806
20.865534
38.6216
26.843237
19.336357
17.660484
17.06479
36.73897
16.353638
27.217897
38.269913
26.882685
26.598051
15.314266
18.681164
23.953033
19.891005
26.165043
22.985586
37.325138
16.500555
21.277433
19.720894
19.838882
33.500004
20.973972
20.446434
16.241007
19.903856
29.603254
35.232407
15.8770895
15.591226
18.27653
38.560493
17.68781
29.27088
31.603605
37.37928
39.855087
36.298794
31.348772
17.020933
19.547098
32.028206
28.187239
24.960783
22.127232
34.55379
28.814804
38.989517
15.920555
26.205742
31.548304
25.268002
36.172356
29.956167
35.25159
18.94764
36.186886
29.019363
31.93161
27.56459
32.800373
23.359152
24.67135
39.25406
19.32101
17.560623
15.701273
35.981224
39.85947
22.580263
34.358055
18.448334
24.577185
33.257576
23.439236
20.112795
37.795513
38.15297
23.034647
26.839064
18.137537
38.27079
35.300285
16.107458
27.91514
30.533058
17.837477
23.415977
15.8276415
28.488585
23.350079
39.53653
36.70419
30.673775
35.074566
30.624933
16.500675
30.285597
23.112787
23.834358
40.05297
38.38381
20.244267
28.044899
25.191702
30.708693
31.05488
30.597183
31.739964
37.38217
33.290813
22.505985
29.643671
27.254332
35.231632
22.53008
25.025503
30.464035
27.573427
30.687548
34.30668
25.901402
24.822914
30.331034
16.707006
30.691608
33.525444
28.735497
28.412052
30.56363
38.784836
17.301205
27.487316
29.02408
30.480085
33.937798
31.222849
21.625599
34.343784
25.97046
27.007717
17.300726
18.63943
21.99729
26.062275
31.726454
38.55944
27.527222
26.39718
21.991226
29.663101
39.940834
17.22165
17.455332
38.68331
19.341702
29.689419
32.627247
28.853312
23.203894
34.349434
38.12263
35.53939
38.37158
35.959282
27.329372
32.41274
27.929585
19.422903
37.271114
40.653446
24.73919
30.530107
18.343433
15.751887
36.021263
31.904028
37.090958
38.35753
22.269289
40.10351
21.000286
27.3224
30.98772
18.181118
28.402811
18.596285
39.27644
21.163279
38.013126
18.952976
35.120052
35.897797
15.372865
36.661594
17.391106
33.50481
27.526398
28.1644
39.039227
36.270866
30.624092
28.582123
24.713503
39.2418
37.830322
28.440247
21.153471
29.99862
20.907635
27.394339
16.084259
26.141582
22.155172
17.929853
27.064508
38.86119
29.99844
28.021572
17.76098
16.640848
23.45931
39.5601
25.461685
21.614456
19.979206
28.987656
40.289745
24.393162
21.625044
40.032566
17.543106
21.279104
30.576706
31.691744
17.86061
26.69993
15.976412
27.682623
25.502789
33.426388
30.714516
18.470818
26.936195
27.676357
38.5329
33.67703
34.122925
37.56215
18.946264
15.176506
29.442396
33.503933
33.913227
37.526596
18.010326
16.210684
25.933416
38.492737
30.310293
27.621044
16.303152
24.390461
37.516056
26.79999
16.631693
20.720783
37.65832
40.20326
36.401493
36.14857
28.877403
33.94996
34.35015
19.258312
26.40376
22.78483
17.758326
32.718906
38.62115
22.265108
25.347036
36.498928
34.59261
25.37302
22.419462
36.596012
20.767326
32.23337
37.1264
30.37884
34.236908
35.90677
30.29127
26.087418
37.87236
28.332535
34.09963
26.297161
30.948559
18.411293
39.13988
37.224487
23.450838
34.945892
36.77587
39.63646
21.158737
16.700161
24.638882
30.824272
37.814827
20.188646
23.145477
18.610062
40.21192
40.97643
34.3795
23.678932
31.869884
28.24665
25.420477
23.662708
21.123623
33.184383
20.25742
27.349276
37.906765
27.329039
29.7962
34.15113
22.290873
31.463442
34.15018
20.538984
22.927967
38.83631
21.39805
27.531082
36.94454
36.555817
40.29937
31.52611
24.54807
27.845444
29.077545
20.777409
33.632515
25.519444
34.311516
23.628359
26.00705
29.513552
31.221643
30.26371
25.522861
18.597807
21.191874
37.178764
21.335514
30.501726
32.239456
16.828165
24.815958
33.598152
35.325066
33.9883
26.211025
15.020559
27.890373
19.252064
31.054724
28.629707
27.816721
40.771996
30.544493
19.59893
26.117702
35.87764
26.621971
18.553453
25.110113
24.515104
25.335749
21.177633
36.55184
26.591732
37.21395
36.99498
33.29191
31.2559
34.837345
35.62939
26.347082
23.901855
35.57917
38.27204
27.001022
34.261677
39.56563
30.306822
28.516102
36.33126
19.31152
22.08834
30.35475
36.074486
20.198215
40.71992
23.426176
31.85949
27.986794
20.345098
17.806112
39.403187
20.896797
29.944628
26.621218
35.635063
27.431639
33.922
19.34657
28.338373
33.09451
23.864033
16.633669
18.6868
37.414036
39.779053
40.968136
29.866753
27.286798
21.84378
18.950342
40.860374
27.54433
39.23094
15.798932
20.161503
24.864885
20.943256
18.796232
25.706635
22.67592
20.745405
33.826298
18.625214
30.530909
30.264076
31.9004
33.54829
33.594616
29.117266
38.621452
17.16194
16.333807
36.537495
18.90797
33.451485
33.285774
19.36959
31.979843
22.654951
24.864954
18.552254
37.602306
27.328854
23.568253
38.23361
39.891167
29.12673
23.652687
36.52445
19.601433
33.900604
35.38423
34.558933
35.7532
28.557777
33.294724
39.010975
20.692757
18.740198
16.534021
36.50561
23.243454
19.840813
18.367567
24.468113
32.470173
19.131191
35.144817
35.869648
19.762707
33.84688
24.651947
31.056828
35.43758
16.961779
37.662598
18.393456
25.864536
17.080006
38.713367
32.796318
18.242903
29.383646
18.656084
39.412907
20.584858
20.896847
40.376812
34.667416
32.206657
35.46164
36.221962
16.69246
29.085537
31.768047
23.134697
15.767354
18.809162
39.540867
33.280315
36.79997
29.526173
32.55772
24.027075
26.117506
38.300392
32.55776
29.549398
27.87274
18.578083
33.297707
29.033237
21.225634
26.096601
35.021637
33.488796
24.126366
15.494569
24.433153
16.513699
39.004227
30.12775
21.893442
18.000029
17.95794
25.151505
20.015944
17.741674
30.146448
16.799786
30.088041
24.173649
39.99517
38.97234
26.8226
28.063091
37.561344
29.735868
27.826809
21.871935
21.94301
29.151564
15.873147
24.724201
22.969753
35.960587
15.566972
20.436203
17.5793
28.090673
31.32758
15.905871
23.2626
22.691216
28.734295
19.307817
37.751057
27.460764
32.236423
26.00358
25.723042
30.40012
30.985687
18.851965
35.7229
35.805733
31.122005
32.692223
23.714094
22.312313
31.22826
32.17324
39.729248
16.10022
33.86696
33.814766
18.933266
17.002268
36.121437
19.212132
20.081789
29.176311
19.886562
38.6338
28.835756
33.254036
28.288635
34.91143
20.683805
31.433086
26.06143
18.4851
34.327827
26.848736
36.965134
31.74167
25.30296
29.743048
40.407166
40.372192
17.331848
31.44346
36.308636
37.374626
23.454014
28.969547
15.957492
33.541054
36.32463
20.205694
37.099117
30.793951
19.243145
20.009192
35.837467
23.573956
34.450565
25.367273
16.054543
16.632008
19.025335
28.773376
17.003315
37.04155
17.311192
19.361969
35.48895
24.02196
40.226456
19.022942
36.62544
30.252218
22.032671
29.710752
28.539543
22.754183
34.18157
20.470055
31.591198
20.137823
33.71282
30.318802
31.689291
16.026062
38.341057
28.061352
20.103996
29.814821
37.8492
16.34831
40.81163
29.574232
21.696072
30.856443
24.855232
39.859882
39.849854
26.331173
25.463833
35.47833
37.77494
15.415784
27.745708
38.839046
19.228241
37.685593
18.655573
37.425316
32.06204
29.112034
32.633026
39.129486
26.58396
32.300686
23.819298
30.72343
35.190723
31.278933
33.08156
34.572903
39.97076
15.35314
33.208935
24.85485
23.761862
20.611753
26.59152
38.999714
35.7535
37.02
16.453499
36.85609
37.139545
23.73342
15.283766
39.16296
33.555504
39.25162
30.492176
22.315243
27.075535
30.340324
17.516813
40.12111
37.397964
32.268864
36.61745
29.275095
15.514
18.841934
17.412678
23.608763
35.63294
19.948616
30.852802
34.831184
24.428125
40.908207
19.768105
36.434338
20.771442
35.761658
34.391575
22.713882
28.040136
27.838947
20.327713
34.443794
22.808294
33.426975
17.323572
34.64352
28.27631
28.16908
19.895664
24.089455
26.14519
32.94655
17.375923
38.74768
22.808537
32.42399
35.26238
36.14301
36.71363
19.184725
19.894789
36.829655
31.53398
29.438902
40.42288
18.591722
26.399235
32.656174
29.794497
32.7772
15.844434
35.156475
38.06334
28.256943
34.36899
40.686554
18.700624
36.90056
25.53689
23.31653
25.792358
15.173972
35.403057
15.609905
35.013626
27.488916
30.716915
31.95212
18.093567
34.27234
23.832605
29.16685
17.11954
31.374287
20.546392
24.105894
31.476103
35.395554
40.18533
22.767666
26.474384
23.791891
21.18717
23.680887
24.799526
27.199398
30.140156
37.784294
37.788734
30.326124
29.792215
39.83975
27.249733
38.967827
29.89271
32.53532
16.03911
40.23116
23.895802
27.866518
16.94244
38.885532
34.53312
31.128036
28.53269
22.91523
30.054316
36.90497
29.630785
25.806232
30.537714
29.82161
16.751945
33.87769
34.089222
25.487616
21.493624
24.05574
29.97616
29.07542
29.20574
38.887882
15.783784
28.269423
30.48107
29.30891
28.53564
19.946667
33.013462
27.694895
33.38507
37.880295
17.19386
38.079483
23.963581
20.001263
40.448746
33.057274
29.762827
38.310402
20.77308
39.861897
30.030554
26.402092
19.169357
15.381719
26.576752
34.742397
23.776854
39.46417
27.61485
20.33872
23.359797
21.75988
27.303793
35.244614
18.52049
27.57086
35.01034
33.462574
27.513184
20.692266
22.476963
24.239258
19.856749
32.075195
18.059175
33.49169
17.078989
16.288368
28.987276
26.159729
35.87268
25.219433
17.210829
16.649094
38.703167
38.232014
23.800354
26.211048
40.47969
40.082516
17.109161
25.09881
23.287271
26.301088
28.939274
15.647519
24.37335
24.454071
26.808947
22.043682
33.593082
24.73058
39.085205
19.481668
25.339483
32.633823
39.223507
31.648958
34.619347
16.208128
35.647415
23.038511
19.383192
36.1955
38.904976
21.455742
33.477173
31.791039
25.65419
32.26922
28.657263
19.254255
25.758778
25.448395
37.990635
35.533905
24.316242
15.238251
28.666616
16.276714
28.793856
24.439922
17.749168
25.115828
36.614178
24.698013
23.725285
16.972675
38.510242
16.93941
31.838305
16.25636
21.761555
28.165096
16.142546
33.307537
27.025532
18.165579
17.975323
27.20919
38.895126
18.412172
17.11473
32.174522
23.541767
17.370544
18.276356
30.122671
24.843826
21.78959
19.799274
15.765752
37.254395
34.13777
37.381546
24.5562
39.328026
18.290766
17.547606
18.181221
16.304762
30.818392
35.16478
30.94157
25.440681
27.775389
26.77338
27.314781
37.877766
16.769836
16.754591
16.27833
37.761887
25.264538
28.432684
29.556137
21.046217
36.560944
33.092777
30.85219
24.95842
30.721756
34.59271
17.34795
28.46345
26.807522
15.757297
35.265602
28.219826
23.23416
25.065521
40.13712
19.505777
26.802504
26.276022
21.569489
25.382624
38.007614
25.583424
21.759283
29.966337
38.604687
24.65789
24.785284
35.09418
31.090084
33.492535
35.7956
17.901882
34.75017
36.368023
17.60624
35.867813
39.23717
23.441097
20.940897
25.734098
20.250547
17.473375
25.567163
15.380708
24.833939
38.039127
30.922234
15.206987
36.04187
24.185501
26.471575
29.866175
24.287085
36.965897
40.006927
38.30191
23.548513
25.526945
36.36537
29.951843
28.801485
16.5019
21.639132
35.711823
22.525959
30.34788
36.846092
21.79534
20.955225
33.961796
36.244022
16.976265
36.846565
36.4195
28.99677
20.869007
24.987143
38.004913
18.738636
30.878723
27.392399
17.830793
37.733536
16.24524
35.210964
36.299892
28.788433
17.207825
29.71919
17.415188
26.855917
39.73399
31.47008
20.520006
17.34867
27.484035
36.655464
27.433691
29.589022
24.724012
37.047047
37.14574
15.529606
34.753353
20.500908
24.241043
25.906563
30.079397
24.941856
19.05118
20.324636
15.049571
33.988052
35.16148
40.423847
32.942978
30.933031
39.35078
28.240393
27.626707
23.671326
18.300652
31.149757
34.798145
32.33564
17.483063
24.367895
27.563118
35.907524
18.520248
29.886833
35.64067
15.870265
20.007824
26.933794
34.838882
20.091785
29.301918
39.56846
35.612038
40.556984
17.093405
33.87079
16.488031
26.313118
36.727036
32.322266
21.94594
30.048454
16.170584
36.44627
40.927135
15.093545
26.298857
34.548767
35.579388
23.316147
18.729664
37.488243
22.06188
37.37493
25.833675
31.804363
28.280111
33.10377
32.737297
18.247622
15.273145
15.417548
30.147476
30.77767
33.641712
20.06201
15.649642
38.435917
31.88415
25.774456
23.76471
24.14834
37.79821
28.978546
19.498379
36.47742
35.210266
16.005741
38.375706
26.617376
34.209488
20.017532
36.026176
21.514921
33.79301
25.29669
32.26933
18.898006
25.36924
26.382494
34.34816
29.20802
37.919823
35.64396
35.467396
32.956215
26.786963
28.31677
40.115917
25.863111
16.031157
16.773788
22.78743
20.289942
31.095543
31.855536
33.66068
29.934107
20.116476
32.45636
23.56037
35.536076
26.636045
15.24347
23.092134
24.43292
31.700697
22.380297
21.229683
26.19423
15.371202
36.43215
30.82954
20.288837
22.52265
24.251448
34.55856
33.756435
33.479237
21.571213
24.541616
39.19577
28.507114
21.279943
24.67169
32.031757
28.479517
34.90733
37.97183
24.986517
16.132011
36.71964
32.65818
