38.954933
25.241644
17.005129
31.625616
37.07304
28.792282
37.62399
22.962214
26.668076
31.729534
38.704037
37.796097
19.991856
15.262038
22.482395
32.287975
19.164513
25.832033
18.725166
22.904867
35.593594
22.85655
23.901138
34.245434
19.283821
33.131653
17.342285
24.634401
30.915777
40.39562
23.992908
28.463526
37.347122
25.962976
15.030934
35.82865
15.277888
30.569893
20.639023
37.397305
32.2217
30.61229
15.509757
23.638409
18.6378
21.81173
21.28838
38.55563
24.103989
30.01003
19.0881
36.887947
15.748611
32.272106
33.457233
22.375948
20.810032
35.767582
16.733969
23.139572
33.15497
21.005184
23.59382
34.47273
29.86243
33.909996
31.776348
23.432608
38.567917
15.962088
30.47193
15.486126
19.162868
35.156193
34.656025
15.173355
24.657358
28.895426
27.777452
38.25741
33.53927
25.098232
30.638903
32.152653
29.801191
23.776167
21.052
40.55776
30.956656
32.131157
28.90592
27.167526
26.830141
29.82439
38.65764
30.096954
22.680765
17.485044
23.933619
15.223567
33.307415
28.755497
20.926792
29.03853
16.18348
26.210777
22.579409
27.794518
23.3822
32.343437
34.161404
19.747974
20.079147
30.471115
26.78563
39.115707
33.75606
18.902515
20.645395
30.00052
38.88085
20.988617
18.31643
31.98784
30.801332
27.789337
18.334496
34.375084
17.865683
25.00201
24.441555
39.067738
22.370552
15.526462
22.3875
31.060938
16.838081
21.58252
37.981102
28.122568
20.335985
19.649319
19.203024
35.803654
40.080322
17.661755
39.625282
26.22415
38.39832
38.87796
28.12581
27.216896
22.279184
34.622715
38.943287
26.359877
30.20358
32.71519
18.486656
40.18662
34.7179
21.805454
30.995295
32.436832
17.307365
34.07267
18.14002
38.59424
28.522385
31.778984
31.961693
33.155655
39.025383
37.026512
34.163372
37.08534
24.250902
36.730984
25.703575
39.730717
30.709452
30.303986
36.882355
38.110462
25.616142
19.826868
23.668566
16.93317
29.487944
33.602833
30.88579
32.964558
33.628803
19.889757
31.056063
37.43346
21.009792
26.34481
35.194664
36.051666
23.95178
22.252966
30.655924
33.9198
21.23109
28.96499
35.249043
24.101368
16.75394
37.13652
24.274685
37.969234
31.783352
31.338387
27.877104
22.56359
36.852646
37.399284
22.163368
33.147823
33.962505
15.445481
26.910233
15.908301
28.43398
32.018257
33.36094
38.31652
36.87768
39.878197
33.60835
15.056701
29.139853
38.14663
38.367455
29.619282
19.798841
22.287886
34.55943
23.670424
30.81093
33.102108
36.061035
18.130016
31.24233
32.37691
18.217382
15.525343
26.674572
26.137112
29.272612
34.63489
37.83341
16.535353
33.74225
15.696536
23.266718
32.342396
27.932623
39.526585
32.48481
39.72442
36.30686
20.780958
35.876896
23.53565
25.203644
16.287033
33.930428
30.708149
23.533987
19.884415
40.805332
15.486667
38.51305
19.535254
32.153133
25.234903
38.22802
20.599361
20.221266
15.330587
27.899778
33.116783
18.745848
36.270283
35.065304
16.700123
33.911526
27.520847
30.58921
20.211302
39.7449
38.882984
31.40714
22.78208
24.708439
37.173347
25.210295
33.935028
32.974716
17.885174
32.899506
21.571379
32.886086
26.15342
33.56893
29.414394
24.442957
32.828938
37.023613
40.131756
19.314054
31.75716
38.39169
38.807636
16.82511
27.460386
34.26133
31.694992
37.657654
30.338678
29.953943
25.250778
27.577623
27.23295
37.039516
26.341614
20.413738
32.73484
33.006435
38.204674
38.71865
22.981445
17.117365
32.25836
36.07113
30.839048
23.914404
25.17955
16.815464
15.358466
28.5808
33.798992
35.18477
39.175644
18.42327
39.31372
38.217564
25.134682
20.107979
23.07503
33.652603
39.826466
18.964981
28.782972
15.0746355
36.964573
16.669996
34.302925
23.984316
35.561172
36.919075
38.5172
32.178295
32.71918
31.330818
26.634312
29.850904
32.522823
21.742502
23.20087
23.166798
16.987457
36.31052
39.6958
23.704247
40.32035
29.382303
37.033825
17.131702
21.847742
16.975903
38.564972
31.755648
27.87946
32.88517
38.229076
35.165577
32.510937
34.922523
15.409071
29.102468
39.903465
32.617973
34.724056
22.889816
15.936964
24.812237
37.512978
40.29189
35.295742
38.01333
30.081947
29.501606
33.026035
18.13029
15.923038
35.110867
29.395247
19.25422
15.059651
18.379137
31.48633
37.526016
15.433296
21.891338
36.376698
37.811806
22.818926
26.7841
40.979618
29.901237
35.14069
19.119778
16.66705
17.250412
38.257282
20.700523
16.646399
30.910385
15.295784
34.640102
40.72969
26.213812
26.435196
19.34904
39.61212
32.036446
26.675602
32.239048
29.068064
28.00684
39.57619
30.41562
29.57604
15.906756
33.205105
27.903034
20.80018
33.6864
30.61637
19.533867
29.084297
34.012753
29.053905
22.53563
31.65561
16.075947
21.779928
40.05987
19.588736
25.497692
31.934738
30.424616
24.74655
40.617485
35.157253
31.678783
29.89307
18.176435
18.83031
27.24777
29.964474
35.47515
30.762136
24.88207
30.08794
33.451355
26.875029
37.906406
38.353973
33.804443
26.044674
38.854584
20.576414
37.288414
24.618206
18.975733
32.315327
37.60119
31.33642
32.81049
30.291515
25.917507
23.395311
29.061077
24.987368
37.044243
40.20436
17.317072
30.707321
29.421068
21.033798
16.849096
40.662205
23.746069
34.190254
22.645569
38.745213
30.875093
26.620098
19.142963
26.583382
24.825174
19.911907
17.688013
38.176815
39.206562
31.554338
33.670628
30.97902
35.21455
19.002966
35.479176
31.62522
40.431366
32.619328
33.955227
26.68148
18.12011
15.867764
39.86269
21.766031
26.436787
37.290398
28.03668
40.185184
20.04321
30.727785
36.340393
38.82979
20.972588
40.012657
17.33355
30.494066
37.281345
23.936333
26.643974
26.007374
29.014807
16.672203
30.434206
34.61027
31.321037
20.037941
37.067932
24.8599
24.166273
16.98786
23.106405
37.015667
29.037
40.54909
15.103001
17.334711
17.257929
25.050041
40.314285
40.997704
16.111647
38.936832
19.409027
35.489002
21.815031
18.733236
28.531883
20.171198
40.58898
37.7718
16.666378
38.52265
24.552282
15.208734
19.142233
33.04759
39.97699
24.532272
35.34497
25.221823
23.561937
26.284124
32.21108
36.003277
29.8125
27.03576
28.929966
24.414879
21.358995
35.796146
18.424294
28.498528
24.102682
15.974755
29.643166
28.542217
22.44748
39.783447
33.478054
26.898594
26.557161
16.533136
36.19923
19.941534
39.57192
40.665802
39.71085
19.748539
22.02486
37.55984
21.635738
37.95011
15.318068
23.156357
36.266346
37.853374
34.049614
31.27635
37.756145
33.42569
40.226917
24.133507
29.576235
37.015045
34.95861
24.99455
35.224747
17.787476
33.0861
25.198885
38.452053
25.777859
21.397758
26.821526
38.852657
32.178856
31.562716
27.148094
22.575094
19.03388
28.727976
15.827864
24.113916
40.853386
37.841618
22.080717
19.673462
28.839888
20.196535
21.656006
17.430729
15.385578
34.43332
27.376179
29.175295
24.297419
35.29749
19.045252
39.26696
40.808132
37.81546
40.261993
18.62727
32.847523
26.235235
19.24992
35.568913
21.277063
38.071987
38.20101
19.667421
15.831711
39.905308
18.82729
27.592451
25.366398
17.194061
26.824177
26.841341
15.670738
31.306423
18.771828
40.655537
29.593904
37.20678
39.63538
17.050823
38.512722
30.797888
21.472319
28.855259
35.2795
31.785755
26.214985
23.924032
26.702185
16.116385
23.468414
19.288395
32.33784
33.52765
40.148563
25.896217
21.921606
16.566229
28.483185
29.81456
18.106686
15.538659
26.4074
37.29009
28.35699
21.297155
33.708252
22.901049
25.812592
40.505108
22.407373
18.184866
27.739069
24.083677
26.818027
34.588383
19.775496
38.91012
33.472713
31.363098
32.611656
23.52011
37.68964
26.115662
40.953754
26.560469
19.93124
15.124309
18.678764
38.04529
35.30513
26.244753
30.931196
18.087717
23.56765
29.254507
25.581985
19.711102
38.812458
20.822412
16.947762
17.587608
25.661364
17.940664
19.959772
25.10878
38.221855
40.619366
21.075266
32.06185
19.335564
37.91919
31.140097
20.367186
28.714157
20.985455
25.139896
33.826344
31.443928
34.647484
36.31814
29.636982
27.037605
27.35985
17.492943
38.54986
17.721666
23.78761
40.570484
16.974882
22.969738
17.17546
24.231382
30.08733
29.427383
33.79118
23.557467
16.041939
33.32088
31.196564
33.96984
15.771713
16.202354
29.874498
29.265154
40.53002
16.455849
23.828705
17.765522
34.328552
40.373783
20.173008
31.638586
16.730492
35.810383
30.439985
18.297632
23.077288
20.428564
31.364143
21.45781
38.159138
27.378908
24.232727
28.902908
29.583355
25.884182
37.547615
38.308266
26.65148
40.65017
17.704649
39.56877
37.42517
20.28322
36.672203
33.99711
22.842434
34.967308
34.238552
35.48569
34.24004
35.53812
33.29814
32.267006
21.444475
35.788914
23.859636
26.260315
20.71305
25.352718
30.9841
16.158981
15.2383
31.827682
37.699463
34.39092
29.673044
29.947124
40.087906
20.875885
34.190086
40.543167
20.20565
30.106766
22.95967
16.8125
35.269985
32.49801
24.609406
21.965225
40.636356
40.172913
34.22566
16.72232
37.48864
27.402472
17.761831
29.32473
23.878632
40.76202
22.338314
36.726658
33.776234
25.737867
29.850346
29.468077
23.129648
30.994753
24.544317
18.356073
26.585274
38.805798
25.77956
28.532076
29.479954
40.25033
35.0619
37.761635
16.993546
30.700825
25.616852
26.855782
35.93773
36.848774
29.264454
15.017706
18.5573
21.06039
23.164455
35.605824
39.933167
24.206396
40.11961
26.31396
23.101572
20.276316
16.556572
30.091791
38.842014
19.066164
18.047913
31.263283
28.236706
15.019374
15.295581
33.248272
27.567322
28.904425
17.865072
18.052057
34.890125
20.428568
24.641392
35.260044
39.718525
22.115595
40.971924
15.659437
33.642445
39.816628
40.768005
33.807037
20.426828
21.076357
37.456127
26.872128
31.15694
39.243294
18.601355
17.905603
27.33605
38.690945
33.269653
20.32129
18.491491
24.808006
40.75248
36.822678
40.80791
27.519075
16.146156
22.268074
23.582008
31.01345
38.460106
34.039352
22.88087
17.088062
26.422283
17.364399
32.68645
17.051643
33.956676
16.740465
39.021595
23.490719
21.426952
24.115498
40.078465
38.36404
34.171925
19.806759
29.208033
23.870586
24.602707
15.270804
23.77973
27.32727
38.188004
31.786152
17.38328
34.89604
37.023174
35.869762
15.620047
31.416016
29.360308
30.820704
20.819191
28.824865
27.470726
20.1691
24.41427
21.694654
37.517963
25.005836
19.428862
25.26084
37.738354
37.17812
19.545103
28.989193
25.15812
24.158361
39.567024
27.203896
30.319864
37.028603
32.740852
19.591053
34.04808
32.469883
23.357418
22.495441
22.152454
22.90587
26.337177
20.844282
21.149305
28.022154
19.086199
18.260351
40.5757
19.767553
40.81194
25.467758
15.2774105
31.640903
38.70046
30.447258
16.17103
23.576645
22.882147
15.963935
36.412163
36.064762
26.950903
35.068657
19.645794
17.27541
15.952126
40.965694
32.07158
40.905792
29.217749
24.2424
34.425896
16.226686
23.201931
21.872885
39.664173
29.378202
27.558935
30.636147
23.12116
34.34917
30.105095
40.630077
36.233406
15.271837
39.019665
16.416342
38.5274
24.673231
29.664747
19.997133
35.508415
35.146957
36.74237
23.303259
32.32931
36.5438
30.157185
28.164133
36.675087
19.226896
40.916153
24.833683
35.168236
32.196945
31.671951
28.06221
33.781513
26.965181
31.104769
20.432814
36.23885
33.93666
16.23749
30.221895
15.191927
39.76362
39.992214
33.396923
15.07884
31.638418
28.82142
28.530487
19.003159
17.817965
15.084969
19.388342
38.715645
22.80608
16.994534
40.740044
30.83766
24.567732
29.409979
36.544346
31.834318
17.908718
39.547512
36.07755
36.92721
20.726652
24.74742
20.801483
30.130554
32.223907
30.849508
32.808815
31.901308
28.370419
19.437323
24.536936
17.512972
39.914024
30.237576
31.107656
21.19434
20.058233
29.299099
15.12844
40.318707
28.562183
24.226067
25.081976
38.485607
38.464718
22.703062
26.534369
24.206354
38.8943
37.82503
32.308224
23.086227
18.498789
29.332975
33.4955
25.890366
28.913862
25.756685
33.725872
32.68701
38.38601
34.678703
16.460062
20.380915
32.176037
30.859018
35.243412
25.381355
16.691013
26.798037
15.833614
20.893341
20.427565
17.465586
26.907501
37.377235
36.75656
22.386744
32.655296
35.09119
31.339088
16.050587
37.986736
29.312336
16.535776
35.695896
29.302052
17.82696
36.556446
25.92822
24.8217
32.58639
22.294134
38.335567
30.322372
39.04456
19.797506
39.29547
36.792774
37.62481
35.15777
16.50394
18.001099
34.00761
39.22108
36.407314
20.257343
34.487637
39.984646
30.680874
25.75688
17.517574
28.7945
16.173426
30.807905
24.737906
38.535194
33.325047
32.97383
38.28585
35.88643
28.965487
18.702656
37.98345
37.41891
38.61367
25.368965
40.123833
38.811428
28.924099
22.820145
37.00627
15.793544
22.763876
19.496943
37.11505
28.552883
19.55441
28.989532
17.89343
40.29342
31.974842
38.49372
28.433424
31.390846
36.899498
29.048008
20.083658
25.16341
19.5297
32.660652
20.971659
15.661328
15.080558
17.476969
27.743635
20.07521
32.096287
30.9906
40.44395
22.373642
27.493004
32.968464
36.38806
16.602377
19.765827
36.237644
18.126944
33.91232
25.447489
20.77353
19.15755
38.83078
32.868584
40.63191
18.903084
37.550213
22.544949
26.183928
27.668442
16.08097
15.105555
25.841108
34.770382
18.999289
15.574716
39.99888
18.848557
34.219063
21.035261
25.280355
30.482702
17.725718
31.224758
19.328337
19.672993
34.532673
28.454714
21.371801
24.484564
18.255816
18.393127
15.584382
26.213997
37.648483
30.713598
28.855663
20.804596
30.199375
40.389652
36.01228
27.918987
26.467995
34.500755
19.754208
30.071661
40.21698
31.816967
25.61277
34.53079
32.59804
37.142006
28.090252
34.31771
19.657848
29.419914
24.80718
15.564158
15.252608
37.94841
24.96174
16.731472
22.094763
24.692392
18.696857
32.75261
38.102512
40.653965
19.073969
28.026976
21.48267
22.530718
40.268562
20.379679
34.049557
36.481903
38.33101
33.59103
32.167496
38.722565
30.397326
26.908628
40.40165
15.878523
18.5879
20.073687
18.47174
35.56052
29.99836
21.824678
25.425508
37.453747
22.165165
40.58576
18.083414
35.369347
38.17958
16.103828
19.753487
25.16736
19.227224
40.167454
25.974892
34.236008
20.7463
29.222324
24.621084
37.30007
31.626272
37.6922
24.078226
20.731514
39.909657
40.120853
33.411705
15.248413
15.313146
24.869705
28.4435
20.913631
40.55034
40.03748
15.485247
28.682547
33.916794
15.512317
32.106773
19.39957
30.889185
25.623459
29.767038
38.106068
34.59388
34.728764
40.394184
28.797659
23.916176
37.255913
18.073746
22.35683
25.750088
26.209324
37.888756
40.287094
22.429443
15.961491
30.652758
25.087898
32.734703
26.266474
18.786533
36.634834
25.035809
38.86506
30.911636
18.767624
20.110004
23.795116
36.868492
21.438673
36.96444
17.577444
18.81421
37.237995
27.59707
23.8164
29.814932
24.885584
24.045176
30.436375
22.919844
20.370249
19.299522
32.769245
37.088768
26.814379
40.703087
22.014585
37.542442
16.856834
18.306793
28.213589
33.11442
30.371761
15.320835
27.809233
40.005814
19.678812
39.278465
34.109455
33.97875
32.050816
34.820404
34.526627
21.47185
15.287706
40.11127
39.33588
24.380648
30.401001
26.81573
22.876371
23.3182
28.04092
16.290268
23.613781
38.055916
40.198734
32.18783
18.288967
21.541908
25.92973
30.0258
23.496803
29.403835
33.36759
31.433994
33.47093
28.165632
28.138966
24.777796
21.594229
38.542137
20.43721
36.642555
27.211506
31.122984
33.477406
36.26893
20.690012
40.51687
24.829945
23.444849
36.355034
24.599546
19.21797
39.588264
20.921982
19.893719
20.76436
37.795925
20.353006
24.306173
32.386753
30.486893
40.6853
38.457397
16.064592
38.935524
30.309937
20.66106
38.03999
35.467175
16.424208
18.24558
25.664658
34.380936
20.937023
37.35723
27.567984
37.767097
20.976164
34.644035
26.09678
29.303274
34.327744
27.29193
38.565083
20.841354
24.632395
22.769459
39.75278
21.138746
34.969395
20.334543
30.30476
25.440678
15.578947
16.866594
36.207607
16.78645
33.90467
33.90956
33.35885
18.891016
28.882286
20.946196
20.394047
30.244295
28.457304
17.871176
36.40001
31.674095
29.683525
19.390398
33.91772
25.03461
18.435892
33.64608
15.726507
34.910923
18.765333
18.752066
36.30138
32.27095
28.229895
16.120983
25.5483
26.849833
33.15557
18.474657
29.447592
31.717735
18.711939
33.25148
39.573578
22.960583
32.93176
22.759195
15.108875
21.694233
21.360445
40.86877
20.934767
40.736122
35.890373
30.304897
31.65434
34.174465
27.516653
34.660816
27.993076
20.80353
36.245136
23.150013
28.9219
39.934605
30.190119
25.804525
40.06063
22.445751
30.018223
34.33946
22.445124
33.099422
24.326717
27.22546
25.57931
24.135643
34.288578
16.645782
38.84377
18.939325
37.953262
35.961716
27.795252
18.183922
19.961346
21.070053
20.667093
25.269594
39.112743
29.608437
23.468218
29.102556
22.222445
30.349197
21.478973
30.303343
38.004284
27.31964
18.65475
29.785185
23.34243
21.196392
40.47391
18.309769
34.241905
38.343803
20.104282
22.106104
40.993637
29.50103
22.412987
16.929283
37.646072
39.569855
21.307203
35.039413
29.744688
25.214863
35.168827
28.497044
33.48218
26.060099
18.733984
33.89985
15.896453
34.150845
19.668625
34.226482
29.559992
29.046642
28.304388
26.806877
34.323483
40.42128
21.524319
22.604387
17.108093
28.367868
26.625853
36.973656
40.485004
15.741783
26.138954
25.849081
21.837442
30.821568
34.040104
31.922333
29.269539
38.327686
33.5783
24.783281
38.108067
20.411222
17.017048
37.22735
26.837189
28.609392
27.996794
30.97319
35.612976
38.962074
21.935038
18.888214
18.123686
39.493244
22.906878
37.485394
26.493326
38.08348
22.786524
34.933407
35.170227
17.394539
32.080757
30.113106
31.298967
33.954163
37.84821
19.356869
39.943188
36.769142
30.373693
23.423347
22.708344
36.906876
36.854736
23.988743
21.807768
15.370372
27.257854
40.476604
36.42188
40.289104
24.714968
34.401855
34.319626
29.957617
18.3558
39.570538
21.142878
21.5763
18.309942
16.45553
32.49856
18.683346
28.762674
31.85929
20.060034
19.214254
29.411556
24.578308
28.248339
28.88499
26.446133
16.199993
34.745552
17.167156
17.26103
27.391102
22.086668
17.508316
36.51312
40.07799
20.883017
25.6479
40.846237
22.772373
33.84944
37.888813
39.632504
25.962347
29.739008
25.00722
15.416934
32.966904
15.533264
15.11769
24.402687
22.943253
21.79258
18.258175
18.27698
18.839684
33.94038
34.71903
23.953197
16.002815
29.436611
28.2126
15.392595
18.87652
25.289986
21.86464
25.569359
17.770863
26.165146
37.706043
18.855713
19.032913
16.460083
34.853233
38.62911
30.117277
36.160732
33.887756
27.741503
28.03275
24.023848
37.080387
40.640995
15.432449
36.695866
38.05234
21.39913
33.2184
18.744644
20.225977
21.672441
23.947401
18.262575
34.98956
20.714785
38.553753
37.69371
31.885532
15.957333
31.945145
27.844225
34.328896
31.386078
28.881805
38.654587
31.372147
15.971978
40.214836
27.243584
34.855446
27.746859
23.038267
33.97834
23.91547
34.76853
26.600306
28.881237
33.27367
38.181484
20.922876
33.55368
19.984383
16.854906
28.994473
15.978398
17.395597
35.66766
20.129866
35.05599
22.959846
32.41028
17.631298
18.538177
20.230013
19.48686
24.239227
20.139332
20.88459
26.125212
28.026743
21.039383
31.949223
30.641422
23.370293
25.735565
16.516088
36.455475
18.420353
34.256897
15.209945
32.01737
38.09921
28.12452
32.409492
39.578632
40.06902
20.122707
15.804873
32.832012
38.34186
33.939377
34.256992
34.84245
15.244466
15.04167
29.121515
37.405437
23.303835
24.771309
34.21025
32.994175
36.286045
23.576002
17.384827
28.794851
35.098915
32.537395
18.412386
30.979776
25.560379
40.912655
37.160225
22.330963
15.137777
31.275927
25.466154
37.60219
20.679443
23.027563
27.093544
22.59537
16.888338
39.53313
33.064827
38.827618
15.828613
19.960863
34.364494
35.87805
21.109407
28.005388
18.51236
32.029007
38.556282
18.11713
26.830175
36.65405
36.15914
39.601025
19.3594
30.955662
29.876564
32.00472
30.335224
27.118336
28.479914
25.58569
26.881706
27.718164
38.0367
30.328224
37.165142
23.318012
40.861115
25.975447
19.627542
34.5776
20.800669
15.848184
22.119389
15.92084
30.581482
28.84158
34.760586
22.828144
39.600613
38.92204
19.180769
38.159184
32.03252
19.691225
25.424953
24.562159
23.407623
35.140434
36.25771
37.988434
32.92453
36.587864
38.858868
19.606716
28.673445
33.97291
33.97598
37.998997
25.676874
27.175747
34.48356
16.420752
30.194668
17.837095
18.996387
33.120827
26.094004
38.272305
19.693916
40.24183
26.250963
17.505348
22.83507
18.659695
39.928783
27.192627
17.577538
34.271603
25.86894
22.263063
29.66289
27.704126
16.434753
20.470053
37.288628
24.189054
38.563156
17.73259
27.060526
37.44216
16.50882
26.136934
16.303413
18.780518
37.405884
28.776855
22.205814
26.426964
23.525953
22.22966
22.283564
35.97562
28.777163
25.39679
28.469906
29.330328
27.467497
38.681973
20.77421
26.07816
30.646715
24.036552
33.8988
16.22319
31.444586
18.270658
29.463133
16.480976
27.73929
21.210703
21.556805
27.922152
26.218287
32.777657
30.22766
28.65392
30.434977
26.867285
40.208515
17.441124
36.818
33.03268
30.695839
26.693932
32.75608
29.400974
18.315851
24.087133
39.859695
34.00039
23.548483
33.226337
35.29211
16.730291
34.826702
39.239353
24.665527
30.576164
40.288586
34.946373
19.414425
28.352968
24.731789
21.350426
35.786415
38.254578
34.70474
34.590076
25.632135
37.793533
35.866264
30.209131
15.029142
35.334606
39.755054
40.62352
27.440777
17.357164
27.932615
15.003484
21.589523
31.825644
34.09821
26.439499
26.515371
23.60388
31.221462
19.223295
37.39322
28.718386
26.99813
27.350754
21.599388
18.457129
33.00678
37.94128
27.245764
27.784643
18.828888
30.168734
29.941214
31.360846
32.09213
17.511776
19.893332
24.570148
20.906406
18.657013
34.62964
26.399027
32.484444
26.226099
34.59587
27.744421
38.873486
24.64839
23.679989
40.791897
39.671963
32.96366
22.314098
24.471746
34.364742
15.114749
33.22241
23.68272
25.482811
37.37786
23.111965
25.967342
16.17803
23.97876
35.643867
32.629326
16.000885
27.65582
19.876133
21.902756
28.678877
33.956432
40.035515
21.714407
21.515503
28.39105
40.95402
16.824583
19.664524
30.219639
24.796831
21.688665
27.981464
39.60809
30.812016
16.25054
18.414124
30.16764
30.748241
37.060837
15.966026
38.478172
28.315367
18.606977
21.151651
30.096674
21.603708
31.5487
31.559393
39.765022
28.731354
23.671883
27.648108
24.056694
35.15487
15.80509
28.225267
35.539787
30.05729
22.687437
29.18956
22.684286
37.01828
23.833012
37.068027
31.204214
16.774895
19.806192
40.637585
32.300865
39.297333
31.0039
33.49308
37.361107
30.632662
37.034927
15.808702
39.065163
39.01043
29.093094
18.736996
39.571156
16.557695
35.34025
37.899307
23.469135
39.636906
38.24657
35.243916
26.535145
22.298662
29.079998
39.182735
36.96629
35.632374
24.293041
23.364872
33.74069
36.901367
27.42453
26.704954
15.021535
28.264946
34.315422
31.356524
36.112446
33.618538
40.931908
29.205488
21.371586
17.623951
37.895782
23.155903
23.705004
35.355377
33.9411
26.990131
38.785027
26.152721
33.94782
16.907717
28.977362
27.25244
21.947258
28.981989
40.111046
33.556957
27.550896
19.720797
36.688198
15.507407
25.62305
25.677439
39.905956
21.44029
33.699764
36.630196
25.950891
18.037315
15.650249
21.233557
15.426503
20.51857
37.38397
22.241587
36.487404
39.08279
15.025501
16.413578
34.279083
33.764442
27.91104
40.03443
27.620094
34.355873
38.004448
28.61695
22.513903
27.333809
23.887526
16.800547
33.040478
35.832985
19.34818
33.720543
17.453142
31.625692
37.771915
20.194614
28.894062
39.79459
24.036152
32.95759
40.042183
37.327084
39.413536
17.87317
31.22025
22.213137
20.10956
38.560875
28.01299
27.794363
36.49144
33.19868
35.286438
36.09081
37.809303
38.396824
17.648678
27.622787
32.26745
32.98522
39.855328
39.84869
36.672543
32.316948
40.438324
27.755705
17.567257
33.262367
15.924527
22.368872
30.751959
31.453287
39.41112
17.984951
30.403826
31.533823
23.977497
34.791065
40.62173
22.18437
38.438915
26.19409
37.15701
30.507362
40.28494
31.665329
19.334337
32.998287
24.296173
18.195976
19.72352
34.772648
21.295628
28.562393
35.99223
32.979397
21.76647
38.51627
35.55131
38.4035
39.65581
23.74322
19.098415
21.145273
16.584549
16.974413
23.972404
27.96114
19.896196
21.989317
32.35005
22.36043
37.503006
24.413681
22.748257
31.875025
38.325603
37.19539
34.039097
24.053375
39.272686
25.431814
35.2417
19.677795
26.170345
34.825863
27.724054
24.46359
40.82581
28.463844
17.129524
33.07091
35.498417
15.836894
36.336937
31.644978
17.450966
32.068645
16.069815
27.297543
23.967503
34.16536
40.38944
40.952324
40.248943
30.770786
36.238007
25.799263
18.935926
24.38646
27.44243
25.237381
18.658533
38.30925
38.14581
27.63314
19.97557
24.64143
20.502829
30.481087
20.341335
40.644554
22.65703
23.625744
19.32583
34.43699
37.51187
34.088516
17.214638
31.575893
24.614353
15.740667
32.327682
27.418036
18.588915
35.573105
18.921417
30.319786
29.991137
18.636106
36.376896
21.715166
24.194761
23.85673
27.526564
38.901863
18.98231
28.889069
35.43551
38.968605
25.87863
17.912174
33.728325
33.713326
31.948408
31.862762
31.640549
23.63008
21.772781
19.974604
21.374117
40.083622
31.626833
18.693754
30.04914
34.6442
19.498917
39.048527
31.56967
33.220936
17.52437
18.375416
27.059021
40.11094
33.650345
36.936886
32.17067
39.372032
22.90506
26.414272
17.543518
30.030745
17.514051
19.518778
20.94586
37.55303
21.287455
30.035767
36.240086
24.733849
19.196684
34.502426
17.200764
22.702644
35.86535
24.416039
21.431437
31.09535
26.818523
25.379908
19.150997
25.609505
23.766022
24.916267
23.45833
31.137634
39.93953
17.810232
36.8343
21.465046
23.560081
34.79613
39.103107
16.121664
26.881485
29.157335
30.850332
29.393614
20.936947
38.382957
33.383
33.728745
32.110332
34.40954
35.717262
35.811268
33.96004
18.173141
40.792286
40.43429
28.34275
16.207031
25.134272
30.964914
15.81577
26.842344
36.532402
33.675198
24.541042
29.20397
18.939
38.503265
37.47033
39.6411
28.76896
34.9123
37.460377
33.491703
28.04897
24.431261
23.148407
21.152351
23.454887
21.189611
34.91248
38.309753
38.17612
20.29944
34.047867
22.88746
39.758595
39.291756
17.409794
37.771046
31.603455
21.979883
22.204424
30.697332
22.63637
15.101284
21.354229
32.828
26.812885
37.880253
36.92045
15.4751215
25.587952
25.257345
15.434497
24.206038
18.253344
16.947512
26.671873
23.12715
29.134426
36.717335
32.39614
23.531036
17.038208
17.312876
23.907356
16.28856
15.05746
24.323048
26.84831
32.377335
35.861107
20.929565
24.653688
18.760303
38.93895
30.972916
22.271345
23.46282
23.919195
28.054916
25.341549
28.143982
24.040157
27.501879
24.889206
16.717686
24.132895
31.928415
35.765656
26.651142
20.059374
33.87048
20.570868
37.453392
25.451258
26.49721
23.593391
36.56356
38.807194
33.764687
39.42468
36.358433
29.531921
24.54069
38.33593
17.321114
15.338447
27.208109
19.249796
39.547413
25.584787
18.045654
15.195971
31.713732
33.57988
26.288023
37.508713
23.390076
15.668436
27.183666
39.706116
23.154095
25.992584
39.596924
31.985
29.346754
31.228386
26.742136
40.571957
34.507538
35.30833
19.491055
34.790264
26.536892
36.166218
39.360706
16.633936
15.455785
26.878769
38.767525
26.884424
24.26714
34.228664
15.42449
38.36204
35.871063
40.676643
33.86157
34.773354
33.245617
29.005676
35.96575
24.797419
39.177143
22.488028
18.165516
31.547941
26.708878
37.326603
29.425543
31.35492
18.173897
32.334656
37.57102
16.92868
33.18819
25.343472
19.626913
22.400692
20.301907
26.665453
30.836102
33.479763
31.141623
33.090477
30.81121
33.018852
19.823696
29.356245
23.87863
38.656837
24.178572
31.808735
30.089077
18.881306
38.89817
31.056805
27.597706
26.852423
32.10323
26.825338
34.157658
25.63478
22.024778
28.924215
29.324589
22.103062
25.50361
15.275824
19.635616
15.719138
40.834015
27.281668
32.504704
36.622307
20.112648
38.459057
36.86752
23.031012
34.700787
34.241734
27.712275
18.823544
33.66797
29.113655
23.549126
38.346855
15.157215
17.833164
18.599178
28.996765
30.496883
18.404947
17.025185
22.919453
30.581438
25.670322
24.879557
29.303328
37.55314
25.9116
40.611256
38.161938
26.138994
28.70424
16.951756
33.25277
24.132042
28.400919
37.791157
17.833424
26.4533
18.09444
29.259167
40.32575
27.99048
19.681925
26.641582
15.64026
34.981853
32.740513
29.991505
19.90715
29.098402
24.325232
29.335451
25.667019
38.574654
35.512585
15.228123
33.193447
40.748352
38.538822
40.075554
39.551247
18.191458
30.71967
22.124887
16.238367
36.249577
33.988777
15.310068
22.816044
29.254406
15.855002
22.246214
27.800926
37.933304
36.853985
32.58149
19.274576
31.612585
17.157438
26.643784
30.159882
25.695732
40.90395
16.860538
26.920502
39.59509
23.02792
38.783554
19.5587
30.80531
39.888733
25.716648
23.218468
25.129143
25.84013
17.922571
29.44506
33.20085
29.030067
37.176517
30.208652
27.399876
25.18437
22.037195
30.168985
15.007079
39.90275
36.622368
38.3395
19.028236
34.083717
29.904272
15.303653
35.494095
19.495344
35.581436
30.442629
21.24371
32.22156
40.43681
25.252953
17.207438
20.739302
25.758242
15.7640295
31.028307
24.719507
39.87576
21.309837
31.495186
34.29546
34.16124
16.465614
31.708462
33.504818
31.939419
23.829556
32.158752
19.887115
35.67538
33.511135
26.971338
36.806343
20.532034
24.681812
20.45388
25.968643
31.932165
25.35059
18.782164
34.81808
23.113197
22.645912
19.16843
33.018738
39.828735
17.317148
38.179108
36.069397
17.32954
16.912973
20.003504
20.24737
25.547588
24.150642
32.422302
25.540968
16.010342
34.359245
22.984482
34.005493
34.42846
20.561743
16.473524
34.065517
30.12858
38.754627
33.12853
16.68658
19.543936
19.25082
19.283169
19.052404
23.828997
18.570402
16.095135
19.409018
22.330372
36.295586
37.861
27.075129
24.124758
36.550297
29.046238
24.268484
39.125664
16.321573
36.607296
23.360807
34.364235
30.70891
21.442524
38.44931
31.965446
30.369532
35.880917
27.7207
31.069504
20.921556
29.00243
36.983917
28.48928
25.873745
28.28091
32.96083
18.248114
29.76962
34.550438
39.449398
28.30838
26.66542
39.618126
20.31178
15.779664
20.805458
23.981209
40.390266
37.68646
23.415125
34.053505
28.916693
20.978796
33.900906
18.066126
39.75652
40.885235
23.428398
19.379526
34.91659
40.93613
27.843502
23.328812
36.145954
35.026188
33.208565
38.921425
26.172037
39.738716
38.84441
33.716167
34.139915
27.820108
39.70082
29.034704
15.160192
15.171561
22.122185
39.29152
19.52148
34.016003
36.631664
21.675543
25.08638
36.00182
24.226376
30.676413
18.665134
34.920914
18.857714
34.02063
38.749176
25.447147
40.26509
20.467625
26.887043
27.842258
30.138006
33.612995
36.198105
18.929869
34.700523
31.355972
39.044933
38.804173
18.243797
36.01042
19.722982
18.71844
38.87656
33.17345
32.176697
30.389494
37.81997
34.412964
35.214027
30.55781
36.942497
25.595282
16.46673
33.058907
21.912075
39.24617
23.431717
15.890251
34.336926
27.723444
17.329103
28.79883
39.573093
18.17654
17.225525
19.768187
33.49588
28.278217
39.89662
32.449585
39.463978
27.535822
37.240566
39.06061
37.949284
34.624336
21.704817
16.56545
35.862007
26.630648
33.15122
34.054646
30.469757
27.358288
19.859962
34.158115
35.991077
16.914139
15.960777
25.05379
33.437866
23.683348
27.480148
16.175133
28.087917
36.496006
39.406227
40.074467
28.08785
17.298876
16.6985
27.064915
18.118362
40.9677
33.007168
24.242367
35.797935
37.030476
32.017586
26.279844
31.55768
20.0192
15.797977
35.9902
21.089216
26.927546
34.304085
36.069046
29.149075
29.823982
30.282244
21.658394
36.497276
37.05482
34.212784
36.41241
30.054396
35.66876
26.648582
26.600325
21.980505
24.704416
20.328938
32.447407
40.311108
37.804493
37.78684
17.393597
30.029236
28.255003
25.818106
18.24024
15.009608
23.995338
30.14378
30.258997
16.139774
26.404602
33.87247
35.25297
37.104958
26.741974
17.957336
15.288633
30.817312
24.003626
26.742737
36.35809
18.277039
23.65596
20.908428
26.584846
17.771883
28.214697
21.644678
26.752132
27.75327
23.96166
23.729464
36.911446
15.471332
27.225798
21.329355
23.61994
21.507889
40.602283
24.808575
39.958843
31.715431
38.243343
21.606108
32.90106
38.7519
17.926613
33.32862
17.82464
37.39517
37.991722
16.607367
40.009888
15.127717
25.432985
36.980076
33.811222
38.101265
37.445854
27.08435
17.86114
32.522587
20.547092
20.786797
15.141952
32.746037
23.023357
27.522701
40.052128
37.91486
23.910152
20.083794
18.697474
38.86256
38.96288
18.36714
21.553503
20.167145
23.154016
15.186031
37.37376
32.745346
16.115128
28.144178
19.759977
28.18043
19.639788
27.787334
23.163391
23.096436
24.873188
18.771982
33.25257
18.323242
15.13648
31.628456
29.56168
15.341109
24.4687
37.84642
36.123997
19.54987
27.916338
24.473373
18.399187
20.277168
33.360435
32.192368
30.218693
19.121748
26.243313
16.93288
26.702192
33.221928
39.94183
17.469341
34.13912
18.346066
37.731308
38.174522
17.682673
20.32094
19.294065
31.120523
38.36983
38.24562
23.548727
31.057951
20.459368
33.182526
38.21125
30.454203
40.370903
17.574038
22.945917
35.734764
25.61149
33.502163
21.224234
34.146763
19.992321
20.090368
40.08202
27.251873
20.166626
29.840845
30.84966
31.956207
34.0608
30.507168
35.62785
27.197475
32.12442
17.221365
23.790802
25.935354
17.490696
29.026081
28.121325
23.928694
35.11757
22.706726
27.31673
26.933685
28.770506
26.875023
30.552027
22.419954
38.311737
20.624624
22.546402
18.67699
20.17655
37.761013
22.151447
31.271135
17.145884
33.602123
23.864206
38.213818
39.565376
18.652706
31.86548
34.914577
23.014647
40.07459
18.193552
34.017803
35.09649
27.806725
26.485746
31.560017
36.494286
17.432901
32.355053
27.53495
26.736898
22.451796
30.916262
15.916474
19.21377
40.473053
31.235847
18.46493
36.899136
25.04481
30.552084
26.230213
27.97256
23.312176
31.996677
16.565432
37.064217
15.512835
18.246424
17.677773
27.206686
25.435066
20.043203
17.268667
17.74119
31.395153
34.842842
32.65319
30.40462
21.035242
38.988205
30.899054
35.61475
28.299389
32.749065
26.988422
37.574562
39.314655
27.33116
21.78117
20.23257
21.58578
22.52899
17.646095
22.364668
29.906046
21.081814
36.027027
39.08384
22.693663
32.989437
27.923567
20.93781
36.08207
22.054262
23.291718
36.420597
18.02424
19.738228
40.707428
17.2024
16.915216
34.058147
34.28653
17.673464
36.79368
19.690115
20.817476
27.50085
18.0526
21.71349
26.338545
19.813242
22.770592
23.49718
21.979235
40.357273
19.269682
21.115768
23.785824
20.510046
37.31202
32.38022
36.464058
19.385891
15.466975
40.07775
34.497227
23.441456
27.611898
18.337671
31.935915
27.961834
36.273823
16.1747
40.30592
17.60129
38.576138
33.208717
28.543907
20.755795
23.923288
29.31945
21.645641
34.960545
37.238335
16.567028
23.799551
23.73413
15.562207
36.094
35.178806
17.332085
33.13022
28.92178
21.277945
26.726019
16.66052
37.5641
31.705475
15.790607
40.520832
31.202488
35.68182
37.15915
24.683872
38.803436
18.14227
30.499489
32.93861
28.004198
31.307598
22.06559
18.693607
22.854004
29.860313
27.296043
20.890285
20.569637
17.452461
17.959343
23.03818
38.34917
36.171227
23.886763
26.19082
27.984858
36.801548
18.687164
21.80007
38.52602
38.25027
15.00412
18.818325
25.56493
23.334307
37.85422
27.162235
25.853565
27.285667
32.376465
18.708073
19.906292
32.78906
20.926134
39.35821
23.00335
23.143202
17.8626
25.399664
18.582254
29.224882
16.60898
32.369858
21.389013
30.335127
26.602608
16.951412
22.958284
29.719826
35.608807
28.036879
39.00142
40.582462
35.536438
32.035984
23.103577
37.744553
19.372227
15.742124
35.765835
35.75974
17.141897
17.631401
32.27553
34.250443
35.909653
27.336779
39.147816
29.511246
34.743526
15.22141
22.953642
16.011253
20.302734
33.469467
33.234257
36.32785
18.244
16.91935
22.899391
25.257378
21.997581
35.983364
29.016275
19.373463
29.629524
25.42952
38.218727
17.141762
29.485283
35.545345
38.100418
30.85018
40.1009
26.260134
22.903648
16.076557
35.47134
28.171278
16.574753
37.191204
15.181718
29.101942
16.829477
30.479551
24.135551
34.811466
34.25648
19.870565
18.655308
29.786547
34.684395
33.969475
36.58391
18.660366
21.047535
39.11875
26.681984
36.738503
22.807785
15.549189
35.09408
19.354578
34.624786
32.333256
33.948143
26.335243
25.413942
29.815886
21.256014
33.72324
24.191427
35.47316
26.198786
36.08893
32.177742
28.737307
37.60928
37.254818
21.516045
40.226772
24.005045
39.064224
25.658792
17.033064
26.878654
26.944414
32.986
32.2414
19.11823
29.446133
25.540653
39.70014
23.409529
24.685627
30.901632
34.20433
21.262003
27.671894
37.161694
36.721603
39.904736
38.87101
32.737896
36.064053
23.714214
32.041046
26.314112
22.497614
33.064304
40.36524
29.599936
39.180824
40.52999
28.217682
22.787739
40.037796
26.229744
15.5149975
25.599215
31.695587
36.757603
18.53901
19.63513
22.454006
31.634401
35.359695
40.376736
30.906374
21.498705
39.544216
17.63454
38.792583
19.361471
26.70703
37.49992
22.941181
34.164494
38.63775
24.927347
29.745157
30.611193
29.23748
33.959694
26.51644
20.779346
33.301067
36.306454
17.277033
19.37883
39.30182
28.494368
20.070112
19.683523
20.76689
23.132286
36.71226
27.144968
29.575653
16.966864
24.058483
16.486462
22.57006
23.352879
34.314423
27.679712
38.23509
31.521837
38.705715
30.622257
30.889044
37.604683
31.90221
33.56233
19.817595
16.749287
37.99522
40.358868
20.092134
15.870606
34.53886
22.517916
40.432076
38.581173
19.191904
35.612625
37.40246
17.67187
21.834494
28.172642
28.482292
28.147654
35.684395
26.41961
29.095778
37.270245
31.900457
18.329132
40.567604
37.31946
17.436234
23.415428
27.145233
31.857225
15.494672
22.36356
32.72519
39.163006
21.835165
39.175007
27.727016
21.2067
28.397106
39.846
31.677715
29.034767
30.229553
35.763905
17.501087
29.767687
36.55441
22.985611
21.2506
18.54152
23.941
36.352753
38.08097
38.67371
19.03277
24.002216
35.622868
15.092965
40.04221
27.246359
29.606703
17.64533
20.318066
33.025833
21.575695
34.27335
17.689188
37.179058
32.834984
35.262466
18.002367
26.62572
26.402699
16.75859
32.29681
33.22785
35.660614
36.583
24.395855
25.570494
26.646029
22.005524
39.346863
33.1949
30.483274
27.584269
15.103211
18.920914
19.322332
37.439785
24.117554
34.810963
23.33368
34.404007
38.10356
34.056843
15.802645
22.368921
30.12363
18.61129
28.173212
17.857264
31.373007
40.739986
27.010277
32.347286
39.556114
27.835598
34.281094
34.205906
27.588827
33.813965
31.100748
16.219284
23.510733
23.203623
19.143103
29.657234
26.954416
21.643265
25.28786
28.567497
18.29411
22.917871
33.75599
40.5683
21.683992
17.89266
35.979923
20.79232
38.596783
30.745092
29.761559
17.832458
38.186184
36.74864
19.890245
18.549593
34.8221
15.528051
40.32457
34.424744
17.4855
20.184408
37.285923
17.77285
30.360064
29.979166
33.168434
29.582623
36.92082
22.370052
19.038998
30.006716
35.09518
17.10756
34.682835
17.598682
30.65987
20.829382
15.644036
38.278023
39.93739
29.131113
38.51731
31.701815
19.068855
30.44506
28.86622
21.23122
39.665115
30.225044
24.574844
16.003473
17.476225
32.913544
15.183978
27.754602
37.86953
20.958612
30.819561
40.98555
23.369663
20.751434
32.690243
30.82398
20.289045
32.771496
18.81256
28.506449
19.565393
19.454773
15.616385
23.79029
19.32318
15.341402
34.38996
24.801893
15.388813
35.912846
19.142893
22.83776
35.014744
36.19446
27.397238
38.457066
24.405558
17.678083
15.660851
35.839146
26.28953
22.410015
26.893867
26.826616
39.742027
18.193594
20.148302
38.334652
36.742462
22.77128
22.7424
22.8791
22.534475
15.579894
28.825523
29.86104
31.759363
25.21355
28.99597
36.942436
29.545675
35.08242
15.753303
16.357563
18.26331
34.921402
30.998352
24.326908
40.48827
35.781357
30.538273
30.87519
36.874725
32.926537
18.610588
34.302303
40.093834
16.665367
30.809362
25.31579
38.774204
39.55778
28.47827
38.405746
32.466755
23.670761
25.629423
18.427748
30.057165
19.594831
20.753538
34.55676
35.761917
31.787699
20.506102
33.784634
40.869396
22.477297
20.185848
15.956169
33.72536
20.83497
15.16603
17.97345
29.112532
21.420597
21.995573
24.245358
23.136866
24.004898
25.756357
39.719067
17.008549
39.79028
27.444513
18.902475
16.693602
38.77997
31.637745
37.171337
37.312332
15.586337
34.51736
29.352142
23.373886
34.322712
39.43282
25.081516
18.46137
31.38906
23.628199
22.765215
34.820087
35.940422
21.494223
16.094528
30.451654
35.618
36.76606
19.025187
26.77978
39.72627
38.45623
34.883633
19.728825
33.455612
38.993675
28.837769
17.144148
36.97834
30.0341
38.354065
39.88365
16.287127
37.713406
21.460215
20.622805
18.498251
38.73513
29.642197
15.440889
23.00823
31.614458
31.026983
32.593964
17.370771
25.645536
36.13681
32.530586
31.052088
17.715427
22.94825
25.169127
21.326141
29.957195
18.249025
24.730896
31.487305
31.416264
32.357872
23.0113
34.28657
26.398317
16.157421
16.871456
25.03836
18.973665
27.087358
20.945805
27.198513
37.232113
16.254984
16.086414
20.380114
24.314034
20.142382
31.902779
18.752253
21.98751
39.52436
23.906143
18.55788
34.59798
27.158443
40.23037
39.090405
36.586018
24.568043
25.676706
25.884722
31.45052
16.812204
31.917738
22.10686
16.02871
20.52001
28.09616
40.167446
21.270933
34.66509
19.76693
16.437738
23.30752
15.5654
40.15674
39.612915
32.53644
37.41568
40.052624
19.745937
19.7048
33.2948
29.281956
36.266205
22.513699
21.037497
25.708885
21.400808
38.14526
17.619658
20.94777
28.332201
32.292183
18.778728
39.58196
39.15455
35.764336
21.475443
22.57676
30.232172
25.553566
19.500446
31.788155
19.916845
34.35705
25.039078
30.994484
27.746885
22.991081
19.329885
33.715893
27.22936
19.871435
15.687204
25.23701
24.097845
32.793
36.10536
17.711
26.541609
40.610565
32.421883
34.998703
37.31819
38.10425
26.589355
35.984272
15.88978
40.30727
39.99024
17.509344
19.764853
22.880249
16.926388
36.780403
34.080082
34.735603
24.42464
36.129635
15.123465
24.046997
35.32216
36.347313
26.97817
25.0231
32.229996
18.45414
16.757685
22.381529
40.420597
31.74499
27.006205
35.32791
37.944683
16.210732
37.754406
37.026756
19.355331
34.032818
15.449119
19.04487
25.301697
23.745628
25.516472
15.054763
19.95218
35.874554
39.671665
34.204556
23.716608
30.383049
40.254417
23.99264
18.059185
20.099949
19.847765
29.229387
30.328836
26.448565
31.22884
39.72489
21.480774
18.262098
38.303776
16.710878
40.322845
27.245218
33.094948
32.686512
38.49263
26.729586
39.0772
15.372035
24.755802
29.77146
25.200817
21.760744
39.413788
36.352474
29.792404
30.87901
39.61827
31.469961
29.190971
31.79564
20.212566
22.24122
38.45493
40.66607
32.354507
38.796387
38.766808
27.153452
23.62285
32.69756
20.26594
32.437923
36.568893
25.897161
31.955458
30.206905
31.747335
28.836433
20.058376
22.513474
22.145113
18.18533
36.738625
16.196459
40.624264
16.938019
18.456367
38.67508
26.504595
40.103516
19.392965
40.36257
35.734222
34.068924
40.35948
32.687363
29.230808
36.863113
21.393597
19.767069
35.92357
22.011606
18.853369
32.149628
26.785954
16.448723
15.232256
28.717636
15.721045
21.041098
32.148342
15.845975
16.546644
40.67689
22.001717
23.209562
16.52414
29.588053
29.647503
17.257149
21.8851
38.59827
26.09799
22.298714
35.631775
26.327238
15.745914
31.398195
36.522446
20.032183
34.89188
38.81988
16.599852
33.73049
28.462444
34.645985
32.880665
25.52274
39.72148
20.364504
36.89625
30.62321
36.50579
17.720669
29.659767
39.505486
31.057148
15.931869
15.331819
21.783466
40.876286
16.485126
38.36676
21.973717
19.190516
36.16782
36.243935
33.122753
23.60503
27.726465
27.022928
38.433456
18.299124
17.60507
27.909182
15.487496
16.731903
15.583648
19.776054
32.436234
36.238228
21.81916
35.16173
36.62032
25.12405
38.785294
15.644096
39.47864
40.91134
26.914112
18.693964
29.320192
37.23637
15.361726
40.116886
35.557796
36.57105
27.251877
18.015896
34.340477
26.415585
25.995314
25.842447
24.17176
25.90174
19.839619
39.55
37.063953
33.84946
35.673203
31.124445
36.053947
30.235699
34.288876
25.837952
37.493893
40.762714
25.806463
37.45738
34.430595
34.75422
31.760715
34.33589
37.600216
19.961199
27.479727
29.826027
37.090416
18.025263
24.810886
32.77473
26.559849
17.32593
20.995392
29.995779
19.055384
23.729216
22.549078
24.562088
24.930264
16.358467
37.37644
19.52033
24.141829
30.924324
36.02631
28.202435
21.295345
21.379295
23.991926
33.693382
36.20082
35.703373
21.264555
39.21196
31.4226
21.480684
30.969236
38.170845
25.32696
35.593147
33.842613
31.504774
22.470758
23.835648
33.557117
38.49016
18.824598
30.548262
17.452341
35.72698
23.286896
39.464542
38.1036
21.213272
27.220575
30.890928
33.33928
26.51517
20.332052
15.0608635
33.812836
33.9198
26.112522
17.048172
28.041729
33.155952
25.274485
22.977814
34.944958
15.777026
19.141811
36.43813
37.342358
36.623016
30.789566
39.9772
22.622948
36.913204
31.880178
31.356949
40.8464
28.468319
19.605425
29.842213
17.910662
25.320791
22.919134
38.217846
40.100517
15.543999
16.333359
37.45568
30.326025
16.51612
16.95117
26.99392
29.666317
21.03149
22.122124
34.445312
22.453463
17.682148
17.131859
34.216248
31.062723
34.754494
16.675114
16.997559
37.819645
40.52076
40.511913
27.37885
27.991121
28.252283
36.669533
30.941557
21.696602
31.541254
28.828222
37.102085
37.757435
26.59
34.116604
39.70484
40.99625
33.011536
17.442999
33.905994
40.305153
27.382397
30.701885
25.242281
29.92044
30.298592
15.720026
20.945255
38.77338
32.007675
24.644735
16.53986
40.530544
39.82482
20.62712
40.557182
37.99399
18.487951
23.116026
32.79485
33.90065
36.36677
19.853842
32.97444
19.8419
30.012888
33.75313
38.873924
22.018478
26.922817
29.233541
38.053986
26.852581
39.583103
37.31127
17.15082
25.09798
38.876415
33.758774
15.37379
30.020834
37.749866
21.990286
32.32503
17.4678
30.681423
19.979164
20.548943
17.194904
16.927702
36.475857
16.323189
15.699568
25.796082
34.070793
26.118671
16.979994
26.256397
17.234299
20.884623
27.14014
23.092224
24.366127
33.85584
39.56523
35.489033
36.099934
27.932688
25.51183
23.46626
39.63362
39.8505
26.388182
28.882582
34.694145
26.333435
22.744684
24.878511
34.895977
18.219055
37.05092
28.567606
16.715136
30.143152
26.7049
26.547441
25.07619
17.790604
24.401777
39.373672
37.637512
31.946383
18.9834
37.525375
33.26041
30.621986
37.196785
17.587006
39.860695
21.385942
15.408655
39.38223
40.86666
25.69318
32.25489
24.61695
29.845234
23.48652
18.447826
15.223852
23.50856
27.634506
18.521027
31.047817
34.276142
39.873432
15.160259
33.771523
32.84299
22.837294
39.95106
39.052673
32.792225
16.488056
24.86742
19.729149
31.190874
27.799505
30.632727
27.645607
19.320549
19.901564
25.20332
18.164776
24.22008
37.057934
24.056553
37.749092
38.55504
30.828447
33.709484
25.132915
29.479515
16.55849
34.950905
18.552958
24.618345
17.941465
30.63857
23.264296
23.073483
36.816166
30.595167
25.141537
29.445953
25.58953
39.13063
35.54958
39.26536
22.716242
25.02513
37.86559
30.931692
15.520116
35.42614
17.043613
32.299664
33.308296
24.044659
32.435528
25.373623
15.20774
18.279823
34.716763
26.231546
15.444544
23.457705
26.212515
23.259424
39.890095
27.239355
22.179926
19.05283
35.614147
35.434692
40.674
15.930305
15.913372
35.952984
40.509735
23.903576
24.82496
20.427404
30.530272
39.162537
17.488373
17.170149
32.900585
38.65832
27.884367
24.54636
18.468552
24.205635
17.458921
40.59916
17.36995
27.675991
30.930693
22.814793
31.001226
17.316273
23.184189
37.285988
30.24366
32.002567
33.56681
15.213279
35.39477
29.32698
19.136469
40.678238
23.647621
36.815605
24.447481
18.929075
32.155914
31.28872
28.315966
31.038378
30.732561
37.3996
19.671978
22.724232
22.051626
20.726337
39.084152
24.370245
34.858395
23.441317
17.833588
27.836538
15.139474
37.54602
18.5173
39.522953
25.46472
23.934132
18.077522
20.32738
21.784918
15.1338005
31.881672
25.636202
27.854052
23.48044
20.018822
38.29054
24.142118
34.68412
26.332018
20.591097
30.614336
35.281197
34.87181
35.83604
37.074783
23.297606
39.43488
37.630524
26.907291
24.601654
39.642647
32.263065
35.993675
22.887058
39.61829
15.813136
28.34919
33.002357
20.736567
27.336021
29.587276
31.430712
16.14943
20.465017
20.710567
28.124474
25.831339
28.077839
15.922212
36.611874
32.7418
28.293104
19.161509
24.318474
19.368547
18.994514
34.890003
36.383965
17.39347
16.3244
23.288992
37.9053
19.514202
26.145016
16.476675
29.500029
29.557983
40.33506
16.61291
19.359018
38.940304
15.970569
40.83182
17.54581
36.24943
20.933416
31.827303
15.200038
34.278866
26.297417
20.613647
40.515404
29.183344
27.960978
23.493383
38.88798
23.600006
23.427101
32.586605
40.468586
21.554852
40.3755
24.41089
20.503248
17.765627
25.728333
35.948128
30.308868
15.555799
37.280174
28.394365
29.506319
16.010303
26.644495
35.36107
37.22135
38.23226
34.262993
36.68089
35.363907
36.60086
36.530895
37.16839
24.809408
37.784115
23.710344
35.69585
37.330967
29.926285
23.23574
37.766647
30.46931
36.908157
18.258944
18.403324
23.177683
21.869488
31.839005
29.614895
33.04181
36.286396
39.050106
37.96758
29.150425
35.812477
16.463148
16.855461
34.27977
25.821012
26.950459
28.952337
33.95581
24.12653
15.569828
39.023293
38.170902
25.717628
25.403149
21.784286
24.05689
20.498907
34.656624
25.820312
34.65467
34.018364
28.073608
30.707457
28.07051
28.947681
20.767847
40.43144
22.772394
23.686308
34.953926
19.955002
28.554972
29.876236
33.733505
19.358767
36.78969
34.84295
35.089916
21.364939
29.976967
22.018991
23.550478
21.250519
15.330221
24.260103
30.594913
15.166434
22.146942
25.62995
33.81996
27.701294
36.05989
24.70793
15.11439
24.163174
26.911879
30.765575
19.655256
35.500206
40.960503
29.260597
34.405426
20.040398
32.394585
37.013615
34.973953
16.303457
29.731949
36.16114
21.195126
27.022146
15.568572
25.519402
16.588575
28.207903
15.362032
20.347094
38.98201
34.605305
26.457561
22.661194
37.009754
16.20219
30.402922
20.238441
15.944474
39.59697
27.748672
31.226145
32.375988
40.972023
36.99335
40.889477
32.620373
24.18174
22.10839
27.438425
20.424046
18.036108
16.165604
27.1061
23.521765
21.24547
17.990337
20.691093
35.914085
31.689358
24.47636
36.63014
21.348915
34.682064
15.223944
23.333263
31.423553
32.7299
38.500435
21.992252
24.9676
30.909843
16.173052
18.364122
23.92391
23.446484
38.22652
40.134968
34.813778
16.324104
22.753538
19.385387
20.054268
19.842785
32.893955
25.407425
25.8897
39.912365
38.098995
37.66373
39.50597
23.575256
25.309599
36.033394
25.015493
18.758911
20.163567
37.654762
16.43222
34.58101
21.183859
18.654116
23.500324
18.665178
27.050955
20.840132
15.296776
37.87234
40.524975
40.047523
34.897167
16.612553
20.35871
20.229277
34.07581
34.474438
16.630562
17.625443
16.005247
24.294125
21.326817
28.37743
26.226965
36.98283
20.715525
40.810287
25.784245
28.441992
21.079695
18.271421
25.339706
34.717175
34.71538
15.892841
15.344291
16.176647
40.750614
40.93483
28.880985
17.947899
35.304058
25.472692
26.675833
22.105024
15.777634
26.10406
31.95032
27.172281
40.66524
18.082846
24.283438
36.39377
17.160128
36.826923
36.458332
17.91655
38.056316
24.100132
20.387579
35.544273
28.964907
19.335232
23.64281
40.040524
28.703966
20.542917
16.85849
40.096092
15.871073
20.043043
40.336357
15.021399
17.07053
29.857733
21.54612
31.985237
33.042614
28.02204
35.899685
39.193203
38.030113
30.296337
39.17029
38.78393
33.11782
37.805676
29.234632
15.418529
35.99356
15.9847975
21.435085
22.548431
19.6046
23.873589
21.790941
22.169044
40.521378
31.286165
27.53153
23.501421
32.47071
18.66792
40.980885
27.491417
23.463573
36.558277
20.692675
27.27556
30.218027
24.492992
28.915783
31.835142
25.165585
40.908264
32.965076
18.944765
25.229883
16.15004
25.878489
40.218903
25.77929
34.045334
32.860786
17.569761
29.680515
37.658436
38.445892
24.711973
32.21819
35.833374
33.0539
21.484493
25.795738
38.91506
28.675514
18.707249
25.795807
16.644953
19.785717
35.049923
24.75385
40.64331
25.270258
22.962477
20.086393
20.118267
20.142565
16.101814
25.01589
26.483402
26.135355
33.886227
17.04697
20.418615
31.870413
31.819048
25.374247
33.575397
18.241594
17.045185
19.939795
40.605946
40.89024
33.239014
20.508736
35.486652
31.208899
19.369305
34.094307
25.21004
20.178303
17.146692
17.339176
23.835138
17.52428
22.031425
19.047606
32.614914
18.175323
24.56392
38.963543
25.460304
34.808277
26.477863
22.102535
19.35398
35.388668
29.56546
37.470757
32.49293
16.043898
40.586582
27.842434
28.917522
18.351595
38.648426
33.417152
37.175636
32.182167
28.429497
26.641617
18.174095
20.6036
25.381569
26.255718
31.785524
34.03831
23.615429
31.710634
17.007345
40.855953
33.561092
32.507175
22.510601
16.892662
40.69037
40.715393
23.26987
17.006493
34.599457
16.961899
34.631454
23.710323
23.571499
22.509203
29.655647
19.167694
15.373793
34.701828
40.859818
33.393696
24.491629
16.01677
39.59261
15.372135
25.260479
24.231342
37.18555
20.981876
33.43055
18.80926
39.75691
20.119373
21.582426
24.506262
29.083593
15.211042
28.509893
25.409456
33.31048
38.428326
35.195652
35.149925
35.432495
37.34984
18.328066
35.86607
36.46339
30.55921
40.4417
19.645508
15.996026
19.723866
35.71179
17.636295
25.462631
25.069078
38.192463
37.79357
24.81947
16.843323
22.860846
18.315643
35.608807
20.365072
35.21397
32.223946
40.392166
40.54784
22.362566
35.25413
22.40238
23.419378
25.575731
22.251007
21.92783
27.08261
29.052628
34.597893
37.420998
34.81002
34.332138
34.861362
19.614243
34.519833
34.198746
24.795248
30.029427
29.7515
30.20256
19.1231
17.183867
21.439589
19.983788
18.106342
22.523731
17.27939
40.476627
22.805553
23.65694
20.28414
32.764885
32.155365
34.81118
32.252895
27.871323
32.498745
27.608624
17.299788
28.085115
30.064428
25.227516
25.339481
31.566399
29.021498
31.811754
27.480295
18.91433
16.208206
16.593102
38.645634
15.144717
36.40732
28.606773
27.425966
25.095625
17.128323
37.10951
21.157768
40.664047
27.257097
16.850397
39.53244
30.474108
21.646627
32.19815
22.657415
16.586899
21.747694
37.794567
17.423254
30.684448
38.71636
39.88246
29.274693
15.794956
22.08547
31.74728
21.04025
27.073822
22.050303
18.815254
36.344143
34.414658
28.693823
25.866829
32.305874
36.736786
15.064983
24.552744
24.727022
18.680508
26.923807
25.941036
16.771433
39.138645
18.179964
32.176872
33.26405
31.562664
21.576872
31.503029
37.165398
20.303915
23.0113
35.86743
32.522755
21.385366
21.028803
28.135128
23.255774
22.04636
40.49823
22.525608
39.5034
39.162785
35.24393
25.31241
30.94061
32.21727
34.50216
21.050447
35.46761
15.878814
28.468636
32.6375
35.980762
26.448456
16.916977
19.369877
35.553738
37.437443
33.893272
29.81818
30.288881
36.366573
20.829817
15.827766
15.343046
33.510155
20.07151
18.239319
25.18877
21.75531
38.771267
36.02866
30.040728
39.007065
15.386193
40.480774
40.55914
32.642036
19.594149
30.74169
36.43589
35.398186
15.350777
34.632732
35.275795
35.78542
24.019865
18.965284
26.304514
23.61157
36.03539
20.760149
26.866392
34.54063
21.391441
40.754173
20.419477
24.734715
33.406597
31.36774
30.791754
25.578674
38.672283
36.910313
24.831686
23.24593
38.869923
36.217197
28.267826
18.436398
27.229723
39.139233
31.586395
30.002153
35.804184
40.348095
22.042374
38.373745
15.442423
20.773445
22.538773
32.709793
18.376728
20.654152
38.040432
39.514847
29.670687
38.664383
19.432764
24.105177
30.428593
22.86628
15.2926
25.749468
26.628756
29.344524
21.907326
18.57116
40.718697
19.294123
27.060234
33.371403
34.698143
33.06118
19.594093
26.416433
37.316086
18.177536
34.5716
25.930355
32.221073
39.78358
36.97054
39.54414
28.429317
37.999638
19.28306
18.273914
33.31307
35.78478
20.132692
36.736324
33.46205
34.61297
20.079323
25.256117
26.233795
29.899944
31.15146
23.280766
24.58388
31.530294
24.326872
35.089233
39.85518
27.062605
26.176653
22.166838
19.605494
34.231705
32.194595
31.815279
22.265862
27.220427
33.952732
18.57684
39.44723
17.839434
22.155672
19.873854
28.051105
30.23204
23.910383
21.899464
39.990074
24.012115
20.08483
36.242847
21.28715
33.84655
33.49793
25.991896
38.59813
19.409903
38.864964
38.1286
37.789112
18.367207
38.91671
18.91715
38.101727
32.582108
25.91725
28.68204
26.651491
22.100866
21.924429
17.883183
33.5301
26.628872
40.568764
35.717403
23.620358
28.194786
15.870553
33.610336
29.382824
37.48846
31.671698
32.910076
15.336227
39.962296
24.627863
30.85372
27.728928
22.201715
22.38821
29.450119
29.986767
26.298931
26.584137
36.30703
31.922922
38.00525
33.555008
40.628044
34.408333
23.29058
22.358126
31.61443
39.226635
27.604946
19.54169
22.32941
30.175419
34.61521
39.40379
29.716986
28.126043
26.481308
19.016933
40.914803
19.717108
29.839748
39.166946
37.26031
30.632088
28.57823
27.536568
20.461712
39.999523
34.213634
16.958298
28.289892
22.354555
27.226768
15.367633
27.844975
25.813429
24.060682
19.207014
34.960697
19.638123
26.655443
26.46244
34.63222
25.205952
24.370733
17.258812
25.487665
25.54957
33.938663
40.996735
25.27099
22.095562
31.692724
25.382689
26.063555
19.005262
21.734808
18.385998
27.543997
31.609327
15.930704
25.150328
39.970795
31.827951
40.665577
24.193956
37.769184
22.18153
27.144358
18.852243
25.613855
27.021967
16.688084
38.847397
27.721073
30.952688
23.955624
21.11473
19.698725
26.055845
23.311377
40.57127
18.749975
39.508064
34.66294
38.38169
30.28602
29.441475
31.008818
25.45824
33.075676
15.494703
20.66471
40.42539
32.944344
35.398804
40.677998
24.08666
24.732086
38.15609
40.29351
38.550175
19.730404
25.895185
32.49967
24.601097
29.139479
16.323454
17.662659
27.653322
31.222492
29.848438
26.047289
30.669424
22.780844
21.902807
39.626648
23.806906
30.333862
15.782623
33.99877
21.230581
30.958927
32.39678
30.45704
19.524935
29.132572
22.725681
36.30192
27.447035
40.110535
40.500298
26.335396
23.379671
28.394371
34.63794
30.145206
28.776012
31.654627
39.30918
16.264753
19.131292
38.11518
20.160559
35.58537
26.573582
18.850819
22.180723
38.501266
24.034906
37.709713
19.973001
21.183474
36.14562
26.644793
38.785297
32.107548
16.488989
27.122837
40.54856
32.50093
30.659748
38.977222
17.388077
15.72927
29.689333
40.58021
39.597034
32.807076
32.832306
22.532764
31.899925
28.196604
38.45254
27.204762
34.98357
37.849846
36.804382
38.40567
34.736492
26.052044
26.873148
29.225561
37.412815
15.041148
21.121016
17.658577
33.024628
17.606184
32.978394
29.005705
33.66733
37.908443
34.227604
31.251083
28.195122
17.623022
25.044786
38.615685
19.689445
23.164145
28.397596
19.314596
33.50088
37.23633
16.740429
24.178867
37.29551
22.244366
34.505493
31.250076
22.499569
18.198677
28.757238
17.715662
18.811686
17.668596
28.559284
32.625225
32.039795
17.064644
31.09709
21.712849
30.4203
27.07186
17.40632
31.34766
25.789894
15.40982
32.67594
20.144745
29.505833
24.260925
19.526722
34.090664
40.848396
38.68711
23.410034
26.172682
25.789598
25.146118
39.328365
26.448048
28.47518
24.821962
26.448206
25.249403
34.542187
16.900324
35.85754
20.794725
28.482471
34.148006
30.71437
16.854927
22.662733
39.196697
23.339281
40.32951
23.324648
20.784748
22.424252
26.590448
28.914057
30.876701
31.461515
18.276741
20.425983
30.058834
28.740435
18.856821
22.102764
23.899984
23.817015
39.72329
33.78536
29.070436
15.229756
36.84422
29.493345
24.927685
35.41727
34.067493
32.397022
40.00637
31.287155
19.05949
34.245346
23.390734
16.692312
34.55659
33.526443
30.301455
16.189997
22.117825
31.162687
25.394686
21.89056
21.889235
31.380348
34.249725
36.94696
26.025234
38.54415
19.312672
34.292767
39.35961
30.209946
25.167013
19.605545
38.678463
26.424156
19.418028
27.154099
25.519762
15.386491
25.706501
18.182253
26.80886
39.99284
28.40815
33.78844
38.836655
40.488167
40.42878
17.879524
39.096783
23.484528
26.171146
32.70896
21.320557
16.937393
25.227995
17.753462
35.68309
26.323635
20.646866
32.23904
22.601301
21.22762
36.715626
26.496439
36.804314
23.817108
21.133831
17.507553
18.428978
17.27864
35.16347
27.498629
39.778023
21.182404
34.89366
27.242664
24.075632
29.95953
17.10741
27.85254
18.064981
24.200127
38.404552
36.278114
39.61453
18.318237
16.213486
26.464584
36.634663
38.280346
37.115356
28.186104
20.553532
29.556896
37.507866
28.937786
30.360651
30.231688
22.05184
24.950827
21.799185
25.291952
22.572292
35.389664
20.672518
27.52223
28.126673
29.096714
19.428034
26.138113
27.806509
37.86935
18.190748
